algorithm,solution_id,truck_id,makespan,carbon,truck_route,drone_customers
PFG_MOEA,1,1,759.34,4800.0,0 219 341 105 389 114 84 131 355 325 29 81 113 76 116 111 384 337 358 181 177 288 385 240 396 245 115 392 285 331 133 293 53 163 150 9 125 47 216 89 61 206 253 365 0,245
PFG_MOEA,1,2,759.34,4800.0,0 22 134 186 162 159 279 74 284 184 318 70 292 263 8 373 169 108 14 375 212 24 91 0,318
PFG_MOEA,1,3,759.34,4800.0,0 304 31 48 148 260 224 71 33 129 238 330 192 200 165 112 191 152 127 57 109 59 137 273 136 247 17 43 85 215 73 254 69 354 183 327 387 157 149 188 394 316 63 262 1 255 250 28 42 400 395 377 345 356 264 259 246 308 229 197 218 151 77 107 164 67 302 388 3 106 173 261 320 364 393 312 201 362 329 300 123 51 145 322 121 146 294 174 339 132 120 142 37 269 321 299 340 233 135 88 249 35 161 235 68 58 34 386 231 289 366 267 228 44 130 52 72 303 357 319 266 141 86 92 199 156 94 230 311 374 11 36 397 350 4 314 193 182 172 13 19 226 221 242 96 80 38 0,33 106 174 200 303 311 394
PFG_MOEA,1,4,759.34,4800.0,0 378 83 155 103 18 190 251 175 99 315 346 372 301 167 21 139 291 265 390 234 0,
PFG_MOEA,1,5,759.34,4800.0,0 179 391 271 39 30 272 268 46 54 93 398 227 213 232 0,391
PFG_MOEA,1,6,759.34,4800.0,0 225 0,
PFG_MOEA,1,7,759.34,4800.0,0 97 209 361 170 367 0,
PFG_MOEA,1,8,759.34,4800.0,0 399 15 168 203 338 202 306 370 342 144 176 27 98 78 196 369 380 16 41 82 178 117 243 344 349 66 343 290 368 376 258 248 328 75 348 353 45 210 278 153 171 87 6 208 205 166 158 189 220 241 62 297 65 283 204 154 305 326 110 140 180 333 317 286 25 55 217 56 7 124 126 20 64 287 10 383 382 0,62 66 205 220 342
PFG_MOEA,1,9,759.34,4800.0,0 2 119 128 295 40 32 276 239 122 296 332 347 138 336 222 95 101 194 147 324 275 323 363 352 277 102 223 244 211 104 310 100 282 143 79 160 50 60 257 270 379 195 5 309 280 351 237 256 274 49 198 252 236 0,
PFG_MOEA,1,10,759.34,4800.0,0 381 23 90 12 207 307 0,
PFG_MOEA,1,11,759.34,4800.0,0 335 187 359 313 360 214 0,
PFG_MOEA,1,12,759.34,4800.0,0 185 118 281 26 334 298 371 0,
PFG_MOEA,2,1,759.34,4800.0,0 219 341 105 389 114 84 131 355 325 29 81 113 76 116 111 384 337 358 181 177 288 385 240 396 245 115 392 285 331 133 293 53 163 150 9 125 47 216 89 61 206 253 365 0,245
PFG_MOEA,2,2,759.34,4800.0,0 22 134 186 162 159 279 74 284 184 318 70 292 263 8 373 169 108 14 375 212 24 91 0,318
PFG_MOEA,2,3,759.34,4800.0,0 304 31 48 148 260 224 71 33 129 238 330 192 200 165 112 191 152 127 57 109 59 137 273 136 247 17 43 85 215 73 254 69 354 183 327 387 157 149 188 394 316 63 262 1 255 250 28 42 400 395 377 345 356 264 259 246 308 229 197 218 151 77 107 164 67 302 388 3 106 173 261 320 364 393 312 201 362 329 300 123 51 145 322 121 146 294 174 339 132 120 142 37 269 321 299 340 233 135 88 249 35 161 235 68 58 34 386 231 289 366 267 228 44 130 52 72 303 357 319 266 141 86 92 199 156 94 230 311 374 11 36 397 350 4 314 193 182 172 13 19 226 221 242 96 80 38 0,33 106 174 200 303 311 394
PFG_MOEA,2,4,759.34,4800.0,0 378 83 155 103 18 190 251 175 99 315 346 372 301 167 21 139 291 265 390 234 0,
PFG_MOEA,2,5,759.34,4800.0,0 179 391 271 39 30 272 268 46 54 93 398 227 213 232 0,391
PFG_MOEA,2,6,759.34,4800.0,0 225 0,
PFG_MOEA,2,7,759.34,4800.0,0 97 209 361 170 367 0,
PFG_MOEA,2,8,759.34,4800.0,0 399 15 168 203 338 202 306 370 342 144 176 27 98 78 196 369 380 16 41 82 178 117 243 344 349 66 343 290 368 376 258 248 328 75 348 353 45 210 278 153 171 87 6 208 205 166 158 189 220 241 62 297 65 283 204 154 305 326 110 140 180 333 317 286 25 55 217 56 7 124 126 20 64 287 10 383 382 0,62 66 205 220 342
PFG_MOEA,2,9,759.34,4800.0,0 2 119 128 295 40 32 276 239 122 296 332 347 138 336 222 95 101 194 147 324 275 323 363 352 277 102 223 244 211 104 310 100 282 143 79 160 50 60 257 270 379 195 5 309 280 351 237 256 274 49 198 252 236 0,
PFG_MOEA,2,10,759.34,4800.0,0 381 23 90 12 207 307 0,
PFG_MOEA,2,11,759.34,4800.0,0 335 187 359 313 360 214 0,
PFG_MOEA,2,12,759.34,4800.0,0 185 118 281 26 334 298 371 0,
PFG_MOEA,3,1,759.34,4800.0,0 219 341 105 389 114 84 131 355 325 29 81 113 76 116 111 384 337 358 181 177 288 385 240 396 245 115 392 285 331 133 293 53 163 150 9 125 47 216 89 61 206 253 365 0,245
PFG_MOEA,3,2,759.34,4800.0,0 22 134 186 162 159 279 74 284 184 318 70 292 263 8 373 169 108 14 375 212 24 91 0,318
PFG_MOEA,3,3,759.34,4800.0,0 304 31 48 148 260 224 71 33 129 238 330 192 200 165 112 191 152 127 57 109 59 137 273 136 247 17 43 85 215 73 254 69 354 183 327 387 157 149 188 394 316 63 262 1 255 250 28 42 400 395 377 345 356 264 259 246 308 229 197 218 151 77 107 164 67 302 388 3 106 173 261 320 364 393 312 201 362 329 300 123 51 145 322 121 146 294 174 339 132 120 142 37 269 321 299 340 233 135 88 249 35 161 235 68 58 34 386 231 289 366 267 228 44 130 52 72 303 357 319 266 141 86 92 199 156 94 230 311 374 11 36 397 350 4 314 193 182 172 13 19 226 221 242 96 80 38 0,33 106 174 200 303 311 394
PFG_MOEA,3,4,759.34,4800.0,0 378 83 155 103 18 190 251 175 99 315 346 372 301 167 21 139 291 265 390 234 0,
PFG_MOEA,3,5,759.34,4800.0,0 179 391 271 39 30 272 268 46 54 93 398 227 213 232 0,391
PFG_MOEA,3,6,759.34,4800.0,0 225 0,
PFG_MOEA,3,7,759.34,4800.0,0 97 209 361 170 367 0,
PFG_MOEA,3,8,759.34,4800.0,0 399 15 168 203 338 202 306 370 342 144 176 27 98 78 196 369 380 16 41 82 178 117 243 344 349 66 343 290 368 376 258 248 328 75 348 353 45 210 278 153 171 87 6 208 205 166 158 189 220 241 62 297 65 283 204 154 305 326 110 140 180 333 317 286 25 55 217 56 7 124 126 20 64 287 10 383 382 0,62 66 205 220 342
PFG_MOEA,3,9,759.34,4800.0,0 2 119 128 295 40 32 276 239 122 296 332 347 138 336 222 95 101 194 147 324 275 323 363 352 277 102 223 244 211 104 310 100 282 143 79 160 50 60 257 270 379 195 5 309 280 351 237 256 274 49 198 252 236 0,
PFG_MOEA,3,10,759.34,4800.0,0 381 23 90 12 207 307 0,
PFG_MOEA,3,11,759.34,4800.0,0 335 187 359 313 360 214 0,
PFG_MOEA,3,12,759.34,4800.0,0 185 118 281 26 334 298 371 0,
PFG_MOEA,4,1,759.34,4800.0,0 219 341 105 389 114 84 131 355 325 29 81 113 76 116 111 384 337 358 181 177 288 385 240 396 245 115 392 285 331 133 293 53 163 150 9 125 47 216 89 61 206 253 365 0,245
PFG_MOEA,4,2,759.34,4800.0,0 22 134 186 162 159 279 74 284 184 318 70 292 263 8 373 169 108 14 375 212 24 91 0,318
PFG_MOEA,4,3,759.34,4800.0,0 304 31 48 148 260 224 71 33 129 238 330 192 200 165 112 191 152 127 57 109 59 137 273 136 247 17 43 85 215 73 254 69 354 183 327 387 157 149 188 394 316 63 262 1 255 250 28 42 400 395 377 345 356 264 259 246 308 229 197 218 151 77 107 164 67 302 388 3 106 173 261 320 364 393 312 201 362 329 300 123 51 145 322 121 146 294 174 339 132 120 142 37 269 321 299 340 233 135 88 249 35 161 235 68 58 34 386 231 289 366 267 228 44 130 52 72 303 357 319 266 141 86 92 199 156 94 230 311 374 11 36 397 350 4 314 193 182 172 13 19 226 221 242 96 80 38 0,33 106 174 200 303 311 394
PFG_MOEA,4,4,759.34,4800.0,0 378 83 155 103 18 190 251 175 99 315 346 372 301 167 21 139 291 265 390 234 0,
PFG_MOEA,4,5,759.34,4800.0,0 179 391 271 39 30 272 268 46 54 93 398 227 213 232 0,391
PFG_MOEA,4,6,759.34,4800.0,0 225 0,
PFG_MOEA,4,7,759.34,4800.0,0 97 209 361 170 367 0,
PFG_MOEA,4,8,759.34,4800.0,0 399 15 168 203 338 202 306 370 342 144 176 27 98 78 196 369 380 16 41 82 178 117 243 344 349 66 343 290 368 376 258 248 328 75 348 353 45 210 278 153 171 87 6 208 205 166 158 189 220 241 62 297 65 283 204 154 305 326 110 140 180 333 317 286 25 55 217 56 7 124 126 20 64 287 10 383 382 0,62 66 205 220 342
PFG_MOEA,4,9,759.34,4800.0,0 2 119 128 295 40 32 276 239 122 296 332 347 138 336 222 95 101 194 147 324 275 323 363 352 277 102 223 244 211 104 310 100 282 143 79 160 50 60 257 270 379 195 5 309 280 351 237 256 274 49 198 252 236 0,
PFG_MOEA,4,10,759.34,4800.0,0 381 23 90 12 207 307 0,
PFG_MOEA,4,11,759.34,4800.0,0 335 187 359 313 360 214 0,
PFG_MOEA,4,12,759.34,4800.0,0 185 118 281 26 334 298 371 0,
PFG_MOEA,5,1,759.34,4800.0,0 219 341 105 389 114 84 131 355 325 29 81 113 76 116 111 384 337 358 181 177 288 385 240 396 245 115 392 285 331 133 293 53 163 150 9 125 47 216 89 61 206 253 365 0,245
PFG_MOEA,5,2,759.34,4800.0,0 22 134 186 162 159 279 74 284 184 318 70 292 263 8 373 169 108 14 375 212 24 91 0,318
PFG_MOEA,5,3,759.34,4800.0,0 304 31 48 148 260 224 71 33 129 238 330 192 200 165 112 191 152 127 57 109 59 137 273 136 247 17 43 85 215 73 254 69 354 183 327 387 157 149 188 394 316 63 262 1 255 250 28 42 400 395 377 345 356 264 259 246 308 229 197 218 151 77 107 164 67 302 388 3 106 173 261 320 364 393 312 201 362 329 300 123 51 145 322 121 146 294 174 339 132 120 142 37 269 321 299 340 233 135 88 249 35 161 235 68 58 34 386 231 289 366 267 228 44 130 52 72 303 357 319 266 141 86 92 199 156 94 230 311 374 11 36 397 350 4 314 193 182 172 13 19 226 221 242 96 80 38 0,33 106 174 200 303 311 394
PFG_MOEA,5,4,759.34,4800.0,0 378 83 155 103 18 190 251 175 99 315 346 372 301 167 21 139 291 265 390 234 0,
PFG_MOEA,5,5,759.34,4800.0,0 179 391 271 39 30 272 268 46 54 93 398 227 213 232 0,391
PFG_MOEA,5,6,759.34,4800.0,0 225 0,
PFG_MOEA,5,7,759.34,4800.0,0 97 209 361 170 367 0,
PFG_MOEA,5,8,759.34,4800.0,0 399 15 168 203 338 202 306 370 342 144 176 27 98 78 196 369 380 16 41 82 178 117 243 344 349 66 343 290 368 376 258 248 328 75 348 353 45 210 278 153 171 87 6 208 205 166 158 189 220 241 62 297 65 283 204 154 305 326 110 140 180 333 317 286 25 55 217 56 7 124 126 20 64 287 10 383 382 0,62 66 205 220 342
PFG_MOEA,5,9,759.34,4800.0,0 2 119 128 295 40 32 276 239 122 296 332 347 138 336 222 95 101 194 147 324 275 323 363 352 277 102 223 244 211 104 310 100 282 143 79 160 50 60 257 270 379 195 5 309 280 351 237 256 274 49 198 252 236 0,
PFG_MOEA,5,10,759.34,4800.0,0 381 23 90 12 207 307 0,
PFG_MOEA,5,11,759.34,4800.0,0 335 187 359 313 360 214 0,
PFG_MOEA,5,12,759.34,4800.0,0 185 118 281 26 334 298 371 0,
PFG_MOEA,6,1,759.34,4800.0,0 219 341 105 389 114 84 131 355 325 29 81 113 76 116 111 384 337 358 181 177 288 385 240 396 245 115 392 285 331 133 293 53 163 150 9 125 47 216 89 61 206 253 365 0,245
PFG_MOEA,6,2,759.34,4800.0,0 22 134 186 162 159 279 74 284 184 318 70 292 263 8 373 169 108 14 375 212 24 91 0,318
PFG_MOEA,6,3,759.34,4800.0,0 304 31 48 148 260 224 71 33 129 238 330 192 200 165 112 191 152 127 57 109 59 137 273 136 247 17 43 85 215 73 254 69 354 183 327 387 157 149 188 394 316 63 262 1 255 250 28 42 400 395 377 345 356 264 259 246 308 229 197 218 151 77 107 164 67 302 388 3 106 173 261 320 364 393 312 201 362 329 300 123 51 145 322 121 146 294 174 339 132 120 142 37 269 321 299 340 233 135 88 249 35 161 235 68 58 34 386 231 289 366 267 228 44 130 52 72 303 357 319 266 141 86 92 199 156 94 230 311 374 11 36 397 350 4 314 193 182 172 13 19 226 221 242 96 80 38 0,33 106 174 200 303 311 394
PFG_MOEA,6,4,759.34,4800.0,0 378 83 155 103 18 190 251 175 99 315 346 372 301 167 21 139 291 265 390 234 0,
PFG_MOEA,6,5,759.34,4800.0,0 179 391 271 39 30 272 268 46 54 93 398 227 213 232 0,391
PFG_MOEA,6,6,759.34,4800.0,0 225 0,
PFG_MOEA,6,7,759.34,4800.0,0 97 209 361 170 367 0,
PFG_MOEA,6,8,759.34,4800.0,0 399 15 168 203 338 202 306 370 342 144 176 27 98 78 196 369 380 16 41 82 178 117 243 344 349 66 343 290 368 376 258 248 328 75 348 353 45 210 278 153 171 87 6 208 205 166 158 189 220 241 62 297 65 283 204 154 305 326 110 140 180 333 317 286 25 55 217 56 7 124 126 20 64 287 10 383 382 0,62 66 205 220 342
PFG_MOEA,6,9,759.34,4800.0,0 2 119 128 295 40 32 276 239 122 296 332 347 138 336 222 95 101 194 147 324 275 323 363 352 277 102 223 244 211 104 310 100 282 143 79 160 50 60 257 270 379 195 5 309 280 351 237 256 274 49 198 252 236 0,
PFG_MOEA,6,10,759.34,4800.0,0 381 23 90 12 207 307 0,
PFG_MOEA,6,11,759.34,4800.0,0 335 187 359 313 360 214 0,
PFG_MOEA,6,12,759.34,4800.0,0 185 118 281 26 334 298 371 0,
PFG_MOEA,7,1,759.34,4800.0,0 219 341 105 389 114 84 131 355 325 29 81 113 76 116 111 384 337 358 181 177 288 385 240 396 245 115 392 285 331 133 293 53 163 150 9 125 47 216 89 61 206 253 365 0,245
PFG_MOEA,7,2,759.34,4800.0,0 22 134 186 162 159 279 74 284 184 318 70 292 263 8 373 169 108 14 375 212 24 91 0,318
PFG_MOEA,7,3,759.34,4800.0,0 304 31 48 148 260 224 71 33 129 238 330 192 200 165 112 191 152 127 57 109 59 137 273 136 247 17 43 85 215 73 254 69 354 183 327 387 157 149 188 394 316 63 262 1 255 250 28 42 400 395 377 345 356 264 259 246 308 229 197 218 151 77 107 164 67 302 388 3 106 173 261 320 364 393 312 201 362 329 300 123 51 145 322 121 146 294 174 339 132 120 142 37 269 321 299 340 233 135 88 249 35 161 235 68 58 34 386 231 289 366 267 228 44 130 52 72 303 357 319 266 141 86 92 199 156 94 230 311 374 11 36 397 350 4 314 193 182 172 13 19 226 221 242 96 80 38 0,33 106 174 200 303 311 394
PFG_MOEA,7,4,759.34,4800.0,0 378 83 155 103 18 190 251 175 99 315 346 372 301 167 21 139 291 265 390 234 0,
PFG_MOEA,7,5,759.34,4800.0,0 179 391 271 39 30 272 268 46 54 93 398 227 213 232 0,391
PFG_MOEA,7,6,759.34,4800.0,0 225 0,
PFG_MOEA,7,7,759.34,4800.0,0 97 209 361 170 367 0,
PFG_MOEA,7,8,759.34,4800.0,0 399 15 168 203 338 202 306 370 342 144 176 27 98 78 196 369 380 16 41 82 178 117 243 344 349 66 343 290 368 376 258 248 328 75 348 353 45 210 278 153 171 87 6 208 205 166 158 189 220 241 62 297 65 283 204 154 305 326 110 140 180 333 317 286 25 55 217 56 7 124 126 20 64 287 10 383 382 0,62 66 205 220 342
PFG_MOEA,7,9,759.34,4800.0,0 2 119 128 295 40 32 276 239 122 296 332 347 138 336 222 95 101 194 147 324 275 323 363 352 277 102 223 244 211 104 310 100 282 143 79 160 50 60 257 270 379 195 5 309 280 351 237 256 274 49 198 252 236 0,
PFG_MOEA,7,10,759.34,4800.0,0 381 23 90 12 207 307 0,
PFG_MOEA,7,11,759.34,4800.0,0 335 187 359 313 360 214 0,
PFG_MOEA,7,12,759.34,4800.0,0 185 118 281 26 334 298 371 0,
PFG_MOEA,8,1,759.34,4800.0,0 219 341 105 389 114 84 131 355 325 29 81 113 76 116 111 384 337 358 181 177 288 385 240 396 245 115 392 285 331 133 293 53 163 150 9 125 47 216 89 61 206 253 365 0,245
PFG_MOEA,8,2,759.34,4800.0,0 22 134 186 162 159 279 74 284 184 318 70 292 263 8 373 169 108 14 375 212 24 91 0,318
PFG_MOEA,8,3,759.34,4800.0,0 304 31 48 148 260 224 71 33 129 238 330 192 200 165 112 191 152 127 57 109 59 137 273 136 247 17 43 85 215 73 254 69 354 183 327 387 157 149 188 394 316 63 262 1 255 250 28 42 400 395 377 345 356 264 259 246 308 229 197 218 151 77 107 164 67 302 388 3 106 173 261 320 364 393 312 201 362 329 300 123 51 145 322 121 146 294 174 339 132 120 142 37 269 321 299 340 233 135 88 249 35 161 235 68 58 34 386 231 289 366 267 228 44 130 52 72 303 357 319 266 141 86 92 199 156 94 230 311 374 11 36 397 350 4 314 193 182 172 13 19 226 221 242 96 80 38 0,33 106 174 200 303 311 394
PFG_MOEA,8,4,759.34,4800.0,0 378 83 155 103 18 190 251 175 99 315 346 372 301 167 21 139 291 265 390 234 0,
PFG_MOEA,8,5,759.34,4800.0,0 179 391 271 39 30 272 268 46 54 93 398 227 213 232 0,391
PFG_MOEA,8,6,759.34,4800.0,0 225 0,
PFG_MOEA,8,7,759.34,4800.0,0 97 209 361 170 367 0,
PFG_MOEA,8,8,759.34,4800.0,0 399 15 168 203 338 202 306 370 342 144 176 27 98 78 196 369 380 16 41 82 178 117 243 344 349 66 343 290 368 376 258 248 328 75 348 353 45 210 278 153 171 87 6 208 205 166 158 189 220 241 62 297 65 283 204 154 305 326 110 140 180 333 317 286 25 55 217 56 7 124 126 20 64 287 10 383 382 0,62 66 205 220 342
PFG_MOEA,8,9,759.34,4800.0,0 2 119 128 295 40 32 276 239 122 296 332 347 138 336 222 95 101 194 147 324 275 323 363 352 277 102 223 244 211 104 310 100 282 143 79 160 50 60 257 270 379 195 5 309 280 351 237 256 274 49 198 252 236 0,
PFG_MOEA,8,10,759.34,4800.0,0 381 23 90 12 207 307 0,
PFG_MOEA,8,11,759.34,4800.0,0 335 187 359 313 360 214 0,
PFG_MOEA,8,12,759.34,4800.0,0 185 118 281 26 334 298 371 0,
PFG_MOEA,9,1,759.34,4800.0,0 219 341 105 389 114 84 131 355 325 29 81 113 76 116 111 384 337 358 181 177 288 385 240 396 245 115 392 285 331 133 293 53 163 150 9 125 47 216 89 61 206 253 365 0,245
PFG_MOEA,9,2,759.34,4800.0,0 22 134 186 162 159 279 74 284 184 318 70 292 263 8 373 169 108 14 375 212 24 91 0,318
PFG_MOEA,9,3,759.34,4800.0,0 304 31 48 148 260 224 71 33 129 238 330 192 200 165 112 191 152 127 57 109 59 137 273 136 247 17 43 85 215 73 254 69 354 183 327 387 157 149 188 394 316 63 262 1 255 250 28 42 400 395 377 345 356 264 259 246 308 229 197 218 151 77 107 164 67 302 388 3 106 173 261 320 364 393 312 201 362 329 300 123 51 145 322 121 146 294 174 339 132 120 142 37 269 321 299 340 233 135 88 249 35 161 235 68 58 34 386 231 289 366 267 228 44 130 52 72 303 357 319 266 141 86 92 199 156 94 230 311 374 11 36 397 350 4 314 193 182 172 13 19 226 221 242 96 80 38 0,33 106 174 200 303 311 394
PFG_MOEA,9,4,759.34,4800.0,0 378 83 155 103 18 190 251 175 99 315 346 372 301 167 21 139 291 265 390 234 0,
PFG_MOEA,9,5,759.34,4800.0,0 179 391 271 39 30 272 268 46 54 93 398 227 213 232 0,391
PFG_MOEA,9,6,759.34,4800.0,0 225 0,
PFG_MOEA,9,7,759.34,4800.0,0 97 209 361 170 367 0,
PFG_MOEA,9,8,759.34,4800.0,0 399 15 168 203 338 202 306 370 342 144 176 27 98 78 196 369 380 16 41 82 178 117 243 344 349 66 343 290 368 376 258 248 328 75 348 353 45 210 278 153 171 87 6 208 205 166 158 189 220 241 62 297 65 283 204 154 305 326 110 140 180 333 317 286 25 55 217 56 7 124 126 20 64 287 10 383 382 0,62 66 205 220 342
PFG_MOEA,9,9,759.34,4800.0,0 2 119 128 295 40 32 276 239 122 296 332 347 138 336 222 95 101 194 147 324 275 323 363 352 277 102 223 244 211 104 310 100 282 143 79 160 50 60 257 270 379 195 5 309 280 351 237 256 274 49 198 252 236 0,
PFG_MOEA,9,10,759.34,4800.0,0 381 23 90 12 207 307 0,
PFG_MOEA,9,11,759.34,4800.0,0 335 187 359 313 360 214 0,
PFG_MOEA,9,12,759.34,4800.0,0 185 118 281 26 334 298 371 0,
PFG_MOEA,10,1,759.34,4800.0,0 219 341 105 389 114 84 131 355 325 29 81 113 76 116 111 384 337 358 181 177 288 385 240 396 245 115 392 285 331 133 293 53 163 150 9 125 47 216 89 61 206 253 365 0,245
PFG_MOEA,10,2,759.34,4800.0,0 22 134 186 162 159 279 74 284 184 318 70 292 263 8 373 169 108 14 375 212 24 91 0,318
PFG_MOEA,10,3,759.34,4800.0,0 304 31 48 148 260 224 71 33 129 238 330 192 200 165 112 191 152 127 57 109 59 137 273 136 247 17 43 85 215 73 254 69 354 183 327 387 157 149 188 394 316 63 262 1 255 250 28 42 400 395 377 345 356 264 259 246 308 229 197 218 151 77 107 164 67 302 388 3 106 173 261 320 364 393 312 201 362 329 300 123 51 145 322 121 146 294 174 339 132 120 142 37 269 321 299 340 233 135 88 249 35 161 235 68 58 34 386 231 289 366 267 228 44 130 52 72 303 357 319 266 141 86 92 199 156 94 230 311 374 11 36 397 350 4 314 193 182 172 13 19 226 221 242 96 80 38 0,33 106 174 200 303 311 394
PFG_MOEA,10,4,759.34,4800.0,0 378 83 155 103 18 190 251 175 99 315 346 372 301 167 21 139 291 265 390 234 0,
PFG_MOEA,10,5,759.34,4800.0,0 179 391 271 39 30 272 268 46 54 93 398 227 213 232 0,391
PFG_MOEA,10,6,759.34,4800.0,0 225 0,
PFG_MOEA,10,7,759.34,4800.0,0 97 209 361 170 367 0,
PFG_MOEA,10,8,759.34,4800.0,0 399 15 168 203 338 202 306 370 342 144 176 27 98 78 196 369 380 16 41 82 178 117 243 344 349 66 343 290 368 376 258 248 328 75 348 353 45 210 278 153 171 87 6 208 205 166 158 189 220 241 62 297 65 283 204 154 305 326 110 140 180 333 317 286 25 55 217 56 7 124 126 20 64 287 10 383 382 0,62 66 205 220 342
PFG_MOEA,10,9,759.34,4800.0,0 2 119 128 295 40 32 276 239 122 296 332 347 138 336 222 95 101 194 147 324 275 323 363 352 277 102 223 244 211 104 310 100 282 143 79 160 50 60 257 270 379 195 5 309 280 351 237 256 274 49 198 252 236 0,
PFG_MOEA,10,10,759.34,4800.0,0 381 23 90 12 207 307 0,
PFG_MOEA,10,11,759.34,4800.0,0 335 187 359 313 360 214 0,
PFG_MOEA,10,12,759.34,4800.0,0 185 118 281 26 334 298 371 0,
PFG_MOEA,11,1,759.34,4800.0,0 219 341 105 389 114 84 131 355 325 29 81 113 76 116 111 384 337 358 181 177 288 385 240 396 245 115 392 285 331 133 293 53 163 150 9 125 47 216 89 61 206 253 365 0,245
PFG_MOEA,11,2,759.34,4800.0,0 22 134 186 162 159 279 74 284 184 318 70 292 263 8 373 169 108 14 375 212 24 91 0,318
PFG_MOEA,11,3,759.34,4800.0,0 304 31 48 148 260 224 71 33 129 238 330 192 200 165 112 191 152 127 57 109 59 137 273 136 247 17 43 85 215 73 254 69 354 183 327 387 157 149 188 394 316 63 262 1 255 250 28 42 400 395 377 345 356 264 259 246 308 229 197 218 151 77 107 164 67 302 388 3 106 173 261 320 364 393 312 201 362 329 300 123 51 145 322 121 146 294 174 339 132 120 142 37 269 321 299 340 233 135 88 249 35 161 235 68 58 34 386 231 289 366 267 228 44 130 52 72 303 357 319 266 141 86 92 199 156 94 230 311 374 11 36 397 350 4 314 193 182 172 13 19 226 221 242 96 80 38 0,33 106 174 200 303 311 394
PFG_MOEA,11,4,759.34,4800.0,0 378 83 155 103 18 190 251 175 99 315 346 372 301 167 21 139 291 265 390 234 0,
PFG_MOEA,11,5,759.34,4800.0,0 179 391 271 39 30 272 268 46 54 93 398 227 213 232 0,391
PFG_MOEA,11,6,759.34,4800.0,0 225 0,
PFG_MOEA,11,7,759.34,4800.0,0 97 209 361 170 367 0,
PFG_MOEA,11,8,759.34,4800.0,0 399 15 168 203 338 202 306 370 342 144 176 27 98 78 196 369 380 16 41 82 178 117 243 344 349 66 343 290 368 376 258 248 328 75 348 353 45 210 278 153 171 87 6 208 205 166 158 189 220 241 62 297 65 283 204 154 305 326 110 140 180 333 317 286 25 55 217 56 7 124 126 20 64 287 10 383 382 0,62 66 205 220 342
PFG_MOEA,11,9,759.34,4800.0,0 2 119 128 295 40 32 276 239 122 296 332 347 138 336 222 95 101 194 147 324 275 323 363 352 277 102 223 244 211 104 310 100 282 143 79 160 50 60 257 270 379 195 5 309 280 351 237 256 274 49 198 252 236 0,
PFG_MOEA,11,10,759.34,4800.0,0 381 23 90 12 207 307 0,
PFG_MOEA,11,11,759.34,4800.0,0 335 187 359 313 360 214 0,
PFG_MOEA,11,12,759.34,4800.0,0 185 118 281 26 334 298 371 0,
PFG_MOEA,12,1,759.34,4800.0,0 219 341 105 389 114 84 131 355 325 29 81 113 76 116 111 384 337 358 181 177 288 385 240 396 245 115 392 285 331 133 293 53 163 150 9 125 47 216 89 61 206 253 365 0,245
PFG_MOEA,12,2,759.34,4800.0,0 22 134 186 162 159 279 74 284 184 318 70 292 263 8 373 169 108 14 375 212 24 91 0,318
PFG_MOEA,12,3,759.34,4800.0,0 304 31 48 148 260 224 71 33 129 238 330 192 200 165 112 191 152 127 57 109 59 137 273 136 247 17 43 85 215 73 254 69 354 183 327 387 157 149 188 394 316 63 262 1 255 250 28 42 400 395 377 345 356 264 259 246 308 229 197 218 151 77 107 164 67 302 388 3 106 173 261 320 364 393 312 201 362 329 300 123 51 145 322 121 146 294 174 339 132 120 142 37 269 321 299 340 233 135 88 249 35 161 235 68 58 34 386 231 289 366 267 228 44 130 52 72 303 357 319 266 141 86 92 199 156 94 230 311 374 11 36 397 350 4 314 193 182 172 13 19 226 221 242 96 80 38 0,33 106 174 200 303 311 394
PFG_MOEA,12,4,759.34,4800.0,0 378 83 155 103 18 190 251 175 99 315 346 372 301 167 21 139 291 265 390 234 0,
PFG_MOEA,12,5,759.34,4800.0,0 179 391 271 39 30 272 268 46 54 93 398 227 213 232 0,391
PFG_MOEA,12,6,759.34,4800.0,0 225 0,
PFG_MOEA,12,7,759.34,4800.0,0 97 209 361 170 367 0,
PFG_MOEA,12,8,759.34,4800.0,0 399 15 168 203 338 202 306 370 342 144 176 27 98 78 196 369 380 16 41 82 178 117 243 344 349 66 343 290 368 376 258 248 328 75 348 353 45 210 278 153 171 87 6 208 205 166 158 189 220 241 62 297 65 283 204 154 305 326 110 140 180 333 317 286 25 55 217 56 7 124 126 20 64 287 10 383 382 0,62 66 205 220 342
PFG_MOEA,12,9,759.34,4800.0,0 2 119 128 295 40 32 276 239 122 296 332 347 138 336 222 95 101 194 147 324 275 323 363 352 277 102 223 244 211 104 310 100 282 143 79 160 50 60 257 270 379 195 5 309 280 351 237 256 274 49 198 252 236 0,
PFG_MOEA,12,10,759.34,4800.0,0 381 23 90 12 207 307 0,
PFG_MOEA,12,11,759.34,4800.0,0 335 187 359 313 360 214 0,
PFG_MOEA,12,12,759.34,4800.0,0 185 118 281 26 334 298 371 0,
PFG_MOEA,13,1,759.34,4800.0,0 219 341 105 389 114 84 131 355 325 29 81 113 76 116 111 384 337 358 181 177 288 385 240 396 245 115 392 285 331 133 293 53 163 150 9 125 47 216 89 61 206 253 365 0,245
PFG_MOEA,13,2,759.34,4800.0,0 22 134 186 162 159 279 74 284 184 318 70 292 263 8 373 169 108 14 375 212 24 91 0,318
PFG_MOEA,13,3,759.34,4800.0,0 304 31 48 148 260 224 71 33 129 238 330 192 200 165 112 191 152 127 57 109 59 137 273 136 247 17 43 85 215 73 254 69 354 183 327 387 157 149 188 394 316 63 262 1 255 250 28 42 400 395 377 345 356 264 259 246 308 229 197 218 151 77 107 164 67 302 388 3 106 173 261 320 364 393 312 201 362 329 300 123 51 145 322 121 146 294 174 339 132 120 142 37 269 321 299 340 233 135 88 249 35 161 235 68 58 34 386 231 289 366 267 228 44 130 52 72 303 357 319 266 141 86 92 199 156 94 230 311 374 11 36 397 350 4 314 193 182 172 13 19 226 221 242 96 80 38 0,33 106 174 200 303 311 394
PFG_MOEA,13,4,759.34,4800.0,0 378 83 155 103 18 190 251 175 99 315 346 372 301 167 21 139 291 265 390 234 0,
PFG_MOEA,13,5,759.34,4800.0,0 179 391 271 39 30 272 268 46 54 93 398 227 213 232 0,391
PFG_MOEA,13,6,759.34,4800.0,0 225 0,
PFG_MOEA,13,7,759.34,4800.0,0 97 209 361 170 367 0,
PFG_MOEA,13,8,759.34,4800.0,0 399 15 168 203 338 202 306 370 342 144 176 27 98 78 196 369 380 16 41 82 178 117 243 344 349 66 343 290 368 376 258 248 328 75 348 353 45 210 278 153 171 87 6 208 205 166 158 189 220 241 62 297 65 283 204 154 305 326 110 140 180 333 317 286 25 55 217 56 7 124 126 20 64 287 10 383 382 0,62 66 205 220 342
PFG_MOEA,13,9,759.34,4800.0,0 2 119 128 295 40 32 276 239 122 296 332 347 138 336 222 95 101 194 147 324 275 323 363 352 277 102 223 244 211 104 310 100 282 143 79 160 50 60 257 270 379 195 5 309 280 351 237 256 274 49 198 252 236 0,
PFG_MOEA,13,10,759.34,4800.0,0 381 23 90 12 207 307 0,
PFG_MOEA,13,11,759.34,4800.0,0 335 187 359 313 360 214 0,
PFG_MOEA,13,12,759.34,4800.0,0 185 118 281 26 334 298 371 0,
PFG_MOEA,14,1,759.34,4800.0,0 219 341 105 389 114 84 131 355 325 29 81 113 76 116 111 384 337 358 181 177 288 385 240 396 245 115 392 285 331 133 293 53 163 150 9 125 47 216 89 61 206 253 365 0,245
PFG_MOEA,14,2,759.34,4800.0,0 22 134 186 162 159 279 74 284 184 318 70 292 263 8 373 169 108 14 375 212 24 91 0,318
PFG_MOEA,14,3,759.34,4800.0,0 304 31 48 148 260 224 71 33 129 238 330 192 200 165 112 191 152 127 57 109 59 137 273 136 247 17 43 85 215 73 254 69 354 183 327 387 157 149 188 394 316 63 262 1 255 250 28 42 400 395 377 345 356 264 259 246 308 229 197 218 151 77 107 164 67 302 388 3 106 173 261 320 364 393 312 201 362 329 300 123 51 145 322 121 146 294 174 339 132 120 142 37 269 321 299 340 233 135 88 249 35 161 235 68 58 34 386 231 289 366 267 228 44 130 52 72 303 357 319 266 141 86 92 199 156 94 230 311 374 11 36 397 350 4 314 193 182 172 13 19 226 221 242 96 80 38 0,33 106 174 200 303 311 394
PFG_MOEA,14,4,759.34,4800.0,0 378 83 155 103 18 190 251 175 99 315 346 372 301 167 21 139 291 265 390 234 0,
PFG_MOEA,14,5,759.34,4800.0,0 179 391 271 39 30 272 268 46 54 93 398 227 213 232 0,391
PFG_MOEA,14,6,759.34,4800.0,0 225 0,
PFG_MOEA,14,7,759.34,4800.0,0 97 209 361 170 367 0,
PFG_MOEA,14,8,759.34,4800.0,0 399 15 168 203 338 202 306 370 342 144 176 27 98 78 196 369 380 16 41 82 178 117 243 344 349 66 343 290 368 376 258 248 328 75 348 353 45 210 278 153 171 87 6 208 205 166 158 189 220 241 62 297 65 283 204 154 305 326 110 140 180 333 317 286 25 55 217 56 7 124 126 20 64 287 10 383 382 0,62 66 205 220 342
PFG_MOEA,14,9,759.34,4800.0,0 2 119 128 295 40 32 276 239 122 296 332 347 138 336 222 95 101 194 147 324 275 323 363 352 277 102 223 244 211 104 310 100 282 143 79 160 50 60 257 270 379 195 5 309 280 351 237 256 274 49 198 252 236 0,
PFG_MOEA,14,10,759.34,4800.0,0 381 23 90 12 207 307 0,
PFG_MOEA,14,11,759.34,4800.0,0 335 187 359 313 360 214 0,
PFG_MOEA,14,12,759.34,4800.0,0 185 118 281 26 334 298 371 0,
PFG_MOEA,15,1,759.34,4800.0,0 219 341 105 389 114 84 131 355 325 29 81 113 76 116 111 384 337 358 181 177 288 385 240 396 245 115 392 285 331 133 293 53 163 150 9 125 47 216 89 61 206 253 365 0,245
PFG_MOEA,15,2,759.34,4800.0,0 22 134 186 162 159 279 74 284 184 318 70 292 263 8 373 169 108 14 375 212 24 91 0,318
PFG_MOEA,15,3,759.34,4800.0,0 304 31 48 148 260 224 71 33 129 238 330 192 200 165 112 191 152 127 57 109 59 137 273 136 247 17 43 85 215 73 254 69 354 183 327 387 157 149 188 394 316 63 262 1 255 250 28 42 400 395 377 345 356 264 259 246 308 229 197 218 151 77 107 164 67 302 388 3 106 173 261 320 364 393 312 201 362 329 300 123 51 145 322 121 146 294 174 339 132 120 142 37 269 321 299 340 233 135 88 249 35 161 235 68 58 34 386 231 289 366 267 228 44 130 52 72 303 357 319 266 141 86 92 199 156 94 230 311 374 11 36 397 350 4 314 193 182 172 13 19 226 221 242 96 80 38 0,33 106 174 200 303 311 394
PFG_MOEA,15,4,759.34,4800.0,0 378 83 155 103 18 190 251 175 99 315 346 372 301 167 21 139 291 265 390 234 0,
PFG_MOEA,15,5,759.34,4800.0,0 179 391 271 39 30 272 268 46 54 93 398 227 213 232 0,391
PFG_MOEA,15,6,759.34,4800.0,0 225 0,
PFG_MOEA,15,7,759.34,4800.0,0 97 209 361 170 367 0,
PFG_MOEA,15,8,759.34,4800.0,0 399 15 168 203 338 202 306 370 342 144 176 27 98 78 196 369 380 16 41 82 178 117 243 344 349 66 343 290 368 376 258 248 328 75 348 353 45 210 278 153 171 87 6 208 205 166 158 189 220 241 62 297 65 283 204 154 305 326 110 140 180 333 317 286 25 55 217 56 7 124 126 20 64 287 10 383 382 0,62 66 205 220 342
PFG_MOEA,15,9,759.34,4800.0,0 2 119 128 295 40 32 276 239 122 296 332 347 138 336 222 95 101 194 147 324 275 323 363 352 277 102 223 244 211 104 310 100 282 143 79 160 50 60 257 270 379 195 5 309 280 351 237 256 274 49 198 252 236 0,
PFG_MOEA,15,10,759.34,4800.0,0 381 23 90 12 207 307 0,
PFG_MOEA,15,11,759.34,4800.0,0 335 187 359 313 360 214 0,
PFG_MOEA,15,12,759.34,4800.0,0 185 118 281 26 334 298 371 0,
PFG_MOEA,16,1,759.34,4800.0,0 219 341 105 389 114 84 131 355 325 29 81 113 76 116 111 384 337 358 181 177 288 385 240 396 245 115 392 285 331 133 293 53 163 150 9 125 47 216 89 61 206 253 365 0,245
PFG_MOEA,16,2,759.34,4800.0,0 22 134 186 162 159 279 74 284 184 318 70 292 263 8 373 169 108 14 375 212 24 91 0,318
PFG_MOEA,16,3,759.34,4800.0,0 304 31 48 148 260 224 71 33 129 238 330 192 200 165 112 191 152 127 57 109 59 137 273 136 247 17 43 85 215 73 254 69 354 183 327 387 157 149 188 394 316 63 262 1 255 250 28 42 400 395 377 345 356 264 259 246 308 229 197 218 151 77 107 164 67 302 388 3 106 173 261 320 364 393 312 201 362 329 300 123 51 145 322 121 146 294 174 339 132 120 142 37 269 321 299 340 233 135 88 249 35 161 235 68 58 34 386 231 289 366 267 228 44 130 52 72 303 357 319 266 141 86 92 199 156 94 230 311 374 11 36 397 350 4 314 193 182 172 13 19 226 221 242 96 80 38 0,33 106 174 200 303 311 394
PFG_MOEA,16,4,759.34,4800.0,0 378 83 155 103 18 190 251 175 99 315 346 372 301 167 21 139 291 265 390 234 0,
PFG_MOEA,16,5,759.34,4800.0,0 179 391 271 39 30 272 268 46 54 93 398 227 213 232 0,391
PFG_MOEA,16,6,759.34,4800.0,0 225 0,
PFG_MOEA,16,7,759.34,4800.0,0 97 209 361 170 367 0,
PFG_MOEA,16,8,759.34,4800.0,0 399 15 168 203 338 202 306 370 342 144 176 27 98 78 196 369 380 16 41 82 178 117 243 344 349 66 343 290 368 376 258 248 328 75 348 353 45 210 278 153 171 87 6 208 205 166 158 189 220 241 62 297 65 283 204 154 305 326 110 140 180 333 317 286 25 55 217 56 7 124 126 20 64 287 10 383 382 0,62 66 205 220 342
PFG_MOEA,16,9,759.34,4800.0,0 2 119 128 295 40 32 276 239 122 296 332 347 138 336 222 95 101 194 147 324 275 323 363 352 277 102 223 244 211 104 310 100 282 143 79 160 50 60 257 270 379 195 5 309 280 351 237 256 274 49 198 252 236 0,
PFG_MOEA,16,10,759.34,4800.0,0 381 23 90 12 207 307 0,
PFG_MOEA,16,11,759.34,4800.0,0 335 187 359 313 360 214 0,
PFG_MOEA,16,12,759.34,4800.0,0 185 118 281 26 334 298 371 0,
PFG_MOEA,17,1,759.34,4800.0,0 219 341 105 389 114 84 131 355 325 29 81 113 76 116 111 384 337 358 181 177 288 385 240 396 245 115 392 285 331 133 293 53 163 150 9 125 47 216 89 61 206 253 365 0,245
PFG_MOEA,17,2,759.34,4800.0,0 22 134 186 162 159 279 74 284 184 318 70 292 263 8 373 169 108 14 375 212 24 91 0,318
PFG_MOEA,17,3,759.34,4800.0,0 304 31 48 148 260 224 71 33 129 238 330 192 200 165 112 191 152 127 57 109 59 137 273 136 247 17 43 85 215 73 254 69 354 183 327 387 157 149 188 394 316 63 262 1 255 250 28 42 400 395 377 345 356 264 259 246 308 229 197 218 151 77 107 164 67 302 388 3 106 173 261 320 364 393 312 201 362 329 300 123 51 145 322 121 146 294 174 339 132 120 142 37 269 321 299 340 233 135 88 249 35 161 235 68 58 34 386 231 289 366 267 228 44 130 52 72 303 357 319 266 141 86 92 199 156 94 230 311 374 11 36 397 350 4 314 193 182 172 13 19 226 221 242 96 80 38 0,33 106 174 200 303 311 394
PFG_MOEA,17,4,759.34,4800.0,0 378 83 155 103 18 190 251 175 99 315 346 372 301 167 21 139 291 265 390 234 0,
PFG_MOEA,17,5,759.34,4800.0,0 179 391 271 39 30 272 268 46 54 93 398 227 213 232 0,391
PFG_MOEA,17,6,759.34,4800.0,0 225 0,
PFG_MOEA,17,7,759.34,4800.0,0 97 209 361 170 367 0,
PFG_MOEA,17,8,759.34,4800.0,0 399 15 168 203 338 202 306 370 342 144 176 27 98 78 196 369 380 16 41 82 178 117 243 344 349 66 343 290 368 376 258 248 328 75 348 353 45 210 278 153 171 87 6 208 205 166 158 189 220 241 62 297 65 283 204 154 305 326 110 140 180 333 317 286 25 55 217 56 7 124 126 20 64 287 10 383 382 0,62 66 205 220 342
PFG_MOEA,17,9,759.34,4800.0,0 2 119 128 295 40 32 276 239 122 296 332 347 138 336 222 95 101 194 147 324 275 323 363 352 277 102 223 244 211 104 310 100 282 143 79 160 50 60 257 270 379 195 5 309 280 351 237 256 274 49 198 252 236 0,
PFG_MOEA,17,10,759.34,4800.0,0 381 23 90 12 207 307 0,
PFG_MOEA,17,11,759.34,4800.0,0 335 187 359 313 360 214 0,
PFG_MOEA,17,12,759.34,4800.0,0 185 118 281 26 334 298 371 0,
PFG_MOEA,18,1,759.34,4800.0,0 219 341 105 389 114 84 131 355 325 29 81 113 76 116 111 384 337 358 181 177 288 385 240 396 245 115 392 285 331 133 293 53 163 150 9 125 47 216 89 61 206 253 365 0,245
PFG_MOEA,18,2,759.34,4800.0,0 22 134 186 162 159 279 74 284 184 318 70 292 263 8 373 169 108 14 375 212 24 91 0,318
PFG_MOEA,18,3,759.34,4800.0,0 304 31 48 148 260 224 71 33 129 238 330 192 200 165 112 191 152 127 57 109 59 137 273 136 247 17 43 85 215 73 254 69 354 183 327 387 157 149 188 394 316 63 262 1 255 250 28 42 400 395 377 345 356 264 259 246 308 229 197 218 151 77 107 164 67 302 388 3 106 173 261 320 364 393 312 201 362 329 300 123 51 145 322 121 146 294 174 339 132 120 142 37 269 321 299 340 233 135 88 249 35 161 235 68 58 34 386 231 289 366 267 228 44 130 52 72 303 357 319 266 141 86 92 199 156 94 230 311 374 11 36 397 350 4 314 193 182 172 13 19 226 221 242 96 80 38 0,33 106 174 200 303 311 394
PFG_MOEA,18,4,759.34,4800.0,0 378 83 155 103 18 190 251 175 99 315 346 372 301 167 21 139 291 265 390 234 0,
PFG_MOEA,18,5,759.34,4800.0,0 179 391 271 39 30 272 268 46 54 93 398 227 213 232 0,391
PFG_MOEA,18,6,759.34,4800.0,0 225 0,
PFG_MOEA,18,7,759.34,4800.0,0 97 209 361 170 367 0,
PFG_MOEA,18,8,759.34,4800.0,0 399 15 168 203 338 202 306 370 342 144 176 27 98 78 196 369 380 16 41 82 178 117 243 344 349 66 343 290 368 376 258 248 328 75 348 353 45 210 278 153 171 87 6 208 205 166 158 189 220 241 62 297 65 283 204 154 305 326 110 140 180 333 317 286 25 55 217 56 7 124 126 20 64 287 10 383 382 0,62 66 205 220 342
PFG_MOEA,18,9,759.34,4800.0,0 2 119 128 295 40 32 276 239 122 296 332 347 138 336 222 95 101 194 147 324 275 323 363 352 277 102 223 244 211 104 310 100 282 143 79 160 50 60 257 270 379 195 5 309 280 351 237 256 274 49 198 252 236 0,
PFG_MOEA,18,10,759.34,4800.0,0 381 23 90 12 207 307 0,
PFG_MOEA,18,11,759.34,4800.0,0 335 187 359 313 360 214 0,
PFG_MOEA,18,12,759.34,4800.0,0 185 118 281 26 334 298 371 0,
PFG_MOEA,19,1,759.34,4800.0,0 219 341 105 389 114 84 131 355 325 29 81 113 76 116 111 384 337 358 181 177 288 385 240 396 245 115 392 285 331 133 293 53 163 150 9 125 47 216 89 61 206 253 365 0,245
PFG_MOEA,19,2,759.34,4800.0,0 22 134 186 162 159 279 74 284 184 318 70 292 263 8 373 169 108 14 375 212 24 91 0,318
PFG_MOEA,19,3,759.34,4800.0,0 304 31 48 148 260 224 71 33 129 238 330 192 200 165 112 191 152 127 57 109 59 137 273 136 247 17 43 85 215 73 254 69 354 183 327 387 157 149 188 394 316 63 262 1 255 250 28 42 400 395 377 345 356 264 259 246 308 229 197 218 151 77 107 164 67 302 388 3 106 173 261 320 364 393 312 201 362 329 300 123 51 145 322 121 146 294 174 339 132 120 142 37 269 321 299 340 233 135 88 249 35 161 235 68 58 34 386 231 289 366 267 228 44 130 52 72 303 357 319 266 141 86 92 199 156 94 230 311 374 11 36 397 350 4 314 193 182 172 13 19 226 221 242 96 80 38 0,33 106 174 200 303 311 394
PFG_MOEA,19,4,759.34,4800.0,0 378 83 155 103 18 190 251 175 99 315 346 372 301 167 21 139 291 265 390 234 0,
PFG_MOEA,19,5,759.34,4800.0,0 179 391 271 39 30 272 268 46 54 93 398 227 213 232 0,391
PFG_MOEA,19,6,759.34,4800.0,0 225 0,
PFG_MOEA,19,7,759.34,4800.0,0 97 209 361 170 367 0,
PFG_MOEA,19,8,759.34,4800.0,0 399 15 168 203 338 202 306 370 342 144 176 27 98 78 196 369 380 16 41 82 178 117 243 344 349 66 343 290 368 376 258 248 328 75 348 353 45 210 278 153 171 87 6 208 205 166 158 189 220 241 62 297 65 283 204 154 305 326 110 140 180 333 317 286 25 55 217 56 7 124 126 20 64 287 10 383 382 0,62 66 205 220 342
PFG_MOEA,19,9,759.34,4800.0,0 2 119 128 295 40 32 276 239 122 296 332 347 138 336 222 95 101 194 147 324 275 323 363 352 277 102 223 244 211 104 310 100 282 143 79 160 50 60 257 270 379 195 5 309 280 351 237 256 274 49 198 252 236 0,
PFG_MOEA,19,10,759.34,4800.0,0 381 23 90 12 207 307 0,
PFG_MOEA,19,11,759.34,4800.0,0 335 187 359 313 360 214 0,
PFG_MOEA,19,12,759.34,4800.0,0 185 118 281 26 334 298 371 0,
PFG_MOEA,20,1,759.34,4800.0,0 219 341 105 389 114 84 131 355 325 29 81 113 76 116 111 384 337 358 181 177 288 385 240 396 245 115 392 285 331 133 293 53 163 150 9 125 47 216 89 61 206 253 365 0,245
PFG_MOEA,20,2,759.34,4800.0,0 22 134 186 162 159 279 74 284 184 318 70 292 263 8 373 169 108 14 375 212 24 91 0,318
PFG_MOEA,20,3,759.34,4800.0,0 304 31 48 148 260 224 71 33 129 238 330 192 200 165 112 191 152 127 57 109 59 137 273 136 247 17 43 85 215 73 254 69 354 183 327 387 157 149 188 394 316 63 262 1 255 250 28 42 400 395 377 345 356 264 259 246 308 229 197 218 151 77 107 164 67 302 388 3 106 173 261 320 364 393 312 201 362 329 300 123 51 145 322 121 146 294 174 339 132 120 142 37 269 321 299 340 233 135 88 249 35 161 235 68 58 34 386 231 289 366 267 228 44 130 52 72 303 357 319 266 141 86 92 199 156 94 230 311 374 11 36 397 350 4 314 193 182 172 13 19 226 221 242 96 80 38 0,33 106 174 200 303 311 394
PFG_MOEA,20,4,759.34,4800.0,0 378 83 155 103 18 190 251 175 99 315 346 372 301 167 21 139 291 265 390 234 0,
PFG_MOEA,20,5,759.34,4800.0,0 179 391 271 39 30 272 268 46 54 93 398 227 213 232 0,391
PFG_MOEA,20,6,759.34,4800.0,0 225 0,
PFG_MOEA,20,7,759.34,4800.0,0 97 209 361 170 367 0,
PFG_MOEA,20,8,759.34,4800.0,0 399 15 168 203 338 202 306 370 342 144 176 27 98 78 196 369 380 16 41 82 178 117 243 344 349 66 343 290 368 376 258 248 328 75 348 353 45 210 278 153 171 87 6 208 205 166 158 189 220 241 62 297 65 283 204 154 305 326 110 140 180 333 317 286 25 55 217 56 7 124 126 20 64 287 10 383 382 0,62 66 205 220 342
PFG_MOEA,20,9,759.34,4800.0,0 2 119 128 295 40 32 276 239 122 296 332 347 138 336 222 95 101 194 147 324 275 323 363 352 277 102 223 244 211 104 310 100 282 143 79 160 50 60 257 270 379 195 5 309 280 351 237 256 274 49 198 252 236 0,
PFG_MOEA,20,10,759.34,4800.0,0 381 23 90 12 207 307 0,
PFG_MOEA,20,11,759.34,4800.0,0 335 187 359 313 360 214 0,
PFG_MOEA,20,12,759.34,4800.0,0 185 118 281 26 334 298 371 0,
PFG_MOEA,21,1,759.34,4800.0,0 219 341 105 389 114 84 131 355 325 29 81 113 76 116 111 384 337 358 181 177 288 385 240 396 245 115 392 285 331 133 293 53 163 150 9 125 47 216 89 61 206 253 365 0,245
PFG_MOEA,21,2,759.34,4800.0,0 22 134 186 162 159 279 74 284 184 318 70 292 263 8 373 169 108 14 375 212 24 91 0,318
PFG_MOEA,21,3,759.34,4800.0,0 304 31 48 148 260 224 71 33 129 238 330 192 200 165 112 191 152 127 57 109 59 137 273 136 247 17 43 85 215 73 254 69 354 183 327 387 157 149 188 394 316 63 262 1 255 250 28 42 400 395 377 345 356 264 259 246 308 229 197 218 151 77 107 164 67 302 388 3 106 173 261 320 364 393 312 201 362 329 300 123 51 145 322 121 146 294 174 339 132 120 142 37 269 321 299 340 233 135 88 249 35 161 235 68 58 34 386 231 289 366 267 228 44 130 52 72 303 357 319 266 141 86 92 199 156 94 230 311 374 11 36 397 350 4 314 193 182 172 13 19 226 221 242 96 80 38 0,33 106 174 200 303 311 394
PFG_MOEA,21,4,759.34,4800.0,0 378 83 155 103 18 190 251 175 99 315 346 372 301 167 21 139 291 265 390 234 0,
PFG_MOEA,21,5,759.34,4800.0,0 179 391 271 39 30 272 268 46 54 93 398 227 213 232 0,391
PFG_MOEA,21,6,759.34,4800.0,0 225 0,
PFG_MOEA,21,7,759.34,4800.0,0 97 209 361 170 367 0,
PFG_MOEA,21,8,759.34,4800.0,0 399 15 168 203 338 202 306 370 342 144 176 27 98 78 196 369 380 16 41 82 178 117 243 344 349 66 343 290 368 376 258 248 328 75 348 353 45 210 278 153 171 87 6 208 205 166 158 189 220 241 62 297 65 283 204 154 305 326 110 140 180 333 317 286 25 55 217 56 7 124 126 20 64 287 10 383 382 0,62 66 205 220 342
PFG_MOEA,21,9,759.34,4800.0,0 2 119 128 295 40 32 276 239 122 296 332 347 138 336 222 95 101 194 147 324 275 323 363 352 277 102 223 244 211 104 310 100 282 143 79 160 50 60 257 270 379 195 5 309 280 351 237 256 274 49 198 252 236 0,
PFG_MOEA,21,10,759.34,4800.0,0 381 23 90 12 207 307 0,
PFG_MOEA,21,11,759.34,4800.0,0 335 187 359 313 360 214 0,
PFG_MOEA,21,12,759.34,4800.0,0 185 118 281 26 334 298 371 0,
PFG_MOEA,22,1,314.81,5596.11,0 12 90 128 236 252 336 276 138 222 198 49 274 256 237 351 280 309 5 290 343 313 207 0,222
PFG_MOEA,22,2,314.81,5596.11,0 91 292 263 8 373 169 108 14 375 212 24 371 219 341 298 334 26 281 118 185 214 295 40 32 239 122 95 101 352 363 323 194 275 277 102 100 23 381 119 2 307 359 187 148 48 31 304 0,23
PFG_MOEA,22,3,314.81,5596.11,0 260 224 71 33 127 152 191 112 165 200 129 238 330 192 0,33
PFG_MOEA,22,4,314.81,5596.11,0 57 67 302 173 106 3 388 164 107 77 151 218 197 229 308 246 259 264 356 345 377 395 400 42 28 250 255 1 262 63 316 394 188 149 157 387 327 183 354 69 254 73 215 85 43 17 247 136 273 137 59 109 0,
PFG_MOEA,22,5,314.81,5596.11,0 329 300 362 123 51 145 322 121 146 201 261 320 364 393 312 294 174 339 132 206 253 365 360 335 0,362 393
PFG_MOEA,22,6,314.81,5596.11,0 61 358 181 177 288 385 240 396 245 115 392 285 331 133 293 53 163 150 9 125 47 216 89 0,
PFG_MOEA,22,7,314.81,5596.11,0 80 13 19 226 35 161 235 58 34 386 231 289 366 267 228 44 130 52 72 318 70 184 284 74 279 159 162 389 114 355 325 384 337 111 116 76 113 81 29 131 84 105 186 134 22 0,
PFG_MOEA,22,8,314.81,5596.11,0 38 96 242 221 172 182 397 350 311 4 314 193 230 94 156 374 36 11 92 319 357 303 266 141 86 199 68 135 88 249 233 340 299 321 269 120 142 37 301 21 139 291 167 372 346 315 99 175 251 0,182
PFG_MOEA,22,9,314.81,5596.11,0 97 225 232 179 391 271 158 241 62 297 65 283 204 154 305 326 110 140 286 317 333 180 220 126 124 7 56 217 55 25 367 170 361 209 227 234 213 190 390 265 18 103 155 83 378 398 93 54 46 268 272 30 39 0,65 154
PFG_MOEA,22,10,314.81,5596.11,0 399 15 16 380 41 82 178 117 243 344 349 20 189 64 166 205 208 6 87 171 153 278 210 353 258 376 368 66 287 10 383 382 0,243
PFG_MOEA,22,11,314.81,5596.11,0 369 338 203 168 0,
PFG_MOEA,22,12,314.81,5596.11,0 202 306 370 342 144 176 27 98 78 196 296 347 332 324 147 211 244 223 104 310 282 143 79 160 50 60 257 270 379 195 45 348 75 328 248 0,370
PFG_MOEA,23,1,759.34,4800.0,0 219 341 105 389 114 84 131 355 325 29 81 113 76 116 111 384 337 358 181 177 288 385 240 396 245 115 392 285 331 133 293 53 163 150 9 125 47 216 89 61 206 253 365 0,245
PFG_MOEA,23,2,759.34,4800.0,0 22 134 186 162 159 279 74 284 184 318 70 292 263 8 373 169 108 14 375 212 24 91 0,318
PFG_MOEA,23,3,759.34,4800.0,0 304 31 48 148 260 224 71 33 129 238 330 192 200 165 112 191 152 127 57 109 59 137 273 136 247 17 43 85 215 73 254 69 354 183 327 387 157 149 188 394 316 63 262 1 255 250 28 42 400 395 377 345 356 264 259 246 308 229 197 218 151 77 107 164 67 302 388 3 106 173 261 320 364 393 312 201 362 329 300 123 51 145 322 121 146 294 174 339 132 120 142 37 269 321 299 340 233 135 88 249 35 161 235 68 58 34 386 231 289 366 267 228 44 130 52 72 303 357 319 266 141 86 92 199 156 94 230 311 374 11 36 397 350 4 314 193 182 172 13 19 226 221 242 96 80 38 0,33 106 174 200 303 311 394
PFG_MOEA,23,4,759.34,4800.0,0 378 83 155 103 18 190 251 175 99 315 346 372 301 167 21 139 291 265 390 234 0,
PFG_MOEA,23,5,759.34,4800.0,0 179 391 271 39 30 272 268 46 54 93 398 227 213 232 0,391
PFG_MOEA,23,6,759.34,4800.0,0 225 0,
PFG_MOEA,23,7,759.34,4800.0,0 97 209 361 170 367 0,
PFG_MOEA,23,8,759.34,4800.0,0 399 15 168 203 338 202 306 370 342 144 176 27 98 78 196 369 380 16 41 82 178 117 243 344 349 66 343 290 368 376 258 248 328 75 348 353 45 210 278 153 171 87 6 208 205 166 158 189 220 241 62 297 65 283 204 154 305 326 110 140 180 333 317 286 25 55 217 56 7 124 126 20 64 287 10 383 382 0,62 66 205 220 342
PFG_MOEA,23,9,759.34,4800.0,0 2 119 128 295 40 32 276 239 122 296 332 347 138 336 222 95 101 194 147 324 275 323 363 352 277 102 223 244 211 104 310 100 282 143 79 160 50 60 257 270 379 195 5 309 280 351 237 256 274 49 198 252 236 0,
PFG_MOEA,23,10,759.34,4800.0,0 381 23 90 12 207 307 0,
PFG_MOEA,23,11,759.34,4800.0,0 335 187 359 313 360 214 0,
PFG_MOEA,23,12,759.34,4800.0,0 185 118 281 26 334 298 371 0,
PFG_MOEA,24,1,314.81,5596.11,0 12 90 128 236 252 336 276 138 222 198 49 274 256 237 351 280 309 5 290 343 313 207 0,222
PFG_MOEA,24,2,314.81,5596.11,0 91 292 263 8 373 169 108 14 375 212 24 371 219 341 298 334 26 281 118 185 214 295 40 32 239 122 95 101 352 363 323 194 275 277 102 100 23 381 119 2 307 359 187 148 48 31 304 0,23
PFG_MOEA,24,3,314.81,5596.11,0 260 224 71 33 127 152 191 112 165 200 129 238 330 192 0,33
PFG_MOEA,24,4,314.81,5596.11,0 57 67 302 173 106 3 388 164 107 77 151 218 197 229 308 246 259 264 356 345 377 395 400 42 28 250 255 1 262 63 316 394 188 149 157 387 327 183 354 69 254 73 215 85 43 17 247 136 273 137 59 109 0,
PFG_MOEA,24,5,314.81,5596.11,0 329 300 362 123 51 145 322 121 146 201 261 320 364 393 312 294 174 339 132 206 253 365 360 335 0,362 393
PFG_MOEA,24,6,314.81,5596.11,0 61 358 181 177 288 385 240 396 245 115 392 285 331 133 293 53 163 150 9 125 47 216 89 0,
PFG_MOEA,24,7,314.81,5596.11,0 80 13 19 226 35 161 235 58 34 386 231 289 366 267 228 44 130 52 72 318 70 184 284 74 279 159 162 389 114 355 325 384 337 111 116 76 113 81 29 131 84 105 186 134 22 0,
PFG_MOEA,24,8,314.81,5596.11,0 38 96 242 221 172 182 397 350 311 4 314 193 230 94 156 374 36 11 92 319 357 303 266 141 86 199 68 135 88 249 233 340 299 321 269 120 142 37 301 21 139 291 167 372 346 315 99 175 251 0,182
PFG_MOEA,24,9,314.81,5596.11,0 97 225 232 179 391 271 158 241 62 297 65 283 204 154 305 326 110 140 286 317 333 180 220 126 124 7 56 217 55 25 367 170 361 209 227 234 213 190 390 265 18 103 155 83 378 398 93 54 46 268 272 30 39 0,65 154
PFG_MOEA,24,10,314.81,5596.11,0 399 15 16 380 41 82 178 117 243 344 349 20 189 64 166 205 208 6 87 171 153 278 210 353 258 376 368 66 287 10 383 382 0,243
PFG_MOEA,24,11,314.81,5596.11,0 369 338 203 168 0,
PFG_MOEA,24,12,314.81,5596.11,0 202 306 370 342 144 176 27 98 78 196 296 347 332 324 147 211 244 223 104 310 282 143 79 160 50 60 257 270 379 195 45 348 75 328 248 0,370
PFG_MOEA,25,1,759.34,4800.0,0 219 341 105 389 114 84 131 355 325 29 81 113 76 116 111 384 337 358 181 177 288 385 240 396 245 115 392 285 331 133 293 53 163 150 9 125 47 216 89 61 206 253 365 0,245
PFG_MOEA,25,2,759.34,4800.0,0 22 134 186 162 159 279 74 284 184 318 70 292 263 8 373 169 108 14 375 212 24 91 0,318
PFG_MOEA,25,3,759.34,4800.0,0 304 31 48 148 260 224 71 33 129 238 330 192 200 165 112 191 152 127 57 109 59 137 273 136 247 17 43 85 215 73 254 69 354 183 327 387 157 149 188 394 316 63 262 1 255 250 28 42 400 395 377 345 356 264 259 246 308 229 197 218 151 77 107 164 67 302 388 3 106 173 261 320 364 393 312 201 362 329 300 123 51 145 322 121 146 294 174 339 132 120 142 37 269 321 299 340 233 135 88 249 35 161 235 68 58 34 386 231 289 366 267 228 44 130 52 72 303 357 319 266 141 86 92 199 156 94 230 311 374 11 36 397 350 4 314 193 182 172 13 19 226 221 242 96 80 38 0,33 106 174 200 303 311 394
PFG_MOEA,25,4,759.34,4800.0,0 378 83 155 103 18 190 251 175 99 315 346 372 301 167 21 139 291 265 390 234 0,
PFG_MOEA,25,5,759.34,4800.0,0 179 391 271 39 30 272 268 46 54 93 398 227 213 232 0,391
PFG_MOEA,25,6,759.34,4800.0,0 225 0,
PFG_MOEA,25,7,759.34,4800.0,0 97 209 361 170 367 0,
PFG_MOEA,25,8,759.34,4800.0,0 399 15 168 203 338 202 306 370 342 144 176 27 98 78 196 369 380 16 41 82 178 117 243 344 349 66 343 290 368 376 258 248 328 75 348 353 45 210 278 153 171 87 6 208 205 166 158 189 220 241 62 297 65 283 204 154 305 326 110 140 180 333 317 286 25 55 217 56 7 124 126 20 64 287 10 383 382 0,62 66 205 220 342
PFG_MOEA,25,9,759.34,4800.0,0 2 119 128 295 40 32 276 239 122 296 332 347 138 336 222 95 101 194 147 324 275 323 363 352 277 102 223 244 211 104 310 100 282 143 79 160 50 60 257 270 379 195 5 309 280 351 237 256 274 49 198 252 236 0,
PFG_MOEA,25,10,759.34,4800.0,0 381 23 90 12 207 307 0,
PFG_MOEA,25,11,759.34,4800.0,0 335 187 359 313 360 214 0,
PFG_MOEA,25,12,759.34,4800.0,0 185 118 281 26 334 298 371 0,
PFG_MOEA,26,1,314.81,5596.11,0 12 90 128 236 252 336 276 138 222 198 49 274 256 237 351 280 309 5 290 343 313 207 0,222
PFG_MOEA,26,2,314.81,5596.11,0 91 292 263 8 373 169 108 14 375 212 24 371 219 341 298 334 26 281 118 185 214 295 40 32 239 122 95 101 352 363 323 194 275 277 102 100 23 381 119 2 307 359 187 148 48 31 304 0,23
PFG_MOEA,26,3,314.81,5596.11,0 260 224 71 33 127 152 191 112 165 200 129 238 330 192 0,33
PFG_MOEA,26,4,314.81,5596.11,0 57 67 302 173 106 3 388 164 107 77 151 218 197 229 308 246 259 264 356 345 377 395 400 42 28 250 255 1 262 63 316 394 188 149 157 387 327 183 354 69 254 73 215 85 43 17 247 136 273 137 59 109 0,
PFG_MOEA,26,5,314.81,5596.11,0 329 300 362 123 51 145 322 121 146 201 261 320 364 393 312 294 174 339 132 206 253 365 360 335 0,362 393
PFG_MOEA,26,6,314.81,5596.11,0 61 358 181 177 288 385 240 396 245 115 392 285 331 133 293 53 163 150 9 125 47 216 89 0,
PFG_MOEA,26,7,314.81,5596.11,0 80 13 19 226 35 161 235 58 34 386 231 289 366 267 228 44 130 52 72 318 70 184 284 74 279 159 162 389 114 355 325 384 337 111 116 76 113 81 29 131 84 105 186 134 22 0,
PFG_MOEA,26,8,314.81,5596.11,0 38 96 242 221 172 182 397 350 311 4 314 193 230 94 156 374 36 11 92 319 357 303 266 141 86 199 68 135 88 249 233 340 299 321 269 120 142 37 301 21 139 291 167 372 346 315 99 175 251 0,182
PFG_MOEA,26,9,314.81,5596.11,0 97 225 232 179 391 271 158 241 62 297 65 283 204 154 305 326 110 140 286 317 333 180 220 126 124 7 56 217 55 25 367 170 361 209 227 234 213 190 390 265 18 103 155 83 378 398 93 54 46 268 272 30 39 0,65 154
PFG_MOEA,26,10,314.81,5596.11,0 399 15 16 380 41 82 178 117 243 344 349 20 189 64 166 205 208 6 87 171 153 278 210 353 258 376 368 66 287 10 383 382 0,243
PFG_MOEA,26,11,314.81,5596.11,0 369 338 203 168 0,
PFG_MOEA,26,12,314.81,5596.11,0 202 306 370 342 144 176 27 98 78 196 296 347 332 324 147 211 244 223 104 310 282 143 79 160 50 60 257 270 379 195 45 348 75 328 248 0,370
PFG_MOEA,27,1,759.34,4800.0,0 219 341 105 389 114 84 131 355 325 29 81 113 76 116 111 384 337 358 181 177 288 385 240 396 245 115 392 285 331 133 293 53 163 150 9 125 47 216 89 61 206 253 365 0,245
PFG_MOEA,27,2,759.34,4800.0,0 22 134 186 162 159 279 74 284 184 318 70 292 263 8 373 169 108 14 375 212 24 91 0,318
PFG_MOEA,27,3,759.34,4800.0,0 304 31 48 148 260 224 71 33 129 238 330 192 200 165 112 191 152 127 57 109 59 137 273 136 247 17 43 85 215 73 254 69 354 183 327 387 157 149 188 394 316 63 262 1 255 250 28 42 400 395 377 345 356 264 259 246 308 229 197 218 151 77 107 164 67 302 388 3 106 173 261 320 364 393 312 201 362 329 300 123 51 145 322 121 146 294 174 339 132 120 142 37 269 321 299 340 233 135 88 249 35 161 235 68 58 34 386 231 289 366 267 228 44 130 52 72 303 357 319 266 141 86 92 199 156 94 230 311 374 11 36 397 350 4 314 193 182 172 13 19 226 221 242 96 80 38 0,33 106 174 200 303 311 394
PFG_MOEA,27,4,759.34,4800.0,0 378 83 155 103 18 190 251 175 99 315 346 372 301 167 21 139 291 265 390 234 0,
PFG_MOEA,27,5,759.34,4800.0,0 179 391 271 39 30 272 268 46 54 93 398 227 213 232 0,391
PFG_MOEA,27,6,759.34,4800.0,0 225 0,
PFG_MOEA,27,7,759.34,4800.0,0 97 209 361 170 367 0,
PFG_MOEA,27,8,759.34,4800.0,0 399 15 168 203 338 202 306 370 342 144 176 27 98 78 196 369 380 16 41 82 178 117 243 344 349 66 343 290 368 376 258 248 328 75 348 353 45 210 278 153 171 87 6 208 205 166 158 189 220 241 62 297 65 283 204 154 305 326 110 140 180 333 317 286 25 55 217 56 7 124 126 20 64 287 10 383 382 0,62 66 205 220 342
PFG_MOEA,27,9,759.34,4800.0,0 2 119 128 295 40 32 276 239 122 296 332 347 138 336 222 95 101 194 147 324 275 323 363 352 277 102 223 244 211 104 310 100 282 143 79 160 50 60 257 270 379 195 5 309 280 351 237 256 274 49 198 252 236 0,
PFG_MOEA,27,10,759.34,4800.0,0 381 23 90 12 207 307 0,
PFG_MOEA,27,11,759.34,4800.0,0 335 187 359 313 360 214 0,
PFG_MOEA,27,12,759.34,4800.0,0 185 118 281 26 334 298 371 0,
PFG_MOEA,28,1,314.81,5596.11,0 12 90 128 236 252 336 276 138 222 198 49 274 256 237 351 280 309 5 290 343 313 207 0,222
PFG_MOEA,28,2,314.81,5596.11,0 91 292 263 8 373 169 108 14 375 212 24 371 219 341 298 334 26 281 118 185 214 295 40 32 239 122 95 101 352 363 323 194 275 277 102 100 23 381 119 2 307 359 187 148 48 31 304 0,23
PFG_MOEA,28,3,314.81,5596.11,0 260 224 71 33 127 152 191 112 165 200 129 238 330 192 0,33
PFG_MOEA,28,4,314.81,5596.11,0 57 67 302 173 106 3 388 164 107 77 151 218 197 229 308 246 259 264 356 345 377 395 400 42 28 250 255 1 262 63 316 394 188 149 157 387 327 183 354 69 254 73 215 85 43 17 247 136 273 137 59 109 0,
PFG_MOEA,28,5,314.81,5596.11,0 329 300 362 123 51 145 322 121 146 201 261 320 364 393 312 294 174 339 132 206 253 365 360 335 0,362 393
PFG_MOEA,28,6,314.81,5596.11,0 61 358 181 177 288 385 240 396 245 115 392 285 331 133 293 53 163 150 9 125 47 216 89 0,
PFG_MOEA,28,7,314.81,5596.11,0 80 13 19 226 35 161 235 58 34 386 231 289 366 267 228 44 130 52 72 318 70 184 284 74 279 159 162 389 114 355 325 384 337 111 116 76 113 81 29 131 84 105 186 134 22 0,
PFG_MOEA,28,8,314.81,5596.11,0 38 96 242 221 172 182 397 350 311 4 314 193 230 94 156 374 36 11 92 319 357 303 266 141 86 199 68 135 88 249 233 340 299 321 269 120 142 37 301 21 139 291 167 372 346 315 99 175 251 0,182
PFG_MOEA,28,9,314.81,5596.11,0 97 225 232 179 391 271 158 241 62 297 65 283 204 154 305 326 110 140 286 317 333 180 220 126 124 7 56 217 55 25 367 170 361 209 227 234 213 190 390 265 18 103 155 83 378 398 93 54 46 268 272 30 39 0,65 154
PFG_MOEA,28,10,314.81,5596.11,0 399 15 16 380 41 82 178 117 243 344 349 20 189 64 166 205 208 6 87 171 153 278 210 353 258 376 368 66 287 10 383 382 0,243
PFG_MOEA,28,11,314.81,5596.11,0 369 338 203 168 0,
PFG_MOEA,28,12,314.81,5596.11,0 202 306 370 342 144 176 27 98 78 196 296 347 332 324 147 211 244 223 104 310 282 143 79 160 50 60 257 270 379 195 45 348 75 328 248 0,370
PFG_MOEA,29,1,759.34,4800.0,0 219 341 105 389 114 84 131 355 325 29 81 113 76 116 111 384 337 358 181 177 288 385 240 396 245 115 392 285 331 133 293 53 163 150 9 125 47 216 89 61 206 253 365 0,245
PFG_MOEA,29,2,759.34,4800.0,0 22 134 186 162 159 279 74 284 184 318 70 292 263 8 373 169 108 14 375 212 24 91 0,318
PFG_MOEA,29,3,759.34,4800.0,0 304 31 48 148 260 224 71 33 129 238 330 192 200 165 112 191 152 127 57 109 59 137 273 136 247 17 43 85 215 73 254 69 354 183 327 387 157 149 188 394 316 63 262 1 255 250 28 42 400 395 377 345 356 264 259 246 308 229 197 218 151 77 107 164 67 302 388 3 106 173 261 320 364 393 312 201 362 329 300 123 51 145 322 121 146 294 174 339 132 120 142 37 269 321 299 340 233 135 88 249 35 161 235 68 58 34 386 231 289 366 267 228 44 130 52 72 303 357 319 266 141 86 92 199 156 94 230 311 374 11 36 397 350 4 314 193 182 172 13 19 226 221 242 96 80 38 0,33 106 174 200 303 311 394
PFG_MOEA,29,4,759.34,4800.0,0 378 83 155 103 18 190 251 175 99 315 346 372 301 167 21 139 291 265 390 234 0,
PFG_MOEA,29,5,759.34,4800.0,0 179 391 271 39 30 272 268 46 54 93 398 227 213 232 0,391
PFG_MOEA,29,6,759.34,4800.0,0 225 0,
PFG_MOEA,29,7,759.34,4800.0,0 97 209 361 170 367 0,
PFG_MOEA,29,8,759.34,4800.0,0 399 15 168 203 338 202 306 370 342 144 176 27 98 78 196 369 380 16 41 82 178 117 243 344 349 66 343 290 368 376 258 248 328 75 348 353 45 210 278 153 171 87 6 208 205 166 158 189 220 241 62 297 65 283 204 154 305 326 110 140 180 333 317 286 25 55 217 56 7 124 126 20 64 287 10 383 382 0,62 66 205 220 342
PFG_MOEA,29,9,759.34,4800.0,0 2 119 128 295 40 32 276 239 122 296 332 347 138 336 222 95 101 194 147 324 275 323 363 352 277 102 223 244 211 104 310 100 282 143 79 160 50 60 257 270 379 195 5 309 280 351 237 256 274 49 198 252 236 0,
PFG_MOEA,29,10,759.34,4800.0,0 381 23 90 12 207 307 0,
PFG_MOEA,29,11,759.34,4800.0,0 335 187 359 313 360 214 0,
PFG_MOEA,29,12,759.34,4800.0,0 185 118 281 26 334 298 371 0,
PFG_MOEA,30,1,314.81,5596.11,0 12 90 128 236 252 336 276 138 222 198 49 274 256 237 351 280 309 5 290 343 313 207 0,222
PFG_MOEA,30,2,314.81,5596.11,0 91 292 263 8 373 169 108 14 375 212 24 371 219 341 298 334 26 281 118 185 214 295 40 32 239 122 95 101 352 363 323 194 275 277 102 100 23 381 119 2 307 359 187 148 48 31 304 0,23
PFG_MOEA,30,3,314.81,5596.11,0 260 224 71 33 127 152 191 112 165 200 129 238 330 192 0,33
PFG_MOEA,30,4,314.81,5596.11,0 57 67 302 173 106 3 388 164 107 77 151 218 197 229 308 246 259 264 356 345 377 395 400 42 28 250 255 1 262 63 316 394 188 149 157 387 327 183 354 69 254 73 215 85 43 17 247 136 273 137 59 109 0,
PFG_MOEA,30,5,314.81,5596.11,0 329 300 362 123 51 145 322 121 146 201 261 320 364 393 312 294 174 339 132 206 253 365 360 335 0,362 393
PFG_MOEA,30,6,314.81,5596.11,0 61 358 181 177 288 385 240 396 245 115 392 285 331 133 293 53 163 150 9 125 47 216 89 0,
PFG_MOEA,30,7,314.81,5596.11,0 80 13 19 226 35 161 235 58 34 386 231 289 366 267 228 44 130 52 72 318 70 184 284 74 279 159 162 389 114 355 325 384 337 111 116 76 113 81 29 131 84 105 186 134 22 0,
PFG_MOEA,30,8,314.81,5596.11,0 38 96 242 221 172 182 397 350 311 4 314 193 230 94 156 374 36 11 92 319 357 303 266 141 86 199 68 135 88 249 233 340 299 321 269 120 142 37 301 21 139 291 167 372 346 315 99 175 251 0,182
PFG_MOEA,30,9,314.81,5596.11,0 97 225 232 179 391 271 158 241 62 297 65 283 204 154 305 326 110 140 286 317 333 180 220 126 124 7 56 217 55 25 367 170 361 209 227 234 213 190 390 265 18 103 155 83 378 398 93 54 46 268 272 30 39 0,65 154
PFG_MOEA,30,10,314.81,5596.11,0 399 15 16 380 41 82 178 117 243 344 349 20 189 64 166 205 208 6 87 171 153 278 210 353 258 376 368 66 287 10 383 382 0,243
PFG_MOEA,30,11,314.81,5596.11,0 369 338 203 168 0,
PFG_MOEA,30,12,314.81,5596.11,0 202 306 370 342 144 176 27 98 78 196 296 347 332 324 147 211 244 223 104 310 282 143 79 160 50 60 257 270 379 195 45 348 75 328 248 0,370
PFG_MOEA,31,1,759.34,4800.0,0 219 341 105 389 114 84 131 355 325 29 81 113 76 116 111 384 337 358 181 177 288 385 240 396 245 115 392 285 331 133 293 53 163 150 9 125 47 216 89 61 206 253 365 0,245
PFG_MOEA,31,2,759.34,4800.0,0 22 134 186 162 159 279 74 284 184 318 70 292 263 8 373 169 108 14 375 212 24 91 0,318
PFG_MOEA,31,3,759.34,4800.0,0 304 31 48 148 260 224 71 33 129 238 330 192 200 165 112 191 152 127 57 109 59 137 273 136 247 17 43 85 215 73 254 69 354 183 327 387 157 149 188 394 316 63 262 1 255 250 28 42 400 395 377 345 356 264 259 246 308 229 197 218 151 77 107 164 67 302 388 3 106 173 261 320 364 393 312 201 362 329 300 123 51 145 322 121 146 294 174 339 132 120 142 37 269 321 299 340 233 135 88 249 35 161 235 68 58 34 386 231 289 366 267 228 44 130 52 72 303 357 319 266 141 86 92 199 156 94 230 311 374 11 36 397 350 4 314 193 182 172 13 19 226 221 242 96 80 38 0,33 106 174 200 303 311 394
PFG_MOEA,31,4,759.34,4800.0,0 378 83 155 103 18 190 251 175 99 315 346 372 301 167 21 139 291 265 390 234 0,
PFG_MOEA,31,5,759.34,4800.0,0 179 391 271 39 30 272 268 46 54 93 398 227 213 232 0,391
PFG_MOEA,31,6,759.34,4800.0,0 225 0,
PFG_MOEA,31,7,759.34,4800.0,0 97 209 361 170 367 0,
PFG_MOEA,31,8,759.34,4800.0,0 399 15 168 203 338 202 306 370 342 144 176 27 98 78 196 369 380 16 41 82 178 117 243 344 349 66 343 290 368 376 258 248 328 75 348 353 45 210 278 153 171 87 6 208 205 166 158 189 220 241 62 297 65 283 204 154 305 326 110 140 180 333 317 286 25 55 217 56 7 124 126 20 64 287 10 383 382 0,62 66 205 220 342
PFG_MOEA,31,9,759.34,4800.0,0 2 119 128 295 40 32 276 239 122 296 332 347 138 336 222 95 101 194 147 324 275 323 363 352 277 102 223 244 211 104 310 100 282 143 79 160 50 60 257 270 379 195 5 309 280 351 237 256 274 49 198 252 236 0,
PFG_MOEA,31,10,759.34,4800.0,0 381 23 90 12 207 307 0,
PFG_MOEA,31,11,759.34,4800.0,0 335 187 359 313 360 214 0,
PFG_MOEA,31,12,759.34,4800.0,0 185 118 281 26 334 298 371 0,
PFG_MOEA,32,1,314.81,5596.11,0 12 90 128 236 252 336 276 138 222 198 49 274 256 237 351 280 309 5 290 343 313 207 0,222
PFG_MOEA,32,2,314.81,5596.11,0 91 292 263 8 373 169 108 14 375 212 24 371 219 341 298 334 26 281 118 185 214 295 40 32 239 122 95 101 352 363 323 194 275 277 102 100 23 381 119 2 307 359 187 148 48 31 304 0,23
PFG_MOEA,32,3,314.81,5596.11,0 260 224 71 33 127 152 191 112 165 200 129 238 330 192 0,33
PFG_MOEA,32,4,314.81,5596.11,0 57 67 302 173 106 3 388 164 107 77 151 218 197 229 308 246 259 264 356 345 377 395 400 42 28 250 255 1 262 63 316 394 188 149 157 387 327 183 354 69 254 73 215 85 43 17 247 136 273 137 59 109 0,
PFG_MOEA,32,5,314.81,5596.11,0 329 300 362 123 51 145 322 121 146 201 261 320 364 393 312 294 174 339 132 206 253 365 360 335 0,362 393
PFG_MOEA,32,6,314.81,5596.11,0 61 358 181 177 288 385 240 396 245 115 392 285 331 133 293 53 163 150 9 125 47 216 89 0,
PFG_MOEA,32,7,314.81,5596.11,0 80 13 19 226 35 161 235 58 34 386 231 289 366 267 228 44 130 52 72 318 70 184 284 74 279 159 162 389 114 355 325 384 337 111 116 76 113 81 29 131 84 105 186 134 22 0,
PFG_MOEA,32,8,314.81,5596.11,0 38 96 242 221 172 182 397 350 311 4 314 193 230 94 156 374 36 11 92 319 357 303 266 141 86 199 68 135 88 249 233 340 299 321 269 120 142 37 301 21 139 291 167 372 346 315 99 175 251 0,182
PFG_MOEA,32,9,314.81,5596.11,0 97 225 232 179 391 271 158 241 62 297 65 283 204 154 305 326 110 140 286 317 333 180 220 126 124 7 56 217 55 25 367 170 361 209 227 234 213 190 390 265 18 103 155 83 378 398 93 54 46 268 272 30 39 0,65 154
PFG_MOEA,32,10,314.81,5596.11,0 399 15 16 380 41 82 178 117 243 344 349 20 189 64 166 205 208 6 87 171 153 278 210 353 258 376 368 66 287 10 383 382 0,243
PFG_MOEA,32,11,314.81,5596.11,0 369 338 203 168 0,
PFG_MOEA,32,12,314.81,5596.11,0 202 306 370 342 144 176 27 98 78 196 296 347 332 324 147 211 244 223 104 310 282 143 79 160 50 60 257 270 379 195 45 348 75 328 248 0,370
PFG_MOEA,33,1,759.34,4800.0,0 219 341 105 389 114 84 131 355 325 29 81 113 76 116 111 384 337 358 181 177 288 385 240 396 245 115 392 285 331 133 293 53 163 150 9 125 47 216 89 61 206 253 365 0,245
PFG_MOEA,33,2,759.34,4800.0,0 22 134 186 162 159 279 74 284 184 318 70 292 263 8 373 169 108 14 375 212 24 91 0,318
PFG_MOEA,33,3,759.34,4800.0,0 304 31 48 148 260 224 71 33 129 238 330 192 200 165 112 191 152 127 57 109 59 137 273 136 247 17 43 85 215 73 254 69 354 183 327 387 157 149 188 394 316 63 262 1 255 250 28 42 400 395 377 345 356 264 259 246 308 229 197 218 151 77 107 164 67 302 388 3 106 173 261 320 364 393 312 201 362 329 300 123 51 145 322 121 146 294 174 339 132 120 142 37 269 321 299 340 233 135 88 249 35 161 235 68 58 34 386 231 289 366 267 228 44 130 52 72 303 357 319 266 141 86 92 199 156 94 230 311 374 11 36 397 350 4 314 193 182 172 13 19 226 221 242 96 80 38 0,33 106 174 200 303 311 394
PFG_MOEA,33,4,759.34,4800.0,0 378 83 155 103 18 190 251 175 99 315 346 372 301 167 21 139 291 265 390 234 0,
PFG_MOEA,33,5,759.34,4800.0,0 179 391 271 39 30 272 268 46 54 93 398 227 213 232 0,391
PFG_MOEA,33,6,759.34,4800.0,0 225 0,
PFG_MOEA,33,7,759.34,4800.0,0 97 209 361 170 367 0,
PFG_MOEA,33,8,759.34,4800.0,0 399 15 168 203 338 202 306 370 342 144 176 27 98 78 196 369 380 16 41 82 178 117 243 344 349 66 343 290 368 376 258 248 328 75 348 353 45 210 278 153 171 87 6 208 205 166 158 189 220 241 62 297 65 283 204 154 305 326 110 140 180 333 317 286 25 55 217 56 7 124 126 20 64 287 10 383 382 0,62 66 205 220 342
PFG_MOEA,33,9,759.34,4800.0,0 2 119 128 295 40 32 276 239 122 296 332 347 138 336 222 95 101 194 147 324 275 323 363 352 277 102 223 244 211 104 310 100 282 143 79 160 50 60 257 270 379 195 5 309 280 351 237 256 274 49 198 252 236 0,
PFG_MOEA,33,10,759.34,4800.0,0 381 23 90 12 207 307 0,
PFG_MOEA,33,11,759.34,4800.0,0 335 187 359 313 360 214 0,
PFG_MOEA,33,12,759.34,4800.0,0 185 118 281 26 334 298 371 0,
PFG_MOEA,34,1,314.81,5596.11,0 12 90 128 236 252 336 276 138 222 198 49 274 256 237 351 280 309 5 290 343 313 207 0,222
PFG_MOEA,34,2,314.81,5596.11,0 91 292 263 8 373 169 108 14 375 212 24 371 219 341 298 334 26 281 118 185 214 295 40 32 239 122 95 101 352 363 323 194 275 277 102 100 23 381 119 2 307 359 187 148 48 31 304 0,23
PFG_MOEA,34,3,314.81,5596.11,0 260 224 71 33 127 152 191 112 165 200 129 238 330 192 0,33
PFG_MOEA,34,4,314.81,5596.11,0 57 67 302 173 106 3 388 164 107 77 151 218 197 229 308 246 259 264 356 345 377 395 400 42 28 250 255 1 262 63 316 394 188 149 157 387 327 183 354 69 254 73 215 85 43 17 247 136 273 137 59 109 0,
PFG_MOEA,34,5,314.81,5596.11,0 329 300 362 123 51 145 322 121 146 201 261 320 364 393 312 294 174 339 132 206 253 365 360 335 0,362 393
PFG_MOEA,34,6,314.81,5596.11,0 61 358 181 177 288 385 240 396 245 115 392 285 331 133 293 53 163 150 9 125 47 216 89 0,
PFG_MOEA,34,7,314.81,5596.11,0 80 13 19 226 35 161 235 58 34 386 231 289 366 267 228 44 130 52 72 318 70 184 284 74 279 159 162 389 114 355 325 384 337 111 116 76 113 81 29 131 84 105 186 134 22 0,
PFG_MOEA,34,8,314.81,5596.11,0 38 96 242 221 172 182 397 350 311 4 314 193 230 94 156 374 36 11 92 319 357 303 266 141 86 199 68 135 88 249 233 340 299 321 269 120 142 37 301 21 139 291 167 372 346 315 99 175 251 0,182
PFG_MOEA,34,9,314.81,5596.11,0 97 225 232 179 391 271 158 241 62 297 65 283 204 154 305 326 110 140 286 317 333 180 220 126 124 7 56 217 55 25 367 170 361 209 227 234 213 190 390 265 18 103 155 83 378 398 93 54 46 268 272 30 39 0,65 154
PFG_MOEA,34,10,314.81,5596.11,0 399 15 16 380 41 82 178 117 243 344 349 20 189 64 166 205 208 6 87 171 153 278 210 353 258 376 368 66 287 10 383 382 0,243
PFG_MOEA,34,11,314.81,5596.11,0 369 338 203 168 0,
PFG_MOEA,34,12,314.81,5596.11,0 202 306 370 342 144 176 27 98 78 196 296 347 332 324 147 211 244 223 104 310 282 143 79 160 50 60 257 270 379 195 45 348 75 328 248 0,370
PFG_MOEA,35,1,759.34,4800.0,0 219 341 105 389 114 84 131 355 325 29 81 113 76 116 111 384 337 358 181 177 288 385 240 396 245 115 392 285 331 133 293 53 163 150 9 125 47 216 89 61 206 253 365 0,245
PFG_MOEA,35,2,759.34,4800.0,0 22 134 186 162 159 279 74 284 184 318 70 292 263 8 373 169 108 14 375 212 24 91 0,318
PFG_MOEA,35,3,759.34,4800.0,0 304 31 48 148 260 224 71 33 129 238 330 192 200 165 112 191 152 127 57 109 59 137 273 136 247 17 43 85 215 73 254 69 354 183 327 387 157 149 188 394 316 63 262 1 255 250 28 42 400 395 377 345 356 264 259 246 308 229 197 218 151 77 107 164 67 302 388 3 106 173 261 320 364 393 312 201 362 329 300 123 51 145 322 121 146 294 174 339 132 120 142 37 269 321 299 340 233 135 88 249 35 161 235 68 58 34 386 231 289 366 267 228 44 130 52 72 303 357 319 266 141 86 92 199 156 94 230 311 374 11 36 397 350 4 314 193 182 172 13 19 226 221 242 96 80 38 0,33 106 174 200 303 311 394
PFG_MOEA,35,4,759.34,4800.0,0 378 83 155 103 18 190 251 175 99 315 346 372 301 167 21 139 291 265 390 234 0,
PFG_MOEA,35,5,759.34,4800.0,0 179 391 271 39 30 272 268 46 54 93 398 227 213 232 0,391
PFG_MOEA,35,6,759.34,4800.0,0 225 0,
PFG_MOEA,35,7,759.34,4800.0,0 97 209 361 170 367 0,
PFG_MOEA,35,8,759.34,4800.0,0 399 15 168 203 338 202 306 370 342 144 176 27 98 78 196 369 380 16 41 82 178 117 243 344 349 66 343 290 368 376 258 248 328 75 348 353 45 210 278 153 171 87 6 208 205 166 158 189 220 241 62 297 65 283 204 154 305 326 110 140 180 333 317 286 25 55 217 56 7 124 126 20 64 287 10 383 382 0,62 66 205 220 342
PFG_MOEA,35,9,759.34,4800.0,0 2 119 128 295 40 32 276 239 122 296 332 347 138 336 222 95 101 194 147 324 275 323 363 352 277 102 223 244 211 104 310 100 282 143 79 160 50 60 257 270 379 195 5 309 280 351 237 256 274 49 198 252 236 0,
PFG_MOEA,35,10,759.34,4800.0,0 381 23 90 12 207 307 0,
PFG_MOEA,35,11,759.34,4800.0,0 335 187 359 313 360 214 0,
PFG_MOEA,35,12,759.34,4800.0,0 185 118 281 26 334 298 371 0,
PFG_MOEA,36,1,314.81,5596.11,0 12 90 128 236 252 336 276 138 222 198 49 274 256 237 351 280 309 5 290 343 313 207 0,222
PFG_MOEA,36,2,314.81,5596.11,0 91 292 263 8 373 169 108 14 375 212 24 371 219 341 298 334 26 281 118 185 214 295 40 32 239 122 95 101 352 363 323 194 275 277 102 100 23 381 119 2 307 359 187 148 48 31 304 0,23
PFG_MOEA,36,3,314.81,5596.11,0 260 224 71 33 127 152 191 112 165 200 129 238 330 192 0,33
PFG_MOEA,36,4,314.81,5596.11,0 57 67 302 173 106 3 388 164 107 77 151 218 197 229 308 246 259 264 356 345 377 395 400 42 28 250 255 1 262 63 316 394 188 149 157 387 327 183 354 69 254 73 215 85 43 17 247 136 273 137 59 109 0,
PFG_MOEA,36,5,314.81,5596.11,0 329 300 362 123 51 145 322 121 146 201 261 320 364 393 312 294 174 339 132 206 253 365 360 335 0,362 393
PFG_MOEA,36,6,314.81,5596.11,0 61 358 181 177 288 385 240 396 245 115 392 285 331 133 293 53 163 150 9 125 47 216 89 0,
PFG_MOEA,36,7,314.81,5596.11,0 80 13 19 226 35 161 235 58 34 386 231 289 366 267 228 44 130 52 72 318 70 184 284 74 279 159 162 389 114 355 325 384 337 111 116 76 113 81 29 131 84 105 186 134 22 0,
PFG_MOEA,36,8,314.81,5596.11,0 38 96 242 221 172 182 397 350 311 4 314 193 230 94 156 374 36 11 92 319 357 303 266 141 86 199 68 135 88 249 233 340 299 321 269 120 142 37 301 21 139 291 167 372 346 315 99 175 251 0,182
PFG_MOEA,36,9,314.81,5596.11,0 97 225 232 179 391 271 158 241 62 297 65 283 204 154 305 326 110 140 286 317 333 180 220 126 124 7 56 217 55 25 367 170 361 209 227 234 213 190 390 265 18 103 155 83 378 398 93 54 46 268 272 30 39 0,65 154
PFG_MOEA,36,10,314.81,5596.11,0 399 15 16 380 41 82 178 117 243 344 349 20 189 64 166 205 208 6 87 171 153 278 210 353 258 376 368 66 287 10 383 382 0,243
PFG_MOEA,36,11,314.81,5596.11,0 369 338 203 168 0,
PFG_MOEA,36,12,314.81,5596.11,0 202 306 370 342 144 176 27 98 78 196 296 347 332 324 147 211 244 223 104 310 282 143 79 160 50 60 257 270 379 195 45 348 75 328 248 0,370
PFG_MOEA,37,1,759.34,4800.0,0 219 341 105 389 114 84 131 355 325 29 81 113 76 116 111 384 337 358 181 177 288 385 240 396 245 115 392 285 331 133 293 53 163 150 9 125 47 216 89 61 206 253 365 0,245
PFG_MOEA,37,2,759.34,4800.0,0 22 134 186 162 159 279 74 284 184 318 70 292 263 8 373 169 108 14 375 212 24 91 0,318
PFG_MOEA,37,3,759.34,4800.0,0 304 31 48 148 260 224 71 33 129 238 330 192 200 165 112 191 152 127 57 109 59 137 273 136 247 17 43 85 215 73 254 69 354 183 327 387 157 149 188 394 316 63 262 1 255 250 28 42 400 395 377 345 356 264 259 246 308 229 197 218 151 77 107 164 67 302 388 3 106 173 261 320 364 393 312 201 362 329 300 123 51 145 322 121 146 294 174 339 132 120 142 37 269 321 299 340 233 135 88 249 35 161 235 68 58 34 386 231 289 366 267 228 44 130 52 72 303 357 319 266 141 86 92 199 156 94 230 311 374 11 36 397 350 4 314 193 182 172 13 19 226 221 242 96 80 38 0,33 106 174 200 303 311 394
PFG_MOEA,37,4,759.34,4800.0,0 378 83 155 103 18 190 251 175 99 315 346 372 301 167 21 139 291 265 390 234 0,
PFG_MOEA,37,5,759.34,4800.0,0 179 391 271 39 30 272 268 46 54 93 398 227 213 232 0,391
PFG_MOEA,37,6,759.34,4800.0,0 225 0,
PFG_MOEA,37,7,759.34,4800.0,0 97 209 361 170 367 0,
PFG_MOEA,37,8,759.34,4800.0,0 399 15 168 203 338 202 306 370 342 144 176 27 98 78 196 369 380 16 41 82 178 117 243 344 349 66 343 290 368 376 258 248 328 75 348 353 45 210 278 153 171 87 6 208 205 166 158 189 220 241 62 297 65 283 204 154 305 326 110 140 180 333 317 286 25 55 217 56 7 124 126 20 64 287 10 383 382 0,62 66 205 220 342
PFG_MOEA,37,9,759.34,4800.0,0 2 119 128 295 40 32 276 239 122 296 332 347 138 336 222 95 101 194 147 324 275 323 363 352 277 102 223 244 211 104 310 100 282 143 79 160 50 60 257 270 379 195 5 309 280 351 237 256 274 49 198 252 236 0,
PFG_MOEA,37,10,759.34,4800.0,0 381 23 90 12 207 307 0,
PFG_MOEA,37,11,759.34,4800.0,0 335 187 359 313 360 214 0,
PFG_MOEA,37,12,759.34,4800.0,0 185 118 281 26 334 298 371 0,
PFG_MOEA,38,1,314.81,5596.11,0 12 90 128 236 252 336 276 138 222 198 49 274 256 237 351 280 309 5 290 343 313 207 0,222
PFG_MOEA,38,2,314.81,5596.11,0 91 292 263 8 373 169 108 14 375 212 24 371 219 341 298 334 26 281 118 185 214 295 40 32 239 122 95 101 352 363 323 194 275 277 102 100 23 381 119 2 307 359 187 148 48 31 304 0,23
PFG_MOEA,38,3,314.81,5596.11,0 260 224 71 33 127 152 191 112 165 200 129 238 330 192 0,33
PFG_MOEA,38,4,314.81,5596.11,0 57 67 302 173 106 3 388 164 107 77 151 218 197 229 308 246 259 264 356 345 377 395 400 42 28 250 255 1 262 63 316 394 188 149 157 387 327 183 354 69 254 73 215 85 43 17 247 136 273 137 59 109 0,
PFG_MOEA,38,5,314.81,5596.11,0 329 300 362 123 51 145 322 121 146 201 261 320 364 393 312 294 174 339 132 206 253 365 360 335 0,362 393
PFG_MOEA,38,6,314.81,5596.11,0 61 358 181 177 288 385 240 396 245 115 392 285 331 133 293 53 163 150 9 125 47 216 89 0,
PFG_MOEA,38,7,314.81,5596.11,0 80 13 19 226 35 161 235 58 34 386 231 289 366 267 228 44 130 52 72 318 70 184 284 74 279 159 162 389 114 355 325 384 337 111 116 76 113 81 29 131 84 105 186 134 22 0,
PFG_MOEA,38,8,314.81,5596.11,0 38 96 242 221 172 182 397 350 311 4 314 193 230 94 156 374 36 11 92 319 357 303 266 141 86 199 68 135 88 249 233 340 299 321 269 120 142 37 301 21 139 291 167 372 346 315 99 175 251 0,182
PFG_MOEA,38,9,314.81,5596.11,0 97 225 232 179 391 271 158 241 62 297 65 283 204 154 305 326 110 140 286 317 333 180 220 126 124 7 56 217 55 25 367 170 361 209 227 234 213 190 390 265 18 103 155 83 378 398 93 54 46 268 272 30 39 0,65 154
PFG_MOEA,38,10,314.81,5596.11,0 399 15 16 380 41 82 178 117 243 344 349 20 189 64 166 205 208 6 87 171 153 278 210 353 258 376 368 66 287 10 383 382 0,243
PFG_MOEA,38,11,314.81,5596.11,0 369 338 203 168 0,
PFG_MOEA,38,12,314.81,5596.11,0 202 306 370 342 144 176 27 98 78 196 296 347 332 324 147 211 244 223 104 310 282 143 79 160 50 60 257 270 379 195 45 348 75 328 248 0,370
PFG_MOEA,39,1,759.34,4800.0,0 219 341 105 389 114 84 131 355 325 29 81 113 76 116 111 384 337 358 181 177 288 385 240 396 245 115 392 285 331 133 293 53 163 150 9 125 47 216 89 61 206 253 365 0,245
PFG_MOEA,39,2,759.34,4800.0,0 22 134 186 162 159 279 74 284 184 318 70 292 263 8 373 169 108 14 375 212 24 91 0,318
PFG_MOEA,39,3,759.34,4800.0,0 304 31 48 148 260 224 71 33 129 238 330 192 200 165 112 191 152 127 57 109 59 137 273 136 247 17 43 85 215 73 254 69 354 183 327 387 157 149 188 394 316 63 262 1 255 250 28 42 400 395 377 345 356 264 259 246 308 229 197 218 151 77 107 164 67 302 388 3 106 173 261 320 364 393 312 201 362 329 300 123 51 145 322 121 146 294 174 339 132 120 142 37 269 321 299 340 233 135 88 249 35 161 235 68 58 34 386 231 289 366 267 228 44 130 52 72 303 357 319 266 141 86 92 199 156 94 230 311 374 11 36 397 350 4 314 193 182 172 13 19 226 221 242 96 80 38 0,33 106 174 200 303 311 394
PFG_MOEA,39,4,759.34,4800.0,0 378 83 155 103 18 190 251 175 99 315 346 372 301 167 21 139 291 265 390 234 0,
PFG_MOEA,39,5,759.34,4800.0,0 179 391 271 39 30 272 268 46 54 93 398 227 213 232 0,391
PFG_MOEA,39,6,759.34,4800.0,0 225 0,
PFG_MOEA,39,7,759.34,4800.0,0 97 209 361 170 367 0,
PFG_MOEA,39,8,759.34,4800.0,0 399 15 168 203 338 202 306 370 342 144 176 27 98 78 196 369 380 16 41 82 178 117 243 344 349 66 343 290 368 376 258 248 328 75 348 353 45 210 278 153 171 87 6 208 205 166 158 189 220 241 62 297 65 283 204 154 305 326 110 140 180 333 317 286 25 55 217 56 7 124 126 20 64 287 10 383 382 0,62 66 205 220 342
PFG_MOEA,39,9,759.34,4800.0,0 2 119 128 295 40 32 276 239 122 296 332 347 138 336 222 95 101 194 147 324 275 323 363 352 277 102 223 244 211 104 310 100 282 143 79 160 50 60 257 270 379 195 5 309 280 351 237 256 274 49 198 252 236 0,
PFG_MOEA,39,10,759.34,4800.0,0 381 23 90 12 207 307 0,
PFG_MOEA,39,11,759.34,4800.0,0 335 187 359 313 360 214 0,
PFG_MOEA,39,12,759.34,4800.0,0 185 118 281 26 334 298 371 0,
PFG_MOEA,40,1,314.81,5596.11,0 12 90 128 236 252 336 276 138 222 198 49 274 256 237 351 280 309 5 290 343 313 207 0,222
PFG_MOEA,40,2,314.81,5596.11,0 91 292 263 8 373 169 108 14 375 212 24 371 219 341 298 334 26 281 118 185 214 295 40 32 239 122 95 101 352 363 323 194 275 277 102 100 23 381 119 2 307 359 187 148 48 31 304 0,23
PFG_MOEA,40,3,314.81,5596.11,0 260 224 71 33 127 152 191 112 165 200 129 238 330 192 0,33
PFG_MOEA,40,4,314.81,5596.11,0 57 67 302 173 106 3 388 164 107 77 151 218 197 229 308 246 259 264 356 345 377 395 400 42 28 250 255 1 262 63 316 394 188 149 157 387 327 183 354 69 254 73 215 85 43 17 247 136 273 137 59 109 0,
PFG_MOEA,40,5,314.81,5596.11,0 329 300 362 123 51 145 322 121 146 201 261 320 364 393 312 294 174 339 132 206 253 365 360 335 0,362 393
PFG_MOEA,40,6,314.81,5596.11,0 61 358 181 177 288 385 240 396 245 115 392 285 331 133 293 53 163 150 9 125 47 216 89 0,
PFG_MOEA,40,7,314.81,5596.11,0 80 13 19 226 35 161 235 58 34 386 231 289 366 267 228 44 130 52 72 318 70 184 284 74 279 159 162 389 114 355 325 384 337 111 116 76 113 81 29 131 84 105 186 134 22 0,
PFG_MOEA,40,8,314.81,5596.11,0 38 96 242 221 172 182 397 350 311 4 314 193 230 94 156 374 36 11 92 319 357 303 266 141 86 199 68 135 88 249 233 340 299 321 269 120 142 37 301 21 139 291 167 372 346 315 99 175 251 0,182
PFG_MOEA,40,9,314.81,5596.11,0 97 225 232 179 391 271 158 241 62 297 65 283 204 154 305 326 110 140 286 317 333 180 220 126 124 7 56 217 55 25 367 170 361 209 227 234 213 190 390 265 18 103 155 83 378 398 93 54 46 268 272 30 39 0,65 154
PFG_MOEA,40,10,314.81,5596.11,0 399 15 16 380 41 82 178 117 243 344 349 20 189 64 166 205 208 6 87 171 153 278 210 353 258 376 368 66 287 10 383 382 0,243
PFG_MOEA,40,11,314.81,5596.11,0 369 338 203 168 0,
PFG_MOEA,40,12,314.81,5596.11,0 202 306 370 342 144 176 27 98 78 196 296 347 332 324 147 211 244 223 104 310 282 143 79 160 50 60 257 270 379 195 45 348 75 328 248 0,370
PFG_MOEA,41,1,411.21,4974.5,0 12 90 381 23 32 276 239 336 138 222 198 49 274 256 237 351 280 252 236 128 119 2 0,23
PFG_MOEA,41,2,411.21,4974.5,0 22 118 185 214 295 40 122 392 285 331 133 293 53 101 352 363 323 194 275 277 102 100 95 163 61 89 207 307 313 359 365 253 206 187 0,22 100
PFG_MOEA,41,3,411.21,4974.5,0 115 0,
PFG_MOEA,41,4,411.21,4974.5,0 245 396 240 385 288 177 181 358 337 384 111 116 76 113 81 29 325 355 0,
PFG_MOEA,41,5,411.21,4974.5,0 281 26 334 298 341 134 186 131 84 114 389 105 219 371 162 159 74 279 91 24 212 375 284 14 184 318 70 292 263 8 373 169 108 72 52 130 44 386 362 201 312 67 164 107 302 173 106 261 388 197 218 151 77 273 136 137 59 109 127 57 226 19 13 80 0,77 106 284
PFG_MOEA,41,6,411.21,4974.5,0 38 172 182 319 303 357 266 141 86 199 228 267 366 289 231 34 58 68 161 235 35 249 88 135 233 156 94 230 374 92 11 36 397 350 311 4 314 193 340 299 321 269 120 142 37 51 123 145 132 339 322 121 146 294 174 320 364 393 3 229 308 356 264 259 246 42 300 329 112 221 242 96 0,51 174 229 246 299
PFG_MOEA,41,7,411.21,4974.5,0 399 200 165 191 152 247 255 1 262 250 28 345 377 395 400 394 188 301 372 21 167 291 139 149 157 63 316 387 327 17 43 85 215 73 254 183 354 69 265 346 315 99 175 251 190 390 18 103 155 83 378 213 234 227 398 93 224 179 232 225 97 71 33 260 148 238 129 330 192 48 31 304 0,93
PFG_MOEA,41,8,411.21,4974.5,0 382 383 10 391 271 39 46 54 268 272 30 66 166 205 208 6 204 154 305 326 283 65 297 62 241 110 140 286 317 333 180 220 158 189 64 20 126 124 7 56 217 55 25 367 170 361 209 287 0,55 62 66 220
PFG_MOEA,41,9,411.21,4974.5,0 380 0,
PFG_MOEA,41,10,411.21,4974.5,0 16 369 15 0,
PFG_MOEA,41,11,411.21,4974.5,0 168 203 178 82 41 0,178
PFG_MOEA,41,12,411.21,4974.5,0 335 360 338 202 306 370 342 144 176 27 98 78 196 296 347 332 216 47 125 9 150 147 324 211 244 223 104 310 282 143 309 5 195 379 79 160 50 60 270 257 210 45 153 278 87 171 353 348 75 328 248 258 376 368 290 343 349 344 243 117 0,
PFG_MOEA,42,1,759.34,4800.0,0 219 341 105 389 114 84 131 355 325 29 81 113 76 116 111 384 337 358 181 177 288 385 240 396 245 115 392 285 331 133 293 53 163 150 9 125 47 216 89 61 206 253 365 0,245
PFG_MOEA,42,2,759.34,4800.0,0 22 134 186 162 159 279 74 284 184 318 70 292 263 8 373 169 108 14 375 212 24 91 0,318
PFG_MOEA,42,3,759.34,4800.0,0 304 31 48 148 260 224 71 33 129 238 330 192 200 165 112 191 152 127 57 109 59 137 273 136 247 17 43 85 215 73 254 69 354 183 327 387 157 149 188 394 316 63 262 1 255 250 28 42 400 395 377 345 356 264 259 246 308 229 197 218 151 77 107 164 67 302 388 3 106 173 261 320 364 393 312 201 362 329 300 123 51 145 322 121 146 294 174 339 132 120 142 37 269 321 299 340 233 135 88 249 35 161 235 68 58 34 386 231 289 366 267 228 44 130 52 72 303 357 319 266 141 86 92 199 156 94 230 311 374 11 36 397 350 4 314 193 182 172 13 19 226 221 242 96 80 38 0,33 106 174 200 303 311 394
PFG_MOEA,42,4,759.34,4800.0,0 378 83 155 103 18 190 251 175 99 315 346 372 301 167 21 139 291 265 390 234 0,
PFG_MOEA,42,5,759.34,4800.0,0 179 391 271 39 30 272 268 46 54 93 398 227 213 232 0,391
PFG_MOEA,42,6,759.34,4800.0,0 225 0,
PFG_MOEA,42,7,759.34,4800.0,0 97 209 361 170 367 0,
PFG_MOEA,42,8,759.34,4800.0,0 399 15 168 203 338 202 306 370 342 144 176 27 98 78 196 369 380 16 41 82 178 117 243 344 349 66 343 290 368 376 258 248 328 75 348 353 45 210 278 153 171 87 6 208 205 166 158 189 220 241 62 297 65 283 204 154 305 326 110 140 180 333 317 286 25 55 217 56 7 124 126 20 64 287 10 383 382 0,62 66 205 220 342
PFG_MOEA,42,9,759.34,4800.0,0 2 119 128 295 40 32 276 239 122 296 332 347 138 336 222 95 101 194 147 324 275 323 363 352 277 102 223 244 211 104 310 100 282 143 79 160 50 60 257 270 379 195 5 309 280 351 237 256 274 49 198 252 236 0,
PFG_MOEA,42,10,759.34,4800.0,0 381 23 90 12 207 307 0,
PFG_MOEA,42,11,759.34,4800.0,0 335 187 359 313 360 214 0,
PFG_MOEA,42,12,759.34,4800.0,0 185 118 281 26 334 298 371 0,
PFG_MOEA,43,1,314.81,5596.11,0 12 90 128 236 252 336 276 138 222 198 49 274 256 237 351 280 309 5 290 343 313 207 0,222
PFG_MOEA,43,2,314.81,5596.11,0 91 292 263 8 373 169 108 14 375 212 24 371 219 341 298 334 26 281 118 185 214 295 40 32 239 122 95 101 352 363 323 194 275 277 102 100 23 381 119 2 307 359 187 148 48 31 304 0,23
PFG_MOEA,43,3,314.81,5596.11,0 260 224 71 33 127 152 191 112 165 200 129 238 330 192 0,33
PFG_MOEA,43,4,314.81,5596.11,0 57 67 302 173 106 3 388 164 107 77 151 218 197 229 308 246 259 264 356 345 377 395 400 42 28 250 255 1 262 63 316 394 188 149 157 387 327 183 354 69 254 73 215 85 43 17 247 136 273 137 59 109 0,
PFG_MOEA,43,5,314.81,5596.11,0 329 300 362 123 51 145 322 121 146 201 261 320 364 393 312 294 174 339 132 206 253 365 360 335 0,362 393
PFG_MOEA,43,6,314.81,5596.11,0 61 358 181 177 288 385 240 396 245 115 392 285 331 133 293 53 163 150 9 125 47 216 89 0,
PFG_MOEA,43,7,314.81,5596.11,0 80 13 19 226 35 161 235 58 34 386 231 289 366 267 228 44 130 52 72 318 70 184 284 74 279 159 162 389 114 355 325 384 337 111 116 76 113 81 29 131 84 105 186 134 22 0,
PFG_MOEA,43,8,314.81,5596.11,0 38 96 242 221 172 182 397 350 311 4 314 193 230 94 156 374 36 11 92 319 357 303 266 141 86 199 68 135 88 249 233 340 299 321 269 120 142 37 301 21 139 291 167 372 346 315 99 175 251 0,182
PFG_MOEA,43,9,314.81,5596.11,0 97 225 232 179 391 271 158 241 62 297 65 283 204 154 305 326 110 140 286 317 333 180 220 126 124 7 56 217 55 25 367 170 361 209 227 234 213 190 390 265 18 103 155 83 378 398 93 54 46 268 272 30 39 0,65 154
PFG_MOEA,43,10,314.81,5596.11,0 399 15 16 380 41 82 178 117 243 344 349 20 189 64 166 205 208 6 87 171 153 278 210 353 258 376 368 66 287 10 383 382 0,243
PFG_MOEA,43,11,314.81,5596.11,0 369 338 203 168 0,
PFG_MOEA,43,12,314.81,5596.11,0 202 306 370 342 144 176 27 98 78 196 296 347 332 324 147 211 244 223 104 310 282 143 79 160 50 60 257 270 379 195 45 348 75 328 248 0,370
PFG_MOEA,44,1,411.21,4974.5,0 12 90 381 23 32 276 239 336 138 222 198 49 274 256 237 351 280 252 236 128 119 2 0,23
PFG_MOEA,44,2,411.21,4974.5,0 22 118 185 214 295 40 122 392 285 331 133 293 53 101 352 363 323 194 275 277 102 100 95 163 61 89 207 307 313 359 365 253 206 187 0,22 100
PFG_MOEA,44,3,411.21,4974.5,0 115 0,
PFG_MOEA,44,4,411.21,4974.5,0 245 396 240 385 288 177 181 358 337 384 111 116 76 113 81 29 325 355 0,
PFG_MOEA,44,5,411.21,4974.5,0 281 26 334 298 341 134 186 131 84 114 389 105 219 371 162 159 74 279 91 24 212 375 284 14 184 318 70 292 263 8 373 169 108 72 52 130 44 386 362 201 312 67 164 107 302 173 106 261 388 197 218 151 77 273 136 137 59 109 127 57 226 19 13 80 0,77 106 284
PFG_MOEA,44,6,411.21,4974.5,0 38 172 182 319 303 357 266 141 86 199 228 267 366 289 231 34 58 68 161 235 35 249 88 135 233 156 94 230 374 92 11 36 397 350 311 4 314 193 340 299 321 269 120 142 37 51 123 145 132 339 322 121 146 294 174 320 364 393 3 229 308 356 264 259 246 42 300 329 112 221 242 96 0,51 174 229 246 299
PFG_MOEA,44,7,411.21,4974.5,0 399 200 165 191 152 247 255 1 262 250 28 345 377 395 400 394 188 301 372 21 167 291 139 149 157 63 316 387 327 17 43 85 215 73 254 183 354 69 265 346 315 99 175 251 190 390 18 103 155 83 378 213 234 227 398 93 224 179 232 225 97 71 33 260 148 238 129 330 192 48 31 304 0,93
PFG_MOEA,44,8,411.21,4974.5,0 382 383 10 391 271 39 46 54 268 272 30 66 166 205 208 6 204 154 305 326 283 65 297 62 241 110 140 286 317 333 180 220 158 189 64 20 126 124 7 56 217 55 25 367 170 361 209 287 0,55 62 66 220
PFG_MOEA,44,9,411.21,4974.5,0 380 0,
PFG_MOEA,44,10,411.21,4974.5,0 16 369 15 0,
PFG_MOEA,44,11,411.21,4974.5,0 168 203 178 82 41 0,178
PFG_MOEA,44,12,411.21,4974.5,0 335 360 338 202 306 370 342 144 176 27 98 78 196 296 347 332 216 47 125 9 150 147 324 211 244 223 104 310 282 143 309 5 195 379 79 160 50 60 270 257 210 45 153 278 87 171 353 348 75 328 248 258 376 368 290 343 349 344 243 117 0,
PFG_MOEA,45,1,759.34,4800.0,0 219 341 105 389 114 84 131 355 325 29 81 113 76 116 111 384 337 358 181 177 288 385 240 396 245 115 392 285 331 133 293 53 163 150 9 125 47 216 89 61 206 253 365 0,245
PFG_MOEA,45,2,759.34,4800.0,0 22 134 186 162 159 279 74 284 184 318 70 292 263 8 373 169 108 14 375 212 24 91 0,318
PFG_MOEA,45,3,759.34,4800.0,0 304 31 48 148 260 224 71 33 129 238 330 192 200 165 112 191 152 127 57 109 59 137 273 136 247 17 43 85 215 73 254 69 354 183 327 387 157 149 188 394 316 63 262 1 255 250 28 42 400 395 377 345 356 264 259 246 308 229 197 218 151 77 107 164 67 302 388 3 106 173 261 320 364 393 312 201 362 329 300 123 51 145 322 121 146 294 174 339 132 120 142 37 269 321 299 340 233 135 88 249 35 161 235 68 58 34 386 231 289 366 267 228 44 130 52 72 303 357 319 266 141 86 92 199 156 94 230 311 374 11 36 397 350 4 314 193 182 172 13 19 226 221 242 96 80 38 0,33 106 174 200 303 311 394
PFG_MOEA,45,4,759.34,4800.0,0 378 83 155 103 18 190 251 175 99 315 346 372 301 167 21 139 291 265 390 234 0,
PFG_MOEA,45,5,759.34,4800.0,0 179 391 271 39 30 272 268 46 54 93 398 227 213 232 0,391
PFG_MOEA,45,6,759.34,4800.0,0 225 0,
PFG_MOEA,45,7,759.34,4800.0,0 97 209 361 170 367 0,
PFG_MOEA,45,8,759.34,4800.0,0 399 15 168 203 338 202 306 370 342 144 176 27 98 78 196 369 380 16 41 82 178 117 243 344 349 66 343 290 368 376 258 248 328 75 348 353 45 210 278 153 171 87 6 208 205 166 158 189 220 241 62 297 65 283 204 154 305 326 110 140 180 333 317 286 25 55 217 56 7 124 126 20 64 287 10 383 382 0,62 66 205 220 342
PFG_MOEA,45,9,759.34,4800.0,0 2 119 128 295 40 32 276 239 122 296 332 347 138 336 222 95 101 194 147 324 275 323 363 352 277 102 223 244 211 104 310 100 282 143 79 160 50 60 257 270 379 195 5 309 280 351 237 256 274 49 198 252 236 0,
PFG_MOEA,45,10,759.34,4800.0,0 381 23 90 12 207 307 0,
PFG_MOEA,45,11,759.34,4800.0,0 335 187 359 313 360 214 0,
PFG_MOEA,45,12,759.34,4800.0,0 185 118 281 26 334 298 371 0,
PFG_MOEA,46,1,314.81,5596.11,0 12 90 128 236 252 336 276 138 222 198 49 274 256 237 351 280 309 5 290 343 313 207 0,222
PFG_MOEA,46,2,314.81,5596.11,0 91 292 263 8 373 169 108 14 375 212 24 371 219 341 298 334 26 281 118 185 214 295 40 32 239 122 95 101 352 363 323 194 275 277 102 100 23 381 119 2 307 359 187 148 48 31 304 0,23
PFG_MOEA,46,3,314.81,5596.11,0 260 224 71 33 127 152 191 112 165 200 129 238 330 192 0,33
PFG_MOEA,46,4,314.81,5596.11,0 57 67 302 173 106 3 388 164 107 77 151 218 197 229 308 246 259 264 356 345 377 395 400 42 28 250 255 1 262 63 316 394 188 149 157 387 327 183 354 69 254 73 215 85 43 17 247 136 273 137 59 109 0,
PFG_MOEA,46,5,314.81,5596.11,0 329 300 362 123 51 145 322 121 146 201 261 320 364 393 312 294 174 339 132 206 253 365 360 335 0,362 393
PFG_MOEA,46,6,314.81,5596.11,0 61 358 181 177 288 385 240 396 245 115 392 285 331 133 293 53 163 150 9 125 47 216 89 0,
PFG_MOEA,46,7,314.81,5596.11,0 80 13 19 226 35 161 235 58 34 386 231 289 366 267 228 44 130 52 72 318 70 184 284 74 279 159 162 389 114 355 325 384 337 111 116 76 113 81 29 131 84 105 186 134 22 0,
PFG_MOEA,46,8,314.81,5596.11,0 38 96 242 221 172 182 397 350 311 4 314 193 230 94 156 374 36 11 92 319 357 303 266 141 86 199 68 135 88 249 233 340 299 321 269 120 142 37 301 21 139 291 167 372 346 315 99 175 251 0,182
PFG_MOEA,46,9,314.81,5596.11,0 97 225 232 179 391 271 158 241 62 297 65 283 204 154 305 326 110 140 286 317 333 180 220 126 124 7 56 217 55 25 367 170 361 209 227 234 213 190 390 265 18 103 155 83 378 398 93 54 46 268 272 30 39 0,65 154
PFG_MOEA,46,10,314.81,5596.11,0 399 15 16 380 41 82 178 117 243 344 349 20 189 64 166 205 208 6 87 171 153 278 210 353 258 376 368 66 287 10 383 382 0,243
PFG_MOEA,46,11,314.81,5596.11,0 369 338 203 168 0,
PFG_MOEA,46,12,314.81,5596.11,0 202 306 370 342 144 176 27 98 78 196 296 347 332 324 147 211 244 223 104 310 282 143 79 160 50 60 257 270 379 195 45 348 75 328 248 0,370
PFG_MOEA,47,1,411.21,4974.5,0 12 90 381 23 32 276 239 336 138 222 198 49 274 256 237 351 280 252 236 128 119 2 0,23
PFG_MOEA,47,2,411.21,4974.5,0 22 118 185 214 295 40 122 392 285 331 133 293 53 101 352 363 323 194 275 277 102 100 95 163 61 89 207 307 313 359 365 253 206 187 0,22 100
PFG_MOEA,47,3,411.21,4974.5,0 115 0,
PFG_MOEA,47,4,411.21,4974.5,0 245 396 240 385 288 177 181 358 337 384 111 116 76 113 81 29 325 355 0,
PFG_MOEA,47,5,411.21,4974.5,0 281 26 334 298 341 134 186 131 84 114 389 105 219 371 162 159 74 279 91 24 212 375 284 14 184 318 70 292 263 8 373 169 108 72 52 130 44 386 362 201 312 67 164 107 302 173 106 261 388 197 218 151 77 273 136 137 59 109 127 57 226 19 13 80 0,77 106 284
PFG_MOEA,47,6,411.21,4974.5,0 38 172 182 319 303 357 266 141 86 199 228 267 366 289 231 34 58 68 161 235 35 249 88 135 233 156 94 230 374 92 11 36 397 350 311 4 314 193 340 299 321 269 120 142 37 51 123 145 132 339 322 121 146 294 174 320 364 393 3 229 308 356 264 259 246 42 300 329 112 221 242 96 0,51 174 229 246 299
PFG_MOEA,47,7,411.21,4974.5,0 399 200 165 191 152 247 255 1 262 250 28 345 377 395 400 394 188 301 372 21 167 291 139 149 157 63 316 387 327 17 43 85 215 73 254 183 354 69 265 346 315 99 175 251 190 390 18 103 155 83 378 213 234 227 398 93 224 179 232 225 97 71 33 260 148 238 129 330 192 48 31 304 0,93
PFG_MOEA,47,8,411.21,4974.5,0 382 383 10 391 271 39 46 54 268 272 30 66 166 205 208 6 204 154 305 326 283 65 297 62 241 110 140 286 317 333 180 220 158 189 64 20 126 124 7 56 217 55 25 367 170 361 209 287 0,55 62 66 220
PFG_MOEA,47,9,411.21,4974.5,0 380 0,
PFG_MOEA,47,10,411.21,4974.5,0 16 369 15 0,
PFG_MOEA,47,11,411.21,4974.5,0 168 203 178 82 41 0,178
PFG_MOEA,47,12,411.21,4974.5,0 335 360 338 202 306 370 342 144 176 27 98 78 196 296 347 332 216 47 125 9 150 147 324 211 244 223 104 310 282 143 309 5 195 379 79 160 50 60 270 257 210 45 153 278 87 171 353 348 75 328 248 258 376 368 290 343 349 344 243 117 0,
PFG_MOEA,48,1,759.34,4800.0,0 219 341 105 389 114 84 131 355 325 29 81 113 76 116 111 384 337 358 181 177 288 385 240 396 245 115 392 285 331 133 293 53 163 150 9 125 47 216 89 61 206 253 365 0,245
PFG_MOEA,48,2,759.34,4800.0,0 22 134 186 162 159 279 74 284 184 318 70 292 263 8 373 169 108 14 375 212 24 91 0,318
PFG_MOEA,48,3,759.34,4800.0,0 304 31 48 148 260 224 71 33 129 238 330 192 200 165 112 191 152 127 57 109 59 137 273 136 247 17 43 85 215 73 254 69 354 183 327 387 157 149 188 394 316 63 262 1 255 250 28 42 400 395 377 345 356 264 259 246 308 229 197 218 151 77 107 164 67 302 388 3 106 173 261 320 364 393 312 201 362 329 300 123 51 145 322 121 146 294 174 339 132 120 142 37 269 321 299 340 233 135 88 249 35 161 235 68 58 34 386 231 289 366 267 228 44 130 52 72 303 357 319 266 141 86 92 199 156 94 230 311 374 11 36 397 350 4 314 193 182 172 13 19 226 221 242 96 80 38 0,33 106 174 200 303 311 394
PFG_MOEA,48,4,759.34,4800.0,0 378 83 155 103 18 190 251 175 99 315 346 372 301 167 21 139 291 265 390 234 0,
PFG_MOEA,48,5,759.34,4800.0,0 179 391 271 39 30 272 268 46 54 93 398 227 213 232 0,391
PFG_MOEA,48,6,759.34,4800.0,0 225 0,
PFG_MOEA,48,7,759.34,4800.0,0 97 209 361 170 367 0,
PFG_MOEA,48,8,759.34,4800.0,0 399 15 168 203 338 202 306 370 342 144 176 27 98 78 196 369 380 16 41 82 178 117 243 344 349 66 343 290 368 376 258 248 328 75 348 353 45 210 278 153 171 87 6 208 205 166 158 189 220 241 62 297 65 283 204 154 305 326 110 140 180 333 317 286 25 55 217 56 7 124 126 20 64 287 10 383 382 0,62 66 205 220 342
PFG_MOEA,48,9,759.34,4800.0,0 2 119 128 295 40 32 276 239 122 296 332 347 138 336 222 95 101 194 147 324 275 323 363 352 277 102 223 244 211 104 310 100 282 143 79 160 50 60 257 270 379 195 5 309 280 351 237 256 274 49 198 252 236 0,
PFG_MOEA,48,10,759.34,4800.0,0 381 23 90 12 207 307 0,
PFG_MOEA,48,11,759.34,4800.0,0 335 187 359 313 360 214 0,
PFG_MOEA,48,12,759.34,4800.0,0 185 118 281 26 334 298 371 0,
PFG_MOEA,49,1,314.81,5596.11,0 12 90 128 236 252 336 276 138 222 198 49 274 256 237 351 280 309 5 290 343 313 207 0,222
PFG_MOEA,49,2,314.81,5596.11,0 91 292 263 8 373 169 108 14 375 212 24 371 219 341 298 334 26 281 118 185 214 295 40 32 239 122 95 101 352 363 323 194 275 277 102 100 23 381 119 2 307 359 187 148 48 31 304 0,23
PFG_MOEA,49,3,314.81,5596.11,0 260 224 71 33 127 152 191 112 165 200 129 238 330 192 0,33
PFG_MOEA,49,4,314.81,5596.11,0 57 67 302 173 106 3 388 164 107 77 151 218 197 229 308 246 259 264 356 345 377 395 400 42 28 250 255 1 262 63 316 394 188 149 157 387 327 183 354 69 254 73 215 85 43 17 247 136 273 137 59 109 0,
PFG_MOEA,49,5,314.81,5596.11,0 329 300 362 123 51 145 322 121 146 201 261 320 364 393 312 294 174 339 132 206 253 365 360 335 0,362 393
PFG_MOEA,49,6,314.81,5596.11,0 61 358 181 177 288 385 240 396 245 115 392 285 331 133 293 53 163 150 9 125 47 216 89 0,
PFG_MOEA,49,7,314.81,5596.11,0 80 13 19 226 35 161 235 58 34 386 231 289 366 267 228 44 130 52 72 318 70 184 284 74 279 159 162 389 114 355 325 384 337 111 116 76 113 81 29 131 84 105 186 134 22 0,
PFG_MOEA,49,8,314.81,5596.11,0 38 96 242 221 172 182 397 350 311 4 314 193 230 94 156 374 36 11 92 319 357 303 266 141 86 199 68 135 88 249 233 340 299 321 269 120 142 37 301 21 139 291 167 372 346 315 99 175 251 0,182
PFG_MOEA,49,9,314.81,5596.11,0 97 225 232 179 391 271 158 241 62 297 65 283 204 154 305 326 110 140 286 317 333 180 220 126 124 7 56 217 55 25 367 170 361 209 227 234 213 190 390 265 18 103 155 83 378 398 93 54 46 268 272 30 39 0,65 154
PFG_MOEA,49,10,314.81,5596.11,0 399 15 16 380 41 82 178 117 243 344 349 20 189 64 166 205 208 6 87 171 153 278 210 353 258 376 368 66 287 10 383 382 0,243
PFG_MOEA,49,11,314.81,5596.11,0 369 338 203 168 0,
PFG_MOEA,49,12,314.81,5596.11,0 202 306 370 342 144 176 27 98 78 196 296 347 332 324 147 211 244 223 104 310 282 143 79 160 50 60 257 270 379 195 45 348 75 328 248 0,370
PFG_MOEA,50,1,411.21,4974.5,0 12 90 381 23 32 276 239 336 138 222 198 49 274 256 237 351 280 252 236 128 119 2 0,23
PFG_MOEA,50,2,411.21,4974.5,0 22 118 185 214 295 40 122 392 285 331 133 293 53 101 352 363 323 194 275 277 102 100 95 163 61 89 207 307 313 359 365 253 206 187 0,22 100
PFG_MOEA,50,3,411.21,4974.5,0 115 0,
PFG_MOEA,50,4,411.21,4974.5,0 245 396 240 385 288 177 181 358 337 384 111 116 76 113 81 29 325 355 0,
PFG_MOEA,50,5,411.21,4974.5,0 281 26 334 298 341 134 186 131 84 114 389 105 219 371 162 159 74 279 91 24 212 375 284 14 184 318 70 292 263 8 373 169 108 72 52 130 44 386 362 201 312 67 164 107 302 173 106 261 388 197 218 151 77 273 136 137 59 109 127 57 226 19 13 80 0,77 106 284
PFG_MOEA,50,6,411.21,4974.5,0 38 172 182 319 303 357 266 141 86 199 228 267 366 289 231 34 58 68 161 235 35 249 88 135 233 156 94 230 374 92 11 36 397 350 311 4 314 193 340 299 321 269 120 142 37 51 123 145 132 339 322 121 146 294 174 320 364 393 3 229 308 356 264 259 246 42 300 329 112 221 242 96 0,51 174 229 246 299
PFG_MOEA,50,7,411.21,4974.5,0 399 200 165 191 152 247 255 1 262 250 28 345 377 395 400 394 188 301 372 21 167 291 139 149 157 63 316 387 327 17 43 85 215 73 254 183 354 69 265 346 315 99 175 251 190 390 18 103 155 83 378 213 234 227 398 93 224 179 232 225 97 71 33 260 148 238 129 330 192 48 31 304 0,93
PFG_MOEA,50,8,411.21,4974.5,0 382 383 10 391 271 39 46 54 268 272 30 66 166 205 208 6 204 154 305 326 283 65 297 62 241 110 140 286 317 333 180 220 158 189 64 20 126 124 7 56 217 55 25 367 170 361 209 287 0,55 62 66 220
PFG_MOEA,50,9,411.21,4974.5,0 380 0,
PFG_MOEA,50,10,411.21,4974.5,0 16 369 15 0,
PFG_MOEA,50,11,411.21,4974.5,0 168 203 178 82 41 0,178
PFG_MOEA,50,12,411.21,4974.5,0 335 360 338 202 306 370 342 144 176 27 98 78 196 296 347 332 216 47 125 9 150 147 324 211 244 223 104 310 282 143 309 5 195 379 79 160 50 60 270 257 210 45 153 278 87 171 353 348 75 328 248 258 376 368 290 343 349 344 243 117 0,
PFG_MOEA,51,1,759.34,4800.0,0 219 341 105 389 114 84 131 355 325 29 81 113 76 116 111 384 337 358 181 177 288 385 240 396 245 115 392 285 331 133 293 53 163 150 9 125 47 216 89 61 206 253 365 0,245
PFG_MOEA,51,2,759.34,4800.0,0 22 134 186 162 159 279 74 284 184 318 70 292 263 8 373 169 108 14 375 212 24 91 0,318
PFG_MOEA,51,3,759.34,4800.0,0 304 31 48 148 260 224 71 33 129 238 330 192 200 165 112 191 152 127 57 109 59 137 273 136 247 17 43 85 215 73 254 69 354 183 327 387 157 149 188 394 316 63 262 1 255 250 28 42 400 395 377 345 356 264 259 246 308 229 197 218 151 77 107 164 67 302 388 3 106 173 261 320 364 393 312 201 362 329 300 123 51 145 322 121 146 294 174 339 132 120 142 37 269 321 299 340 233 135 88 249 35 161 235 68 58 34 386 231 289 366 267 228 44 130 52 72 303 357 319 266 141 86 92 199 156 94 230 311 374 11 36 397 350 4 314 193 182 172 13 19 226 221 242 96 80 38 0,33 106 174 200 303 311 394
PFG_MOEA,51,4,759.34,4800.0,0 378 83 155 103 18 190 251 175 99 315 346 372 301 167 21 139 291 265 390 234 0,
PFG_MOEA,51,5,759.34,4800.0,0 179 391 271 39 30 272 268 46 54 93 398 227 213 232 0,391
PFG_MOEA,51,6,759.34,4800.0,0 225 0,
PFG_MOEA,51,7,759.34,4800.0,0 97 209 361 170 367 0,
PFG_MOEA,51,8,759.34,4800.0,0 399 15 168 203 338 202 306 370 342 144 176 27 98 78 196 369 380 16 41 82 178 117 243 344 349 66 343 290 368 376 258 248 328 75 348 353 45 210 278 153 171 87 6 208 205 166 158 189 220 241 62 297 65 283 204 154 305 326 110 140 180 333 317 286 25 55 217 56 7 124 126 20 64 287 10 383 382 0,62 66 205 220 342
PFG_MOEA,51,9,759.34,4800.0,0 2 119 128 295 40 32 276 239 122 296 332 347 138 336 222 95 101 194 147 324 275 323 363 352 277 102 223 244 211 104 310 100 282 143 79 160 50 60 257 270 379 195 5 309 280 351 237 256 274 49 198 252 236 0,
PFG_MOEA,51,10,759.34,4800.0,0 381 23 90 12 207 307 0,
PFG_MOEA,51,11,759.34,4800.0,0 335 187 359 313 360 214 0,
PFG_MOEA,51,12,759.34,4800.0,0 185 118 281 26 334 298 371 0,
PFG_MOEA,52,1,314.81,5596.11,0 12 90 128 236 252 336 276 138 222 198 49 274 256 237 351 280 309 5 290 343 313 207 0,222
PFG_MOEA,52,2,314.81,5596.11,0 91 292 263 8 373 169 108 14 375 212 24 371 219 341 298 334 26 281 118 185 214 295 40 32 239 122 95 101 352 363 323 194 275 277 102 100 23 381 119 2 307 359 187 148 48 31 304 0,23
PFG_MOEA,52,3,314.81,5596.11,0 260 224 71 33 127 152 191 112 165 200 129 238 330 192 0,33
PFG_MOEA,52,4,314.81,5596.11,0 57 67 302 173 106 3 388 164 107 77 151 218 197 229 308 246 259 264 356 345 377 395 400 42 28 250 255 1 262 63 316 394 188 149 157 387 327 183 354 69 254 73 215 85 43 17 247 136 273 137 59 109 0,
PFG_MOEA,52,5,314.81,5596.11,0 329 300 362 123 51 145 322 121 146 201 261 320 364 393 312 294 174 339 132 206 253 365 360 335 0,362 393
PFG_MOEA,52,6,314.81,5596.11,0 61 358 181 177 288 385 240 396 245 115 392 285 331 133 293 53 163 150 9 125 47 216 89 0,
PFG_MOEA,52,7,314.81,5596.11,0 80 13 19 226 35 161 235 58 34 386 231 289 366 267 228 44 130 52 72 318 70 184 284 74 279 159 162 389 114 355 325 384 337 111 116 76 113 81 29 131 84 105 186 134 22 0,
PFG_MOEA,52,8,314.81,5596.11,0 38 96 242 221 172 182 397 350 311 4 314 193 230 94 156 374 36 11 92 319 357 303 266 141 86 199 68 135 88 249 233 340 299 321 269 120 142 37 301 21 139 291 167 372 346 315 99 175 251 0,182
PFG_MOEA,52,9,314.81,5596.11,0 97 225 232 179 391 271 158 241 62 297 65 283 204 154 305 326 110 140 286 317 333 180 220 126 124 7 56 217 55 25 367 170 361 209 227 234 213 190 390 265 18 103 155 83 378 398 93 54 46 268 272 30 39 0,65 154
PFG_MOEA,52,10,314.81,5596.11,0 399 15 16 380 41 82 178 117 243 344 349 20 189 64 166 205 208 6 87 171 153 278 210 353 258 376 368 66 287 10 383 382 0,243
PFG_MOEA,52,11,314.81,5596.11,0 369 338 203 168 0,
PFG_MOEA,52,12,314.81,5596.11,0 202 306 370 342 144 176 27 98 78 196 296 347 332 324 147 211 244 223 104 310 282 143 79 160 50 60 257 270 379 195 45 348 75 328 248 0,370
PFG_MOEA,53,1,411.21,4974.5,0 12 90 381 23 32 276 239 336 138 222 198 49 274 256 237 351 280 252 236 128 119 2 0,23
PFG_MOEA,53,2,411.21,4974.5,0 22 118 185 214 295 40 122 392 285 331 133 293 53 101 352 363 323 194 275 277 102 100 95 163 61 89 207 307 313 359 365 253 206 187 0,22 100
PFG_MOEA,53,3,411.21,4974.5,0 115 0,
PFG_MOEA,53,4,411.21,4974.5,0 245 396 240 385 288 177 181 358 337 384 111 116 76 113 81 29 325 355 0,
PFG_MOEA,53,5,411.21,4974.5,0 281 26 334 298 341 134 186 131 84 114 389 105 219 371 162 159 74 279 91 24 212 375 284 14 184 318 70 292 263 8 373 169 108 72 52 130 44 386 362 201 312 67 164 107 302 173 106 261 388 197 218 151 77 273 136 137 59 109 127 57 226 19 13 80 0,77 106 284
PFG_MOEA,53,6,411.21,4974.5,0 38 172 182 319 303 357 266 141 86 199 228 267 366 289 231 34 58 68 161 235 35 249 88 135 233 156 94 230 374 92 11 36 397 350 311 4 314 193 340 299 321 269 120 142 37 51 123 145 132 339 322 121 146 294 174 320 364 393 3 229 308 356 264 259 246 42 300 329 112 221 242 96 0,51 174 229 246 299
PFG_MOEA,53,7,411.21,4974.5,0 399 200 165 191 152 247 255 1 262 250 28 345 377 395 400 394 188 301 372 21 167 291 139 149 157 63 316 387 327 17 43 85 215 73 254 183 354 69 265 346 315 99 175 251 190 390 18 103 155 83 378 213 234 227 398 93 224 179 232 225 97 71 33 260 148 238 129 330 192 48 31 304 0,93
PFG_MOEA,53,8,411.21,4974.5,0 382 383 10 391 271 39 46 54 268 272 30 66 166 205 208 6 204 154 305 326 283 65 297 62 241 110 140 286 317 333 180 220 158 189 64 20 126 124 7 56 217 55 25 367 170 361 209 287 0,55 62 66 220
PFG_MOEA,53,9,411.21,4974.5,0 380 0,
PFG_MOEA,53,10,411.21,4974.5,0 16 369 15 0,
PFG_MOEA,53,11,411.21,4974.5,0 168 203 178 82 41 0,178
PFG_MOEA,53,12,411.21,4974.5,0 335 360 338 202 306 370 342 144 176 27 98 78 196 296 347 332 216 47 125 9 150 147 324 211 244 223 104 310 282 143 309 5 195 379 79 160 50 60 270 257 210 45 153 278 87 171 353 348 75 328 248 258 376 368 290 343 349 344 243 117 0,
PFG_MOEA,54,1,759.34,4800.0,0 219 341 105 389 114 84 131 355 325 29 81 113 76 116 111 384 337 358 181 177 288 385 240 396 245 115 392 285 331 133 293 53 163 150 9 125 47 216 89 61 206 253 365 0,245
PFG_MOEA,54,2,759.34,4800.0,0 22 134 186 162 159 279 74 284 184 318 70 292 263 8 373 169 108 14 375 212 24 91 0,318
PFG_MOEA,54,3,759.34,4800.0,0 304 31 48 148 260 224 71 33 129 238 330 192 200 165 112 191 152 127 57 109 59 137 273 136 247 17 43 85 215 73 254 69 354 183 327 387 157 149 188 394 316 63 262 1 255 250 28 42 400 395 377 345 356 264 259 246 308 229 197 218 151 77 107 164 67 302 388 3 106 173 261 320 364 393 312 201 362 329 300 123 51 145 322 121 146 294 174 339 132 120 142 37 269 321 299 340 233 135 88 249 35 161 235 68 58 34 386 231 289 366 267 228 44 130 52 72 303 357 319 266 141 86 92 199 156 94 230 311 374 11 36 397 350 4 314 193 182 172 13 19 226 221 242 96 80 38 0,33 106 174 200 303 311 394
PFG_MOEA,54,4,759.34,4800.0,0 378 83 155 103 18 190 251 175 99 315 346 372 301 167 21 139 291 265 390 234 0,
PFG_MOEA,54,5,759.34,4800.0,0 179 391 271 39 30 272 268 46 54 93 398 227 213 232 0,391
PFG_MOEA,54,6,759.34,4800.0,0 225 0,
PFG_MOEA,54,7,759.34,4800.0,0 97 209 361 170 367 0,
PFG_MOEA,54,8,759.34,4800.0,0 399 15 168 203 338 202 306 370 342 144 176 27 98 78 196 369 380 16 41 82 178 117 243 344 349 66 343 290 368 376 258 248 328 75 348 353 45 210 278 153 171 87 6 208 205 166 158 189 220 241 62 297 65 283 204 154 305 326 110 140 180 333 317 286 25 55 217 56 7 124 126 20 64 287 10 383 382 0,62 66 205 220 342
PFG_MOEA,54,9,759.34,4800.0,0 2 119 128 295 40 32 276 239 122 296 332 347 138 336 222 95 101 194 147 324 275 323 363 352 277 102 223 244 211 104 310 100 282 143 79 160 50 60 257 270 379 195 5 309 280 351 237 256 274 49 198 252 236 0,
PFG_MOEA,54,10,759.34,4800.0,0 381 23 90 12 207 307 0,
PFG_MOEA,54,11,759.34,4800.0,0 335 187 359 313 360 214 0,
PFG_MOEA,54,12,759.34,4800.0,0 185 118 281 26 334 298 371 0,
PFG_MOEA,55,1,314.81,5596.11,0 12 90 128 236 252 336 276 138 222 198 49 274 256 237 351 280 309 5 290 343 313 207 0,222
PFG_MOEA,55,2,314.81,5596.11,0 91 292 263 8 373 169 108 14 375 212 24 371 219 341 298 334 26 281 118 185 214 295 40 32 239 122 95 101 352 363 323 194 275 277 102 100 23 381 119 2 307 359 187 148 48 31 304 0,23
PFG_MOEA,55,3,314.81,5596.11,0 260 224 71 33 127 152 191 112 165 200 129 238 330 192 0,33
PFG_MOEA,55,4,314.81,5596.11,0 57 67 302 173 106 3 388 164 107 77 151 218 197 229 308 246 259 264 356 345 377 395 400 42 28 250 255 1 262 63 316 394 188 149 157 387 327 183 354 69 254 73 215 85 43 17 247 136 273 137 59 109 0,
PFG_MOEA,55,5,314.81,5596.11,0 329 300 362 123 51 145 322 121 146 201 261 320 364 393 312 294 174 339 132 206 253 365 360 335 0,362 393
PFG_MOEA,55,6,314.81,5596.11,0 61 358 181 177 288 385 240 396 245 115 392 285 331 133 293 53 163 150 9 125 47 216 89 0,
PFG_MOEA,55,7,314.81,5596.11,0 80 13 19 226 35 161 235 58 34 386 231 289 366 267 228 44 130 52 72 318 70 184 284 74 279 159 162 389 114 355 325 384 337 111 116 76 113 81 29 131 84 105 186 134 22 0,
PFG_MOEA,55,8,314.81,5596.11,0 38 96 242 221 172 182 397 350 311 4 314 193 230 94 156 374 36 11 92 319 357 303 266 141 86 199 68 135 88 249 233 340 299 321 269 120 142 37 301 21 139 291 167 372 346 315 99 175 251 0,182
PFG_MOEA,55,9,314.81,5596.11,0 97 225 232 179 391 271 158 241 62 297 65 283 204 154 305 326 110 140 286 317 333 180 220 126 124 7 56 217 55 25 367 170 361 209 227 234 213 190 390 265 18 103 155 83 378 398 93 54 46 268 272 30 39 0,65 154
PFG_MOEA,55,10,314.81,5596.11,0 399 15 16 380 41 82 178 117 243 344 349 20 189 64 166 205 208 6 87 171 153 278 210 353 258 376 368 66 287 10 383 382 0,243
PFG_MOEA,55,11,314.81,5596.11,0 369 338 203 168 0,
PFG_MOEA,55,12,314.81,5596.11,0 202 306 370 342 144 176 27 98 78 196 296 347 332 324 147 211 244 223 104 310 282 143 79 160 50 60 257 270 379 195 45 348 75 328 248 0,370
PFG_MOEA,56,1,411.21,4974.5,0 12 90 381 23 32 276 239 336 138 222 198 49 274 256 237 351 280 252 236 128 119 2 0,23
PFG_MOEA,56,2,411.21,4974.5,0 22 118 185 214 295 40 122 392 285 331 133 293 53 101 352 363 323 194 275 277 102 100 95 163 61 89 207 307 313 359 365 253 206 187 0,22 100
PFG_MOEA,56,3,411.21,4974.5,0 115 0,
PFG_MOEA,56,4,411.21,4974.5,0 245 396 240 385 288 177 181 358 337 384 111 116 76 113 81 29 325 355 0,
PFG_MOEA,56,5,411.21,4974.5,0 281 26 334 298 341 134 186 131 84 114 389 105 219 371 162 159 74 279 91 24 212 375 284 14 184 318 70 292 263 8 373 169 108 72 52 130 44 386 362 201 312 67 164 107 302 173 106 261 388 197 218 151 77 273 136 137 59 109 127 57 226 19 13 80 0,77 106 284
PFG_MOEA,56,6,411.21,4974.5,0 38 172 182 319 303 357 266 141 86 199 228 267 366 289 231 34 58 68 161 235 35 249 88 135 233 156 94 230 374 92 11 36 397 350 311 4 314 193 340 299 321 269 120 142 37 51 123 145 132 339 322 121 146 294 174 320 364 393 3 229 308 356 264 259 246 42 300 329 112 221 242 96 0,51 174 229 246 299
PFG_MOEA,56,7,411.21,4974.5,0 399 200 165 191 152 247 255 1 262 250 28 345 377 395 400 394 188 301 372 21 167 291 139 149 157 63 316 387 327 17 43 85 215 73 254 183 354 69 265 346 315 99 175 251 190 390 18 103 155 83 378 213 234 227 398 93 224 179 232 225 97 71 33 260 148 238 129 330 192 48 31 304 0,93
PFG_MOEA,56,8,411.21,4974.5,0 382 383 10 391 271 39 46 54 268 272 30 66 166 205 208 6 204 154 305 326 283 65 297 62 241 110 140 286 317 333 180 220 158 189 64 20 126 124 7 56 217 55 25 367 170 361 209 287 0,55 62 66 220
PFG_MOEA,56,9,411.21,4974.5,0 380 0,
PFG_MOEA,56,10,411.21,4974.5,0 16 369 15 0,
PFG_MOEA,56,11,411.21,4974.5,0 168 203 178 82 41 0,178
PFG_MOEA,56,12,411.21,4974.5,0 335 360 338 202 306 370 342 144 176 27 98 78 196 296 347 332 216 47 125 9 150 147 324 211 244 223 104 310 282 143 309 5 195 379 79 160 50 60 270 257 210 45 153 278 87 171 353 348 75 328 248 258 376 368 290 343 349 344 243 117 0,
PFG_MOEA,57,1,312.55,5795.78,0 336 138 239 122 296 347 332 324 275 277 104 211 244 223 102 352 363 323 194 147 101 95 222 0,122 211 222 277
PFG_MOEA,57,2,312.55,5795.78,0 335 360 207 307 313 359 187 100 310 282 143 79 160 50 60 257 270 379 195 5 309 280 351 237 256 274 49 198 252 236 381 23 90 12 214 185 118 281 26 334 298 371 72 52 130 44 386 80 0,5 307
PFG_MOEA,57,3,312.55,5795.78,0 13 19 226 57 127 109 59 137 136 273 77 151 218 197 388 261 106 173 302 107 164 67 312 201 362 123 51 145 294 174 339 132 142 120 269 321 299 0,174
PFG_MOEA,57,4,312.55,5795.78,0 340 233 135 88 249 35 235 161 68 58 34 231 289 366 267 228 141 266 303 357 319 86 199 156 94 0,303
PFG_MOEA,57,5,312.55,5795.78,0 38 172 182 397 36 11 92 374 230 311 350 4 314 193 37 322 121 146 320 364 393 3 229 308 356 264 259 246 42 300 329 112 191 152 221 242 96 0,42 264
PFG_MOEA,57,6,312.55,5795.78,0 200 165 129 0,
PFG_MOEA,57,7,312.55,5795.78,0 304 330 395 400 394 188 301 372 21 167 291 139 149 157 63 316 387 17 43 33 71 224 260 0,
PFG_MOEA,57,8,312.55,5795.78,0 399 247 28 250 345 377 262 1 255 327 254 73 215 85 93 179 232 225 97 148 238 192 48 31 0,93
PFG_MOEA,57,9,312.55,5795.78,0 378 69 183 354 265 346 315 99 175 251 190 390 18 103 155 83 234 213 227 398 209 361 170 367 25 55 217 56 7 180 333 317 286 140 110 62 297 65 283 326 305 154 204 6 208 241 220 158 189 64 20 126 124 0,175
PFG_MOEA,57,10,312.55,5795.78,0 287 382 383 10 268 272 30 66 166 205 271 39 391 53 293 133 331 285 392 115 245 396 240 385 288 177 181 358 337 384 111 116 76 113 81 29 325 355 131 84 114 389 105 341 219 0,
PFG_MOEA,57,11,312.55,5795.78,0 91 24 212 375 14 108 169 373 8 263 292 70 318 184 284 74 279 159 162 22 134 186 89 216 47 125 9 150 163 61 365 253 206 46 54 0,
PFG_MOEA,57,12,312.55,5795.78,0 41 82 178 117 243 344 349 343 290 368 376 258 248 328 75 171 87 153 278 210 45 353 348 2 119 128 295 40 32 276 196 78 98 27 176 144 342 370 306 202 338 203 168 369 380 16 15 0,16 87 203
PFG_MOEA,58,1,759.34,4800.0,0 219 341 105 389 114 84 131 355 325 29 81 113 76 116 111 384 337 358 181 177 288 385 240 396 245 115 392 285 331 133 293 53 163 150 9 125 47 216 89 61 206 253 365 0,245
PFG_MOEA,58,2,759.34,4800.0,0 22 134 186 162 159 279 74 284 184 318 70 292 263 8 373 169 108 14 375 212 24 91 0,318
PFG_MOEA,58,3,759.34,4800.0,0 304 31 48 148 260 224 71 33 129 238 330 192 200 165 112 191 152 127 57 109 59 137 273 136 247 17 43 85 215 73 254 69 354 183 327 387 157 149 188 394 316 63 262 1 255 250 28 42 400 395 377 345 356 264 259 246 308 229 197 218 151 77 107 164 67 302 388 3 106 173 261 320 364 393 312 201 362 329 300 123 51 145 322 121 146 294 174 339 132 120 142 37 269 321 299 340 233 135 88 249 35 161 235 68 58 34 386 231 289 366 267 228 44 130 52 72 303 357 319 266 141 86 92 199 156 94 230 311 374 11 36 397 350 4 314 193 182 172 13 19 226 221 242 96 80 38 0,33 106 174 200 303 311 394
PFG_MOEA,58,4,759.34,4800.0,0 378 83 155 103 18 190 251 175 99 315 346 372 301 167 21 139 291 265 390 234 0,
PFG_MOEA,58,5,759.34,4800.0,0 179 391 271 39 30 272 268 46 54 93 398 227 213 232 0,391
PFG_MOEA,58,6,759.34,4800.0,0 225 0,
PFG_MOEA,58,7,759.34,4800.0,0 97 209 361 170 367 0,
PFG_MOEA,58,8,759.34,4800.0,0 399 15 168 203 338 202 306 370 342 144 176 27 98 78 196 369 380 16 41 82 178 117 243 344 349 66 343 290 368 376 258 248 328 75 348 353 45 210 278 153 171 87 6 208 205 166 158 189 220 241 62 297 65 283 204 154 305 326 110 140 180 333 317 286 25 55 217 56 7 124 126 20 64 287 10 383 382 0,62 66 205 220 342
PFG_MOEA,58,9,759.34,4800.0,0 2 119 128 295 40 32 276 239 122 296 332 347 138 336 222 95 101 194 147 324 275 323 363 352 277 102 223 244 211 104 310 100 282 143 79 160 50 60 257 270 379 195 5 309 280 351 237 256 274 49 198 252 236 0,
PFG_MOEA,58,10,759.34,4800.0,0 381 23 90 12 207 307 0,
PFG_MOEA,58,11,759.34,4800.0,0 335 187 359 313 360 214 0,
PFG_MOEA,58,12,759.34,4800.0,0 185 118 281 26 334 298 371 0,
PFG_MOEA,59,1,314.81,5596.11,0 12 90 128 236 252 336 276 138 222 198 49 274 256 237 351 280 309 5 290 343 313 207 0,222
PFG_MOEA,59,2,314.81,5596.11,0 91 292 263 8 373 169 108 14 375 212 24 371 219 341 298 334 26 281 118 185 214 295 40 32 239 122 95 101 352 363 323 194 275 277 102 100 23 381 119 2 307 359 187 148 48 31 304 0,23
PFG_MOEA,59,3,314.81,5596.11,0 260 224 71 33 127 152 191 112 165 200 129 238 330 192 0,33
PFG_MOEA,59,4,314.81,5596.11,0 57 67 302 173 106 3 388 164 107 77 151 218 197 229 308 246 259 264 356 345 377 395 400 42 28 250 255 1 262 63 316 394 188 149 157 387 327 183 354 69 254 73 215 85 43 17 247 136 273 137 59 109 0,
PFG_MOEA,59,5,314.81,5596.11,0 329 300 362 123 51 145 322 121 146 201 261 320 364 393 312 294 174 339 132 206 253 365 360 335 0,362 393
PFG_MOEA,59,6,314.81,5596.11,0 61 358 181 177 288 385 240 396 245 115 392 285 331 133 293 53 163 150 9 125 47 216 89 0,
PFG_MOEA,59,7,314.81,5596.11,0 80 13 19 226 35 161 235 58 34 386 231 289 366 267 228 44 130 52 72 318 70 184 284 74 279 159 162 389 114 355 325 384 337 111 116 76 113 81 29 131 84 105 186 134 22 0,
PFG_MOEA,59,8,314.81,5596.11,0 38 96 242 221 172 182 397 350 311 4 314 193 230 94 156 374 36 11 92 319 357 303 266 141 86 199 68 135 88 249 233 340 299 321 269 120 142 37 301 21 139 291 167 372 346 315 99 175 251 0,182
PFG_MOEA,59,9,314.81,5596.11,0 97 225 232 179 391 271 158 241 62 297 65 283 204 154 305 326 110 140 286 317 333 180 220 126 124 7 56 217 55 25 367 170 361 209 227 234 213 190 390 265 18 103 155 83 378 398 93 54 46 268 272 30 39 0,65 154
PFG_MOEA,59,10,314.81,5596.11,0 399 15 16 380 41 82 178 117 243 344 349 20 189 64 166 205 208 6 87 171 153 278 210 353 258 376 368 66 287 10 383 382 0,243
PFG_MOEA,59,11,314.81,5596.11,0 369 338 203 168 0,
PFG_MOEA,59,12,314.81,5596.11,0 202 306 370 342 144 176 27 98 78 196 296 347 332 324 147 211 244 223 104 310 282 143 79 160 50 60 257 270 379 195 45 348 75 328 248 0,370
PFG_MOEA,60,1,411.21,4974.5,0 12 90 381 23 32 276 239 336 138 222 198 49 274 256 237 351 280 252 236 128 119 2 0,23
PFG_MOEA,60,2,411.21,4974.5,0 22 118 185 214 295 40 122 392 285 331 133 293 53 101 352 363 323 194 275 277 102 100 95 163 61 89 207 307 313 359 365 253 206 187 0,22 100
PFG_MOEA,60,3,411.21,4974.5,0 115 0,
PFG_MOEA,60,4,411.21,4974.5,0 245 396 240 385 288 177 181 358 337 384 111 116 76 113 81 29 325 355 0,
PFG_MOEA,60,5,411.21,4974.5,0 281 26 334 298 341 134 186 131 84 114 389 105 219 371 162 159 74 279 91 24 212 375 284 14 184 318 70 292 263 8 373 169 108 72 52 130 44 386 362 201 312 67 164 107 302 173 106 261 388 197 218 151 77 273 136 137 59 109 127 57 226 19 13 80 0,77 106 284
PFG_MOEA,60,6,411.21,4974.5,0 38 172 182 319 303 357 266 141 86 199 228 267 366 289 231 34 58 68 161 235 35 249 88 135 233 156 94 230 374 92 11 36 397 350 311 4 314 193 340 299 321 269 120 142 37 51 123 145 132 339 322 121 146 294 174 320 364 393 3 229 308 356 264 259 246 42 300 329 112 221 242 96 0,51 174 229 246 299
PFG_MOEA,60,7,411.21,4974.5,0 399 200 165 191 152 247 255 1 262 250 28 345 377 395 400 394 188 301 372 21 167 291 139 149 157 63 316 387 327 17 43 85 215 73 254 183 354 69 265 346 315 99 175 251 190 390 18 103 155 83 378 213 234 227 398 93 224 179 232 225 97 71 33 260 148 238 129 330 192 48 31 304 0,93
PFG_MOEA,60,8,411.21,4974.5,0 382 383 10 391 271 39 46 54 268 272 30 66 166 205 208 6 204 154 305 326 283 65 297 62 241 110 140 286 317 333 180 220 158 189 64 20 126 124 7 56 217 55 25 367 170 361 209 287 0,55 62 66 220
PFG_MOEA,60,9,411.21,4974.5,0 380 0,
PFG_MOEA,60,10,411.21,4974.5,0 16 369 15 0,
PFG_MOEA,60,11,411.21,4974.5,0 168 203 178 82 41 0,178
PFG_MOEA,60,12,411.21,4974.5,0 335 360 338 202 306 370 342 144 176 27 98 78 196 296 347 332 216 47 125 9 150 147 324 211 244 223 104 310 282 143 309 5 195 379 79 160 50 60 270 257 210 45 153 278 87 171 353 348 75 328 248 258 376 368 290 343 349 344 243 117 0,
PFG_MOEA,61,1,312.55,5795.78,0 336 138 239 122 296 347 332 324 275 277 104 211 244 223 102 352 363 323 194 147 101 95 222 0,122 211 222 277
PFG_MOEA,61,2,312.55,5795.78,0 335 360 207 307 313 359 187 100 310 282 143 79 160 50 60 257 270 379 195 5 309 280 351 237 256 274 49 198 252 236 381 23 90 12 214 185 118 281 26 334 298 371 72 52 130 44 386 80 0,5 307
PFG_MOEA,61,3,312.55,5795.78,0 13 19 226 57 127 109 59 137 136 273 77 151 218 197 388 261 106 173 302 107 164 67 312 201 362 123 51 145 294 174 339 132 142 120 269 321 299 0,174
PFG_MOEA,61,4,312.55,5795.78,0 340 233 135 88 249 35 235 161 68 58 34 231 289 366 267 228 141 266 303 357 319 86 199 156 94 0,303
PFG_MOEA,61,5,312.55,5795.78,0 38 172 182 397 36 11 92 374 230 311 350 4 314 193 37 322 121 146 320 364 393 3 229 308 356 264 259 246 42 300 329 112 191 152 221 242 96 0,42 264
PFG_MOEA,61,6,312.55,5795.78,0 200 165 129 0,
PFG_MOEA,61,7,312.55,5795.78,0 304 330 395 400 394 188 301 372 21 167 291 139 149 157 63 316 387 17 43 33 71 224 260 0,
PFG_MOEA,61,8,312.55,5795.78,0 399 247 28 250 345 377 262 1 255 327 254 73 215 85 93 179 232 225 97 148 238 192 48 31 0,93
PFG_MOEA,61,9,312.55,5795.78,0 378 69 183 354 265 346 315 99 175 251 190 390 18 103 155 83 234 213 227 398 209 361 170 367 25 55 217 56 7 180 333 317 286 140 110 62 297 65 283 326 305 154 204 6 208 241 220 158 189 64 20 126 124 0,175
PFG_MOEA,61,10,312.55,5795.78,0 287 382 383 10 268 272 30 66 166 205 271 39 391 53 293 133 331 285 392 115 245 396 240 385 288 177 181 358 337 384 111 116 76 113 81 29 325 355 131 84 114 389 105 341 219 0,
PFG_MOEA,61,11,312.55,5795.78,0 91 24 212 375 14 108 169 373 8 263 292 70 318 184 284 74 279 159 162 22 134 186 89 216 47 125 9 150 163 61 365 253 206 46 54 0,
PFG_MOEA,61,12,312.55,5795.78,0 41 82 178 117 243 344 349 343 290 368 376 258 248 328 75 171 87 153 278 210 45 353 348 2 119 128 295 40 32 276 196 78 98 27 176 144 342 370 306 202 338 203 168 369 380 16 15 0,16 87 203
PFG_MOEA,62,1,759.34,4800.0,0 219 341 105 389 114 84 131 355 325 29 81 113 76 116 111 384 337 358 181 177 288 385 240 396 245 115 392 285 331 133 293 53 163 150 9 125 47 216 89 61 206 253 365 0,245
PFG_MOEA,62,2,759.34,4800.0,0 22 134 186 162 159 279 74 284 184 318 70 292 263 8 373 169 108 14 375 212 24 91 0,318
PFG_MOEA,62,3,759.34,4800.0,0 304 31 48 148 260 224 71 33 129 238 330 192 200 165 112 191 152 127 57 109 59 137 273 136 247 17 43 85 215 73 254 69 354 183 327 387 157 149 188 394 316 63 262 1 255 250 28 42 400 395 377 345 356 264 259 246 308 229 197 218 151 77 107 164 67 302 388 3 106 173 261 320 364 393 312 201 362 329 300 123 51 145 322 121 146 294 174 339 132 120 142 37 269 321 299 340 233 135 88 249 35 161 235 68 58 34 386 231 289 366 267 228 44 130 52 72 303 357 319 266 141 86 92 199 156 94 230 311 374 11 36 397 350 4 314 193 182 172 13 19 226 221 242 96 80 38 0,33 106 174 200 303 311 394
PFG_MOEA,62,4,759.34,4800.0,0 378 83 155 103 18 190 251 175 99 315 346 372 301 167 21 139 291 265 390 234 0,
PFG_MOEA,62,5,759.34,4800.0,0 179 391 271 39 30 272 268 46 54 93 398 227 213 232 0,391
PFG_MOEA,62,6,759.34,4800.0,0 225 0,
PFG_MOEA,62,7,759.34,4800.0,0 97 209 361 170 367 0,
PFG_MOEA,62,8,759.34,4800.0,0 399 15 168 203 338 202 306 370 342 144 176 27 98 78 196 369 380 16 41 82 178 117 243 344 349 66 343 290 368 376 258 248 328 75 348 353 45 210 278 153 171 87 6 208 205 166 158 189 220 241 62 297 65 283 204 154 305 326 110 140 180 333 317 286 25 55 217 56 7 124 126 20 64 287 10 383 382 0,62 66 205 220 342
PFG_MOEA,62,9,759.34,4800.0,0 2 119 128 295 40 32 276 239 122 296 332 347 138 336 222 95 101 194 147 324 275 323 363 352 277 102 223 244 211 104 310 100 282 143 79 160 50 60 257 270 379 195 5 309 280 351 237 256 274 49 198 252 236 0,
PFG_MOEA,62,10,759.34,4800.0,0 381 23 90 12 207 307 0,
PFG_MOEA,62,11,759.34,4800.0,0 335 187 359 313 360 214 0,
PFG_MOEA,62,12,759.34,4800.0,0 185 118 281 26 334 298 371 0,
PFG_MOEA,63,1,314.81,5596.11,0 12 90 128 236 252 336 276 138 222 198 49 274 256 237 351 280 309 5 290 343 313 207 0,222
PFG_MOEA,63,2,314.81,5596.11,0 91 292 263 8 373 169 108 14 375 212 24 371 219 341 298 334 26 281 118 185 214 295 40 32 239 122 95 101 352 363 323 194 275 277 102 100 23 381 119 2 307 359 187 148 48 31 304 0,23
PFG_MOEA,63,3,314.81,5596.11,0 260 224 71 33 127 152 191 112 165 200 129 238 330 192 0,33
PFG_MOEA,63,4,314.81,5596.11,0 57 67 302 173 106 3 388 164 107 77 151 218 197 229 308 246 259 264 356 345 377 395 400 42 28 250 255 1 262 63 316 394 188 149 157 387 327 183 354 69 254 73 215 85 43 17 247 136 273 137 59 109 0,
PFG_MOEA,63,5,314.81,5596.11,0 329 300 362 123 51 145 322 121 146 201 261 320 364 393 312 294 174 339 132 206 253 365 360 335 0,362 393
PFG_MOEA,63,6,314.81,5596.11,0 61 358 181 177 288 385 240 396 245 115 392 285 331 133 293 53 163 150 9 125 47 216 89 0,
PFG_MOEA,63,7,314.81,5596.11,0 80 13 19 226 35 161 235 58 34 386 231 289 366 267 228 44 130 52 72 318 70 184 284 74 279 159 162 389 114 355 325 384 337 111 116 76 113 81 29 131 84 105 186 134 22 0,
PFG_MOEA,63,8,314.81,5596.11,0 38 96 242 221 172 182 397 350 311 4 314 193 230 94 156 374 36 11 92 319 357 303 266 141 86 199 68 135 88 249 233 340 299 321 269 120 142 37 301 21 139 291 167 372 346 315 99 175 251 0,182
PFG_MOEA,63,9,314.81,5596.11,0 97 225 232 179 391 271 158 241 62 297 65 283 204 154 305 326 110 140 286 317 333 180 220 126 124 7 56 217 55 25 367 170 361 209 227 234 213 190 390 265 18 103 155 83 378 398 93 54 46 268 272 30 39 0,65 154
PFG_MOEA,63,10,314.81,5596.11,0 399 15 16 380 41 82 178 117 243 344 349 20 189 64 166 205 208 6 87 171 153 278 210 353 258 376 368 66 287 10 383 382 0,243
PFG_MOEA,63,11,314.81,5596.11,0 369 338 203 168 0,
PFG_MOEA,63,12,314.81,5596.11,0 202 306 370 342 144 176 27 98 78 196 296 347 332 324 147 211 244 223 104 310 282 143 79 160 50 60 257 270 379 195 45 348 75 328 248 0,370
PFG_MOEA,64,1,411.21,4974.5,0 12 90 381 23 32 276 239 336 138 222 198 49 274 256 237 351 280 252 236 128 119 2 0,23
PFG_MOEA,64,2,411.21,4974.5,0 22 118 185 214 295 40 122 392 285 331 133 293 53 101 352 363 323 194 275 277 102 100 95 163 61 89 207 307 313 359 365 253 206 187 0,22 100
PFG_MOEA,64,3,411.21,4974.5,0 115 0,
PFG_MOEA,64,4,411.21,4974.5,0 245 396 240 385 288 177 181 358 337 384 111 116 76 113 81 29 325 355 0,
PFG_MOEA,64,5,411.21,4974.5,0 281 26 334 298 341 134 186 131 84 114 389 105 219 371 162 159 74 279 91 24 212 375 284 14 184 318 70 292 263 8 373 169 108 72 52 130 44 386 362 201 312 67 164 107 302 173 106 261 388 197 218 151 77 273 136 137 59 109 127 57 226 19 13 80 0,77 106 284
PFG_MOEA,64,6,411.21,4974.5,0 38 172 182 319 303 357 266 141 86 199 228 267 366 289 231 34 58 68 161 235 35 249 88 135 233 156 94 230 374 92 11 36 397 350 311 4 314 193 340 299 321 269 120 142 37 51 123 145 132 339 322 121 146 294 174 320 364 393 3 229 308 356 264 259 246 42 300 329 112 221 242 96 0,51 174 229 246 299
PFG_MOEA,64,7,411.21,4974.5,0 399 200 165 191 152 247 255 1 262 250 28 345 377 395 400 394 188 301 372 21 167 291 139 149 157 63 316 387 327 17 43 85 215 73 254 183 354 69 265 346 315 99 175 251 190 390 18 103 155 83 378 213 234 227 398 93 224 179 232 225 97 71 33 260 148 238 129 330 192 48 31 304 0,93
PFG_MOEA,64,8,411.21,4974.5,0 382 383 10 391 271 39 46 54 268 272 30 66 166 205 208 6 204 154 305 326 283 65 297 62 241 110 140 286 317 333 180 220 158 189 64 20 126 124 7 56 217 55 25 367 170 361 209 287 0,55 62 66 220
PFG_MOEA,64,9,411.21,4974.5,0 380 0,
PFG_MOEA,64,10,411.21,4974.5,0 16 369 15 0,
PFG_MOEA,64,11,411.21,4974.5,0 168 203 178 82 41 0,178
PFG_MOEA,64,12,411.21,4974.5,0 335 360 338 202 306 370 342 144 176 27 98 78 196 296 347 332 216 47 125 9 150 147 324 211 244 223 104 310 282 143 309 5 195 379 79 160 50 60 270 257 210 45 153 278 87 171 353 348 75 328 248 258 376 368 290 343 349 344 243 117 0,
PFG_MOEA,65,1,312.55,5795.78,0 336 138 239 122 296 347 332 324 275 277 104 211 244 223 102 352 363 323 194 147 101 95 222 0,122 211 222 277
PFG_MOEA,65,2,312.55,5795.78,0 335 360 207 307 313 359 187 100 310 282 143 79 160 50 60 257 270 379 195 5 309 280 351 237 256 274 49 198 252 236 381 23 90 12 214 185 118 281 26 334 298 371 72 52 130 44 386 80 0,5 307
PFG_MOEA,65,3,312.55,5795.78,0 13 19 226 57 127 109 59 137 136 273 77 151 218 197 388 261 106 173 302 107 164 67 312 201 362 123 51 145 294 174 339 132 142 120 269 321 299 0,174
PFG_MOEA,65,4,312.55,5795.78,0 340 233 135 88 249 35 235 161 68 58 34 231 289 366 267 228 141 266 303 357 319 86 199 156 94 0,303
PFG_MOEA,65,5,312.55,5795.78,0 38 172 182 397 36 11 92 374 230 311 350 4 314 193 37 322 121 146 320 364 393 3 229 308 356 264 259 246 42 300 329 112 191 152 221 242 96 0,42 264
PFG_MOEA,65,6,312.55,5795.78,0 200 165 129 0,
PFG_MOEA,65,7,312.55,5795.78,0 304 330 395 400 394 188 301 372 21 167 291 139 149 157 63 316 387 17 43 33 71 224 260 0,
PFG_MOEA,65,8,312.55,5795.78,0 399 247 28 250 345 377 262 1 255 327 254 73 215 85 93 179 232 225 97 148 238 192 48 31 0,93
PFG_MOEA,65,9,312.55,5795.78,0 378 69 183 354 265 346 315 99 175 251 190 390 18 103 155 83 234 213 227 398 209 361 170 367 25 55 217 56 7 180 333 317 286 140 110 62 297 65 283 326 305 154 204 6 208 241 220 158 189 64 20 126 124 0,175
PFG_MOEA,65,10,312.55,5795.78,0 287 382 383 10 268 272 30 66 166 205 271 39 391 53 293 133 331 285 392 115 245 396 240 385 288 177 181 358 337 384 111 116 76 113 81 29 325 355 131 84 114 389 105 341 219 0,
PFG_MOEA,65,11,312.55,5795.78,0 91 24 212 375 14 108 169 373 8 263 292 70 318 184 284 74 279 159 162 22 134 186 89 216 47 125 9 150 163 61 365 253 206 46 54 0,
PFG_MOEA,65,12,312.55,5795.78,0 41 82 178 117 243 344 349 343 290 368 376 258 248 328 75 171 87 153 278 210 45 353 348 2 119 128 295 40 32 276 196 78 98 27 176 144 342 370 306 202 338 203 168 369 380 16 15 0,16 87 203
PFG_MOEA,66,1,759.34,4800.0,0 219 341 105 389 114 84 131 355 325 29 81 113 76 116 111 384 337 358 181 177 288 385 240 396 245 115 392 285 331 133 293 53 163 150 9 125 47 216 89 61 206 253 365 0,245
PFG_MOEA,66,2,759.34,4800.0,0 22 134 186 162 159 279 74 284 184 318 70 292 263 8 373 169 108 14 375 212 24 91 0,318
PFG_MOEA,66,3,759.34,4800.0,0 304 31 48 148 260 224 71 33 129 238 330 192 200 165 112 191 152 127 57 109 59 137 273 136 247 17 43 85 215 73 254 69 354 183 327 387 157 149 188 394 316 63 262 1 255 250 28 42 400 395 377 345 356 264 259 246 308 229 197 218 151 77 107 164 67 302 388 3 106 173 261 320 364 393 312 201 362 329 300 123 51 145 322 121 146 294 174 339 132 120 142 37 269 321 299 340 233 135 88 249 35 161 235 68 58 34 386 231 289 366 267 228 44 130 52 72 303 357 319 266 141 86 92 199 156 94 230 311 374 11 36 397 350 4 314 193 182 172 13 19 226 221 242 96 80 38 0,33 106 174 200 303 311 394
PFG_MOEA,66,4,759.34,4800.0,0 378 83 155 103 18 190 251 175 99 315 346 372 301 167 21 139 291 265 390 234 0,
PFG_MOEA,66,5,759.34,4800.0,0 179 391 271 39 30 272 268 46 54 93 398 227 213 232 0,391
PFG_MOEA,66,6,759.34,4800.0,0 225 0,
PFG_MOEA,66,7,759.34,4800.0,0 97 209 361 170 367 0,
PFG_MOEA,66,8,759.34,4800.0,0 399 15 168 203 338 202 306 370 342 144 176 27 98 78 196 369 380 16 41 82 178 117 243 344 349 66 343 290 368 376 258 248 328 75 348 353 45 210 278 153 171 87 6 208 205 166 158 189 220 241 62 297 65 283 204 154 305 326 110 140 180 333 317 286 25 55 217 56 7 124 126 20 64 287 10 383 382 0,62 66 205 220 342
PFG_MOEA,66,9,759.34,4800.0,0 2 119 128 295 40 32 276 239 122 296 332 347 138 336 222 95 101 194 147 324 275 323 363 352 277 102 223 244 211 104 310 100 282 143 79 160 50 60 257 270 379 195 5 309 280 351 237 256 274 49 198 252 236 0,
PFG_MOEA,66,10,759.34,4800.0,0 381 23 90 12 207 307 0,
PFG_MOEA,66,11,759.34,4800.0,0 335 187 359 313 360 214 0,
PFG_MOEA,66,12,759.34,4800.0,0 185 118 281 26 334 298 371 0,
PFG_MOEA,67,1,314.81,5596.11,0 12 90 128 236 252 336 276 138 222 198 49 274 256 237 351 280 309 5 290 343 313 207 0,222
PFG_MOEA,67,2,314.81,5596.11,0 91 292 263 8 373 169 108 14 375 212 24 371 219 341 298 334 26 281 118 185 214 295 40 32 239 122 95 101 352 363 323 194 275 277 102 100 23 381 119 2 307 359 187 148 48 31 304 0,23
PFG_MOEA,67,3,314.81,5596.11,0 260 224 71 33 127 152 191 112 165 200 129 238 330 192 0,33
PFG_MOEA,67,4,314.81,5596.11,0 57 67 302 173 106 3 388 164 107 77 151 218 197 229 308 246 259 264 356 345 377 395 400 42 28 250 255 1 262 63 316 394 188 149 157 387 327 183 354 69 254 73 215 85 43 17 247 136 273 137 59 109 0,
PFG_MOEA,67,5,314.81,5596.11,0 329 300 362 123 51 145 322 121 146 201 261 320 364 393 312 294 174 339 132 206 253 365 360 335 0,362 393
PFG_MOEA,67,6,314.81,5596.11,0 61 358 181 177 288 385 240 396 245 115 392 285 331 133 293 53 163 150 9 125 47 216 89 0,
PFG_MOEA,67,7,314.81,5596.11,0 80 13 19 226 35 161 235 58 34 386 231 289 366 267 228 44 130 52 72 318 70 184 284 74 279 159 162 389 114 355 325 384 337 111 116 76 113 81 29 131 84 105 186 134 22 0,
PFG_MOEA,67,8,314.81,5596.11,0 38 96 242 221 172 182 397 350 311 4 314 193 230 94 156 374 36 11 92 319 357 303 266 141 86 199 68 135 88 249 233 340 299 321 269 120 142 37 301 21 139 291 167 372 346 315 99 175 251 0,182
PFG_MOEA,67,9,314.81,5596.11,0 97 225 232 179 391 271 158 241 62 297 65 283 204 154 305 326 110 140 286 317 333 180 220 126 124 7 56 217 55 25 367 170 361 209 227 234 213 190 390 265 18 103 155 83 378 398 93 54 46 268 272 30 39 0,65 154
PFG_MOEA,67,10,314.81,5596.11,0 399 15 16 380 41 82 178 117 243 344 349 20 189 64 166 205 208 6 87 171 153 278 210 353 258 376 368 66 287 10 383 382 0,243
PFG_MOEA,67,11,314.81,5596.11,0 369 338 203 168 0,
PFG_MOEA,67,12,314.81,5596.11,0 202 306 370 342 144 176 27 98 78 196 296 347 332 324 147 211 244 223 104 310 282 143 79 160 50 60 257 270 379 195 45 348 75 328 248 0,370
PFG_MOEA,68,1,411.21,4974.5,0 12 90 381 23 32 276 239 336 138 222 198 49 274 256 237 351 280 252 236 128 119 2 0,23
PFG_MOEA,68,2,411.21,4974.5,0 22 118 185 214 295 40 122 392 285 331 133 293 53 101 352 363 323 194 275 277 102 100 95 163 61 89 207 307 313 359 365 253 206 187 0,22 100
PFG_MOEA,68,3,411.21,4974.5,0 115 0,
PFG_MOEA,68,4,411.21,4974.5,0 245 396 240 385 288 177 181 358 337 384 111 116 76 113 81 29 325 355 0,
PFG_MOEA,68,5,411.21,4974.5,0 281 26 334 298 341 134 186 131 84 114 389 105 219 371 162 159 74 279 91 24 212 375 284 14 184 318 70 292 263 8 373 169 108 72 52 130 44 386 362 201 312 67 164 107 302 173 106 261 388 197 218 151 77 273 136 137 59 109 127 57 226 19 13 80 0,77 106 284
PFG_MOEA,68,6,411.21,4974.5,0 38 172 182 319 303 357 266 141 86 199 228 267 366 289 231 34 58 68 161 235 35 249 88 135 233 156 94 230 374 92 11 36 397 350 311 4 314 193 340 299 321 269 120 142 37 51 123 145 132 339 322 121 146 294 174 320 364 393 3 229 308 356 264 259 246 42 300 329 112 221 242 96 0,51 174 229 246 299
PFG_MOEA,68,7,411.21,4974.5,0 399 200 165 191 152 247 255 1 262 250 28 345 377 395 400 394 188 301 372 21 167 291 139 149 157 63 316 387 327 17 43 85 215 73 254 183 354 69 265 346 315 99 175 251 190 390 18 103 155 83 378 213 234 227 398 93 224 179 232 225 97 71 33 260 148 238 129 330 192 48 31 304 0,93
PFG_MOEA,68,8,411.21,4974.5,0 382 383 10 391 271 39 46 54 268 272 30 66 166 205 208 6 204 154 305 326 283 65 297 62 241 110 140 286 317 333 180 220 158 189 64 20 126 124 7 56 217 55 25 367 170 361 209 287 0,55 62 66 220
PFG_MOEA,68,9,411.21,4974.5,0 380 0,
PFG_MOEA,68,10,411.21,4974.5,0 16 369 15 0,
PFG_MOEA,68,11,411.21,4974.5,0 168 203 178 82 41 0,178
PFG_MOEA,68,12,411.21,4974.5,0 335 360 338 202 306 370 342 144 176 27 98 78 196 296 347 332 216 47 125 9 150 147 324 211 244 223 104 310 282 143 309 5 195 379 79 160 50 60 270 257 210 45 153 278 87 171 353 348 75 328 248 258 376 368 290 343 349 344 243 117 0,
PFG_MOEA,69,1,312.55,5795.78,0 336 138 239 122 296 347 332 324 275 277 104 211 244 223 102 352 363 323 194 147 101 95 222 0,122 211 222 277
PFG_MOEA,69,2,312.55,5795.78,0 335 360 207 307 313 359 187 100 310 282 143 79 160 50 60 257 270 379 195 5 309 280 351 237 256 274 49 198 252 236 381 23 90 12 214 185 118 281 26 334 298 371 72 52 130 44 386 80 0,5 307
PFG_MOEA,69,3,312.55,5795.78,0 13 19 226 57 127 109 59 137 136 273 77 151 218 197 388 261 106 173 302 107 164 67 312 201 362 123 51 145 294 174 339 132 142 120 269 321 299 0,174
PFG_MOEA,69,4,312.55,5795.78,0 340 233 135 88 249 35 235 161 68 58 34 231 289 366 267 228 141 266 303 357 319 86 199 156 94 0,303
PFG_MOEA,69,5,312.55,5795.78,0 38 172 182 397 36 11 92 374 230 311 350 4 314 193 37 322 121 146 320 364 393 3 229 308 356 264 259 246 42 300 329 112 191 152 221 242 96 0,42 264
PFG_MOEA,69,6,312.55,5795.78,0 200 165 129 0,
PFG_MOEA,69,7,312.55,5795.78,0 304 330 395 400 394 188 301 372 21 167 291 139 149 157 63 316 387 17 43 33 71 224 260 0,
PFG_MOEA,69,8,312.55,5795.78,0 399 247 28 250 345 377 262 1 255 327 254 73 215 85 93 179 232 225 97 148 238 192 48 31 0,93
PFG_MOEA,69,9,312.55,5795.78,0 378 69 183 354 265 346 315 99 175 251 190 390 18 103 155 83 234 213 227 398 209 361 170 367 25 55 217 56 7 180 333 317 286 140 110 62 297 65 283 326 305 154 204 6 208 241 220 158 189 64 20 126 124 0,175
PFG_MOEA,69,10,312.55,5795.78,0 287 382 383 10 268 272 30 66 166 205 271 39 391 53 293 133 331 285 392 115 245 396 240 385 288 177 181 358 337 384 111 116 76 113 81 29 325 355 131 84 114 389 105 341 219 0,
PFG_MOEA,69,11,312.55,5795.78,0 91 24 212 375 14 108 169 373 8 263 292 70 318 184 284 74 279 159 162 22 134 186 89 216 47 125 9 150 163 61 365 253 206 46 54 0,
PFG_MOEA,69,12,312.55,5795.78,0 41 82 178 117 243 344 349 343 290 368 376 258 248 328 75 171 87 153 278 210 45 353 348 2 119 128 295 40 32 276 196 78 98 27 176 144 342 370 306 202 338 203 168 369 380 16 15 0,16 87 203
PFG_MOEA,70,1,759.34,4800.0,0 219 341 105 389 114 84 131 355 325 29 81 113 76 116 111 384 337 358 181 177 288 385 240 396 245 115 392 285 331 133 293 53 163 150 9 125 47 216 89 61 206 253 365 0,245
PFG_MOEA,70,2,759.34,4800.0,0 22 134 186 162 159 279 74 284 184 318 70 292 263 8 373 169 108 14 375 212 24 91 0,318
PFG_MOEA,70,3,759.34,4800.0,0 304 31 48 148 260 224 71 33 129 238 330 192 200 165 112 191 152 127 57 109 59 137 273 136 247 17 43 85 215 73 254 69 354 183 327 387 157 149 188 394 316 63 262 1 255 250 28 42 400 395 377 345 356 264 259 246 308 229 197 218 151 77 107 164 67 302 388 3 106 173 261 320 364 393 312 201 362 329 300 123 51 145 322 121 146 294 174 339 132 120 142 37 269 321 299 340 233 135 88 249 35 161 235 68 58 34 386 231 289 366 267 228 44 130 52 72 303 357 319 266 141 86 92 199 156 94 230 311 374 11 36 397 350 4 314 193 182 172 13 19 226 221 242 96 80 38 0,33 106 174 200 303 311 394
PFG_MOEA,70,4,759.34,4800.0,0 378 83 155 103 18 190 251 175 99 315 346 372 301 167 21 139 291 265 390 234 0,
PFG_MOEA,70,5,759.34,4800.0,0 179 391 271 39 30 272 268 46 54 93 398 227 213 232 0,391
PFG_MOEA,70,6,759.34,4800.0,0 225 0,
PFG_MOEA,70,7,759.34,4800.0,0 97 209 361 170 367 0,
PFG_MOEA,70,8,759.34,4800.0,0 399 15 168 203 338 202 306 370 342 144 176 27 98 78 196 369 380 16 41 82 178 117 243 344 349 66 343 290 368 376 258 248 328 75 348 353 45 210 278 153 171 87 6 208 205 166 158 189 220 241 62 297 65 283 204 154 305 326 110 140 180 333 317 286 25 55 217 56 7 124 126 20 64 287 10 383 382 0,62 66 205 220 342
PFG_MOEA,70,9,759.34,4800.0,0 2 119 128 295 40 32 276 239 122 296 332 347 138 336 222 95 101 194 147 324 275 323 363 352 277 102 223 244 211 104 310 100 282 143 79 160 50 60 257 270 379 195 5 309 280 351 237 256 274 49 198 252 236 0,
PFG_MOEA,70,10,759.34,4800.0,0 381 23 90 12 207 307 0,
PFG_MOEA,70,11,759.34,4800.0,0 335 187 359 313 360 214 0,
PFG_MOEA,70,12,759.34,4800.0,0 185 118 281 26 334 298 371 0,
PFG_MOEA,71,1,314.81,5596.11,0 12 90 128 236 252 336 276 138 222 198 49 274 256 237 351 280 309 5 290 343 313 207 0,222
PFG_MOEA,71,2,314.81,5596.11,0 91 292 263 8 373 169 108 14 375 212 24 371 219 341 298 334 26 281 118 185 214 295 40 32 239 122 95 101 352 363 323 194 275 277 102 100 23 381 119 2 307 359 187 148 48 31 304 0,23
PFG_MOEA,71,3,314.81,5596.11,0 260 224 71 33 127 152 191 112 165 200 129 238 330 192 0,33
PFG_MOEA,71,4,314.81,5596.11,0 57 67 302 173 106 3 388 164 107 77 151 218 197 229 308 246 259 264 356 345 377 395 400 42 28 250 255 1 262 63 316 394 188 149 157 387 327 183 354 69 254 73 215 85 43 17 247 136 273 137 59 109 0,
PFG_MOEA,71,5,314.81,5596.11,0 329 300 362 123 51 145 322 121 146 201 261 320 364 393 312 294 174 339 132 206 253 365 360 335 0,362 393
PFG_MOEA,71,6,314.81,5596.11,0 61 358 181 177 288 385 240 396 245 115 392 285 331 133 293 53 163 150 9 125 47 216 89 0,
PFG_MOEA,71,7,314.81,5596.11,0 80 13 19 226 35 161 235 58 34 386 231 289 366 267 228 44 130 52 72 318 70 184 284 74 279 159 162 389 114 355 325 384 337 111 116 76 113 81 29 131 84 105 186 134 22 0,
PFG_MOEA,71,8,314.81,5596.11,0 38 96 242 221 172 182 397 350 311 4 314 193 230 94 156 374 36 11 92 319 357 303 266 141 86 199 68 135 88 249 233 340 299 321 269 120 142 37 301 21 139 291 167 372 346 315 99 175 251 0,182
PFG_MOEA,71,9,314.81,5596.11,0 97 225 232 179 391 271 158 241 62 297 65 283 204 154 305 326 110 140 286 317 333 180 220 126 124 7 56 217 55 25 367 170 361 209 227 234 213 190 390 265 18 103 155 83 378 398 93 54 46 268 272 30 39 0,65 154
PFG_MOEA,71,10,314.81,5596.11,0 399 15 16 380 41 82 178 117 243 344 349 20 189 64 166 205 208 6 87 171 153 278 210 353 258 376 368 66 287 10 383 382 0,243
PFG_MOEA,71,11,314.81,5596.11,0 369 338 203 168 0,
PFG_MOEA,71,12,314.81,5596.11,0 202 306 370 342 144 176 27 98 78 196 296 347 332 324 147 211 244 223 104 310 282 143 79 160 50 60 257 270 379 195 45 348 75 328 248 0,370
PFG_MOEA,72,1,411.21,4974.5,0 12 90 381 23 32 276 239 336 138 222 198 49 274 256 237 351 280 252 236 128 119 2 0,23
PFG_MOEA,72,2,411.21,4974.5,0 22 118 185 214 295 40 122 392 285 331 133 293 53 101 352 363 323 194 275 277 102 100 95 163 61 89 207 307 313 359 365 253 206 187 0,22 100
PFG_MOEA,72,3,411.21,4974.5,0 115 0,
PFG_MOEA,72,4,411.21,4974.5,0 245 396 240 385 288 177 181 358 337 384 111 116 76 113 81 29 325 355 0,
PFG_MOEA,72,5,411.21,4974.5,0 281 26 334 298 341 134 186 131 84 114 389 105 219 371 162 159 74 279 91 24 212 375 284 14 184 318 70 292 263 8 373 169 108 72 52 130 44 386 362 201 312 67 164 107 302 173 106 261 388 197 218 151 77 273 136 137 59 109 127 57 226 19 13 80 0,77 106 284
PFG_MOEA,72,6,411.21,4974.5,0 38 172 182 319 303 357 266 141 86 199 228 267 366 289 231 34 58 68 161 235 35 249 88 135 233 156 94 230 374 92 11 36 397 350 311 4 314 193 340 299 321 269 120 142 37 51 123 145 132 339 322 121 146 294 174 320 364 393 3 229 308 356 264 259 246 42 300 329 112 221 242 96 0,51 174 229 246 299
PFG_MOEA,72,7,411.21,4974.5,0 399 200 165 191 152 247 255 1 262 250 28 345 377 395 400 394 188 301 372 21 167 291 139 149 157 63 316 387 327 17 43 85 215 73 254 183 354 69 265 346 315 99 175 251 190 390 18 103 155 83 378 213 234 227 398 93 224 179 232 225 97 71 33 260 148 238 129 330 192 48 31 304 0,93
PFG_MOEA,72,8,411.21,4974.5,0 382 383 10 391 271 39 46 54 268 272 30 66 166 205 208 6 204 154 305 326 283 65 297 62 241 110 140 286 317 333 180 220 158 189 64 20 126 124 7 56 217 55 25 367 170 361 209 287 0,55 62 66 220
PFG_MOEA,72,9,411.21,4974.5,0 380 0,
PFG_MOEA,72,10,411.21,4974.5,0 16 369 15 0,
PFG_MOEA,72,11,411.21,4974.5,0 168 203 178 82 41 0,178
PFG_MOEA,72,12,411.21,4974.5,0 335 360 338 202 306 370 342 144 176 27 98 78 196 296 347 332 216 47 125 9 150 147 324 211 244 223 104 310 282 143 309 5 195 379 79 160 50 60 270 257 210 45 153 278 87 171 353 348 75 328 248 258 376 368 290 343 349 344 243 117 0,
PFG_MOEA,73,1,312.55,5795.78,0 336 138 239 122 296 347 332 324 275 277 104 211 244 223 102 352 363 323 194 147 101 95 222 0,122 211 222 277
PFG_MOEA,73,2,312.55,5795.78,0 335 360 207 307 313 359 187 100 310 282 143 79 160 50 60 257 270 379 195 5 309 280 351 237 256 274 49 198 252 236 381 23 90 12 214 185 118 281 26 334 298 371 72 52 130 44 386 80 0,5 307
PFG_MOEA,73,3,312.55,5795.78,0 13 19 226 57 127 109 59 137 136 273 77 151 218 197 388 261 106 173 302 107 164 67 312 201 362 123 51 145 294 174 339 132 142 120 269 321 299 0,174
PFG_MOEA,73,4,312.55,5795.78,0 340 233 135 88 249 35 235 161 68 58 34 231 289 366 267 228 141 266 303 357 319 86 199 156 94 0,303
PFG_MOEA,73,5,312.55,5795.78,0 38 172 182 397 36 11 92 374 230 311 350 4 314 193 37 322 121 146 320 364 393 3 229 308 356 264 259 246 42 300 329 112 191 152 221 242 96 0,42 264
PFG_MOEA,73,6,312.55,5795.78,0 200 165 129 0,
PFG_MOEA,73,7,312.55,5795.78,0 304 330 395 400 394 188 301 372 21 167 291 139 149 157 63 316 387 17 43 33 71 224 260 0,
PFG_MOEA,73,8,312.55,5795.78,0 399 247 28 250 345 377 262 1 255 327 254 73 215 85 93 179 232 225 97 148 238 192 48 31 0,93
PFG_MOEA,73,9,312.55,5795.78,0 378 69 183 354 265 346 315 99 175 251 190 390 18 103 155 83 234 213 227 398 209 361 170 367 25 55 217 56 7 180 333 317 286 140 110 62 297 65 283 326 305 154 204 6 208 241 220 158 189 64 20 126 124 0,175
PFG_MOEA,73,10,312.55,5795.78,0 287 382 383 10 268 272 30 66 166 205 271 39 391 53 293 133 331 285 392 115 245 396 240 385 288 177 181 358 337 384 111 116 76 113 81 29 325 355 131 84 114 389 105 341 219 0,
PFG_MOEA,73,11,312.55,5795.78,0 91 24 212 375 14 108 169 373 8 263 292 70 318 184 284 74 279 159 162 22 134 186 89 216 47 125 9 150 163 61 365 253 206 46 54 0,
PFG_MOEA,73,12,312.55,5795.78,0 41 82 178 117 243 344 349 343 290 368 376 258 248 328 75 171 87 153 278 210 45 353 348 2 119 128 295 40 32 276 196 78 98 27 176 144 342 370 306 202 338 203 168 369 380 16 15 0,16 87 203
PFG_MOEA,74,1,759.34,4800.0,0 219 341 105 389 114 84 131 355 325 29 81 113 76 116 111 384 337 358 181 177 288 385 240 396 245 115 392 285 331 133 293 53 163 150 9 125 47 216 89 61 206 253 365 0,245
PFG_MOEA,74,2,759.34,4800.0,0 22 134 186 162 159 279 74 284 184 318 70 292 263 8 373 169 108 14 375 212 24 91 0,318
PFG_MOEA,74,3,759.34,4800.0,0 304 31 48 148 260 224 71 33 129 238 330 192 200 165 112 191 152 127 57 109 59 137 273 136 247 17 43 85 215 73 254 69 354 183 327 387 157 149 188 394 316 63 262 1 255 250 28 42 400 395 377 345 356 264 259 246 308 229 197 218 151 77 107 164 67 302 388 3 106 173 261 320 364 393 312 201 362 329 300 123 51 145 322 121 146 294 174 339 132 120 142 37 269 321 299 340 233 135 88 249 35 161 235 68 58 34 386 231 289 366 267 228 44 130 52 72 303 357 319 266 141 86 92 199 156 94 230 311 374 11 36 397 350 4 314 193 182 172 13 19 226 221 242 96 80 38 0,33 106 174 200 303 311 394
PFG_MOEA,74,4,759.34,4800.0,0 378 83 155 103 18 190 251 175 99 315 346 372 301 167 21 139 291 265 390 234 0,
PFG_MOEA,74,5,759.34,4800.0,0 179 391 271 39 30 272 268 46 54 93 398 227 213 232 0,391
PFG_MOEA,74,6,759.34,4800.0,0 225 0,
PFG_MOEA,74,7,759.34,4800.0,0 97 209 361 170 367 0,
PFG_MOEA,74,8,759.34,4800.0,0 399 15 168 203 338 202 306 370 342 144 176 27 98 78 196 369 380 16 41 82 178 117 243 344 349 66 343 290 368 376 258 248 328 75 348 353 45 210 278 153 171 87 6 208 205 166 158 189 220 241 62 297 65 283 204 154 305 326 110 140 180 333 317 286 25 55 217 56 7 124 126 20 64 287 10 383 382 0,62 66 205 220 342
PFG_MOEA,74,9,759.34,4800.0,0 2 119 128 295 40 32 276 239 122 296 332 347 138 336 222 95 101 194 147 324 275 323 363 352 277 102 223 244 211 104 310 100 282 143 79 160 50 60 257 270 379 195 5 309 280 351 237 256 274 49 198 252 236 0,
PFG_MOEA,74,10,759.34,4800.0,0 381 23 90 12 207 307 0,
PFG_MOEA,74,11,759.34,4800.0,0 335 187 359 313 360 214 0,
PFG_MOEA,74,12,759.34,4800.0,0 185 118 281 26 334 298 371 0,
PFG_MOEA,75,1,314.81,5596.11,0 12 90 128 236 252 336 276 138 222 198 49 274 256 237 351 280 309 5 290 343 313 207 0,222
PFG_MOEA,75,2,314.81,5596.11,0 91 292 263 8 373 169 108 14 375 212 24 371 219 341 298 334 26 281 118 185 214 295 40 32 239 122 95 101 352 363 323 194 275 277 102 100 23 381 119 2 307 359 187 148 48 31 304 0,23
PFG_MOEA,75,3,314.81,5596.11,0 260 224 71 33 127 152 191 112 165 200 129 238 330 192 0,33
PFG_MOEA,75,4,314.81,5596.11,0 57 67 302 173 106 3 388 164 107 77 151 218 197 229 308 246 259 264 356 345 377 395 400 42 28 250 255 1 262 63 316 394 188 149 157 387 327 183 354 69 254 73 215 85 43 17 247 136 273 137 59 109 0,
PFG_MOEA,75,5,314.81,5596.11,0 329 300 362 123 51 145 322 121 146 201 261 320 364 393 312 294 174 339 132 206 253 365 360 335 0,362 393
PFG_MOEA,75,6,314.81,5596.11,0 61 358 181 177 288 385 240 396 245 115 392 285 331 133 293 53 163 150 9 125 47 216 89 0,
PFG_MOEA,75,7,314.81,5596.11,0 80 13 19 226 35 161 235 58 34 386 231 289 366 267 228 44 130 52 72 318 70 184 284 74 279 159 162 389 114 355 325 384 337 111 116 76 113 81 29 131 84 105 186 134 22 0,
PFG_MOEA,75,8,314.81,5596.11,0 38 96 242 221 172 182 397 350 311 4 314 193 230 94 156 374 36 11 92 319 357 303 266 141 86 199 68 135 88 249 233 340 299 321 269 120 142 37 301 21 139 291 167 372 346 315 99 175 251 0,182
PFG_MOEA,75,9,314.81,5596.11,0 97 225 232 179 391 271 158 241 62 297 65 283 204 154 305 326 110 140 286 317 333 180 220 126 124 7 56 217 55 25 367 170 361 209 227 234 213 190 390 265 18 103 155 83 378 398 93 54 46 268 272 30 39 0,65 154
PFG_MOEA,75,10,314.81,5596.11,0 399 15 16 380 41 82 178 117 243 344 349 20 189 64 166 205 208 6 87 171 153 278 210 353 258 376 368 66 287 10 383 382 0,243
PFG_MOEA,75,11,314.81,5596.11,0 369 338 203 168 0,
PFG_MOEA,75,12,314.81,5596.11,0 202 306 370 342 144 176 27 98 78 196 296 347 332 324 147 211 244 223 104 310 282 143 79 160 50 60 257 270 379 195 45 348 75 328 248 0,370
PFG_MOEA,76,1,411.21,4974.5,0 12 90 381 23 32 276 239 336 138 222 198 49 274 256 237 351 280 252 236 128 119 2 0,23
PFG_MOEA,76,2,411.21,4974.5,0 22 118 185 214 295 40 122 392 285 331 133 293 53 101 352 363 323 194 275 277 102 100 95 163 61 89 207 307 313 359 365 253 206 187 0,22 100
PFG_MOEA,76,3,411.21,4974.5,0 115 0,
PFG_MOEA,76,4,411.21,4974.5,0 245 396 240 385 288 177 181 358 337 384 111 116 76 113 81 29 325 355 0,
PFG_MOEA,76,5,411.21,4974.5,0 281 26 334 298 341 134 186 131 84 114 389 105 219 371 162 159 74 279 91 24 212 375 284 14 184 318 70 292 263 8 373 169 108 72 52 130 44 386 362 201 312 67 164 107 302 173 106 261 388 197 218 151 77 273 136 137 59 109 127 57 226 19 13 80 0,77 106 284
PFG_MOEA,76,6,411.21,4974.5,0 38 172 182 319 303 357 266 141 86 199 228 267 366 289 231 34 58 68 161 235 35 249 88 135 233 156 94 230 374 92 11 36 397 350 311 4 314 193 340 299 321 269 120 142 37 51 123 145 132 339 322 121 146 294 174 320 364 393 3 229 308 356 264 259 246 42 300 329 112 221 242 96 0,51 174 229 246 299
PFG_MOEA,76,7,411.21,4974.5,0 399 200 165 191 152 247 255 1 262 250 28 345 377 395 400 394 188 301 372 21 167 291 139 149 157 63 316 387 327 17 43 85 215 73 254 183 354 69 265 346 315 99 175 251 190 390 18 103 155 83 378 213 234 227 398 93 224 179 232 225 97 71 33 260 148 238 129 330 192 48 31 304 0,93
PFG_MOEA,76,8,411.21,4974.5,0 382 383 10 391 271 39 46 54 268 272 30 66 166 205 208 6 204 154 305 326 283 65 297 62 241 110 140 286 317 333 180 220 158 189 64 20 126 124 7 56 217 55 25 367 170 361 209 287 0,55 62 66 220
PFG_MOEA,76,9,411.21,4974.5,0 380 0,
PFG_MOEA,76,10,411.21,4974.5,0 16 369 15 0,
PFG_MOEA,76,11,411.21,4974.5,0 168 203 178 82 41 0,178
PFG_MOEA,76,12,411.21,4974.5,0 335 360 338 202 306 370 342 144 176 27 98 78 196 296 347 332 216 47 125 9 150 147 324 211 244 223 104 310 282 143 309 5 195 379 79 160 50 60 270 257 210 45 153 278 87 171 353 348 75 328 248 258 376 368 290 343 349 344 243 117 0,
PFG_MOEA,77,1,312.55,5795.78,0 336 138 239 122 296 347 332 324 275 277 104 211 244 223 102 352 363 323 194 147 101 95 222 0,122 211 222 277
PFG_MOEA,77,2,312.55,5795.78,0 335 360 207 307 313 359 187 100 310 282 143 79 160 50 60 257 270 379 195 5 309 280 351 237 256 274 49 198 252 236 381 23 90 12 214 185 118 281 26 334 298 371 72 52 130 44 386 80 0,5 307
PFG_MOEA,77,3,312.55,5795.78,0 13 19 226 57 127 109 59 137 136 273 77 151 218 197 388 261 106 173 302 107 164 67 312 201 362 123 51 145 294 174 339 132 142 120 269 321 299 0,174
PFG_MOEA,77,4,312.55,5795.78,0 340 233 135 88 249 35 235 161 68 58 34 231 289 366 267 228 141 266 303 357 319 86 199 156 94 0,303
PFG_MOEA,77,5,312.55,5795.78,0 38 172 182 397 36 11 92 374 230 311 350 4 314 193 37 322 121 146 320 364 393 3 229 308 356 264 259 246 42 300 329 112 191 152 221 242 96 0,42 264
PFG_MOEA,77,6,312.55,5795.78,0 200 165 129 0,
PFG_MOEA,77,7,312.55,5795.78,0 304 330 395 400 394 188 301 372 21 167 291 139 149 157 63 316 387 17 43 33 71 224 260 0,
PFG_MOEA,77,8,312.55,5795.78,0 399 247 28 250 345 377 262 1 255 327 254 73 215 85 93 179 232 225 97 148 238 192 48 31 0,93
PFG_MOEA,77,9,312.55,5795.78,0 378 69 183 354 265 346 315 99 175 251 190 390 18 103 155 83 234 213 227 398 209 361 170 367 25 55 217 56 7 180 333 317 286 140 110 62 297 65 283 326 305 154 204 6 208 241 220 158 189 64 20 126 124 0,175
PFG_MOEA,77,10,312.55,5795.78,0 287 382 383 10 268 272 30 66 166 205 271 39 391 53 293 133 331 285 392 115 245 396 240 385 288 177 181 358 337 384 111 116 76 113 81 29 325 355 131 84 114 389 105 341 219 0,
PFG_MOEA,77,11,312.55,5795.78,0 91 24 212 375 14 108 169 373 8 263 292 70 318 184 284 74 279 159 162 22 134 186 89 216 47 125 9 150 163 61 365 253 206 46 54 0,
PFG_MOEA,77,12,312.55,5795.78,0 41 82 178 117 243 344 349 343 290 368 376 258 248 328 75 171 87 153 278 210 45 353 348 2 119 128 295 40 32 276 196 78 98 27 176 144 342 370 306 202 338 203 168 369 380 16 15 0,16 87 203
PFG_MOEA,78,1,759.34,4800.0,0 219 341 105 389 114 84 131 355 325 29 81 113 76 116 111 384 337 358 181 177 288 385 240 396 245 115 392 285 331 133 293 53 163 150 9 125 47 216 89 61 206 253 365 0,245
PFG_MOEA,78,2,759.34,4800.0,0 22 134 186 162 159 279 74 284 184 318 70 292 263 8 373 169 108 14 375 212 24 91 0,318
PFG_MOEA,78,3,759.34,4800.0,0 304 31 48 148 260 224 71 33 129 238 330 192 200 165 112 191 152 127 57 109 59 137 273 136 247 17 43 85 215 73 254 69 354 183 327 387 157 149 188 394 316 63 262 1 255 250 28 42 400 395 377 345 356 264 259 246 308 229 197 218 151 77 107 164 67 302 388 3 106 173 261 320 364 393 312 201 362 329 300 123 51 145 322 121 146 294 174 339 132 120 142 37 269 321 299 340 233 135 88 249 35 161 235 68 58 34 386 231 289 366 267 228 44 130 52 72 303 357 319 266 141 86 92 199 156 94 230 311 374 11 36 397 350 4 314 193 182 172 13 19 226 221 242 96 80 38 0,33 106 174 200 303 311 394
PFG_MOEA,78,4,759.34,4800.0,0 378 83 155 103 18 190 251 175 99 315 346 372 301 167 21 139 291 265 390 234 0,
PFG_MOEA,78,5,759.34,4800.0,0 179 391 271 39 30 272 268 46 54 93 398 227 213 232 0,391
PFG_MOEA,78,6,759.34,4800.0,0 225 0,
PFG_MOEA,78,7,759.34,4800.0,0 97 209 361 170 367 0,
PFG_MOEA,78,8,759.34,4800.0,0 399 15 168 203 338 202 306 370 342 144 176 27 98 78 196 369 380 16 41 82 178 117 243 344 349 66 343 290 368 376 258 248 328 75 348 353 45 210 278 153 171 87 6 208 205 166 158 189 220 241 62 297 65 283 204 154 305 326 110 140 180 333 317 286 25 55 217 56 7 124 126 20 64 287 10 383 382 0,62 66 205 220 342
PFG_MOEA,78,9,759.34,4800.0,0 2 119 128 295 40 32 276 239 122 296 332 347 138 336 222 95 101 194 147 324 275 323 363 352 277 102 223 244 211 104 310 100 282 143 79 160 50 60 257 270 379 195 5 309 280 351 237 256 274 49 198 252 236 0,
PFG_MOEA,78,10,759.34,4800.0,0 381 23 90 12 207 307 0,
PFG_MOEA,78,11,759.34,4800.0,0 335 187 359 313 360 214 0,
PFG_MOEA,78,12,759.34,4800.0,0 185 118 281 26 334 298 371 0,
PFG_MOEA,79,1,314.81,5596.11,0 12 90 128 236 252 336 276 138 222 198 49 274 256 237 351 280 309 5 290 343 313 207 0,222
PFG_MOEA,79,2,314.81,5596.11,0 91 292 263 8 373 169 108 14 375 212 24 371 219 341 298 334 26 281 118 185 214 295 40 32 239 122 95 101 352 363 323 194 275 277 102 100 23 381 119 2 307 359 187 148 48 31 304 0,23
PFG_MOEA,79,3,314.81,5596.11,0 260 224 71 33 127 152 191 112 165 200 129 238 330 192 0,33
PFG_MOEA,79,4,314.81,5596.11,0 57 67 302 173 106 3 388 164 107 77 151 218 197 229 308 246 259 264 356 345 377 395 400 42 28 250 255 1 262 63 316 394 188 149 157 387 327 183 354 69 254 73 215 85 43 17 247 136 273 137 59 109 0,
PFG_MOEA,79,5,314.81,5596.11,0 329 300 362 123 51 145 322 121 146 201 261 320 364 393 312 294 174 339 132 206 253 365 360 335 0,362 393
PFG_MOEA,79,6,314.81,5596.11,0 61 358 181 177 288 385 240 396 245 115 392 285 331 133 293 53 163 150 9 125 47 216 89 0,
PFG_MOEA,79,7,314.81,5596.11,0 80 13 19 226 35 161 235 58 34 386 231 289 366 267 228 44 130 52 72 318 70 184 284 74 279 159 162 389 114 355 325 384 337 111 116 76 113 81 29 131 84 105 186 134 22 0,
PFG_MOEA,79,8,314.81,5596.11,0 38 96 242 221 172 182 397 350 311 4 314 193 230 94 156 374 36 11 92 319 357 303 266 141 86 199 68 135 88 249 233 340 299 321 269 120 142 37 301 21 139 291 167 372 346 315 99 175 251 0,182
PFG_MOEA,79,9,314.81,5596.11,0 97 225 232 179 391 271 158 241 62 297 65 283 204 154 305 326 110 140 286 317 333 180 220 126 124 7 56 217 55 25 367 170 361 209 227 234 213 190 390 265 18 103 155 83 378 398 93 54 46 268 272 30 39 0,65 154
PFG_MOEA,79,10,314.81,5596.11,0 399 15 16 380 41 82 178 117 243 344 349 20 189 64 166 205 208 6 87 171 153 278 210 353 258 376 368 66 287 10 383 382 0,243
PFG_MOEA,79,11,314.81,5596.11,0 369 338 203 168 0,
PFG_MOEA,79,12,314.81,5596.11,0 202 306 370 342 144 176 27 98 78 196 296 347 332 324 147 211 244 223 104 310 282 143 79 160 50 60 257 270 379 195 45 348 75 328 248 0,370
PFG_MOEA,80,1,411.21,4974.5,0 12 90 381 23 32 276 239 336 138 222 198 49 274 256 237 351 280 252 236 128 119 2 0,23
PFG_MOEA,80,2,411.21,4974.5,0 22 118 185 214 295 40 122 392 285 331 133 293 53 101 352 363 323 194 275 277 102 100 95 163 61 89 207 307 313 359 365 253 206 187 0,22 100
PFG_MOEA,80,3,411.21,4974.5,0 115 0,
PFG_MOEA,80,4,411.21,4974.5,0 245 396 240 385 288 177 181 358 337 384 111 116 76 113 81 29 325 355 0,
PFG_MOEA,80,5,411.21,4974.5,0 281 26 334 298 341 134 186 131 84 114 389 105 219 371 162 159 74 279 91 24 212 375 284 14 184 318 70 292 263 8 373 169 108 72 52 130 44 386 362 201 312 67 164 107 302 173 106 261 388 197 218 151 77 273 136 137 59 109 127 57 226 19 13 80 0,77 106 284
PFG_MOEA,80,6,411.21,4974.5,0 38 172 182 319 303 357 266 141 86 199 228 267 366 289 231 34 58 68 161 235 35 249 88 135 233 156 94 230 374 92 11 36 397 350 311 4 314 193 340 299 321 269 120 142 37 51 123 145 132 339 322 121 146 294 174 320 364 393 3 229 308 356 264 259 246 42 300 329 112 221 242 96 0,51 174 229 246 299
PFG_MOEA,80,7,411.21,4974.5,0 399 200 165 191 152 247 255 1 262 250 28 345 377 395 400 394 188 301 372 21 167 291 139 149 157 63 316 387 327 17 43 85 215 73 254 183 354 69 265 346 315 99 175 251 190 390 18 103 155 83 378 213 234 227 398 93 224 179 232 225 97 71 33 260 148 238 129 330 192 48 31 304 0,93
PFG_MOEA,80,8,411.21,4974.5,0 382 383 10 391 271 39 46 54 268 272 30 66 166 205 208 6 204 154 305 326 283 65 297 62 241 110 140 286 317 333 180 220 158 189 64 20 126 124 7 56 217 55 25 367 170 361 209 287 0,55 62 66 220
PFG_MOEA,80,9,411.21,4974.5,0 380 0,
PFG_MOEA,80,10,411.21,4974.5,0 16 369 15 0,
PFG_MOEA,80,11,411.21,4974.5,0 168 203 178 82 41 0,178
PFG_MOEA,80,12,411.21,4974.5,0 335 360 338 202 306 370 342 144 176 27 98 78 196 296 347 332 216 47 125 9 150 147 324 211 244 223 104 310 282 143 309 5 195 379 79 160 50 60 270 257 210 45 153 278 87 171 353 348 75 328 248 258 376 368 290 343 349 344 243 117 0,
PFG_MOEA,81,1,312.55,5795.78,0 336 138 239 122 296 347 332 324 275 277 104 211 244 223 102 352 363 323 194 147 101 95 222 0,122 211 222 277
PFG_MOEA,81,2,312.55,5795.78,0 335 360 207 307 313 359 187 100 310 282 143 79 160 50 60 257 270 379 195 5 309 280 351 237 256 274 49 198 252 236 381 23 90 12 214 185 118 281 26 334 298 371 72 52 130 44 386 80 0,5 307
PFG_MOEA,81,3,312.55,5795.78,0 13 19 226 57 127 109 59 137 136 273 77 151 218 197 388 261 106 173 302 107 164 67 312 201 362 123 51 145 294 174 339 132 142 120 269 321 299 0,174
PFG_MOEA,81,4,312.55,5795.78,0 340 233 135 88 249 35 235 161 68 58 34 231 289 366 267 228 141 266 303 357 319 86 199 156 94 0,303
PFG_MOEA,81,5,312.55,5795.78,0 38 172 182 397 36 11 92 374 230 311 350 4 314 193 37 322 121 146 320 364 393 3 229 308 356 264 259 246 42 300 329 112 191 152 221 242 96 0,42 264
PFG_MOEA,81,6,312.55,5795.78,0 200 165 129 0,
PFG_MOEA,81,7,312.55,5795.78,0 304 330 395 400 394 188 301 372 21 167 291 139 149 157 63 316 387 17 43 33 71 224 260 0,
PFG_MOEA,81,8,312.55,5795.78,0 399 247 28 250 345 377 262 1 255 327 254 73 215 85 93 179 232 225 97 148 238 192 48 31 0,93
PFG_MOEA,81,9,312.55,5795.78,0 378 69 183 354 265 346 315 99 175 251 190 390 18 103 155 83 234 213 227 398 209 361 170 367 25 55 217 56 7 180 333 317 286 140 110 62 297 65 283 326 305 154 204 6 208 241 220 158 189 64 20 126 124 0,175
PFG_MOEA,81,10,312.55,5795.78,0 287 382 383 10 268 272 30 66 166 205 271 39 391 53 293 133 331 285 392 115 245 396 240 385 288 177 181 358 337 384 111 116 76 113 81 29 325 355 131 84 114 389 105 341 219 0,
PFG_MOEA,81,11,312.55,5795.78,0 91 24 212 375 14 108 169 373 8 263 292 70 318 184 284 74 279 159 162 22 134 186 89 216 47 125 9 150 163 61 365 253 206 46 54 0,
PFG_MOEA,81,12,312.55,5795.78,0 41 82 178 117 243 344 349 343 290 368 376 258 248 328 75 171 87 153 278 210 45 353 348 2 119 128 295 40 32 276 196 78 98 27 176 144 342 370 306 202 338 203 168 369 380 16 15 0,16 87 203
PFG_MOEA,82,1,759.34,4800.0,0 219 341 105 389 114 84 131 355 325 29 81 113 76 116 111 384 337 358 181 177 288 385 240 396 245 115 392 285 331 133 293 53 163 150 9 125 47 216 89 61 206 253 365 0,245
PFG_MOEA,82,2,759.34,4800.0,0 22 134 186 162 159 279 74 284 184 318 70 292 263 8 373 169 108 14 375 212 24 91 0,318
PFG_MOEA,82,3,759.34,4800.0,0 304 31 48 148 260 224 71 33 129 238 330 192 200 165 112 191 152 127 57 109 59 137 273 136 247 17 43 85 215 73 254 69 354 183 327 387 157 149 188 394 316 63 262 1 255 250 28 42 400 395 377 345 356 264 259 246 308 229 197 218 151 77 107 164 67 302 388 3 106 173 261 320 364 393 312 201 362 329 300 123 51 145 322 121 146 294 174 339 132 120 142 37 269 321 299 340 233 135 88 249 35 161 235 68 58 34 386 231 289 366 267 228 44 130 52 72 303 357 319 266 141 86 92 199 156 94 230 311 374 11 36 397 350 4 314 193 182 172 13 19 226 221 242 96 80 38 0,33 106 174 200 303 311 394
PFG_MOEA,82,4,759.34,4800.0,0 378 83 155 103 18 190 251 175 99 315 346 372 301 167 21 139 291 265 390 234 0,
PFG_MOEA,82,5,759.34,4800.0,0 179 391 271 39 30 272 268 46 54 93 398 227 213 232 0,391
PFG_MOEA,82,6,759.34,4800.0,0 225 0,
PFG_MOEA,82,7,759.34,4800.0,0 97 209 361 170 367 0,
PFG_MOEA,82,8,759.34,4800.0,0 399 15 168 203 338 202 306 370 342 144 176 27 98 78 196 369 380 16 41 82 178 117 243 344 349 66 343 290 368 376 258 248 328 75 348 353 45 210 278 153 171 87 6 208 205 166 158 189 220 241 62 297 65 283 204 154 305 326 110 140 180 333 317 286 25 55 217 56 7 124 126 20 64 287 10 383 382 0,62 66 205 220 342
PFG_MOEA,82,9,759.34,4800.0,0 2 119 128 295 40 32 276 239 122 296 332 347 138 336 222 95 101 194 147 324 275 323 363 352 277 102 223 244 211 104 310 100 282 143 79 160 50 60 257 270 379 195 5 309 280 351 237 256 274 49 198 252 236 0,
PFG_MOEA,82,10,759.34,4800.0,0 381 23 90 12 207 307 0,
PFG_MOEA,82,11,759.34,4800.0,0 335 187 359 313 360 214 0,
PFG_MOEA,82,12,759.34,4800.0,0 185 118 281 26 334 298 371 0,
PFG_MOEA,83,1,314.81,5596.11,0 12 90 128 236 252 336 276 138 222 198 49 274 256 237 351 280 309 5 290 343 313 207 0,222
PFG_MOEA,83,2,314.81,5596.11,0 91 292 263 8 373 169 108 14 375 212 24 371 219 341 298 334 26 281 118 185 214 295 40 32 239 122 95 101 352 363 323 194 275 277 102 100 23 381 119 2 307 359 187 148 48 31 304 0,23
PFG_MOEA,83,3,314.81,5596.11,0 260 224 71 33 127 152 191 112 165 200 129 238 330 192 0,33
PFG_MOEA,83,4,314.81,5596.11,0 57 67 302 173 106 3 388 164 107 77 151 218 197 229 308 246 259 264 356 345 377 395 400 42 28 250 255 1 262 63 316 394 188 149 157 387 327 183 354 69 254 73 215 85 43 17 247 136 273 137 59 109 0,
PFG_MOEA,83,5,314.81,5596.11,0 329 300 362 123 51 145 322 121 146 201 261 320 364 393 312 294 174 339 132 206 253 365 360 335 0,362 393
PFG_MOEA,83,6,314.81,5596.11,0 61 358 181 177 288 385 240 396 245 115 392 285 331 133 293 53 163 150 9 125 47 216 89 0,
PFG_MOEA,83,7,314.81,5596.11,0 80 13 19 226 35 161 235 58 34 386 231 289 366 267 228 44 130 52 72 318 70 184 284 74 279 159 162 389 114 355 325 384 337 111 116 76 113 81 29 131 84 105 186 134 22 0,
PFG_MOEA,83,8,314.81,5596.11,0 38 96 242 221 172 182 397 350 311 4 314 193 230 94 156 374 36 11 92 319 357 303 266 141 86 199 68 135 88 249 233 340 299 321 269 120 142 37 301 21 139 291 167 372 346 315 99 175 251 0,182
PFG_MOEA,83,9,314.81,5596.11,0 97 225 232 179 391 271 158 241 62 297 65 283 204 154 305 326 110 140 286 317 333 180 220 126 124 7 56 217 55 25 367 170 361 209 227 234 213 190 390 265 18 103 155 83 378 398 93 54 46 268 272 30 39 0,65 154
PFG_MOEA,83,10,314.81,5596.11,0 399 15 16 380 41 82 178 117 243 344 349 20 189 64 166 205 208 6 87 171 153 278 210 353 258 376 368 66 287 10 383 382 0,243
PFG_MOEA,83,11,314.81,5596.11,0 369 338 203 168 0,
PFG_MOEA,83,12,314.81,5596.11,0 202 306 370 342 144 176 27 98 78 196 296 347 332 324 147 211 244 223 104 310 282 143 79 160 50 60 257 270 379 195 45 348 75 328 248 0,370
PFG_MOEA,84,1,411.21,4974.5,0 12 90 381 23 32 276 239 336 138 222 198 49 274 256 237 351 280 252 236 128 119 2 0,23
PFG_MOEA,84,2,411.21,4974.5,0 22 118 185 214 295 40 122 392 285 331 133 293 53 101 352 363 323 194 275 277 102 100 95 163 61 89 207 307 313 359 365 253 206 187 0,22 100
PFG_MOEA,84,3,411.21,4974.5,0 115 0,
PFG_MOEA,84,4,411.21,4974.5,0 245 396 240 385 288 177 181 358 337 384 111 116 76 113 81 29 325 355 0,
PFG_MOEA,84,5,411.21,4974.5,0 281 26 334 298 341 134 186 131 84 114 389 105 219 371 162 159 74 279 91 24 212 375 284 14 184 318 70 292 263 8 373 169 108 72 52 130 44 386 362 201 312 67 164 107 302 173 106 261 388 197 218 151 77 273 136 137 59 109 127 57 226 19 13 80 0,77 106 284
PFG_MOEA,84,6,411.21,4974.5,0 38 172 182 319 303 357 266 141 86 199 228 267 366 289 231 34 58 68 161 235 35 249 88 135 233 156 94 230 374 92 11 36 397 350 311 4 314 193 340 299 321 269 120 142 37 51 123 145 132 339 322 121 146 294 174 320 364 393 3 229 308 356 264 259 246 42 300 329 112 221 242 96 0,51 174 229 246 299
PFG_MOEA,84,7,411.21,4974.5,0 399 200 165 191 152 247 255 1 262 250 28 345 377 395 400 394 188 301 372 21 167 291 139 149 157 63 316 387 327 17 43 85 215 73 254 183 354 69 265 346 315 99 175 251 190 390 18 103 155 83 378 213 234 227 398 93 224 179 232 225 97 71 33 260 148 238 129 330 192 48 31 304 0,93
PFG_MOEA,84,8,411.21,4974.5,0 382 383 10 391 271 39 46 54 268 272 30 66 166 205 208 6 204 154 305 326 283 65 297 62 241 110 140 286 317 333 180 220 158 189 64 20 126 124 7 56 217 55 25 367 170 361 209 287 0,55 62 66 220
PFG_MOEA,84,9,411.21,4974.5,0 380 0,
PFG_MOEA,84,10,411.21,4974.5,0 16 369 15 0,
PFG_MOEA,84,11,411.21,4974.5,0 168 203 178 82 41 0,178
PFG_MOEA,84,12,411.21,4974.5,0 335 360 338 202 306 370 342 144 176 27 98 78 196 296 347 332 216 47 125 9 150 147 324 211 244 223 104 310 282 143 309 5 195 379 79 160 50 60 270 257 210 45 153 278 87 171 353 348 75 328 248 258 376 368 290 343 349 344 243 117 0,
PFG_MOEA,85,1,312.55,5795.78,0 336 138 239 122 296 347 332 324 275 277 104 211 244 223 102 352 363 323 194 147 101 95 222 0,122 211 222 277
PFG_MOEA,85,2,312.55,5795.78,0 335 360 207 307 313 359 187 100 310 282 143 79 160 50 60 257 270 379 195 5 309 280 351 237 256 274 49 198 252 236 381 23 90 12 214 185 118 281 26 334 298 371 72 52 130 44 386 80 0,5 307
PFG_MOEA,85,3,312.55,5795.78,0 13 19 226 57 127 109 59 137 136 273 77 151 218 197 388 261 106 173 302 107 164 67 312 201 362 123 51 145 294 174 339 132 142 120 269 321 299 0,174
PFG_MOEA,85,4,312.55,5795.78,0 340 233 135 88 249 35 235 161 68 58 34 231 289 366 267 228 141 266 303 357 319 86 199 156 94 0,303
PFG_MOEA,85,5,312.55,5795.78,0 38 172 182 397 36 11 92 374 230 311 350 4 314 193 37 322 121 146 320 364 393 3 229 308 356 264 259 246 42 300 329 112 191 152 221 242 96 0,42 264
PFG_MOEA,85,6,312.55,5795.78,0 200 165 129 0,
PFG_MOEA,85,7,312.55,5795.78,0 304 330 395 400 394 188 301 372 21 167 291 139 149 157 63 316 387 17 43 33 71 224 260 0,
PFG_MOEA,85,8,312.55,5795.78,0 399 247 28 250 345 377 262 1 255 327 254 73 215 85 93 179 232 225 97 148 238 192 48 31 0,93
PFG_MOEA,85,9,312.55,5795.78,0 378 69 183 354 265 346 315 99 175 251 190 390 18 103 155 83 234 213 227 398 209 361 170 367 25 55 217 56 7 180 333 317 286 140 110 62 297 65 283 326 305 154 204 6 208 241 220 158 189 64 20 126 124 0,175
PFG_MOEA,85,10,312.55,5795.78,0 287 382 383 10 268 272 30 66 166 205 271 39 391 53 293 133 331 285 392 115 245 396 240 385 288 177 181 358 337 384 111 116 76 113 81 29 325 355 131 84 114 389 105 341 219 0,
PFG_MOEA,85,11,312.55,5795.78,0 91 24 212 375 14 108 169 373 8 263 292 70 318 184 284 74 279 159 162 22 134 186 89 216 47 125 9 150 163 61 365 253 206 46 54 0,
PFG_MOEA,85,12,312.55,5795.78,0 41 82 178 117 243 344 349 343 290 368 376 258 248 328 75 171 87 153 278 210 45 353 348 2 119 128 295 40 32 276 196 78 98 27 176 144 342 370 306 202 338 203 168 369 380 16 15 0,16 87 203
PFG_MOEA,86,1,759.34,4800.0,0 219 341 105 389 114 84 131 355 325 29 81 113 76 116 111 384 337 358 181 177 288 385 240 396 245 115 392 285 331 133 293 53 163 150 9 125 47 216 89 61 206 253 365 0,245
PFG_MOEA,86,2,759.34,4800.0,0 22 134 186 162 159 279 74 284 184 318 70 292 263 8 373 169 108 14 375 212 24 91 0,318
PFG_MOEA,86,3,759.34,4800.0,0 304 31 48 148 260 224 71 33 129 238 330 192 200 165 112 191 152 127 57 109 59 137 273 136 247 17 43 85 215 73 254 69 354 183 327 387 157 149 188 394 316 63 262 1 255 250 28 42 400 395 377 345 356 264 259 246 308 229 197 218 151 77 107 164 67 302 388 3 106 173 261 320 364 393 312 201 362 329 300 123 51 145 322 121 146 294 174 339 132 120 142 37 269 321 299 340 233 135 88 249 35 161 235 68 58 34 386 231 289 366 267 228 44 130 52 72 303 357 319 266 141 86 92 199 156 94 230 311 374 11 36 397 350 4 314 193 182 172 13 19 226 221 242 96 80 38 0,33 106 174 200 303 311 394
PFG_MOEA,86,4,759.34,4800.0,0 378 83 155 103 18 190 251 175 99 315 346 372 301 167 21 139 291 265 390 234 0,
PFG_MOEA,86,5,759.34,4800.0,0 179 391 271 39 30 272 268 46 54 93 398 227 213 232 0,391
PFG_MOEA,86,6,759.34,4800.0,0 225 0,
PFG_MOEA,86,7,759.34,4800.0,0 97 209 361 170 367 0,
PFG_MOEA,86,8,759.34,4800.0,0 399 15 168 203 338 202 306 370 342 144 176 27 98 78 196 369 380 16 41 82 178 117 243 344 349 66 343 290 368 376 258 248 328 75 348 353 45 210 278 153 171 87 6 208 205 166 158 189 220 241 62 297 65 283 204 154 305 326 110 140 180 333 317 286 25 55 217 56 7 124 126 20 64 287 10 383 382 0,62 66 205 220 342
PFG_MOEA,86,9,759.34,4800.0,0 2 119 128 295 40 32 276 239 122 296 332 347 138 336 222 95 101 194 147 324 275 323 363 352 277 102 223 244 211 104 310 100 282 143 79 160 50 60 257 270 379 195 5 309 280 351 237 256 274 49 198 252 236 0,
PFG_MOEA,86,10,759.34,4800.0,0 381 23 90 12 207 307 0,
PFG_MOEA,86,11,759.34,4800.0,0 335 187 359 313 360 214 0,
PFG_MOEA,86,12,759.34,4800.0,0 185 118 281 26 334 298 371 0,
PFG_MOEA,87,1,314.81,5596.11,0 12 90 128 236 252 336 276 138 222 198 49 274 256 237 351 280 309 5 290 343 313 207 0,222
PFG_MOEA,87,2,314.81,5596.11,0 91 292 263 8 373 169 108 14 375 212 24 371 219 341 298 334 26 281 118 185 214 295 40 32 239 122 95 101 352 363 323 194 275 277 102 100 23 381 119 2 307 359 187 148 48 31 304 0,23
PFG_MOEA,87,3,314.81,5596.11,0 260 224 71 33 127 152 191 112 165 200 129 238 330 192 0,33
PFG_MOEA,87,4,314.81,5596.11,0 57 67 302 173 106 3 388 164 107 77 151 218 197 229 308 246 259 264 356 345 377 395 400 42 28 250 255 1 262 63 316 394 188 149 157 387 327 183 354 69 254 73 215 85 43 17 247 136 273 137 59 109 0,
PFG_MOEA,87,5,314.81,5596.11,0 329 300 362 123 51 145 322 121 146 201 261 320 364 393 312 294 174 339 132 206 253 365 360 335 0,362 393
PFG_MOEA,87,6,314.81,5596.11,0 61 358 181 177 288 385 240 396 245 115 392 285 331 133 293 53 163 150 9 125 47 216 89 0,
PFG_MOEA,87,7,314.81,5596.11,0 80 13 19 226 35 161 235 58 34 386 231 289 366 267 228 44 130 52 72 318 70 184 284 74 279 159 162 389 114 355 325 384 337 111 116 76 113 81 29 131 84 105 186 134 22 0,
PFG_MOEA,87,8,314.81,5596.11,0 38 96 242 221 172 182 397 350 311 4 314 193 230 94 156 374 36 11 92 319 357 303 266 141 86 199 68 135 88 249 233 340 299 321 269 120 142 37 301 21 139 291 167 372 346 315 99 175 251 0,182
PFG_MOEA,87,9,314.81,5596.11,0 97 225 232 179 391 271 158 241 62 297 65 283 204 154 305 326 110 140 286 317 333 180 220 126 124 7 56 217 55 25 367 170 361 209 227 234 213 190 390 265 18 103 155 83 378 398 93 54 46 268 272 30 39 0,65 154
PFG_MOEA,87,10,314.81,5596.11,0 399 15 16 380 41 82 178 117 243 344 349 20 189 64 166 205 208 6 87 171 153 278 210 353 258 376 368 66 287 10 383 382 0,243
PFG_MOEA,87,11,314.81,5596.11,0 369 338 203 168 0,
PFG_MOEA,87,12,314.81,5596.11,0 202 306 370 342 144 176 27 98 78 196 296 347 332 324 147 211 244 223 104 310 282 143 79 160 50 60 257 270 379 195 45 348 75 328 248 0,370
PFG_MOEA,88,1,411.21,4974.5,0 12 90 381 23 32 276 239 336 138 222 198 49 274 256 237 351 280 252 236 128 119 2 0,23
PFG_MOEA,88,2,411.21,4974.5,0 22 118 185 214 295 40 122 392 285 331 133 293 53 101 352 363 323 194 275 277 102 100 95 163 61 89 207 307 313 359 365 253 206 187 0,22 100
PFG_MOEA,88,3,411.21,4974.5,0 115 0,
PFG_MOEA,88,4,411.21,4974.5,0 245 396 240 385 288 177 181 358 337 384 111 116 76 113 81 29 325 355 0,
PFG_MOEA,88,5,411.21,4974.5,0 281 26 334 298 341 134 186 131 84 114 389 105 219 371 162 159 74 279 91 24 212 375 284 14 184 318 70 292 263 8 373 169 108 72 52 130 44 386 362 201 312 67 164 107 302 173 106 261 388 197 218 151 77 273 136 137 59 109 127 57 226 19 13 80 0,77 106 284
PFG_MOEA,88,6,411.21,4974.5,0 38 172 182 319 303 357 266 141 86 199 228 267 366 289 231 34 58 68 161 235 35 249 88 135 233 156 94 230 374 92 11 36 397 350 311 4 314 193 340 299 321 269 120 142 37 51 123 145 132 339 322 121 146 294 174 320 364 393 3 229 308 356 264 259 246 42 300 329 112 221 242 96 0,51 174 229 246 299
PFG_MOEA,88,7,411.21,4974.5,0 399 200 165 191 152 247 255 1 262 250 28 345 377 395 400 394 188 301 372 21 167 291 139 149 157 63 316 387 327 17 43 85 215 73 254 183 354 69 265 346 315 99 175 251 190 390 18 103 155 83 378 213 234 227 398 93 224 179 232 225 97 71 33 260 148 238 129 330 192 48 31 304 0,93
PFG_MOEA,88,8,411.21,4974.5,0 382 383 10 391 271 39 46 54 268 272 30 66 166 205 208 6 204 154 305 326 283 65 297 62 241 110 140 286 317 333 180 220 158 189 64 20 126 124 7 56 217 55 25 367 170 361 209 287 0,55 62 66 220
PFG_MOEA,88,9,411.21,4974.5,0 380 0,
PFG_MOEA,88,10,411.21,4974.5,0 16 369 15 0,
PFG_MOEA,88,11,411.21,4974.5,0 168 203 178 82 41 0,178
PFG_MOEA,88,12,411.21,4974.5,0 335 360 338 202 306 370 342 144 176 27 98 78 196 296 347 332 216 47 125 9 150 147 324 211 244 223 104 310 282 143 309 5 195 379 79 160 50 60 270 257 210 45 153 278 87 171 353 348 75 328 248 258 376 368 290 343 349 344 243 117 0,
PFG_MOEA,89,1,312.55,5795.78,0 336 138 239 122 296 347 332 324 275 277 104 211 244 223 102 352 363 323 194 147 101 95 222 0,122 211 222 277
PFG_MOEA,89,2,312.55,5795.78,0 335 360 207 307 313 359 187 100 310 282 143 79 160 50 60 257 270 379 195 5 309 280 351 237 256 274 49 198 252 236 381 23 90 12 214 185 118 281 26 334 298 371 72 52 130 44 386 80 0,5 307
PFG_MOEA,89,3,312.55,5795.78,0 13 19 226 57 127 109 59 137 136 273 77 151 218 197 388 261 106 173 302 107 164 67 312 201 362 123 51 145 294 174 339 132 142 120 269 321 299 0,174
PFG_MOEA,89,4,312.55,5795.78,0 340 233 135 88 249 35 235 161 68 58 34 231 289 366 267 228 141 266 303 357 319 86 199 156 94 0,303
PFG_MOEA,89,5,312.55,5795.78,0 38 172 182 397 36 11 92 374 230 311 350 4 314 193 37 322 121 146 320 364 393 3 229 308 356 264 259 246 42 300 329 112 191 152 221 242 96 0,42 264
PFG_MOEA,89,6,312.55,5795.78,0 200 165 129 0,
PFG_MOEA,89,7,312.55,5795.78,0 304 330 395 400 394 188 301 372 21 167 291 139 149 157 63 316 387 17 43 33 71 224 260 0,
PFG_MOEA,89,8,312.55,5795.78,0 399 247 28 250 345 377 262 1 255 327 254 73 215 85 93 179 232 225 97 148 238 192 48 31 0,93
PFG_MOEA,89,9,312.55,5795.78,0 378 69 183 354 265 346 315 99 175 251 190 390 18 103 155 83 234 213 227 398 209 361 170 367 25 55 217 56 7 180 333 317 286 140 110 62 297 65 283 326 305 154 204 6 208 241 220 158 189 64 20 126 124 0,175
PFG_MOEA,89,10,312.55,5795.78,0 287 382 383 10 268 272 30 66 166 205 271 39 391 53 293 133 331 285 392 115 245 396 240 385 288 177 181 358 337 384 111 116 76 113 81 29 325 355 131 84 114 389 105 341 219 0,
PFG_MOEA,89,11,312.55,5795.78,0 91 24 212 375 14 108 169 373 8 263 292 70 318 184 284 74 279 159 162 22 134 186 89 216 47 125 9 150 163 61 365 253 206 46 54 0,
PFG_MOEA,89,12,312.55,5795.78,0 41 82 178 117 243 344 349 343 290 368 376 258 248 328 75 171 87 153 278 210 45 353 348 2 119 128 295 40 32 276 196 78 98 27 176 144 342 370 306 202 338 203 168 369 380 16 15 0,16 87 203
PFG_MOEA,90,1,759.34,4800.0,0 219 341 105 389 114 84 131 355 325 29 81 113 76 116 111 384 337 358 181 177 288 385 240 396 245 115 392 285 331 133 293 53 163 150 9 125 47 216 89 61 206 253 365 0,245
PFG_MOEA,90,2,759.34,4800.0,0 22 134 186 162 159 279 74 284 184 318 70 292 263 8 373 169 108 14 375 212 24 91 0,318
PFG_MOEA,90,3,759.34,4800.0,0 304 31 48 148 260 224 71 33 129 238 330 192 200 165 112 191 152 127 57 109 59 137 273 136 247 17 43 85 215 73 254 69 354 183 327 387 157 149 188 394 316 63 262 1 255 250 28 42 400 395 377 345 356 264 259 246 308 229 197 218 151 77 107 164 67 302 388 3 106 173 261 320 364 393 312 201 362 329 300 123 51 145 322 121 146 294 174 339 132 120 142 37 269 321 299 340 233 135 88 249 35 161 235 68 58 34 386 231 289 366 267 228 44 130 52 72 303 357 319 266 141 86 92 199 156 94 230 311 374 11 36 397 350 4 314 193 182 172 13 19 226 221 242 96 80 38 0,33 106 174 200 303 311 394
PFG_MOEA,90,4,759.34,4800.0,0 378 83 155 103 18 190 251 175 99 315 346 372 301 167 21 139 291 265 390 234 0,
PFG_MOEA,90,5,759.34,4800.0,0 179 391 271 39 30 272 268 46 54 93 398 227 213 232 0,391
PFG_MOEA,90,6,759.34,4800.0,0 225 0,
PFG_MOEA,90,7,759.34,4800.0,0 97 209 361 170 367 0,
PFG_MOEA,90,8,759.34,4800.0,0 399 15 168 203 338 202 306 370 342 144 176 27 98 78 196 369 380 16 41 82 178 117 243 344 349 66 343 290 368 376 258 248 328 75 348 353 45 210 278 153 171 87 6 208 205 166 158 189 220 241 62 297 65 283 204 154 305 326 110 140 180 333 317 286 25 55 217 56 7 124 126 20 64 287 10 383 382 0,62 66 205 220 342
PFG_MOEA,90,9,759.34,4800.0,0 2 119 128 295 40 32 276 239 122 296 332 347 138 336 222 95 101 194 147 324 275 323 363 352 277 102 223 244 211 104 310 100 282 143 79 160 50 60 257 270 379 195 5 309 280 351 237 256 274 49 198 252 236 0,
PFG_MOEA,90,10,759.34,4800.0,0 381 23 90 12 207 307 0,
PFG_MOEA,90,11,759.34,4800.0,0 335 187 359 313 360 214 0,
PFG_MOEA,90,12,759.34,4800.0,0 185 118 281 26 334 298 371 0,
PFG_MOEA,91,1,314.81,5596.11,0 12 90 128 236 252 336 276 138 222 198 49 274 256 237 351 280 309 5 290 343 313 207 0,222
PFG_MOEA,91,2,314.81,5596.11,0 91 292 263 8 373 169 108 14 375 212 24 371 219 341 298 334 26 281 118 185 214 295 40 32 239 122 95 101 352 363 323 194 275 277 102 100 23 381 119 2 307 359 187 148 48 31 304 0,23
PFG_MOEA,91,3,314.81,5596.11,0 260 224 71 33 127 152 191 112 165 200 129 238 330 192 0,33
PFG_MOEA,91,4,314.81,5596.11,0 57 67 302 173 106 3 388 164 107 77 151 218 197 229 308 246 259 264 356 345 377 395 400 42 28 250 255 1 262 63 316 394 188 149 157 387 327 183 354 69 254 73 215 85 43 17 247 136 273 137 59 109 0,
PFG_MOEA,91,5,314.81,5596.11,0 329 300 362 123 51 145 322 121 146 201 261 320 364 393 312 294 174 339 132 206 253 365 360 335 0,362 393
PFG_MOEA,91,6,314.81,5596.11,0 61 358 181 177 288 385 240 396 245 115 392 285 331 133 293 53 163 150 9 125 47 216 89 0,
PFG_MOEA,91,7,314.81,5596.11,0 80 13 19 226 35 161 235 58 34 386 231 289 366 267 228 44 130 52 72 318 70 184 284 74 279 159 162 389 114 355 325 384 337 111 116 76 113 81 29 131 84 105 186 134 22 0,
PFG_MOEA,91,8,314.81,5596.11,0 38 96 242 221 172 182 397 350 311 4 314 193 230 94 156 374 36 11 92 319 357 303 266 141 86 199 68 135 88 249 233 340 299 321 269 120 142 37 301 21 139 291 167 372 346 315 99 175 251 0,182
PFG_MOEA,91,9,314.81,5596.11,0 97 225 232 179 391 271 158 241 62 297 65 283 204 154 305 326 110 140 286 317 333 180 220 126 124 7 56 217 55 25 367 170 361 209 227 234 213 190 390 265 18 103 155 83 378 398 93 54 46 268 272 30 39 0,65 154
PFG_MOEA,91,10,314.81,5596.11,0 399 15 16 380 41 82 178 117 243 344 349 20 189 64 166 205 208 6 87 171 153 278 210 353 258 376 368 66 287 10 383 382 0,243
PFG_MOEA,91,11,314.81,5596.11,0 369 338 203 168 0,
PFG_MOEA,91,12,314.81,5596.11,0 202 306 370 342 144 176 27 98 78 196 296 347 332 324 147 211 244 223 104 310 282 143 79 160 50 60 257 270 379 195 45 348 75 328 248 0,370
PFG_MOEA,92,1,411.21,4974.5,0 12 90 381 23 32 276 239 336 138 222 198 49 274 256 237 351 280 252 236 128 119 2 0,23
PFG_MOEA,92,2,411.21,4974.5,0 22 118 185 214 295 40 122 392 285 331 133 293 53 101 352 363 323 194 275 277 102 100 95 163 61 89 207 307 313 359 365 253 206 187 0,22 100
PFG_MOEA,92,3,411.21,4974.5,0 115 0,
PFG_MOEA,92,4,411.21,4974.5,0 245 396 240 385 288 177 181 358 337 384 111 116 76 113 81 29 325 355 0,
PFG_MOEA,92,5,411.21,4974.5,0 281 26 334 298 341 134 186 131 84 114 389 105 219 371 162 159 74 279 91 24 212 375 284 14 184 318 70 292 263 8 373 169 108 72 52 130 44 386 362 201 312 67 164 107 302 173 106 261 388 197 218 151 77 273 136 137 59 109 127 57 226 19 13 80 0,77 106 284
PFG_MOEA,92,6,411.21,4974.5,0 38 172 182 319 303 357 266 141 86 199 228 267 366 289 231 34 58 68 161 235 35 249 88 135 233 156 94 230 374 92 11 36 397 350 311 4 314 193 340 299 321 269 120 142 37 51 123 145 132 339 322 121 146 294 174 320 364 393 3 229 308 356 264 259 246 42 300 329 112 221 242 96 0,51 174 229 246 299
PFG_MOEA,92,7,411.21,4974.5,0 399 200 165 191 152 247 255 1 262 250 28 345 377 395 400 394 188 301 372 21 167 291 139 149 157 63 316 387 327 17 43 85 215 73 254 183 354 69 265 346 315 99 175 251 190 390 18 103 155 83 378 213 234 227 398 93 224 179 232 225 97 71 33 260 148 238 129 330 192 48 31 304 0,93
PFG_MOEA,92,8,411.21,4974.5,0 382 383 10 391 271 39 46 54 268 272 30 66 166 205 208 6 204 154 305 326 283 65 297 62 241 110 140 286 317 333 180 220 158 189 64 20 126 124 7 56 217 55 25 367 170 361 209 287 0,55 62 66 220
PFG_MOEA,92,9,411.21,4974.5,0 380 0,
PFG_MOEA,92,10,411.21,4974.5,0 16 369 15 0,
PFG_MOEA,92,11,411.21,4974.5,0 168 203 178 82 41 0,178
PFG_MOEA,92,12,411.21,4974.5,0 335 360 338 202 306 370 342 144 176 27 98 78 196 296 347 332 216 47 125 9 150 147 324 211 244 223 104 310 282 143 309 5 195 379 79 160 50 60 270 257 210 45 153 278 87 171 353 348 75 328 248 258 376 368 290 343 349 344 243 117 0,
PFG_MOEA,93,1,312.55,5795.78,0 336 138 239 122 296 347 332 324 275 277 104 211 244 223 102 352 363 323 194 147 101 95 222 0,122 211 222 277
PFG_MOEA,93,2,312.55,5795.78,0 335 360 207 307 313 359 187 100 310 282 143 79 160 50 60 257 270 379 195 5 309 280 351 237 256 274 49 198 252 236 381 23 90 12 214 185 118 281 26 334 298 371 72 52 130 44 386 80 0,5 307
PFG_MOEA,93,3,312.55,5795.78,0 13 19 226 57 127 109 59 137 136 273 77 151 218 197 388 261 106 173 302 107 164 67 312 201 362 123 51 145 294 174 339 132 142 120 269 321 299 0,174
PFG_MOEA,93,4,312.55,5795.78,0 340 233 135 88 249 35 235 161 68 58 34 231 289 366 267 228 141 266 303 357 319 86 199 156 94 0,303
PFG_MOEA,93,5,312.55,5795.78,0 38 172 182 397 36 11 92 374 230 311 350 4 314 193 37 322 121 146 320 364 393 3 229 308 356 264 259 246 42 300 329 112 191 152 221 242 96 0,42 264
PFG_MOEA,93,6,312.55,5795.78,0 200 165 129 0,
PFG_MOEA,93,7,312.55,5795.78,0 304 330 395 400 394 188 301 372 21 167 291 139 149 157 63 316 387 17 43 33 71 224 260 0,
PFG_MOEA,93,8,312.55,5795.78,0 399 247 28 250 345 377 262 1 255 327 254 73 215 85 93 179 232 225 97 148 238 192 48 31 0,93
PFG_MOEA,93,9,312.55,5795.78,0 378 69 183 354 265 346 315 99 175 251 190 390 18 103 155 83 234 213 227 398 209 361 170 367 25 55 217 56 7 180 333 317 286 140 110 62 297 65 283 326 305 154 204 6 208 241 220 158 189 64 20 126 124 0,175
PFG_MOEA,93,10,312.55,5795.78,0 287 382 383 10 268 272 30 66 166 205 271 39 391 53 293 133 331 285 392 115 245 396 240 385 288 177 181 358 337 384 111 116 76 113 81 29 325 355 131 84 114 389 105 341 219 0,
PFG_MOEA,93,11,312.55,5795.78,0 91 24 212 375 14 108 169 373 8 263 292 70 318 184 284 74 279 159 162 22 134 186 89 216 47 125 9 150 163 61 365 253 206 46 54 0,
PFG_MOEA,93,12,312.55,5795.78,0 41 82 178 117 243 344 349 343 290 368 376 258 248 328 75 171 87 153 278 210 45 353 348 2 119 128 295 40 32 276 196 78 98 27 176 144 342 370 306 202 338 203 168 369 380 16 15 0,16 87 203
PFG_MOEA,94,1,759.34,4800.0,0 219 341 105 389 114 84 131 355 325 29 81 113 76 116 111 384 337 358 181 177 288 385 240 396 245 115 392 285 331 133 293 53 163 150 9 125 47 216 89 61 206 253 365 0,245
PFG_MOEA,94,2,759.34,4800.0,0 22 134 186 162 159 279 74 284 184 318 70 292 263 8 373 169 108 14 375 212 24 91 0,318
PFG_MOEA,94,3,759.34,4800.0,0 304 31 48 148 260 224 71 33 129 238 330 192 200 165 112 191 152 127 57 109 59 137 273 136 247 17 43 85 215 73 254 69 354 183 327 387 157 149 188 394 316 63 262 1 255 250 28 42 400 395 377 345 356 264 259 246 308 229 197 218 151 77 107 164 67 302 388 3 106 173 261 320 364 393 312 201 362 329 300 123 51 145 322 121 146 294 174 339 132 120 142 37 269 321 299 340 233 135 88 249 35 161 235 68 58 34 386 231 289 366 267 228 44 130 52 72 303 357 319 266 141 86 92 199 156 94 230 311 374 11 36 397 350 4 314 193 182 172 13 19 226 221 242 96 80 38 0,33 106 174 200 303 311 394
PFG_MOEA,94,4,759.34,4800.0,0 378 83 155 103 18 190 251 175 99 315 346 372 301 167 21 139 291 265 390 234 0,
PFG_MOEA,94,5,759.34,4800.0,0 179 391 271 39 30 272 268 46 54 93 398 227 213 232 0,391
PFG_MOEA,94,6,759.34,4800.0,0 225 0,
PFG_MOEA,94,7,759.34,4800.0,0 97 209 361 170 367 0,
PFG_MOEA,94,8,759.34,4800.0,0 399 15 168 203 338 202 306 370 342 144 176 27 98 78 196 369 380 16 41 82 178 117 243 344 349 66 343 290 368 376 258 248 328 75 348 353 45 210 278 153 171 87 6 208 205 166 158 189 220 241 62 297 65 283 204 154 305 326 110 140 180 333 317 286 25 55 217 56 7 124 126 20 64 287 10 383 382 0,62 66 205 220 342
PFG_MOEA,94,9,759.34,4800.0,0 2 119 128 295 40 32 276 239 122 296 332 347 138 336 222 95 101 194 147 324 275 323 363 352 277 102 223 244 211 104 310 100 282 143 79 160 50 60 257 270 379 195 5 309 280 351 237 256 274 49 198 252 236 0,
PFG_MOEA,94,10,759.34,4800.0,0 381 23 90 12 207 307 0,
PFG_MOEA,94,11,759.34,4800.0,0 335 187 359 313 360 214 0,
PFG_MOEA,94,12,759.34,4800.0,0 185 118 281 26 334 298 371 0,
PFG_MOEA,95,1,314.81,5596.11,0 12 90 128 236 252 336 276 138 222 198 49 274 256 237 351 280 309 5 290 343 313 207 0,222
PFG_MOEA,95,2,314.81,5596.11,0 91 292 263 8 373 169 108 14 375 212 24 371 219 341 298 334 26 281 118 185 214 295 40 32 239 122 95 101 352 363 323 194 275 277 102 100 23 381 119 2 307 359 187 148 48 31 304 0,23
PFG_MOEA,95,3,314.81,5596.11,0 260 224 71 33 127 152 191 112 165 200 129 238 330 192 0,33
PFG_MOEA,95,4,314.81,5596.11,0 57 67 302 173 106 3 388 164 107 77 151 218 197 229 308 246 259 264 356 345 377 395 400 42 28 250 255 1 262 63 316 394 188 149 157 387 327 183 354 69 254 73 215 85 43 17 247 136 273 137 59 109 0,
PFG_MOEA,95,5,314.81,5596.11,0 329 300 362 123 51 145 322 121 146 201 261 320 364 393 312 294 174 339 132 206 253 365 360 335 0,362 393
PFG_MOEA,95,6,314.81,5596.11,0 61 358 181 177 288 385 240 396 245 115 392 285 331 133 293 53 163 150 9 125 47 216 89 0,
PFG_MOEA,95,7,314.81,5596.11,0 80 13 19 226 35 161 235 58 34 386 231 289 366 267 228 44 130 52 72 318 70 184 284 74 279 159 162 389 114 355 325 384 337 111 116 76 113 81 29 131 84 105 186 134 22 0,
PFG_MOEA,95,8,314.81,5596.11,0 38 96 242 221 172 182 397 350 311 4 314 193 230 94 156 374 36 11 92 319 357 303 266 141 86 199 68 135 88 249 233 340 299 321 269 120 142 37 301 21 139 291 167 372 346 315 99 175 251 0,182
PFG_MOEA,95,9,314.81,5596.11,0 97 225 232 179 391 271 158 241 62 297 65 283 204 154 305 326 110 140 286 317 333 180 220 126 124 7 56 217 55 25 367 170 361 209 227 234 213 190 390 265 18 103 155 83 378 398 93 54 46 268 272 30 39 0,65 154
PFG_MOEA,95,10,314.81,5596.11,0 399 15 16 380 41 82 178 117 243 344 349 20 189 64 166 205 208 6 87 171 153 278 210 353 258 376 368 66 287 10 383 382 0,243
PFG_MOEA,95,11,314.81,5596.11,0 369 338 203 168 0,
PFG_MOEA,95,12,314.81,5596.11,0 202 306 370 342 144 176 27 98 78 196 296 347 332 324 147 211 244 223 104 310 282 143 79 160 50 60 257 270 379 195 45 348 75 328 248 0,370
PFG_MOEA,96,1,411.21,4974.5,0 12 90 381 23 32 276 239 336 138 222 198 49 274 256 237 351 280 252 236 128 119 2 0,23
PFG_MOEA,96,2,411.21,4974.5,0 22 118 185 214 295 40 122 392 285 331 133 293 53 101 352 363 323 194 275 277 102 100 95 163 61 89 207 307 313 359 365 253 206 187 0,22 100
PFG_MOEA,96,3,411.21,4974.5,0 115 0,
PFG_MOEA,96,4,411.21,4974.5,0 245 396 240 385 288 177 181 358 337 384 111 116 76 113 81 29 325 355 0,
PFG_MOEA,96,5,411.21,4974.5,0 281 26 334 298 341 134 186 131 84 114 389 105 219 371 162 159 74 279 91 24 212 375 284 14 184 318 70 292 263 8 373 169 108 72 52 130 44 386 362 201 312 67 164 107 302 173 106 261 388 197 218 151 77 273 136 137 59 109 127 57 226 19 13 80 0,77 106 284
PFG_MOEA,96,6,411.21,4974.5,0 38 172 182 319 303 357 266 141 86 199 228 267 366 289 231 34 58 68 161 235 35 249 88 135 233 156 94 230 374 92 11 36 397 350 311 4 314 193 340 299 321 269 120 142 37 51 123 145 132 339 322 121 146 294 174 320 364 393 3 229 308 356 264 259 246 42 300 329 112 221 242 96 0,51 174 229 246 299
PFG_MOEA,96,7,411.21,4974.5,0 399 200 165 191 152 247 255 1 262 250 28 345 377 395 400 394 188 301 372 21 167 291 139 149 157 63 316 387 327 17 43 85 215 73 254 183 354 69 265 346 315 99 175 251 190 390 18 103 155 83 378 213 234 227 398 93 224 179 232 225 97 71 33 260 148 238 129 330 192 48 31 304 0,93
PFG_MOEA,96,8,411.21,4974.5,0 382 383 10 391 271 39 46 54 268 272 30 66 166 205 208 6 204 154 305 326 283 65 297 62 241 110 140 286 317 333 180 220 158 189 64 20 126 124 7 56 217 55 25 367 170 361 209 287 0,55 62 66 220
PFG_MOEA,96,9,411.21,4974.5,0 380 0,
PFG_MOEA,96,10,411.21,4974.5,0 16 369 15 0,
PFG_MOEA,96,11,411.21,4974.5,0 168 203 178 82 41 0,178
PFG_MOEA,96,12,411.21,4974.5,0 335 360 338 202 306 370 342 144 176 27 98 78 196 296 347 332 216 47 125 9 150 147 324 211 244 223 104 310 282 143 309 5 195 379 79 160 50 60 270 257 210 45 153 278 87 171 353 348 75 328 248 258 376 368 290 343 349 344 243 117 0,
PFG_MOEA,97,1,312.55,5795.78,0 336 138 239 122 296 347 332 324 275 277 104 211 244 223 102 352 363 323 194 147 101 95 222 0,122 211 222 277
PFG_MOEA,97,2,312.55,5795.78,0 335 360 207 307 313 359 187 100 310 282 143 79 160 50 60 257 270 379 195 5 309 280 351 237 256 274 49 198 252 236 381 23 90 12 214 185 118 281 26 334 298 371 72 52 130 44 386 80 0,5 307
PFG_MOEA,97,3,312.55,5795.78,0 13 19 226 57 127 109 59 137 136 273 77 151 218 197 388 261 106 173 302 107 164 67 312 201 362 123 51 145 294 174 339 132 142 120 269 321 299 0,174
PFG_MOEA,97,4,312.55,5795.78,0 340 233 135 88 249 35 235 161 68 58 34 231 289 366 267 228 141 266 303 357 319 86 199 156 94 0,303
PFG_MOEA,97,5,312.55,5795.78,0 38 172 182 397 36 11 92 374 230 311 350 4 314 193 37 322 121 146 320 364 393 3 229 308 356 264 259 246 42 300 329 112 191 152 221 242 96 0,42 264
PFG_MOEA,97,6,312.55,5795.78,0 200 165 129 0,
PFG_MOEA,97,7,312.55,5795.78,0 304 330 395 400 394 188 301 372 21 167 291 139 149 157 63 316 387 17 43 33 71 224 260 0,
PFG_MOEA,97,8,312.55,5795.78,0 399 247 28 250 345 377 262 1 255 327 254 73 215 85 93 179 232 225 97 148 238 192 48 31 0,93
PFG_MOEA,97,9,312.55,5795.78,0 378 69 183 354 265 346 315 99 175 251 190 390 18 103 155 83 234 213 227 398 209 361 170 367 25 55 217 56 7 180 333 317 286 140 110 62 297 65 283 326 305 154 204 6 208 241 220 158 189 64 20 126 124 0,175
PFG_MOEA,97,10,312.55,5795.78,0 287 382 383 10 268 272 30 66 166 205 271 39 391 53 293 133 331 285 392 115 245 396 240 385 288 177 181 358 337 384 111 116 76 113 81 29 325 355 131 84 114 389 105 341 219 0,
PFG_MOEA,97,11,312.55,5795.78,0 91 24 212 375 14 108 169 373 8 263 292 70 318 184 284 74 279 159 162 22 134 186 89 216 47 125 9 150 163 61 365 253 206 46 54 0,
PFG_MOEA,97,12,312.55,5795.78,0 41 82 178 117 243 344 349 343 290 368 376 258 248 328 75 171 87 153 278 210 45 353 348 2 119 128 295 40 32 276 196 78 98 27 176 144 342 370 306 202 338 203 168 369 380 16 15 0,16 87 203
PFG_MOEA,98,1,759.34,4800.0,0 219 341 105 389 114 84 131 355 325 29 81 113 76 116 111 384 337 358 181 177 288 385 240 396 245 115 392 285 331 133 293 53 163 150 9 125 47 216 89 61 206 253 365 0,245
PFG_MOEA,98,2,759.34,4800.0,0 22 134 186 162 159 279 74 284 184 318 70 292 263 8 373 169 108 14 375 212 24 91 0,318
PFG_MOEA,98,3,759.34,4800.0,0 304 31 48 148 260 224 71 33 129 238 330 192 200 165 112 191 152 127 57 109 59 137 273 136 247 17 43 85 215 73 254 69 354 183 327 387 157 149 188 394 316 63 262 1 255 250 28 42 400 395 377 345 356 264 259 246 308 229 197 218 151 77 107 164 67 302 388 3 106 173 261 320 364 393 312 201 362 329 300 123 51 145 322 121 146 294 174 339 132 120 142 37 269 321 299 340 233 135 88 249 35 161 235 68 58 34 386 231 289 366 267 228 44 130 52 72 303 357 319 266 141 86 92 199 156 94 230 311 374 11 36 397 350 4 314 193 182 172 13 19 226 221 242 96 80 38 0,33 106 174 200 303 311 394
PFG_MOEA,98,4,759.34,4800.0,0 378 83 155 103 18 190 251 175 99 315 346 372 301 167 21 139 291 265 390 234 0,
PFG_MOEA,98,5,759.34,4800.0,0 179 391 271 39 30 272 268 46 54 93 398 227 213 232 0,391
PFG_MOEA,98,6,759.34,4800.0,0 225 0,
PFG_MOEA,98,7,759.34,4800.0,0 97 209 361 170 367 0,
PFG_MOEA,98,8,759.34,4800.0,0 399 15 168 203 338 202 306 370 342 144 176 27 98 78 196 369 380 16 41 82 178 117 243 344 349 66 343 290 368 376 258 248 328 75 348 353 45 210 278 153 171 87 6 208 205 166 158 189 220 241 62 297 65 283 204 154 305 326 110 140 180 333 317 286 25 55 217 56 7 124 126 20 64 287 10 383 382 0,62 66 205 220 342
PFG_MOEA,98,9,759.34,4800.0,0 2 119 128 295 40 32 276 239 122 296 332 347 138 336 222 95 101 194 147 324 275 323 363 352 277 102 223 244 211 104 310 100 282 143 79 160 50 60 257 270 379 195 5 309 280 351 237 256 274 49 198 252 236 0,
PFG_MOEA,98,10,759.34,4800.0,0 381 23 90 12 207 307 0,
PFG_MOEA,98,11,759.34,4800.0,0 335 187 359 313 360 214 0,
PFG_MOEA,98,12,759.34,4800.0,0 185 118 281 26 334 298 371 0,
PFG_MOEA,99,1,314.81,5596.11,0 12 90 128 236 252 336 276 138 222 198 49 274 256 237 351 280 309 5 290 343 313 207 0,222
PFG_MOEA,99,2,314.81,5596.11,0 91 292 263 8 373 169 108 14 375 212 24 371 219 341 298 334 26 281 118 185 214 295 40 32 239 122 95 101 352 363 323 194 275 277 102 100 23 381 119 2 307 359 187 148 48 31 304 0,23
PFG_MOEA,99,3,314.81,5596.11,0 260 224 71 33 127 152 191 112 165 200 129 238 330 192 0,33
PFG_MOEA,99,4,314.81,5596.11,0 57 67 302 173 106 3 388 164 107 77 151 218 197 229 308 246 259 264 356 345 377 395 400 42 28 250 255 1 262 63 316 394 188 149 157 387 327 183 354 69 254 73 215 85 43 17 247 136 273 137 59 109 0,
PFG_MOEA,99,5,314.81,5596.11,0 329 300 362 123 51 145 322 121 146 201 261 320 364 393 312 294 174 339 132 206 253 365 360 335 0,362 393
PFG_MOEA,99,6,314.81,5596.11,0 61 358 181 177 288 385 240 396 245 115 392 285 331 133 293 53 163 150 9 125 47 216 89 0,
PFG_MOEA,99,7,314.81,5596.11,0 80 13 19 226 35 161 235 58 34 386 231 289 366 267 228 44 130 52 72 318 70 184 284 74 279 159 162 389 114 355 325 384 337 111 116 76 113 81 29 131 84 105 186 134 22 0,
PFG_MOEA,99,8,314.81,5596.11,0 38 96 242 221 172 182 397 350 311 4 314 193 230 94 156 374 36 11 92 319 357 303 266 141 86 199 68 135 88 249 233 340 299 321 269 120 142 37 301 21 139 291 167 372 346 315 99 175 251 0,182
PFG_MOEA,99,9,314.81,5596.11,0 97 225 232 179 391 271 158 241 62 297 65 283 204 154 305 326 110 140 286 317 333 180 220 126 124 7 56 217 55 25 367 170 361 209 227 234 213 190 390 265 18 103 155 83 378 398 93 54 46 268 272 30 39 0,65 154
PFG_MOEA,99,10,314.81,5596.11,0 399 15 16 380 41 82 178 117 243 344 349 20 189 64 166 205 208 6 87 171 153 278 210 353 258 376 368 66 287 10 383 382 0,243
PFG_MOEA,99,11,314.81,5596.11,0 369 338 203 168 0,
PFG_MOEA,99,12,314.81,5596.11,0 202 306 370 342 144 176 27 98 78 196 296 347 332 324 147 211 244 223 104 310 282 143 79 160 50 60 257 270 379 195 45 348 75 328 248 0,370
PFG_MOEA,100,1,411.21,4974.5,0 12 90 381 23 32 276 239 336 138 222 198 49 274 256 237 351 280 252 236 128 119 2 0,23
PFG_MOEA,100,2,411.21,4974.5,0 22 118 185 214 295 40 122 392 285 331 133 293 53 101 352 363 323 194 275 277 102 100 95 163 61 89 207 307 313 359 365 253 206 187 0,22 100
PFG_MOEA,100,3,411.21,4974.5,0 115 0,
PFG_MOEA,100,4,411.21,4974.5,0 245 396 240 385 288 177 181 358 337 384 111 116 76 113 81 29 325 355 0,
PFG_MOEA,100,5,411.21,4974.5,0 281 26 334 298 341 134 186 131 84 114 389 105 219 371 162 159 74 279 91 24 212 375 284 14 184 318 70 292 263 8 373 169 108 72 52 130 44 386 362 201 312 67 164 107 302 173 106 261 388 197 218 151 77 273 136 137 59 109 127 57 226 19 13 80 0,77 106 284
PFG_MOEA,100,6,411.21,4974.5,0 38 172 182 319 303 357 266 141 86 199 228 267 366 289 231 34 58 68 161 235 35 249 88 135 233 156 94 230 374 92 11 36 397 350 311 4 314 193 340 299 321 269 120 142 37 51 123 145 132 339 322 121 146 294 174 320 364 393 3 229 308 356 264 259 246 42 300 329 112 221 242 96 0,51 174 229 246 299
PFG_MOEA,100,7,411.21,4974.5,0 399 200 165 191 152 247 255 1 262 250 28 345 377 395 400 394 188 301 372 21 167 291 139 149 157 63 316 387 327 17 43 85 215 73 254 183 354 69 265 346 315 99 175 251 190 390 18 103 155 83 378 213 234 227 398 93 224 179 232 225 97 71 33 260 148 238 129 330 192 48 31 304 0,93
PFG_MOEA,100,8,411.21,4974.5,0 382 383 10 391 271 39 46 54 268 272 30 66 166 205 208 6 204 154 305 326 283 65 297 62 241 110 140 286 317 333 180 220 158 189 64 20 126 124 7 56 217 55 25 367 170 361 209 287 0,55 62 66 220
PFG_MOEA,100,9,411.21,4974.5,0 380 0,
PFG_MOEA,100,10,411.21,4974.5,0 16 369 15 0,
PFG_MOEA,100,11,411.21,4974.5,0 168 203 178 82 41 0,178
PFG_MOEA,100,12,411.21,4974.5,0 335 360 338 202 306 370 342 144 176 27 98 78 196 296 347 332 216 47 125 9 150 147 324 211 244 223 104 310 282 143 309 5 195 379 79 160 50 60 270 257 210 45 153 278 87 171 353 348 75 328 248 258 376 368 290 343 349 344 243 117 0,
PFG_MOEA,101,1,312.55,5795.78,0 336 138 239 122 296 347 332 324 275 277 104 211 244 223 102 352 363 323 194 147 101 95 222 0,122 211 222 277
PFG_MOEA,101,2,312.55,5795.78,0 335 360 207 307 313 359 187 100 310 282 143 79 160 50 60 257 270 379 195 5 309 280 351 237 256 274 49 198 252 236 381 23 90 12 214 185 118 281 26 334 298 371 72 52 130 44 386 80 0,5 307
PFG_MOEA,101,3,312.55,5795.78,0 13 19 226 57 127 109 59 137 136 273 77 151 218 197 388 261 106 173 302 107 164 67 312 201 362 123 51 145 294 174 339 132 142 120 269 321 299 0,174
PFG_MOEA,101,4,312.55,5795.78,0 340 233 135 88 249 35 235 161 68 58 34 231 289 366 267 228 141 266 303 357 319 86 199 156 94 0,303
PFG_MOEA,101,5,312.55,5795.78,0 38 172 182 397 36 11 92 374 230 311 350 4 314 193 37 322 121 146 320 364 393 3 229 308 356 264 259 246 42 300 329 112 191 152 221 242 96 0,42 264
PFG_MOEA,101,6,312.55,5795.78,0 200 165 129 0,
PFG_MOEA,101,7,312.55,5795.78,0 304 330 395 400 394 188 301 372 21 167 291 139 149 157 63 316 387 17 43 33 71 224 260 0,
PFG_MOEA,101,8,312.55,5795.78,0 399 247 28 250 345 377 262 1 255 327 254 73 215 85 93 179 232 225 97 148 238 192 48 31 0,93
PFG_MOEA,101,9,312.55,5795.78,0 378 69 183 354 265 346 315 99 175 251 190 390 18 103 155 83 234 213 227 398 209 361 170 367 25 55 217 56 7 180 333 317 286 140 110 62 297 65 283 326 305 154 204 6 208 241 220 158 189 64 20 126 124 0,175
PFG_MOEA,101,10,312.55,5795.78,0 287 382 383 10 268 272 30 66 166 205 271 39 391 53 293 133 331 285 392 115 245 396 240 385 288 177 181 358 337 384 111 116 76 113 81 29 325 355 131 84 114 389 105 341 219 0,
PFG_MOEA,101,11,312.55,5795.78,0 91 24 212 375 14 108 169 373 8 263 292 70 318 184 284 74 279 159 162 22 134 186 89 216 47 125 9 150 163 61 365 253 206 46 54 0,
PFG_MOEA,101,12,312.55,5795.78,0 41 82 178 117 243 344 349 343 290 368 376 258 248 328 75 171 87 153 278 210 45 353 348 2 119 128 295 40 32 276 196 78 98 27 176 144 342 370 306 202 338 203 168 369 380 16 15 0,16 87 203
PFG_MOEA,102,1,759.34,4800.0,0 219 341 105 389 114 84 131 355 325 29 81 113 76 116 111 384 337 358 181 177 288 385 240 396 245 115 392 285 331 133 293 53 163 150 9 125 47 216 89 61 206 253 365 0,245
PFG_MOEA,102,2,759.34,4800.0,0 22 134 186 162 159 279 74 284 184 318 70 292 263 8 373 169 108 14 375 212 24 91 0,318
PFG_MOEA,102,3,759.34,4800.0,0 304 31 48 148 260 224 71 33 129 238 330 192 200 165 112 191 152 127 57 109 59 137 273 136 247 17 43 85 215 73 254 69 354 183 327 387 157 149 188 394 316 63 262 1 255 250 28 42 400 395 377 345 356 264 259 246 308 229 197 218 151 77 107 164 67 302 388 3 106 173 261 320 364 393 312 201 362 329 300 123 51 145 322 121 146 294 174 339 132 120 142 37 269 321 299 340 233 135 88 249 35 161 235 68 58 34 386 231 289 366 267 228 44 130 52 72 303 357 319 266 141 86 92 199 156 94 230 311 374 11 36 397 350 4 314 193 182 172 13 19 226 221 242 96 80 38 0,33 106 174 200 303 311 394
PFG_MOEA,102,4,759.34,4800.0,0 378 83 155 103 18 190 251 175 99 315 346 372 301 167 21 139 291 265 390 234 0,
PFG_MOEA,102,5,759.34,4800.0,0 179 391 271 39 30 272 268 46 54 93 398 227 213 232 0,391
PFG_MOEA,102,6,759.34,4800.0,0 225 0,
PFG_MOEA,102,7,759.34,4800.0,0 97 209 361 170 367 0,
PFG_MOEA,102,8,759.34,4800.0,0 399 15 168 203 338 202 306 370 342 144 176 27 98 78 196 369 380 16 41 82 178 117 243 344 349 66 343 290 368 376 258 248 328 75 348 353 45 210 278 153 171 87 6 208 205 166 158 189 220 241 62 297 65 283 204 154 305 326 110 140 180 333 317 286 25 55 217 56 7 124 126 20 64 287 10 383 382 0,62 66 205 220 342
PFG_MOEA,102,9,759.34,4800.0,0 2 119 128 295 40 32 276 239 122 296 332 347 138 336 222 95 101 194 147 324 275 323 363 352 277 102 223 244 211 104 310 100 282 143 79 160 50 60 257 270 379 195 5 309 280 351 237 256 274 49 198 252 236 0,
PFG_MOEA,102,10,759.34,4800.0,0 381 23 90 12 207 307 0,
PFG_MOEA,102,11,759.34,4800.0,0 335 187 359 313 360 214 0,
PFG_MOEA,102,12,759.34,4800.0,0 185 118 281 26 334 298 371 0,
PFG_MOEA,103,1,314.81,5596.11,0 12 90 128 236 252 336 276 138 222 198 49 274 256 237 351 280 309 5 290 343 313 207 0,222
PFG_MOEA,103,2,314.81,5596.11,0 91 292 263 8 373 169 108 14 375 212 24 371 219 341 298 334 26 281 118 185 214 295 40 32 239 122 95 101 352 363 323 194 275 277 102 100 23 381 119 2 307 359 187 148 48 31 304 0,23
PFG_MOEA,103,3,314.81,5596.11,0 260 224 71 33 127 152 191 112 165 200 129 238 330 192 0,33
PFG_MOEA,103,4,314.81,5596.11,0 57 67 302 173 106 3 388 164 107 77 151 218 197 229 308 246 259 264 356 345 377 395 400 42 28 250 255 1 262 63 316 394 188 149 157 387 327 183 354 69 254 73 215 85 43 17 247 136 273 137 59 109 0,
PFG_MOEA,103,5,314.81,5596.11,0 329 300 362 123 51 145 322 121 146 201 261 320 364 393 312 294 174 339 132 206 253 365 360 335 0,362 393
PFG_MOEA,103,6,314.81,5596.11,0 61 358 181 177 288 385 240 396 245 115 392 285 331 133 293 53 163 150 9 125 47 216 89 0,
PFG_MOEA,103,7,314.81,5596.11,0 80 13 19 226 35 161 235 58 34 386 231 289 366 267 228 44 130 52 72 318 70 184 284 74 279 159 162 389 114 355 325 384 337 111 116 76 113 81 29 131 84 105 186 134 22 0,
PFG_MOEA,103,8,314.81,5596.11,0 38 96 242 221 172 182 397 350 311 4 314 193 230 94 156 374 36 11 92 319 357 303 266 141 86 199 68 135 88 249 233 340 299 321 269 120 142 37 301 21 139 291 167 372 346 315 99 175 251 0,182
PFG_MOEA,103,9,314.81,5596.11,0 97 225 232 179 391 271 158 241 62 297 65 283 204 154 305 326 110 140 286 317 333 180 220 126 124 7 56 217 55 25 367 170 361 209 227 234 213 190 390 265 18 103 155 83 378 398 93 54 46 268 272 30 39 0,65 154
PFG_MOEA,103,10,314.81,5596.11,0 399 15 16 380 41 82 178 117 243 344 349 20 189 64 166 205 208 6 87 171 153 278 210 353 258 376 368 66 287 10 383 382 0,243
PFG_MOEA,103,11,314.81,5596.11,0 369 338 203 168 0,
PFG_MOEA,103,12,314.81,5596.11,0 202 306 370 342 144 176 27 98 78 196 296 347 332 324 147 211 244 223 104 310 282 143 79 160 50 60 257 270 379 195 45 348 75 328 248 0,370
PFG_MOEA,104,1,411.21,4974.5,0 12 90 381 23 32 276 239 336 138 222 198 49 274 256 237 351 280 252 236 128 119 2 0,23
PFG_MOEA,104,2,411.21,4974.5,0 22 118 185 214 295 40 122 392 285 331 133 293 53 101 352 363 323 194 275 277 102 100 95 163 61 89 207 307 313 359 365 253 206 187 0,22 100
PFG_MOEA,104,3,411.21,4974.5,0 115 0,
PFG_MOEA,104,4,411.21,4974.5,0 245 396 240 385 288 177 181 358 337 384 111 116 76 113 81 29 325 355 0,
PFG_MOEA,104,5,411.21,4974.5,0 281 26 334 298 341 134 186 131 84 114 389 105 219 371 162 159 74 279 91 24 212 375 284 14 184 318 70 292 263 8 373 169 108 72 52 130 44 386 362 201 312 67 164 107 302 173 106 261 388 197 218 151 77 273 136 137 59 109 127 57 226 19 13 80 0,77 106 284
PFG_MOEA,104,6,411.21,4974.5,0 38 172 182 319 303 357 266 141 86 199 228 267 366 289 231 34 58 68 161 235 35 249 88 135 233 156 94 230 374 92 11 36 397 350 311 4 314 193 340 299 321 269 120 142 37 51 123 145 132 339 322 121 146 294 174 320 364 393 3 229 308 356 264 259 246 42 300 329 112 221 242 96 0,51 174 229 246 299
PFG_MOEA,104,7,411.21,4974.5,0 399 200 165 191 152 247 255 1 262 250 28 345 377 395 400 394 188 301 372 21 167 291 139 149 157 63 316 387 327 17 43 85 215 73 254 183 354 69 265 346 315 99 175 251 190 390 18 103 155 83 378 213 234 227 398 93 224 179 232 225 97 71 33 260 148 238 129 330 192 48 31 304 0,93
PFG_MOEA,104,8,411.21,4974.5,0 382 383 10 391 271 39 46 54 268 272 30 66 166 205 208 6 204 154 305 326 283 65 297 62 241 110 140 286 317 333 180 220 158 189 64 20 126 124 7 56 217 55 25 367 170 361 209 287 0,55 62 66 220
PFG_MOEA,104,9,411.21,4974.5,0 380 0,
PFG_MOEA,104,10,411.21,4974.5,0 16 369 15 0,
PFG_MOEA,104,11,411.21,4974.5,0 168 203 178 82 41 0,178
PFG_MOEA,104,12,411.21,4974.5,0 335 360 338 202 306 370 342 144 176 27 98 78 196 296 347 332 216 47 125 9 150 147 324 211 244 223 104 310 282 143 309 5 195 379 79 160 50 60 270 257 210 45 153 278 87 171 353 348 75 328 248 258 376 368 290 343 349 344 243 117 0,
PFG_MOEA,105,1,312.55,5795.78,0 336 138 239 122 296 347 332 324 275 277 104 211 244 223 102 352 363 323 194 147 101 95 222 0,122 211 222 277
PFG_MOEA,105,2,312.55,5795.78,0 335 360 207 307 313 359 187 100 310 282 143 79 160 50 60 257 270 379 195 5 309 280 351 237 256 274 49 198 252 236 381 23 90 12 214 185 118 281 26 334 298 371 72 52 130 44 386 80 0,5 307
PFG_MOEA,105,3,312.55,5795.78,0 13 19 226 57 127 109 59 137 136 273 77 151 218 197 388 261 106 173 302 107 164 67 312 201 362 123 51 145 294 174 339 132 142 120 269 321 299 0,174
PFG_MOEA,105,4,312.55,5795.78,0 340 233 135 88 249 35 235 161 68 58 34 231 289 366 267 228 141 266 303 357 319 86 199 156 94 0,303
PFG_MOEA,105,5,312.55,5795.78,0 38 172 182 397 36 11 92 374 230 311 350 4 314 193 37 322 121 146 320 364 393 3 229 308 356 264 259 246 42 300 329 112 191 152 221 242 96 0,42 264
PFG_MOEA,105,6,312.55,5795.78,0 200 165 129 0,
PFG_MOEA,105,7,312.55,5795.78,0 304 330 395 400 394 188 301 372 21 167 291 139 149 157 63 316 387 17 43 33 71 224 260 0,
PFG_MOEA,105,8,312.55,5795.78,0 399 247 28 250 345 377 262 1 255 327 254 73 215 85 93 179 232 225 97 148 238 192 48 31 0,93
PFG_MOEA,105,9,312.55,5795.78,0 378 69 183 354 265 346 315 99 175 251 190 390 18 103 155 83 234 213 227 398 209 361 170 367 25 55 217 56 7 180 333 317 286 140 110 62 297 65 283 326 305 154 204 6 208 241 220 158 189 64 20 126 124 0,175
PFG_MOEA,105,10,312.55,5795.78,0 287 382 383 10 268 272 30 66 166 205 271 39 391 53 293 133 331 285 392 115 245 396 240 385 288 177 181 358 337 384 111 116 76 113 81 29 325 355 131 84 114 389 105 341 219 0,
PFG_MOEA,105,11,312.55,5795.78,0 91 24 212 375 14 108 169 373 8 263 292 70 318 184 284 74 279 159 162 22 134 186 89 216 47 125 9 150 163 61 365 253 206 46 54 0,
PFG_MOEA,105,12,312.55,5795.78,0 41 82 178 117 243 344 349 343 290 368 376 258 248 328 75 171 87 153 278 210 45 353 348 2 119 128 295 40 32 276 196 78 98 27 176 144 342 370 306 202 338 203 168 369 380 16 15 0,16 87 203
PFG_MOEA,106,1,759.34,4800.0,0 219 341 105 389 114 84 131 355 325 29 81 113 76 116 111 384 337 358 181 177 288 385 240 396 245 115 392 285 331 133 293 53 163 150 9 125 47 216 89 61 206 253 365 0,245
PFG_MOEA,106,2,759.34,4800.0,0 22 134 186 162 159 279 74 284 184 318 70 292 263 8 373 169 108 14 375 212 24 91 0,318
PFG_MOEA,106,3,759.34,4800.0,0 304 31 48 148 260 224 71 33 129 238 330 192 200 165 112 191 152 127 57 109 59 137 273 136 247 17 43 85 215 73 254 69 354 183 327 387 157 149 188 394 316 63 262 1 255 250 28 42 400 395 377 345 356 264 259 246 308 229 197 218 151 77 107 164 67 302 388 3 106 173 261 320 364 393 312 201 362 329 300 123 51 145 322 121 146 294 174 339 132 120 142 37 269 321 299 340 233 135 88 249 35 161 235 68 58 34 386 231 289 366 267 228 44 130 52 72 303 357 319 266 141 86 92 199 156 94 230 311 374 11 36 397 350 4 314 193 182 172 13 19 226 221 242 96 80 38 0,33 106 174 200 303 311 394
PFG_MOEA,106,4,759.34,4800.0,0 378 83 155 103 18 190 251 175 99 315 346 372 301 167 21 139 291 265 390 234 0,
PFG_MOEA,106,5,759.34,4800.0,0 179 391 271 39 30 272 268 46 54 93 398 227 213 232 0,391
PFG_MOEA,106,6,759.34,4800.0,0 225 0,
PFG_MOEA,106,7,759.34,4800.0,0 97 209 361 170 367 0,
PFG_MOEA,106,8,759.34,4800.0,0 399 15 168 203 338 202 306 370 342 144 176 27 98 78 196 369 380 16 41 82 178 117 243 344 349 66 343 290 368 376 258 248 328 75 348 353 45 210 278 153 171 87 6 208 205 166 158 189 220 241 62 297 65 283 204 154 305 326 110 140 180 333 317 286 25 55 217 56 7 124 126 20 64 287 10 383 382 0,62 66 205 220 342
PFG_MOEA,106,9,759.34,4800.0,0 2 119 128 295 40 32 276 239 122 296 332 347 138 336 222 95 101 194 147 324 275 323 363 352 277 102 223 244 211 104 310 100 282 143 79 160 50 60 257 270 379 195 5 309 280 351 237 256 274 49 198 252 236 0,
PFG_MOEA,106,10,759.34,4800.0,0 381 23 90 12 207 307 0,
PFG_MOEA,106,11,759.34,4800.0,0 335 187 359 313 360 214 0,
PFG_MOEA,106,12,759.34,4800.0,0 185 118 281 26 334 298 371 0,
PFG_MOEA,107,1,314.81,5596.11,0 12 90 128 236 252 336 276 138 222 198 49 274 256 237 351 280 309 5 290 343 313 207 0,222
PFG_MOEA,107,2,314.81,5596.11,0 91 292 263 8 373 169 108 14 375 212 24 371 219 341 298 334 26 281 118 185 214 295 40 32 239 122 95 101 352 363 323 194 275 277 102 100 23 381 119 2 307 359 187 148 48 31 304 0,23
PFG_MOEA,107,3,314.81,5596.11,0 260 224 71 33 127 152 191 112 165 200 129 238 330 192 0,33
PFG_MOEA,107,4,314.81,5596.11,0 57 67 302 173 106 3 388 164 107 77 151 218 197 229 308 246 259 264 356 345 377 395 400 42 28 250 255 1 262 63 316 394 188 149 157 387 327 183 354 69 254 73 215 85 43 17 247 136 273 137 59 109 0,
PFG_MOEA,107,5,314.81,5596.11,0 329 300 362 123 51 145 322 121 146 201 261 320 364 393 312 294 174 339 132 206 253 365 360 335 0,362 393
PFG_MOEA,107,6,314.81,5596.11,0 61 358 181 177 288 385 240 396 245 115 392 285 331 133 293 53 163 150 9 125 47 216 89 0,
PFG_MOEA,107,7,314.81,5596.11,0 80 13 19 226 35 161 235 58 34 386 231 289 366 267 228 44 130 52 72 318 70 184 284 74 279 159 162 389 114 355 325 384 337 111 116 76 113 81 29 131 84 105 186 134 22 0,
PFG_MOEA,107,8,314.81,5596.11,0 38 96 242 221 172 182 397 350 311 4 314 193 230 94 156 374 36 11 92 319 357 303 266 141 86 199 68 135 88 249 233 340 299 321 269 120 142 37 301 21 139 291 167 372 346 315 99 175 251 0,182
PFG_MOEA,107,9,314.81,5596.11,0 97 225 232 179 391 271 158 241 62 297 65 283 204 154 305 326 110 140 286 317 333 180 220 126 124 7 56 217 55 25 367 170 361 209 227 234 213 190 390 265 18 103 155 83 378 398 93 54 46 268 272 30 39 0,65 154
PFG_MOEA,107,10,314.81,5596.11,0 399 15 16 380 41 82 178 117 243 344 349 20 189 64 166 205 208 6 87 171 153 278 210 353 258 376 368 66 287 10 383 382 0,243
PFG_MOEA,107,11,314.81,5596.11,0 369 338 203 168 0,
PFG_MOEA,107,12,314.81,5596.11,0 202 306 370 342 144 176 27 98 78 196 296 347 332 324 147 211 244 223 104 310 282 143 79 160 50 60 257 270 379 195 45 348 75 328 248 0,370
PFG_MOEA,108,1,411.21,4974.5,0 12 90 381 23 32 276 239 336 138 222 198 49 274 256 237 351 280 252 236 128 119 2 0,23
PFG_MOEA,108,2,411.21,4974.5,0 22 118 185 214 295 40 122 392 285 331 133 293 53 101 352 363 323 194 275 277 102 100 95 163 61 89 207 307 313 359 365 253 206 187 0,22 100
PFG_MOEA,108,3,411.21,4974.5,0 115 0,
PFG_MOEA,108,4,411.21,4974.5,0 245 396 240 385 288 177 181 358 337 384 111 116 76 113 81 29 325 355 0,
PFG_MOEA,108,5,411.21,4974.5,0 281 26 334 298 341 134 186 131 84 114 389 105 219 371 162 159 74 279 91 24 212 375 284 14 184 318 70 292 263 8 373 169 108 72 52 130 44 386 362 201 312 67 164 107 302 173 106 261 388 197 218 151 77 273 136 137 59 109 127 57 226 19 13 80 0,77 106 284
PFG_MOEA,108,6,411.21,4974.5,0 38 172 182 319 303 357 266 141 86 199 228 267 366 289 231 34 58 68 161 235 35 249 88 135 233 156 94 230 374 92 11 36 397 350 311 4 314 193 340 299 321 269 120 142 37 51 123 145 132 339 322 121 146 294 174 320 364 393 3 229 308 356 264 259 246 42 300 329 112 221 242 96 0,51 174 229 246 299
PFG_MOEA,108,7,411.21,4974.5,0 399 200 165 191 152 247 255 1 262 250 28 345 377 395 400 394 188 301 372 21 167 291 139 149 157 63 316 387 327 17 43 85 215 73 254 183 354 69 265 346 315 99 175 251 190 390 18 103 155 83 378 213 234 227 398 93 224 179 232 225 97 71 33 260 148 238 129 330 192 48 31 304 0,93
PFG_MOEA,108,8,411.21,4974.5,0 382 383 10 391 271 39 46 54 268 272 30 66 166 205 208 6 204 154 305 326 283 65 297 62 241 110 140 286 317 333 180 220 158 189 64 20 126 124 7 56 217 55 25 367 170 361 209 287 0,55 62 66 220
PFG_MOEA,108,9,411.21,4974.5,0 380 0,
PFG_MOEA,108,10,411.21,4974.5,0 16 369 15 0,
PFG_MOEA,108,11,411.21,4974.5,0 168 203 178 82 41 0,178
PFG_MOEA,108,12,411.21,4974.5,0 335 360 338 202 306 370 342 144 176 27 98 78 196 296 347 332 216 47 125 9 150 147 324 211 244 223 104 310 282 143 309 5 195 379 79 160 50 60 270 257 210 45 153 278 87 171 353 348 75 328 248 258 376 368 290 343 349 344 243 117 0,
PFG_MOEA,109,1,312.55,5795.78,0 336 138 239 122 296 347 332 324 275 277 104 211 244 223 102 352 363 323 194 147 101 95 222 0,122 211 222 277
PFG_MOEA,109,2,312.55,5795.78,0 335 360 207 307 313 359 187 100 310 282 143 79 160 50 60 257 270 379 195 5 309 280 351 237 256 274 49 198 252 236 381 23 90 12 214 185 118 281 26 334 298 371 72 52 130 44 386 80 0,5 307
PFG_MOEA,109,3,312.55,5795.78,0 13 19 226 57 127 109 59 137 136 273 77 151 218 197 388 261 106 173 302 107 164 67 312 201 362 123 51 145 294 174 339 132 142 120 269 321 299 0,174
PFG_MOEA,109,4,312.55,5795.78,0 340 233 135 88 249 35 235 161 68 58 34 231 289 366 267 228 141 266 303 357 319 86 199 156 94 0,303
PFG_MOEA,109,5,312.55,5795.78,0 38 172 182 397 36 11 92 374 230 311 350 4 314 193 37 322 121 146 320 364 393 3 229 308 356 264 259 246 42 300 329 112 191 152 221 242 96 0,42 264
PFG_MOEA,109,6,312.55,5795.78,0 200 165 129 0,
PFG_MOEA,109,7,312.55,5795.78,0 304 330 395 400 394 188 301 372 21 167 291 139 149 157 63 316 387 17 43 33 71 224 260 0,
PFG_MOEA,109,8,312.55,5795.78,0 399 247 28 250 345 377 262 1 255 327 254 73 215 85 93 179 232 225 97 148 238 192 48 31 0,93
PFG_MOEA,109,9,312.55,5795.78,0 378 69 183 354 265 346 315 99 175 251 190 390 18 103 155 83 234 213 227 398 209 361 170 367 25 55 217 56 7 180 333 317 286 140 110 62 297 65 283 326 305 154 204 6 208 241 220 158 189 64 20 126 124 0,175
PFG_MOEA,109,10,312.55,5795.78,0 287 382 383 10 268 272 30 66 166 205 271 39 391 53 293 133 331 285 392 115 245 396 240 385 288 177 181 358 337 384 111 116 76 113 81 29 325 355 131 84 114 389 105 341 219 0,
PFG_MOEA,109,11,312.55,5795.78,0 91 24 212 375 14 108 169 373 8 263 292 70 318 184 284 74 279 159 162 22 134 186 89 216 47 125 9 150 163 61 365 253 206 46 54 0,
PFG_MOEA,109,12,312.55,5795.78,0 41 82 178 117 243 344 349 343 290 368 376 258 248 328 75 171 87 153 278 210 45 353 348 2 119 128 295 40 32 276 196 78 98 27 176 144 342 370 306 202 338 203 168 369 380 16 15 0,16 87 203
PFG_MOEA,110,1,759.34,4800.0,0 219 341 105 389 114 84 131 355 325 29 81 113 76 116 111 384 337 358 181 177 288 385 240 396 245 115 392 285 331 133 293 53 163 150 9 125 47 216 89 61 206 253 365 0,245
PFG_MOEA,110,2,759.34,4800.0,0 22 134 186 162 159 279 74 284 184 318 70 292 263 8 373 169 108 14 375 212 24 91 0,318
PFG_MOEA,110,3,759.34,4800.0,0 304 31 48 148 260 224 71 33 129 238 330 192 200 165 112 191 152 127 57 109 59 137 273 136 247 17 43 85 215 73 254 69 354 183 327 387 157 149 188 394 316 63 262 1 255 250 28 42 400 395 377 345 356 264 259 246 308 229 197 218 151 77 107 164 67 302 388 3 106 173 261 320 364 393 312 201 362 329 300 123 51 145 322 121 146 294 174 339 132 120 142 37 269 321 299 340 233 135 88 249 35 161 235 68 58 34 386 231 289 366 267 228 44 130 52 72 303 357 319 266 141 86 92 199 156 94 230 311 374 11 36 397 350 4 314 193 182 172 13 19 226 221 242 96 80 38 0,33 106 174 200 303 311 394
PFG_MOEA,110,4,759.34,4800.0,0 378 83 155 103 18 190 251 175 99 315 346 372 301 167 21 139 291 265 390 234 0,
PFG_MOEA,110,5,759.34,4800.0,0 179 391 271 39 30 272 268 46 54 93 398 227 213 232 0,391
PFG_MOEA,110,6,759.34,4800.0,0 225 0,
PFG_MOEA,110,7,759.34,4800.0,0 97 209 361 170 367 0,
PFG_MOEA,110,8,759.34,4800.0,0 399 15 168 203 338 202 306 370 342 144 176 27 98 78 196 369 380 16 41 82 178 117 243 344 349 66 343 290 368 376 258 248 328 75 348 353 45 210 278 153 171 87 6 208 205 166 158 189 220 241 62 297 65 283 204 154 305 326 110 140 180 333 317 286 25 55 217 56 7 124 126 20 64 287 10 383 382 0,62 66 205 220 342
PFG_MOEA,110,9,759.34,4800.0,0 2 119 128 295 40 32 276 239 122 296 332 347 138 336 222 95 101 194 147 324 275 323 363 352 277 102 223 244 211 104 310 100 282 143 79 160 50 60 257 270 379 195 5 309 280 351 237 256 274 49 198 252 236 0,
PFG_MOEA,110,10,759.34,4800.0,0 381 23 90 12 207 307 0,
PFG_MOEA,110,11,759.34,4800.0,0 335 187 359 313 360 214 0,
PFG_MOEA,110,12,759.34,4800.0,0 185 118 281 26 334 298 371 0,
PFG_MOEA,111,1,314.81,5596.11,0 12 90 128 236 252 336 276 138 222 198 49 274 256 237 351 280 309 5 290 343 313 207 0,222
PFG_MOEA,111,2,314.81,5596.11,0 91 292 263 8 373 169 108 14 375 212 24 371 219 341 298 334 26 281 118 185 214 295 40 32 239 122 95 101 352 363 323 194 275 277 102 100 23 381 119 2 307 359 187 148 48 31 304 0,23
PFG_MOEA,111,3,314.81,5596.11,0 260 224 71 33 127 152 191 112 165 200 129 238 330 192 0,33
PFG_MOEA,111,4,314.81,5596.11,0 57 67 302 173 106 3 388 164 107 77 151 218 197 229 308 246 259 264 356 345 377 395 400 42 28 250 255 1 262 63 316 394 188 149 157 387 327 183 354 69 254 73 215 85 43 17 247 136 273 137 59 109 0,
PFG_MOEA,111,5,314.81,5596.11,0 329 300 362 123 51 145 322 121 146 201 261 320 364 393 312 294 174 339 132 206 253 365 360 335 0,362 393
PFG_MOEA,111,6,314.81,5596.11,0 61 358 181 177 288 385 240 396 245 115 392 285 331 133 293 53 163 150 9 125 47 216 89 0,
PFG_MOEA,111,7,314.81,5596.11,0 80 13 19 226 35 161 235 58 34 386 231 289 366 267 228 44 130 52 72 318 70 184 284 74 279 159 162 389 114 355 325 384 337 111 116 76 113 81 29 131 84 105 186 134 22 0,
PFG_MOEA,111,8,314.81,5596.11,0 38 96 242 221 172 182 397 350 311 4 314 193 230 94 156 374 36 11 92 319 357 303 266 141 86 199 68 135 88 249 233 340 299 321 269 120 142 37 301 21 139 291 167 372 346 315 99 175 251 0,182
PFG_MOEA,111,9,314.81,5596.11,0 97 225 232 179 391 271 158 241 62 297 65 283 204 154 305 326 110 140 286 317 333 180 220 126 124 7 56 217 55 25 367 170 361 209 227 234 213 190 390 265 18 103 155 83 378 398 93 54 46 268 272 30 39 0,65 154
PFG_MOEA,111,10,314.81,5596.11,0 399 15 16 380 41 82 178 117 243 344 349 20 189 64 166 205 208 6 87 171 153 278 210 353 258 376 368 66 287 10 383 382 0,243
PFG_MOEA,111,11,314.81,5596.11,0 369 338 203 168 0,
PFG_MOEA,111,12,314.81,5596.11,0 202 306 370 342 144 176 27 98 78 196 296 347 332 324 147 211 244 223 104 310 282 143 79 160 50 60 257 270 379 195 45 348 75 328 248 0,370
PFG_MOEA,112,1,411.21,4974.5,0 12 90 381 23 32 276 239 336 138 222 198 49 274 256 237 351 280 252 236 128 119 2 0,23
PFG_MOEA,112,2,411.21,4974.5,0 22 118 185 214 295 40 122 392 285 331 133 293 53 101 352 363 323 194 275 277 102 100 95 163 61 89 207 307 313 359 365 253 206 187 0,22 100
PFG_MOEA,112,3,411.21,4974.5,0 115 0,
PFG_MOEA,112,4,411.21,4974.5,0 245 396 240 385 288 177 181 358 337 384 111 116 76 113 81 29 325 355 0,
PFG_MOEA,112,5,411.21,4974.5,0 281 26 334 298 341 134 186 131 84 114 389 105 219 371 162 159 74 279 91 24 212 375 284 14 184 318 70 292 263 8 373 169 108 72 52 130 44 386 362 201 312 67 164 107 302 173 106 261 388 197 218 151 77 273 136 137 59 109 127 57 226 19 13 80 0,77 106 284
PFG_MOEA,112,6,411.21,4974.5,0 38 172 182 319 303 357 266 141 86 199 228 267 366 289 231 34 58 68 161 235 35 249 88 135 233 156 94 230 374 92 11 36 397 350 311 4 314 193 340 299 321 269 120 142 37 51 123 145 132 339 322 121 146 294 174 320 364 393 3 229 308 356 264 259 246 42 300 329 112 221 242 96 0,51 174 229 246 299
PFG_MOEA,112,7,411.21,4974.5,0 399 200 165 191 152 247 255 1 262 250 28 345 377 395 400 394 188 301 372 21 167 291 139 149 157 63 316 387 327 17 43 85 215 73 254 183 354 69 265 346 315 99 175 251 190 390 18 103 155 83 378 213 234 227 398 93 224 179 232 225 97 71 33 260 148 238 129 330 192 48 31 304 0,93
PFG_MOEA,112,8,411.21,4974.5,0 382 383 10 391 271 39 46 54 268 272 30 66 166 205 208 6 204 154 305 326 283 65 297 62 241 110 140 286 317 333 180 220 158 189 64 20 126 124 7 56 217 55 25 367 170 361 209 287 0,55 62 66 220
PFG_MOEA,112,9,411.21,4974.5,0 380 0,
PFG_MOEA,112,10,411.21,4974.5,0 16 369 15 0,
PFG_MOEA,112,11,411.21,4974.5,0 168 203 178 82 41 0,178
PFG_MOEA,112,12,411.21,4974.5,0 335 360 338 202 306 370 342 144 176 27 98 78 196 296 347 332 216 47 125 9 150 147 324 211 244 223 104 310 282 143 309 5 195 379 79 160 50 60 270 257 210 45 153 278 87 171 353 348 75 328 248 258 376 368 290 343 349 344 243 117 0,
PFG_MOEA,113,1,312.55,5795.78,0 336 138 239 122 296 347 332 324 275 277 104 211 244 223 102 352 363 323 194 147 101 95 222 0,122 211 222 277
PFG_MOEA,113,2,312.55,5795.78,0 335 360 207 307 313 359 187 100 310 282 143 79 160 50 60 257 270 379 195 5 309 280 351 237 256 274 49 198 252 236 381 23 90 12 214 185 118 281 26 334 298 371 72 52 130 44 386 80 0,5 307
PFG_MOEA,113,3,312.55,5795.78,0 13 19 226 57 127 109 59 137 136 273 77 151 218 197 388 261 106 173 302 107 164 67 312 201 362 123 51 145 294 174 339 132 142 120 269 321 299 0,174
PFG_MOEA,113,4,312.55,5795.78,0 340 233 135 88 249 35 235 161 68 58 34 231 289 366 267 228 141 266 303 357 319 86 199 156 94 0,303
PFG_MOEA,113,5,312.55,5795.78,0 38 172 182 397 36 11 92 374 230 311 350 4 314 193 37 322 121 146 320 364 393 3 229 308 356 264 259 246 42 300 329 112 191 152 221 242 96 0,42 264
PFG_MOEA,113,6,312.55,5795.78,0 200 165 129 0,
PFG_MOEA,113,7,312.55,5795.78,0 304 330 395 400 394 188 301 372 21 167 291 139 149 157 63 316 387 17 43 33 71 224 260 0,
PFG_MOEA,113,8,312.55,5795.78,0 399 247 28 250 345 377 262 1 255 327 254 73 215 85 93 179 232 225 97 148 238 192 48 31 0,93
PFG_MOEA,113,9,312.55,5795.78,0 378 69 183 354 265 346 315 99 175 251 190 390 18 103 155 83 234 213 227 398 209 361 170 367 25 55 217 56 7 180 333 317 286 140 110 62 297 65 283 326 305 154 204 6 208 241 220 158 189 64 20 126 124 0,175
PFG_MOEA,113,10,312.55,5795.78,0 287 382 383 10 268 272 30 66 166 205 271 39 391 53 293 133 331 285 392 115 245 396 240 385 288 177 181 358 337 384 111 116 76 113 81 29 325 355 131 84 114 389 105 341 219 0,
PFG_MOEA,113,11,312.55,5795.78,0 91 24 212 375 14 108 169 373 8 263 292 70 318 184 284 74 279 159 162 22 134 186 89 216 47 125 9 150 163 61 365 253 206 46 54 0,
PFG_MOEA,113,12,312.55,5795.78,0 41 82 178 117 243 344 349 343 290 368 376 258 248 328 75 171 87 153 278 210 45 353 348 2 119 128 295 40 32 276 196 78 98 27 176 144 342 370 306 202 338 203 168 369 380 16 15 0,16 87 203
PFG_MOEA,114,1,759.34,4800.0,0 219 341 105 389 114 84 131 355 325 29 81 113 76 116 111 384 337 358 181 177 288 385 240 396 245 115 392 285 331 133 293 53 163 150 9 125 47 216 89 61 206 253 365 0,245
PFG_MOEA,114,2,759.34,4800.0,0 22 134 186 162 159 279 74 284 184 318 70 292 263 8 373 169 108 14 375 212 24 91 0,318
PFG_MOEA,114,3,759.34,4800.0,0 304 31 48 148 260 224 71 33 129 238 330 192 200 165 112 191 152 127 57 109 59 137 273 136 247 17 43 85 215 73 254 69 354 183 327 387 157 149 188 394 316 63 262 1 255 250 28 42 400 395 377 345 356 264 259 246 308 229 197 218 151 77 107 164 67 302 388 3 106 173 261 320 364 393 312 201 362 329 300 123 51 145 322 121 146 294 174 339 132 120 142 37 269 321 299 340 233 135 88 249 35 161 235 68 58 34 386 231 289 366 267 228 44 130 52 72 303 357 319 266 141 86 92 199 156 94 230 311 374 11 36 397 350 4 314 193 182 172 13 19 226 221 242 96 80 38 0,33 106 174 200 303 311 394
PFG_MOEA,114,4,759.34,4800.0,0 378 83 155 103 18 190 251 175 99 315 346 372 301 167 21 139 291 265 390 234 0,
PFG_MOEA,114,5,759.34,4800.0,0 179 391 271 39 30 272 268 46 54 93 398 227 213 232 0,391
PFG_MOEA,114,6,759.34,4800.0,0 225 0,
PFG_MOEA,114,7,759.34,4800.0,0 97 209 361 170 367 0,
PFG_MOEA,114,8,759.34,4800.0,0 399 15 168 203 338 202 306 370 342 144 176 27 98 78 196 369 380 16 41 82 178 117 243 344 349 66 343 290 368 376 258 248 328 75 348 353 45 210 278 153 171 87 6 208 205 166 158 189 220 241 62 297 65 283 204 154 305 326 110 140 180 333 317 286 25 55 217 56 7 124 126 20 64 287 10 383 382 0,62 66 205 220 342
PFG_MOEA,114,9,759.34,4800.0,0 2 119 128 295 40 32 276 239 122 296 332 347 138 336 222 95 101 194 147 324 275 323 363 352 277 102 223 244 211 104 310 100 282 143 79 160 50 60 257 270 379 195 5 309 280 351 237 256 274 49 198 252 236 0,
PFG_MOEA,114,10,759.34,4800.0,0 381 23 90 12 207 307 0,
PFG_MOEA,114,11,759.34,4800.0,0 335 187 359 313 360 214 0,
PFG_MOEA,114,12,759.34,4800.0,0 185 118 281 26 334 298 371 0,
PFG_MOEA,115,1,314.81,5596.11,0 12 90 128 236 252 336 276 138 222 198 49 274 256 237 351 280 309 5 290 343 313 207 0,222
PFG_MOEA,115,2,314.81,5596.11,0 91 292 263 8 373 169 108 14 375 212 24 371 219 341 298 334 26 281 118 185 214 295 40 32 239 122 95 101 352 363 323 194 275 277 102 100 23 381 119 2 307 359 187 148 48 31 304 0,23
PFG_MOEA,115,3,314.81,5596.11,0 260 224 71 33 127 152 191 112 165 200 129 238 330 192 0,33
PFG_MOEA,115,4,314.81,5596.11,0 57 67 302 173 106 3 388 164 107 77 151 218 197 229 308 246 259 264 356 345 377 395 400 42 28 250 255 1 262 63 316 394 188 149 157 387 327 183 354 69 254 73 215 85 43 17 247 136 273 137 59 109 0,
PFG_MOEA,115,5,314.81,5596.11,0 329 300 362 123 51 145 322 121 146 201 261 320 364 393 312 294 174 339 132 206 253 365 360 335 0,362 393
PFG_MOEA,115,6,314.81,5596.11,0 61 358 181 177 288 385 240 396 245 115 392 285 331 133 293 53 163 150 9 125 47 216 89 0,
PFG_MOEA,115,7,314.81,5596.11,0 80 13 19 226 35 161 235 58 34 386 231 289 366 267 228 44 130 52 72 318 70 184 284 74 279 159 162 389 114 355 325 384 337 111 116 76 113 81 29 131 84 105 186 134 22 0,
PFG_MOEA,115,8,314.81,5596.11,0 38 96 242 221 172 182 397 350 311 4 314 193 230 94 156 374 36 11 92 319 357 303 266 141 86 199 68 135 88 249 233 340 299 321 269 120 142 37 301 21 139 291 167 372 346 315 99 175 251 0,182
PFG_MOEA,115,9,314.81,5596.11,0 97 225 232 179 391 271 158 241 62 297 65 283 204 154 305 326 110 140 286 317 333 180 220 126 124 7 56 217 55 25 367 170 361 209 227 234 213 190 390 265 18 103 155 83 378 398 93 54 46 268 272 30 39 0,65 154
PFG_MOEA,115,10,314.81,5596.11,0 399 15 16 380 41 82 178 117 243 344 349 20 189 64 166 205 208 6 87 171 153 278 210 353 258 376 368 66 287 10 383 382 0,243
PFG_MOEA,115,11,314.81,5596.11,0 369 338 203 168 0,
PFG_MOEA,115,12,314.81,5596.11,0 202 306 370 342 144 176 27 98 78 196 296 347 332 324 147 211 244 223 104 310 282 143 79 160 50 60 257 270 379 195 45 348 75 328 248 0,370
PFG_MOEA,116,1,411.21,4974.5,0 12 90 381 23 32 276 239 336 138 222 198 49 274 256 237 351 280 252 236 128 119 2 0,23
PFG_MOEA,116,2,411.21,4974.5,0 22 118 185 214 295 40 122 392 285 331 133 293 53 101 352 363 323 194 275 277 102 100 95 163 61 89 207 307 313 359 365 253 206 187 0,22 100
PFG_MOEA,116,3,411.21,4974.5,0 115 0,
PFG_MOEA,116,4,411.21,4974.5,0 245 396 240 385 288 177 181 358 337 384 111 116 76 113 81 29 325 355 0,
PFG_MOEA,116,5,411.21,4974.5,0 281 26 334 298 341 134 186 131 84 114 389 105 219 371 162 159 74 279 91 24 212 375 284 14 184 318 70 292 263 8 373 169 108 72 52 130 44 386 362 201 312 67 164 107 302 173 106 261 388 197 218 151 77 273 136 137 59 109 127 57 226 19 13 80 0,77 106 284
PFG_MOEA,116,6,411.21,4974.5,0 38 172 182 319 303 357 266 141 86 199 228 267 366 289 231 34 58 68 161 235 35 249 88 135 233 156 94 230 374 92 11 36 397 350 311 4 314 193 340 299 321 269 120 142 37 51 123 145 132 339 322 121 146 294 174 320 364 393 3 229 308 356 264 259 246 42 300 329 112 221 242 96 0,51 174 229 246 299
PFG_MOEA,116,7,411.21,4974.5,0 399 200 165 191 152 247 255 1 262 250 28 345 377 395 400 394 188 301 372 21 167 291 139 149 157 63 316 387 327 17 43 85 215 73 254 183 354 69 265 346 315 99 175 251 190 390 18 103 155 83 378 213 234 227 398 93 224 179 232 225 97 71 33 260 148 238 129 330 192 48 31 304 0,93
PFG_MOEA,116,8,411.21,4974.5,0 382 383 10 391 271 39 46 54 268 272 30 66 166 205 208 6 204 154 305 326 283 65 297 62 241 110 140 286 317 333 180 220 158 189 64 20 126 124 7 56 217 55 25 367 170 361 209 287 0,55 62 66 220
PFG_MOEA,116,9,411.21,4974.5,0 380 0,
PFG_MOEA,116,10,411.21,4974.5,0 16 369 15 0,
PFG_MOEA,116,11,411.21,4974.5,0 168 203 178 82 41 0,178
PFG_MOEA,116,12,411.21,4974.5,0 335 360 338 202 306 370 342 144 176 27 98 78 196 296 347 332 216 47 125 9 150 147 324 211 244 223 104 310 282 143 309 5 195 379 79 160 50 60 270 257 210 45 153 278 87 171 353 348 75 328 248 258 376 368 290 343 349 344 243 117 0,
PFG_MOEA,117,1,312.55,5795.78,0 336 138 239 122 296 347 332 324 275 277 104 211 244 223 102 352 363 323 194 147 101 95 222 0,122 211 222 277
PFG_MOEA,117,2,312.55,5795.78,0 335 360 207 307 313 359 187 100 310 282 143 79 160 50 60 257 270 379 195 5 309 280 351 237 256 274 49 198 252 236 381 23 90 12 214 185 118 281 26 334 298 371 72 52 130 44 386 80 0,5 307
PFG_MOEA,117,3,312.55,5795.78,0 13 19 226 57 127 109 59 137 136 273 77 151 218 197 388 261 106 173 302 107 164 67 312 201 362 123 51 145 294 174 339 132 142 120 269 321 299 0,174
PFG_MOEA,117,4,312.55,5795.78,0 340 233 135 88 249 35 235 161 68 58 34 231 289 366 267 228 141 266 303 357 319 86 199 156 94 0,303
PFG_MOEA,117,5,312.55,5795.78,0 38 172 182 397 36 11 92 374 230 311 350 4 314 193 37 322 121 146 320 364 393 3 229 308 356 264 259 246 42 300 329 112 191 152 221 242 96 0,42 264
PFG_MOEA,117,6,312.55,5795.78,0 200 165 129 0,
PFG_MOEA,117,7,312.55,5795.78,0 304 330 395 400 394 188 301 372 21 167 291 139 149 157 63 316 387 17 43 33 71 224 260 0,
PFG_MOEA,117,8,312.55,5795.78,0 399 247 28 250 345 377 262 1 255 327 254 73 215 85 93 179 232 225 97 148 238 192 48 31 0,93
PFG_MOEA,117,9,312.55,5795.78,0 378 69 183 354 265 346 315 99 175 251 190 390 18 103 155 83 234 213 227 398 209 361 170 367 25 55 217 56 7 180 333 317 286 140 110 62 297 65 283 326 305 154 204 6 208 241 220 158 189 64 20 126 124 0,175
PFG_MOEA,117,10,312.55,5795.78,0 287 382 383 10 268 272 30 66 166 205 271 39 391 53 293 133 331 285 392 115 245 396 240 385 288 177 181 358 337 384 111 116 76 113 81 29 325 355 131 84 114 389 105 341 219 0,
PFG_MOEA,117,11,312.55,5795.78,0 91 24 212 375 14 108 169 373 8 263 292 70 318 184 284 74 279 159 162 22 134 186 89 216 47 125 9 150 163 61 365 253 206 46 54 0,
PFG_MOEA,117,12,312.55,5795.78,0 41 82 178 117 243 344 349 343 290 368 376 258 248 328 75 171 87 153 278 210 45 353 348 2 119 128 295 40 32 276 196 78 98 27 176 144 342 370 306 202 338 203 168 369 380 16 15 0,16 87 203
PFG_MOEA,118,1,759.34,4800.0,0 219 341 105 389 114 84 131 355 325 29 81 113 76 116 111 384 337 358 181 177 288 385 240 396 245 115 392 285 331 133 293 53 163 150 9 125 47 216 89 61 206 253 365 0,245
PFG_MOEA,118,2,759.34,4800.0,0 22 134 186 162 159 279 74 284 184 318 70 292 263 8 373 169 108 14 375 212 24 91 0,318
PFG_MOEA,118,3,759.34,4800.0,0 304 31 48 148 260 224 71 33 129 238 330 192 200 165 112 191 152 127 57 109 59 137 273 136 247 17 43 85 215 73 254 69 354 183 327 387 157 149 188 394 316 63 262 1 255 250 28 42 400 395 377 345 356 264 259 246 308 229 197 218 151 77 107 164 67 302 388 3 106 173 261 320 364 393 312 201 362 329 300 123 51 145 322 121 146 294 174 339 132 120 142 37 269 321 299 340 233 135 88 249 35 161 235 68 58 34 386 231 289 366 267 228 44 130 52 72 303 357 319 266 141 86 92 199 156 94 230 311 374 11 36 397 350 4 314 193 182 172 13 19 226 221 242 96 80 38 0,33 106 174 200 303 311 394
PFG_MOEA,118,4,759.34,4800.0,0 378 83 155 103 18 190 251 175 99 315 346 372 301 167 21 139 291 265 390 234 0,
PFG_MOEA,118,5,759.34,4800.0,0 179 391 271 39 30 272 268 46 54 93 398 227 213 232 0,391
PFG_MOEA,118,6,759.34,4800.0,0 225 0,
PFG_MOEA,118,7,759.34,4800.0,0 97 209 361 170 367 0,
PFG_MOEA,118,8,759.34,4800.0,0 399 15 168 203 338 202 306 370 342 144 176 27 98 78 196 369 380 16 41 82 178 117 243 344 349 66 343 290 368 376 258 248 328 75 348 353 45 210 278 153 171 87 6 208 205 166 158 189 220 241 62 297 65 283 204 154 305 326 110 140 180 333 317 286 25 55 217 56 7 124 126 20 64 287 10 383 382 0,62 66 205 220 342
PFG_MOEA,118,9,759.34,4800.0,0 2 119 128 295 40 32 276 239 122 296 332 347 138 336 222 95 101 194 147 324 275 323 363 352 277 102 223 244 211 104 310 100 282 143 79 160 50 60 257 270 379 195 5 309 280 351 237 256 274 49 198 252 236 0,
PFG_MOEA,118,10,759.34,4800.0,0 381 23 90 12 207 307 0,
PFG_MOEA,118,11,759.34,4800.0,0 335 187 359 313 360 214 0,
PFG_MOEA,118,12,759.34,4800.0,0 185 118 281 26 334 298 371 0,
PFG_MOEA,119,1,314.81,5596.11,0 12 90 128 236 252 336 276 138 222 198 49 274 256 237 351 280 309 5 290 343 313 207 0,222
PFG_MOEA,119,2,314.81,5596.11,0 91 292 263 8 373 169 108 14 375 212 24 371 219 341 298 334 26 281 118 185 214 295 40 32 239 122 95 101 352 363 323 194 275 277 102 100 23 381 119 2 307 359 187 148 48 31 304 0,23
PFG_MOEA,119,3,314.81,5596.11,0 260 224 71 33 127 152 191 112 165 200 129 238 330 192 0,33
PFG_MOEA,119,4,314.81,5596.11,0 57 67 302 173 106 3 388 164 107 77 151 218 197 229 308 246 259 264 356 345 377 395 400 42 28 250 255 1 262 63 316 394 188 149 157 387 327 183 354 69 254 73 215 85 43 17 247 136 273 137 59 109 0,
PFG_MOEA,119,5,314.81,5596.11,0 329 300 362 123 51 145 322 121 146 201 261 320 364 393 312 294 174 339 132 206 253 365 360 335 0,362 393
PFG_MOEA,119,6,314.81,5596.11,0 61 358 181 177 288 385 240 396 245 115 392 285 331 133 293 53 163 150 9 125 47 216 89 0,
PFG_MOEA,119,7,314.81,5596.11,0 80 13 19 226 35 161 235 58 34 386 231 289 366 267 228 44 130 52 72 318 70 184 284 74 279 159 162 389 114 355 325 384 337 111 116 76 113 81 29 131 84 105 186 134 22 0,
PFG_MOEA,119,8,314.81,5596.11,0 38 96 242 221 172 182 397 350 311 4 314 193 230 94 156 374 36 11 92 319 357 303 266 141 86 199 68 135 88 249 233 340 299 321 269 120 142 37 301 21 139 291 167 372 346 315 99 175 251 0,182
PFG_MOEA,119,9,314.81,5596.11,0 97 225 232 179 391 271 158 241 62 297 65 283 204 154 305 326 110 140 286 317 333 180 220 126 124 7 56 217 55 25 367 170 361 209 227 234 213 190 390 265 18 103 155 83 378 398 93 54 46 268 272 30 39 0,65 154
PFG_MOEA,119,10,314.81,5596.11,0 399 15 16 380 41 82 178 117 243 344 349 20 189 64 166 205 208 6 87 171 153 278 210 353 258 376 368 66 287 10 383 382 0,243
PFG_MOEA,119,11,314.81,5596.11,0 369 338 203 168 0,
PFG_MOEA,119,12,314.81,5596.11,0 202 306 370 342 144 176 27 98 78 196 296 347 332 324 147 211 244 223 104 310 282 143 79 160 50 60 257 270 379 195 45 348 75 328 248 0,370
PFG_MOEA,120,1,411.21,4974.5,0 12 90 381 23 32 276 239 336 138 222 198 49 274 256 237 351 280 252 236 128 119 2 0,23
PFG_MOEA,120,2,411.21,4974.5,0 22 118 185 214 295 40 122 392 285 331 133 293 53 101 352 363 323 194 275 277 102 100 95 163 61 89 207 307 313 359 365 253 206 187 0,22 100
PFG_MOEA,120,3,411.21,4974.5,0 115 0,
PFG_MOEA,120,4,411.21,4974.5,0 245 396 240 385 288 177 181 358 337 384 111 116 76 113 81 29 325 355 0,
PFG_MOEA,120,5,411.21,4974.5,0 281 26 334 298 341 134 186 131 84 114 389 105 219 371 162 159 74 279 91 24 212 375 284 14 184 318 70 292 263 8 373 169 108 72 52 130 44 386 362 201 312 67 164 107 302 173 106 261 388 197 218 151 77 273 136 137 59 109 127 57 226 19 13 80 0,77 106 284
PFG_MOEA,120,6,411.21,4974.5,0 38 172 182 319 303 357 266 141 86 199 228 267 366 289 231 34 58 68 161 235 35 249 88 135 233 156 94 230 374 92 11 36 397 350 311 4 314 193 340 299 321 269 120 142 37 51 123 145 132 339 322 121 146 294 174 320 364 393 3 229 308 356 264 259 246 42 300 329 112 221 242 96 0,51 174 229 246 299
PFG_MOEA,120,7,411.21,4974.5,0 399 200 165 191 152 247 255 1 262 250 28 345 377 395 400 394 188 301 372 21 167 291 139 149 157 63 316 387 327 17 43 85 215 73 254 183 354 69 265 346 315 99 175 251 190 390 18 103 155 83 378 213 234 227 398 93 224 179 232 225 97 71 33 260 148 238 129 330 192 48 31 304 0,93
PFG_MOEA,120,8,411.21,4974.5,0 382 383 10 391 271 39 46 54 268 272 30 66 166 205 208 6 204 154 305 326 283 65 297 62 241 110 140 286 317 333 180 220 158 189 64 20 126 124 7 56 217 55 25 367 170 361 209 287 0,55 62 66 220
PFG_MOEA,120,9,411.21,4974.5,0 380 0,
PFG_MOEA,120,10,411.21,4974.5,0 16 369 15 0,
PFG_MOEA,120,11,411.21,4974.5,0 168 203 178 82 41 0,178
PFG_MOEA,120,12,411.21,4974.5,0 335 360 338 202 306 370 342 144 176 27 98 78 196 296 347 332 216 47 125 9 150 147 324 211 244 223 104 310 282 143 309 5 195 379 79 160 50 60 270 257 210 45 153 278 87 171 353 348 75 328 248 258 376 368 290 343 349 344 243 117 0,
PFG_MOEA,121,1,312.55,5795.78,0 336 138 239 122 296 347 332 324 275 277 104 211 244 223 102 352 363 323 194 147 101 95 222 0,122 211 222 277
PFG_MOEA,121,2,312.55,5795.78,0 335 360 207 307 313 359 187 100 310 282 143 79 160 50 60 257 270 379 195 5 309 280 351 237 256 274 49 198 252 236 381 23 90 12 214 185 118 281 26 334 298 371 72 52 130 44 386 80 0,5 307
PFG_MOEA,121,3,312.55,5795.78,0 13 19 226 57 127 109 59 137 136 273 77 151 218 197 388 261 106 173 302 107 164 67 312 201 362 123 51 145 294 174 339 132 142 120 269 321 299 0,174
PFG_MOEA,121,4,312.55,5795.78,0 340 233 135 88 249 35 235 161 68 58 34 231 289 366 267 228 141 266 303 357 319 86 199 156 94 0,303
PFG_MOEA,121,5,312.55,5795.78,0 38 172 182 397 36 11 92 374 230 311 350 4 314 193 37 322 121 146 320 364 393 3 229 308 356 264 259 246 42 300 329 112 191 152 221 242 96 0,42 264
PFG_MOEA,121,6,312.55,5795.78,0 200 165 129 0,
PFG_MOEA,121,7,312.55,5795.78,0 304 330 395 400 394 188 301 372 21 167 291 139 149 157 63 316 387 17 43 33 71 224 260 0,
PFG_MOEA,121,8,312.55,5795.78,0 399 247 28 250 345 377 262 1 255 327 254 73 215 85 93 179 232 225 97 148 238 192 48 31 0,93
PFG_MOEA,121,9,312.55,5795.78,0 378 69 183 354 265 346 315 99 175 251 190 390 18 103 155 83 234 213 227 398 209 361 170 367 25 55 217 56 7 180 333 317 286 140 110 62 297 65 283 326 305 154 204 6 208 241 220 158 189 64 20 126 124 0,175
PFG_MOEA,121,10,312.55,5795.78,0 287 382 383 10 268 272 30 66 166 205 271 39 391 53 293 133 331 285 392 115 245 396 240 385 288 177 181 358 337 384 111 116 76 113 81 29 325 355 131 84 114 389 105 341 219 0,
PFG_MOEA,121,11,312.55,5795.78,0 91 24 212 375 14 108 169 373 8 263 292 70 318 184 284 74 279 159 162 22 134 186 89 216 47 125 9 150 163 61 365 253 206 46 54 0,
PFG_MOEA,121,12,312.55,5795.78,0 41 82 178 117 243 344 349 343 290 368 376 258 248 328 75 171 87 153 278 210 45 353 348 2 119 128 295 40 32 276 196 78 98 27 176 144 342 370 306 202 338 203 168 369 380 16 15 0,16 87 203
PFG_MOEA,122,1,759.34,4800.0,0 219 341 105 389 114 84 131 355 325 29 81 113 76 116 111 384 337 358 181 177 288 385 240 396 245 115 392 285 331 133 293 53 163 150 9 125 47 216 89 61 206 253 365 0,245
PFG_MOEA,122,2,759.34,4800.0,0 22 134 186 162 159 279 74 284 184 318 70 292 263 8 373 169 108 14 375 212 24 91 0,318
PFG_MOEA,122,3,759.34,4800.0,0 304 31 48 148 260 224 71 33 129 238 330 192 200 165 112 191 152 127 57 109 59 137 273 136 247 17 43 85 215 73 254 69 354 183 327 387 157 149 188 394 316 63 262 1 255 250 28 42 400 395 377 345 356 264 259 246 308 229 197 218 151 77 107 164 67 302 388 3 106 173 261 320 364 393 312 201 362 329 300 123 51 145 322 121 146 294 174 339 132 120 142 37 269 321 299 340 233 135 88 249 35 161 235 68 58 34 386 231 289 366 267 228 44 130 52 72 303 357 319 266 141 86 92 199 156 94 230 311 374 11 36 397 350 4 314 193 182 172 13 19 226 221 242 96 80 38 0,33 106 174 200 303 311 394
PFG_MOEA,122,4,759.34,4800.0,0 378 83 155 103 18 190 251 175 99 315 346 372 301 167 21 139 291 265 390 234 0,
PFG_MOEA,122,5,759.34,4800.0,0 179 391 271 39 30 272 268 46 54 93 398 227 213 232 0,391
PFG_MOEA,122,6,759.34,4800.0,0 225 0,
PFG_MOEA,122,7,759.34,4800.0,0 97 209 361 170 367 0,
PFG_MOEA,122,8,759.34,4800.0,0 399 15 168 203 338 202 306 370 342 144 176 27 98 78 196 369 380 16 41 82 178 117 243 344 349 66 343 290 368 376 258 248 328 75 348 353 45 210 278 153 171 87 6 208 205 166 158 189 220 241 62 297 65 283 204 154 305 326 110 140 180 333 317 286 25 55 217 56 7 124 126 20 64 287 10 383 382 0,62 66 205 220 342
PFG_MOEA,122,9,759.34,4800.0,0 2 119 128 295 40 32 276 239 122 296 332 347 138 336 222 95 101 194 147 324 275 323 363 352 277 102 223 244 211 104 310 100 282 143 79 160 50 60 257 270 379 195 5 309 280 351 237 256 274 49 198 252 236 0,
PFG_MOEA,122,10,759.34,4800.0,0 381 23 90 12 207 307 0,
PFG_MOEA,122,11,759.34,4800.0,0 335 187 359 313 360 214 0,
PFG_MOEA,122,12,759.34,4800.0,0 185 118 281 26 334 298 371 0,
PFG_MOEA,123,1,314.81,5596.11,0 12 90 128 236 252 336 276 138 222 198 49 274 256 237 351 280 309 5 290 343 313 207 0,222
PFG_MOEA,123,2,314.81,5596.11,0 91 292 263 8 373 169 108 14 375 212 24 371 219 341 298 334 26 281 118 185 214 295 40 32 239 122 95 101 352 363 323 194 275 277 102 100 23 381 119 2 307 359 187 148 48 31 304 0,23
PFG_MOEA,123,3,314.81,5596.11,0 260 224 71 33 127 152 191 112 165 200 129 238 330 192 0,33
PFG_MOEA,123,4,314.81,5596.11,0 57 67 302 173 106 3 388 164 107 77 151 218 197 229 308 246 259 264 356 345 377 395 400 42 28 250 255 1 262 63 316 394 188 149 157 387 327 183 354 69 254 73 215 85 43 17 247 136 273 137 59 109 0,
PFG_MOEA,123,5,314.81,5596.11,0 329 300 362 123 51 145 322 121 146 201 261 320 364 393 312 294 174 339 132 206 253 365 360 335 0,362 393
PFG_MOEA,123,6,314.81,5596.11,0 61 358 181 177 288 385 240 396 245 115 392 285 331 133 293 53 163 150 9 125 47 216 89 0,
PFG_MOEA,123,7,314.81,5596.11,0 80 13 19 226 35 161 235 58 34 386 231 289 366 267 228 44 130 52 72 318 70 184 284 74 279 159 162 389 114 355 325 384 337 111 116 76 113 81 29 131 84 105 186 134 22 0,
PFG_MOEA,123,8,314.81,5596.11,0 38 96 242 221 172 182 397 350 311 4 314 193 230 94 156 374 36 11 92 319 357 303 266 141 86 199 68 135 88 249 233 340 299 321 269 120 142 37 301 21 139 291 167 372 346 315 99 175 251 0,182
PFG_MOEA,123,9,314.81,5596.11,0 97 225 232 179 391 271 158 241 62 297 65 283 204 154 305 326 110 140 286 317 333 180 220 126 124 7 56 217 55 25 367 170 361 209 227 234 213 190 390 265 18 103 155 83 378 398 93 54 46 268 272 30 39 0,65 154
PFG_MOEA,123,10,314.81,5596.11,0 399 15 16 380 41 82 178 117 243 344 349 20 189 64 166 205 208 6 87 171 153 278 210 353 258 376 368 66 287 10 383 382 0,243
PFG_MOEA,123,11,314.81,5596.11,0 369 338 203 168 0,
PFG_MOEA,123,12,314.81,5596.11,0 202 306 370 342 144 176 27 98 78 196 296 347 332 324 147 211 244 223 104 310 282 143 79 160 50 60 257 270 379 195 45 348 75 328 248 0,370
PFG_MOEA,124,1,411.21,4974.5,0 12 90 381 23 32 276 239 336 138 222 198 49 274 256 237 351 280 252 236 128 119 2 0,23
PFG_MOEA,124,2,411.21,4974.5,0 22 118 185 214 295 40 122 392 285 331 133 293 53 101 352 363 323 194 275 277 102 100 95 163 61 89 207 307 313 359 365 253 206 187 0,22 100
PFG_MOEA,124,3,411.21,4974.5,0 115 0,
PFG_MOEA,124,4,411.21,4974.5,0 245 396 240 385 288 177 181 358 337 384 111 116 76 113 81 29 325 355 0,
PFG_MOEA,124,5,411.21,4974.5,0 281 26 334 298 341 134 186 131 84 114 389 105 219 371 162 159 74 279 91 24 212 375 284 14 184 318 70 292 263 8 373 169 108 72 52 130 44 386 362 201 312 67 164 107 302 173 106 261 388 197 218 151 77 273 136 137 59 109 127 57 226 19 13 80 0,77 106 284
PFG_MOEA,124,6,411.21,4974.5,0 38 172 182 319 303 357 266 141 86 199 228 267 366 289 231 34 58 68 161 235 35 249 88 135 233 156 94 230 374 92 11 36 397 350 311 4 314 193 340 299 321 269 120 142 37 51 123 145 132 339 322 121 146 294 174 320 364 393 3 229 308 356 264 259 246 42 300 329 112 221 242 96 0,51 174 229 246 299
PFG_MOEA,124,7,411.21,4974.5,0 399 200 165 191 152 247 255 1 262 250 28 345 377 395 400 394 188 301 372 21 167 291 139 149 157 63 316 387 327 17 43 85 215 73 254 183 354 69 265 346 315 99 175 251 190 390 18 103 155 83 378 213 234 227 398 93 224 179 232 225 97 71 33 260 148 238 129 330 192 48 31 304 0,93
PFG_MOEA,124,8,411.21,4974.5,0 382 383 10 391 271 39 46 54 268 272 30 66 166 205 208 6 204 154 305 326 283 65 297 62 241 110 140 286 317 333 180 220 158 189 64 20 126 124 7 56 217 55 25 367 170 361 209 287 0,55 62 66 220
PFG_MOEA,124,9,411.21,4974.5,0 380 0,
PFG_MOEA,124,10,411.21,4974.5,0 16 369 15 0,
PFG_MOEA,124,11,411.21,4974.5,0 168 203 178 82 41 0,178
PFG_MOEA,124,12,411.21,4974.5,0 335 360 338 202 306 370 342 144 176 27 98 78 196 296 347 332 216 47 125 9 150 147 324 211 244 223 104 310 282 143 309 5 195 379 79 160 50 60 270 257 210 45 153 278 87 171 353 348 75 328 248 258 376 368 290 343 349 344 243 117 0,
PFG_MOEA,125,1,312.55,5795.78,0 336 138 239 122 296 347 332 324 275 277 104 211 244 223 102 352 363 323 194 147 101 95 222 0,122 211 222 277
PFG_MOEA,125,2,312.55,5795.78,0 335 360 207 307 313 359 187 100 310 282 143 79 160 50 60 257 270 379 195 5 309 280 351 237 256 274 49 198 252 236 381 23 90 12 214 185 118 281 26 334 298 371 72 52 130 44 386 80 0,5 307
PFG_MOEA,125,3,312.55,5795.78,0 13 19 226 57 127 109 59 137 136 273 77 151 218 197 388 261 106 173 302 107 164 67 312 201 362 123 51 145 294 174 339 132 142 120 269 321 299 0,174
PFG_MOEA,125,4,312.55,5795.78,0 340 233 135 88 249 35 235 161 68 58 34 231 289 366 267 228 141 266 303 357 319 86 199 156 94 0,303
PFG_MOEA,125,5,312.55,5795.78,0 38 172 182 397 36 11 92 374 230 311 350 4 314 193 37 322 121 146 320 364 393 3 229 308 356 264 259 246 42 300 329 112 191 152 221 242 96 0,42 264
PFG_MOEA,125,6,312.55,5795.78,0 200 165 129 0,
PFG_MOEA,125,7,312.55,5795.78,0 304 330 395 400 394 188 301 372 21 167 291 139 149 157 63 316 387 17 43 33 71 224 260 0,
PFG_MOEA,125,8,312.55,5795.78,0 399 247 28 250 345 377 262 1 255 327 254 73 215 85 93 179 232 225 97 148 238 192 48 31 0,93
PFG_MOEA,125,9,312.55,5795.78,0 378 69 183 354 265 346 315 99 175 251 190 390 18 103 155 83 234 213 227 398 209 361 170 367 25 55 217 56 7 180 333 317 286 140 110 62 297 65 283 326 305 154 204 6 208 241 220 158 189 64 20 126 124 0,175
PFG_MOEA,125,10,312.55,5795.78,0 287 382 383 10 268 272 30 66 166 205 271 39 391 53 293 133 331 285 392 115 245 396 240 385 288 177 181 358 337 384 111 116 76 113 81 29 325 355 131 84 114 389 105 341 219 0,
PFG_MOEA,125,11,312.55,5795.78,0 91 24 212 375 14 108 169 373 8 263 292 70 318 184 284 74 279 159 162 22 134 186 89 216 47 125 9 150 163 61 365 253 206 46 54 0,
PFG_MOEA,125,12,312.55,5795.78,0 41 82 178 117 243 344 349 343 290 368 376 258 248 328 75 171 87 153 278 210 45 353 348 2 119 128 295 40 32 276 196 78 98 27 176 144 342 370 306 202 338 203 168 369 380 16 15 0,16 87 203
PFG_MOEA,126,1,759.34,4800.0,0 219 341 105 389 114 84 131 355 325 29 81 113 76 116 111 384 337 358 181 177 288 385 240 396 245 115 392 285 331 133 293 53 163 150 9 125 47 216 89 61 206 253 365 0,245
PFG_MOEA,126,2,759.34,4800.0,0 22 134 186 162 159 279 74 284 184 318 70 292 263 8 373 169 108 14 375 212 24 91 0,318
PFG_MOEA,126,3,759.34,4800.0,0 304 31 48 148 260 224 71 33 129 238 330 192 200 165 112 191 152 127 57 109 59 137 273 136 247 17 43 85 215 73 254 69 354 183 327 387 157 149 188 394 316 63 262 1 255 250 28 42 400 395 377 345 356 264 259 246 308 229 197 218 151 77 107 164 67 302 388 3 106 173 261 320 364 393 312 201 362 329 300 123 51 145 322 121 146 294 174 339 132 120 142 37 269 321 299 340 233 135 88 249 35 161 235 68 58 34 386 231 289 366 267 228 44 130 52 72 303 357 319 266 141 86 92 199 156 94 230 311 374 11 36 397 350 4 314 193 182 172 13 19 226 221 242 96 80 38 0,33 106 174 200 303 311 394
PFG_MOEA,126,4,759.34,4800.0,0 378 83 155 103 18 190 251 175 99 315 346 372 301 167 21 139 291 265 390 234 0,
PFG_MOEA,126,5,759.34,4800.0,0 179 391 271 39 30 272 268 46 54 93 398 227 213 232 0,391
PFG_MOEA,126,6,759.34,4800.0,0 225 0,
PFG_MOEA,126,7,759.34,4800.0,0 97 209 361 170 367 0,
PFG_MOEA,126,8,759.34,4800.0,0 399 15 168 203 338 202 306 370 342 144 176 27 98 78 196 369 380 16 41 82 178 117 243 344 349 66 343 290 368 376 258 248 328 75 348 353 45 210 278 153 171 87 6 208 205 166 158 189 220 241 62 297 65 283 204 154 305 326 110 140 180 333 317 286 25 55 217 56 7 124 126 20 64 287 10 383 382 0,62 66 205 220 342
PFG_MOEA,126,9,759.34,4800.0,0 2 119 128 295 40 32 276 239 122 296 332 347 138 336 222 95 101 194 147 324 275 323 363 352 277 102 223 244 211 104 310 100 282 143 79 160 50 60 257 270 379 195 5 309 280 351 237 256 274 49 198 252 236 0,
PFG_MOEA,126,10,759.34,4800.0,0 381 23 90 12 207 307 0,
PFG_MOEA,126,11,759.34,4800.0,0 335 187 359 313 360 214 0,
PFG_MOEA,126,12,759.34,4800.0,0 185 118 281 26 334 298 371 0,
PFG_MOEA,127,1,314.81,5596.11,0 12 90 128 236 252 336 276 138 222 198 49 274 256 237 351 280 309 5 290 343 313 207 0,222
PFG_MOEA,127,2,314.81,5596.11,0 91 292 263 8 373 169 108 14 375 212 24 371 219 341 298 334 26 281 118 185 214 295 40 32 239 122 95 101 352 363 323 194 275 277 102 100 23 381 119 2 307 359 187 148 48 31 304 0,23
PFG_MOEA,127,3,314.81,5596.11,0 260 224 71 33 127 152 191 112 165 200 129 238 330 192 0,33
PFG_MOEA,127,4,314.81,5596.11,0 57 67 302 173 106 3 388 164 107 77 151 218 197 229 308 246 259 264 356 345 377 395 400 42 28 250 255 1 262 63 316 394 188 149 157 387 327 183 354 69 254 73 215 85 43 17 247 136 273 137 59 109 0,
PFG_MOEA,127,5,314.81,5596.11,0 329 300 362 123 51 145 322 121 146 201 261 320 364 393 312 294 174 339 132 206 253 365 360 335 0,362 393
PFG_MOEA,127,6,314.81,5596.11,0 61 358 181 177 288 385 240 396 245 115 392 285 331 133 293 53 163 150 9 125 47 216 89 0,
PFG_MOEA,127,7,314.81,5596.11,0 80 13 19 226 35 161 235 58 34 386 231 289 366 267 228 44 130 52 72 318 70 184 284 74 279 159 162 389 114 355 325 384 337 111 116 76 113 81 29 131 84 105 186 134 22 0,
PFG_MOEA,127,8,314.81,5596.11,0 38 96 242 221 172 182 397 350 311 4 314 193 230 94 156 374 36 11 92 319 357 303 266 141 86 199 68 135 88 249 233 340 299 321 269 120 142 37 301 21 139 291 167 372 346 315 99 175 251 0,182
PFG_MOEA,127,9,314.81,5596.11,0 97 225 232 179 391 271 158 241 62 297 65 283 204 154 305 326 110 140 286 317 333 180 220 126 124 7 56 217 55 25 367 170 361 209 227 234 213 190 390 265 18 103 155 83 378 398 93 54 46 268 272 30 39 0,65 154
PFG_MOEA,127,10,314.81,5596.11,0 399 15 16 380 41 82 178 117 243 344 349 20 189 64 166 205 208 6 87 171 153 278 210 353 258 376 368 66 287 10 383 382 0,243
PFG_MOEA,127,11,314.81,5596.11,0 369 338 203 168 0,
PFG_MOEA,127,12,314.81,5596.11,0 202 306 370 342 144 176 27 98 78 196 296 347 332 324 147 211 244 223 104 310 282 143 79 160 50 60 257 270 379 195 45 348 75 328 248 0,370
PFG_MOEA,128,1,411.21,4974.5,0 12 90 381 23 32 276 239 336 138 222 198 49 274 256 237 351 280 252 236 128 119 2 0,23
PFG_MOEA,128,2,411.21,4974.5,0 22 118 185 214 295 40 122 392 285 331 133 293 53 101 352 363 323 194 275 277 102 100 95 163 61 89 207 307 313 359 365 253 206 187 0,22 100
PFG_MOEA,128,3,411.21,4974.5,0 115 0,
PFG_MOEA,128,4,411.21,4974.5,0 245 396 240 385 288 177 181 358 337 384 111 116 76 113 81 29 325 355 0,
PFG_MOEA,128,5,411.21,4974.5,0 281 26 334 298 341 134 186 131 84 114 389 105 219 371 162 159 74 279 91 24 212 375 284 14 184 318 70 292 263 8 373 169 108 72 52 130 44 386 362 201 312 67 164 107 302 173 106 261 388 197 218 151 77 273 136 137 59 109 127 57 226 19 13 80 0,77 106 284
PFG_MOEA,128,6,411.21,4974.5,0 38 172 182 319 303 357 266 141 86 199 228 267 366 289 231 34 58 68 161 235 35 249 88 135 233 156 94 230 374 92 11 36 397 350 311 4 314 193 340 299 321 269 120 142 37 51 123 145 132 339 322 121 146 294 174 320 364 393 3 229 308 356 264 259 246 42 300 329 112 221 242 96 0,51 174 229 246 299
PFG_MOEA,128,7,411.21,4974.5,0 399 200 165 191 152 247 255 1 262 250 28 345 377 395 400 394 188 301 372 21 167 291 139 149 157 63 316 387 327 17 43 85 215 73 254 183 354 69 265 346 315 99 175 251 190 390 18 103 155 83 378 213 234 227 398 93 224 179 232 225 97 71 33 260 148 238 129 330 192 48 31 304 0,93
PFG_MOEA,128,8,411.21,4974.5,0 382 383 10 391 271 39 46 54 268 272 30 66 166 205 208 6 204 154 305 326 283 65 297 62 241 110 140 286 317 333 180 220 158 189 64 20 126 124 7 56 217 55 25 367 170 361 209 287 0,55 62 66 220
PFG_MOEA,128,9,411.21,4974.5,0 380 0,
PFG_MOEA,128,10,411.21,4974.5,0 16 369 15 0,
PFG_MOEA,128,11,411.21,4974.5,0 168 203 178 82 41 0,178
PFG_MOEA,128,12,411.21,4974.5,0 335 360 338 202 306 370 342 144 176 27 98 78 196 296 347 332 216 47 125 9 150 147 324 211 244 223 104 310 282 143 309 5 195 379 79 160 50 60 270 257 210 45 153 278 87 171 353 348 75 328 248 258 376 368 290 343 349 344 243 117 0,
PFG_MOEA,129,1,312.55,5795.78,0 336 138 239 122 296 347 332 324 275 277 104 211 244 223 102 352 363 323 194 147 101 95 222 0,122 211 222 277
PFG_MOEA,129,2,312.55,5795.78,0 335 360 207 307 313 359 187 100 310 282 143 79 160 50 60 257 270 379 195 5 309 280 351 237 256 274 49 198 252 236 381 23 90 12 214 185 118 281 26 334 298 371 72 52 130 44 386 80 0,5 307
PFG_MOEA,129,3,312.55,5795.78,0 13 19 226 57 127 109 59 137 136 273 77 151 218 197 388 261 106 173 302 107 164 67 312 201 362 123 51 145 294 174 339 132 142 120 269 321 299 0,174
PFG_MOEA,129,4,312.55,5795.78,0 340 233 135 88 249 35 235 161 68 58 34 231 289 366 267 228 141 266 303 357 319 86 199 156 94 0,303
PFG_MOEA,129,5,312.55,5795.78,0 38 172 182 397 36 11 92 374 230 311 350 4 314 193 37 322 121 146 320 364 393 3 229 308 356 264 259 246 42 300 329 112 191 152 221 242 96 0,42 264
PFG_MOEA,129,6,312.55,5795.78,0 200 165 129 0,
PFG_MOEA,129,7,312.55,5795.78,0 304 330 395 400 394 188 301 372 21 167 291 139 149 157 63 316 387 17 43 33 71 224 260 0,
PFG_MOEA,129,8,312.55,5795.78,0 399 247 28 250 345 377 262 1 255 327 254 73 215 85 93 179 232 225 97 148 238 192 48 31 0,93
PFG_MOEA,129,9,312.55,5795.78,0 378 69 183 354 265 346 315 99 175 251 190 390 18 103 155 83 234 213 227 398 209 361 170 367 25 55 217 56 7 180 333 317 286 140 110 62 297 65 283 326 305 154 204 6 208 241 220 158 189 64 20 126 124 0,175
PFG_MOEA,129,10,312.55,5795.78,0 287 382 383 10 268 272 30 66 166 205 271 39 391 53 293 133 331 285 392 115 245 396 240 385 288 177 181 358 337 384 111 116 76 113 81 29 325 355 131 84 114 389 105 341 219 0,
PFG_MOEA,129,11,312.55,5795.78,0 91 24 212 375 14 108 169 373 8 263 292 70 318 184 284 74 279 159 162 22 134 186 89 216 47 125 9 150 163 61 365 253 206 46 54 0,
PFG_MOEA,129,12,312.55,5795.78,0 41 82 178 117 243 344 349 343 290 368 376 258 248 328 75 171 87 153 278 210 45 353 348 2 119 128 295 40 32 276 196 78 98 27 176 144 342 370 306 202 338 203 168 369 380 16 15 0,16 87 203
PFG_MOEA,130,1,759.34,4800.0,0 219 341 105 389 114 84 131 355 325 29 81 113 76 116 111 384 337 358 181 177 288 385 240 396 245 115 392 285 331 133 293 53 163 150 9 125 47 216 89 61 206 253 365 0,245
PFG_MOEA,130,2,759.34,4800.0,0 22 134 186 162 159 279 74 284 184 318 70 292 263 8 373 169 108 14 375 212 24 91 0,318
PFG_MOEA,130,3,759.34,4800.0,0 304 31 48 148 260 224 71 33 129 238 330 192 200 165 112 191 152 127 57 109 59 137 273 136 247 17 43 85 215 73 254 69 354 183 327 387 157 149 188 394 316 63 262 1 255 250 28 42 400 395 377 345 356 264 259 246 308 229 197 218 151 77 107 164 67 302 388 3 106 173 261 320 364 393 312 201 362 329 300 123 51 145 322 121 146 294 174 339 132 120 142 37 269 321 299 340 233 135 88 249 35 161 235 68 58 34 386 231 289 366 267 228 44 130 52 72 303 357 319 266 141 86 92 199 156 94 230 311 374 11 36 397 350 4 314 193 182 172 13 19 226 221 242 96 80 38 0,33 106 174 200 303 311 394
PFG_MOEA,130,4,759.34,4800.0,0 378 83 155 103 18 190 251 175 99 315 346 372 301 167 21 139 291 265 390 234 0,
PFG_MOEA,130,5,759.34,4800.0,0 179 391 271 39 30 272 268 46 54 93 398 227 213 232 0,391
PFG_MOEA,130,6,759.34,4800.0,0 225 0,
PFG_MOEA,130,7,759.34,4800.0,0 97 209 361 170 367 0,
PFG_MOEA,130,8,759.34,4800.0,0 399 15 168 203 338 202 306 370 342 144 176 27 98 78 196 369 380 16 41 82 178 117 243 344 349 66 343 290 368 376 258 248 328 75 348 353 45 210 278 153 171 87 6 208 205 166 158 189 220 241 62 297 65 283 204 154 305 326 110 140 180 333 317 286 25 55 217 56 7 124 126 20 64 287 10 383 382 0,62 66 205 220 342
PFG_MOEA,130,9,759.34,4800.0,0 2 119 128 295 40 32 276 239 122 296 332 347 138 336 222 95 101 194 147 324 275 323 363 352 277 102 223 244 211 104 310 100 282 143 79 160 50 60 257 270 379 195 5 309 280 351 237 256 274 49 198 252 236 0,
PFG_MOEA,130,10,759.34,4800.0,0 381 23 90 12 207 307 0,
PFG_MOEA,130,11,759.34,4800.0,0 335 187 359 313 360 214 0,
PFG_MOEA,130,12,759.34,4800.0,0 185 118 281 26 334 298 371 0,
PFG_MOEA,131,1,314.81,5596.11,0 12 90 128 236 252 336 276 138 222 198 49 274 256 237 351 280 309 5 290 343 313 207 0,222
PFG_MOEA,131,2,314.81,5596.11,0 91 292 263 8 373 169 108 14 375 212 24 371 219 341 298 334 26 281 118 185 214 295 40 32 239 122 95 101 352 363 323 194 275 277 102 100 23 381 119 2 307 359 187 148 48 31 304 0,23
PFG_MOEA,131,3,314.81,5596.11,0 260 224 71 33 127 152 191 112 165 200 129 238 330 192 0,33
PFG_MOEA,131,4,314.81,5596.11,0 57 67 302 173 106 3 388 164 107 77 151 218 197 229 308 246 259 264 356 345 377 395 400 42 28 250 255 1 262 63 316 394 188 149 157 387 327 183 354 69 254 73 215 85 43 17 247 136 273 137 59 109 0,
PFG_MOEA,131,5,314.81,5596.11,0 329 300 362 123 51 145 322 121 146 201 261 320 364 393 312 294 174 339 132 206 253 365 360 335 0,362 393
PFG_MOEA,131,6,314.81,5596.11,0 61 358 181 177 288 385 240 396 245 115 392 285 331 133 293 53 163 150 9 125 47 216 89 0,
PFG_MOEA,131,7,314.81,5596.11,0 80 13 19 226 35 161 235 58 34 386 231 289 366 267 228 44 130 52 72 318 70 184 284 74 279 159 162 389 114 355 325 384 337 111 116 76 113 81 29 131 84 105 186 134 22 0,
PFG_MOEA,131,8,314.81,5596.11,0 38 96 242 221 172 182 397 350 311 4 314 193 230 94 156 374 36 11 92 319 357 303 266 141 86 199 68 135 88 249 233 340 299 321 269 120 142 37 301 21 139 291 167 372 346 315 99 175 251 0,182
PFG_MOEA,131,9,314.81,5596.11,0 97 225 232 179 391 271 158 241 62 297 65 283 204 154 305 326 110 140 286 317 333 180 220 126 124 7 56 217 55 25 367 170 361 209 227 234 213 190 390 265 18 103 155 83 378 398 93 54 46 268 272 30 39 0,65 154
PFG_MOEA,131,10,314.81,5596.11,0 399 15 16 380 41 82 178 117 243 344 349 20 189 64 166 205 208 6 87 171 153 278 210 353 258 376 368 66 287 10 383 382 0,243
PFG_MOEA,131,11,314.81,5596.11,0 369 338 203 168 0,
PFG_MOEA,131,12,314.81,5596.11,0 202 306 370 342 144 176 27 98 78 196 296 347 332 324 147 211 244 223 104 310 282 143 79 160 50 60 257 270 379 195 45 348 75 328 248 0,370
PFG_MOEA,132,1,411.21,4974.5,0 12 90 381 23 32 276 239 336 138 222 198 49 274 256 237 351 280 252 236 128 119 2 0,23
PFG_MOEA,132,2,411.21,4974.5,0 22 118 185 214 295 40 122 392 285 331 133 293 53 101 352 363 323 194 275 277 102 100 95 163 61 89 207 307 313 359 365 253 206 187 0,22 100
PFG_MOEA,132,3,411.21,4974.5,0 115 0,
PFG_MOEA,132,4,411.21,4974.5,0 245 396 240 385 288 177 181 358 337 384 111 116 76 113 81 29 325 355 0,
PFG_MOEA,132,5,411.21,4974.5,0 281 26 334 298 341 134 186 131 84 114 389 105 219 371 162 159 74 279 91 24 212 375 284 14 184 318 70 292 263 8 373 169 108 72 52 130 44 386 362 201 312 67 164 107 302 173 106 261 388 197 218 151 77 273 136 137 59 109 127 57 226 19 13 80 0,77 106 284
PFG_MOEA,132,6,411.21,4974.5,0 38 172 182 319 303 357 266 141 86 199 228 267 366 289 231 34 58 68 161 235 35 249 88 135 233 156 94 230 374 92 11 36 397 350 311 4 314 193 340 299 321 269 120 142 37 51 123 145 132 339 322 121 146 294 174 320 364 393 3 229 308 356 264 259 246 42 300 329 112 221 242 96 0,51 174 229 246 299
PFG_MOEA,132,7,411.21,4974.5,0 399 200 165 191 152 247 255 1 262 250 28 345 377 395 400 394 188 301 372 21 167 291 139 149 157 63 316 387 327 17 43 85 215 73 254 183 354 69 265 346 315 99 175 251 190 390 18 103 155 83 378 213 234 227 398 93 224 179 232 225 97 71 33 260 148 238 129 330 192 48 31 304 0,93
PFG_MOEA,132,8,411.21,4974.5,0 382 383 10 391 271 39 46 54 268 272 30 66 166 205 208 6 204 154 305 326 283 65 297 62 241 110 140 286 317 333 180 220 158 189 64 20 126 124 7 56 217 55 25 367 170 361 209 287 0,55 62 66 220
PFG_MOEA,132,9,411.21,4974.5,0 380 0,
PFG_MOEA,132,10,411.21,4974.5,0 16 369 15 0,
PFG_MOEA,132,11,411.21,4974.5,0 168 203 178 82 41 0,178
PFG_MOEA,132,12,411.21,4974.5,0 335 360 338 202 306 370 342 144 176 27 98 78 196 296 347 332 216 47 125 9 150 147 324 211 244 223 104 310 282 143 309 5 195 379 79 160 50 60 270 257 210 45 153 278 87 171 353 348 75 328 248 258 376 368 290 343 349 344 243 117 0,
PFG_MOEA,133,1,312.55,5795.78,0 336 138 239 122 296 347 332 324 275 277 104 211 244 223 102 352 363 323 194 147 101 95 222 0,122 211 222 277
PFG_MOEA,133,2,312.55,5795.78,0 335 360 207 307 313 359 187 100 310 282 143 79 160 50 60 257 270 379 195 5 309 280 351 237 256 274 49 198 252 236 381 23 90 12 214 185 118 281 26 334 298 371 72 52 130 44 386 80 0,5 307
PFG_MOEA,133,3,312.55,5795.78,0 13 19 226 57 127 109 59 137 136 273 77 151 218 197 388 261 106 173 302 107 164 67 312 201 362 123 51 145 294 174 339 132 142 120 269 321 299 0,174
PFG_MOEA,133,4,312.55,5795.78,0 340 233 135 88 249 35 235 161 68 58 34 231 289 366 267 228 141 266 303 357 319 86 199 156 94 0,303
PFG_MOEA,133,5,312.55,5795.78,0 38 172 182 397 36 11 92 374 230 311 350 4 314 193 37 322 121 146 320 364 393 3 229 308 356 264 259 246 42 300 329 112 191 152 221 242 96 0,42 264
PFG_MOEA,133,6,312.55,5795.78,0 200 165 129 0,
PFG_MOEA,133,7,312.55,5795.78,0 304 330 395 400 394 188 301 372 21 167 291 139 149 157 63 316 387 17 43 33 71 224 260 0,
PFG_MOEA,133,8,312.55,5795.78,0 399 247 28 250 345 377 262 1 255 327 254 73 215 85 93 179 232 225 97 148 238 192 48 31 0,93
PFG_MOEA,133,9,312.55,5795.78,0 378 69 183 354 265 346 315 99 175 251 190 390 18 103 155 83 234 213 227 398 209 361 170 367 25 55 217 56 7 180 333 317 286 140 110 62 297 65 283 326 305 154 204 6 208 241 220 158 189 64 20 126 124 0,175
PFG_MOEA,133,10,312.55,5795.78,0 287 382 383 10 268 272 30 66 166 205 271 39 391 53 293 133 331 285 392 115 245 396 240 385 288 177 181 358 337 384 111 116 76 113 81 29 325 355 131 84 114 389 105 341 219 0,
PFG_MOEA,133,11,312.55,5795.78,0 91 24 212 375 14 108 169 373 8 263 292 70 318 184 284 74 279 159 162 22 134 186 89 216 47 125 9 150 163 61 365 253 206 46 54 0,
PFG_MOEA,133,12,312.55,5795.78,0 41 82 178 117 243 344 349 343 290 368 376 258 248 328 75 171 87 153 278 210 45 353 348 2 119 128 295 40 32 276 196 78 98 27 176 144 342 370 306 202 338 203 168 369 380 16 15 0,16 87 203
PFG_MOEA,134,1,759.34,4800.0,0 219 341 105 389 114 84 131 355 325 29 81 113 76 116 111 384 337 358 181 177 288 385 240 396 245 115 392 285 331 133 293 53 163 150 9 125 47 216 89 61 206 253 365 0,245
PFG_MOEA,134,2,759.34,4800.0,0 22 134 186 162 159 279 74 284 184 318 70 292 263 8 373 169 108 14 375 212 24 91 0,318
PFG_MOEA,134,3,759.34,4800.0,0 304 31 48 148 260 224 71 33 129 238 330 192 200 165 112 191 152 127 57 109 59 137 273 136 247 17 43 85 215 73 254 69 354 183 327 387 157 149 188 394 316 63 262 1 255 250 28 42 400 395 377 345 356 264 259 246 308 229 197 218 151 77 107 164 67 302 388 3 106 173 261 320 364 393 312 201 362 329 300 123 51 145 322 121 146 294 174 339 132 120 142 37 269 321 299 340 233 135 88 249 35 161 235 68 58 34 386 231 289 366 267 228 44 130 52 72 303 357 319 266 141 86 92 199 156 94 230 311 374 11 36 397 350 4 314 193 182 172 13 19 226 221 242 96 80 38 0,33 106 174 200 303 311 394
PFG_MOEA,134,4,759.34,4800.0,0 378 83 155 103 18 190 251 175 99 315 346 372 301 167 21 139 291 265 390 234 0,
PFG_MOEA,134,5,759.34,4800.0,0 179 391 271 39 30 272 268 46 54 93 398 227 213 232 0,391
PFG_MOEA,134,6,759.34,4800.0,0 225 0,
PFG_MOEA,134,7,759.34,4800.0,0 97 209 361 170 367 0,
PFG_MOEA,134,8,759.34,4800.0,0 399 15 168 203 338 202 306 370 342 144 176 27 98 78 196 369 380 16 41 82 178 117 243 344 349 66 343 290 368 376 258 248 328 75 348 353 45 210 278 153 171 87 6 208 205 166 158 189 220 241 62 297 65 283 204 154 305 326 110 140 180 333 317 286 25 55 217 56 7 124 126 20 64 287 10 383 382 0,62 66 205 220 342
PFG_MOEA,134,9,759.34,4800.0,0 2 119 128 295 40 32 276 239 122 296 332 347 138 336 222 95 101 194 147 324 275 323 363 352 277 102 223 244 211 104 310 100 282 143 79 160 50 60 257 270 379 195 5 309 280 351 237 256 274 49 198 252 236 0,
PFG_MOEA,134,10,759.34,4800.0,0 381 23 90 12 207 307 0,
PFG_MOEA,134,11,759.34,4800.0,0 335 187 359 313 360 214 0,
PFG_MOEA,134,12,759.34,4800.0,0 185 118 281 26 334 298 371 0,
PFG_MOEA,135,1,314.81,5596.11,0 12 90 128 236 252 336 276 138 222 198 49 274 256 237 351 280 309 5 290 343 313 207 0,222
PFG_MOEA,135,2,314.81,5596.11,0 91 292 263 8 373 169 108 14 375 212 24 371 219 341 298 334 26 281 118 185 214 295 40 32 239 122 95 101 352 363 323 194 275 277 102 100 23 381 119 2 307 359 187 148 48 31 304 0,23
PFG_MOEA,135,3,314.81,5596.11,0 260 224 71 33 127 152 191 112 165 200 129 238 330 192 0,33
PFG_MOEA,135,4,314.81,5596.11,0 57 67 302 173 106 3 388 164 107 77 151 218 197 229 308 246 259 264 356 345 377 395 400 42 28 250 255 1 262 63 316 394 188 149 157 387 327 183 354 69 254 73 215 85 43 17 247 136 273 137 59 109 0,
PFG_MOEA,135,5,314.81,5596.11,0 329 300 362 123 51 145 322 121 146 201 261 320 364 393 312 294 174 339 132 206 253 365 360 335 0,362 393
PFG_MOEA,135,6,314.81,5596.11,0 61 358 181 177 288 385 240 396 245 115 392 285 331 133 293 53 163 150 9 125 47 216 89 0,
PFG_MOEA,135,7,314.81,5596.11,0 80 13 19 226 35 161 235 58 34 386 231 289 366 267 228 44 130 52 72 318 70 184 284 74 279 159 162 389 114 355 325 384 337 111 116 76 113 81 29 131 84 105 186 134 22 0,
PFG_MOEA,135,8,314.81,5596.11,0 38 96 242 221 172 182 397 350 311 4 314 193 230 94 156 374 36 11 92 319 357 303 266 141 86 199 68 135 88 249 233 340 299 321 269 120 142 37 301 21 139 291 167 372 346 315 99 175 251 0,182
PFG_MOEA,135,9,314.81,5596.11,0 97 225 232 179 391 271 158 241 62 297 65 283 204 154 305 326 110 140 286 317 333 180 220 126 124 7 56 217 55 25 367 170 361 209 227 234 213 190 390 265 18 103 155 83 378 398 93 54 46 268 272 30 39 0,65 154
PFG_MOEA,135,10,314.81,5596.11,0 399 15 16 380 41 82 178 117 243 344 349 20 189 64 166 205 208 6 87 171 153 278 210 353 258 376 368 66 287 10 383 382 0,243
PFG_MOEA,135,11,314.81,5596.11,0 369 338 203 168 0,
PFG_MOEA,135,12,314.81,5596.11,0 202 306 370 342 144 176 27 98 78 196 296 347 332 324 147 211 244 223 104 310 282 143 79 160 50 60 257 270 379 195 45 348 75 328 248 0,370
PFG_MOEA,136,1,411.21,4974.5,0 12 90 381 23 32 276 239 336 138 222 198 49 274 256 237 351 280 252 236 128 119 2 0,23
PFG_MOEA,136,2,411.21,4974.5,0 22 118 185 214 295 40 122 392 285 331 133 293 53 101 352 363 323 194 275 277 102 100 95 163 61 89 207 307 313 359 365 253 206 187 0,22 100
PFG_MOEA,136,3,411.21,4974.5,0 115 0,
PFG_MOEA,136,4,411.21,4974.5,0 245 396 240 385 288 177 181 358 337 384 111 116 76 113 81 29 325 355 0,
PFG_MOEA,136,5,411.21,4974.5,0 281 26 334 298 341 134 186 131 84 114 389 105 219 371 162 159 74 279 91 24 212 375 284 14 184 318 70 292 263 8 373 169 108 72 52 130 44 386 362 201 312 67 164 107 302 173 106 261 388 197 218 151 77 273 136 137 59 109 127 57 226 19 13 80 0,77 106 284
PFG_MOEA,136,6,411.21,4974.5,0 38 172 182 319 303 357 266 141 86 199 228 267 366 289 231 34 58 68 161 235 35 249 88 135 233 156 94 230 374 92 11 36 397 350 311 4 314 193 340 299 321 269 120 142 37 51 123 145 132 339 322 121 146 294 174 320 364 393 3 229 308 356 264 259 246 42 300 329 112 221 242 96 0,51 174 229 246 299
PFG_MOEA,136,7,411.21,4974.5,0 399 200 165 191 152 247 255 1 262 250 28 345 377 395 400 394 188 301 372 21 167 291 139 149 157 63 316 387 327 17 43 85 215 73 254 183 354 69 265 346 315 99 175 251 190 390 18 103 155 83 378 213 234 227 398 93 224 179 232 225 97 71 33 260 148 238 129 330 192 48 31 304 0,93
PFG_MOEA,136,8,411.21,4974.5,0 382 383 10 391 271 39 46 54 268 272 30 66 166 205 208 6 204 154 305 326 283 65 297 62 241 110 140 286 317 333 180 220 158 189 64 20 126 124 7 56 217 55 25 367 170 361 209 287 0,55 62 66 220
PFG_MOEA,136,9,411.21,4974.5,0 380 0,
PFG_MOEA,136,10,411.21,4974.5,0 16 369 15 0,
PFG_MOEA,136,11,411.21,4974.5,0 168 203 178 82 41 0,178
PFG_MOEA,136,12,411.21,4974.5,0 335 360 338 202 306 370 342 144 176 27 98 78 196 296 347 332 216 47 125 9 150 147 324 211 244 223 104 310 282 143 309 5 195 379 79 160 50 60 270 257 210 45 153 278 87 171 353 348 75 328 248 258 376 368 290 343 349 344 243 117 0,
PFG_MOEA,137,1,312.55,5795.78,0 336 138 239 122 296 347 332 324 275 277 104 211 244 223 102 352 363 323 194 147 101 95 222 0,122 211 222 277
PFG_MOEA,137,2,312.55,5795.78,0 335 360 207 307 313 359 187 100 310 282 143 79 160 50 60 257 270 379 195 5 309 280 351 237 256 274 49 198 252 236 381 23 90 12 214 185 118 281 26 334 298 371 72 52 130 44 386 80 0,5 307
PFG_MOEA,137,3,312.55,5795.78,0 13 19 226 57 127 109 59 137 136 273 77 151 218 197 388 261 106 173 302 107 164 67 312 201 362 123 51 145 294 174 339 132 142 120 269 321 299 0,174
PFG_MOEA,137,4,312.55,5795.78,0 340 233 135 88 249 35 235 161 68 58 34 231 289 366 267 228 141 266 303 357 319 86 199 156 94 0,303
PFG_MOEA,137,5,312.55,5795.78,0 38 172 182 397 36 11 92 374 230 311 350 4 314 193 37 322 121 146 320 364 393 3 229 308 356 264 259 246 42 300 329 112 191 152 221 242 96 0,42 264
PFG_MOEA,137,6,312.55,5795.78,0 200 165 129 0,
PFG_MOEA,137,7,312.55,5795.78,0 304 330 395 400 394 188 301 372 21 167 291 139 149 157 63 316 387 17 43 33 71 224 260 0,
PFG_MOEA,137,8,312.55,5795.78,0 399 247 28 250 345 377 262 1 255 327 254 73 215 85 93 179 232 225 97 148 238 192 48 31 0,93
PFG_MOEA,137,9,312.55,5795.78,0 378 69 183 354 265 346 315 99 175 251 190 390 18 103 155 83 234 213 227 398 209 361 170 367 25 55 217 56 7 180 333 317 286 140 110 62 297 65 283 326 305 154 204 6 208 241 220 158 189 64 20 126 124 0,175
PFG_MOEA,137,10,312.55,5795.78,0 287 382 383 10 268 272 30 66 166 205 271 39 391 53 293 133 331 285 392 115 245 396 240 385 288 177 181 358 337 384 111 116 76 113 81 29 325 355 131 84 114 389 105 341 219 0,
PFG_MOEA,137,11,312.55,5795.78,0 91 24 212 375 14 108 169 373 8 263 292 70 318 184 284 74 279 159 162 22 134 186 89 216 47 125 9 150 163 61 365 253 206 46 54 0,
PFG_MOEA,137,12,312.55,5795.78,0 41 82 178 117 243 344 349 343 290 368 376 258 248 328 75 171 87 153 278 210 45 353 348 2 119 128 295 40 32 276 196 78 98 27 176 144 342 370 306 202 338 203 168 369 380 16 15 0,16 87 203
PFG_MOEA,138,1,759.34,4800.0,0 219 341 105 389 114 84 131 355 325 29 81 113 76 116 111 384 337 358 181 177 288 385 240 396 245 115 392 285 331 133 293 53 163 150 9 125 47 216 89 61 206 253 365 0,245
PFG_MOEA,138,2,759.34,4800.0,0 22 134 186 162 159 279 74 284 184 318 70 292 263 8 373 169 108 14 375 212 24 91 0,318
PFG_MOEA,138,3,759.34,4800.0,0 304 31 48 148 260 224 71 33 129 238 330 192 200 165 112 191 152 127 57 109 59 137 273 136 247 17 43 85 215 73 254 69 354 183 327 387 157 149 188 394 316 63 262 1 255 250 28 42 400 395 377 345 356 264 259 246 308 229 197 218 151 77 107 164 67 302 388 3 106 173 261 320 364 393 312 201 362 329 300 123 51 145 322 121 146 294 174 339 132 120 142 37 269 321 299 340 233 135 88 249 35 161 235 68 58 34 386 231 289 366 267 228 44 130 52 72 303 357 319 266 141 86 92 199 156 94 230 311 374 11 36 397 350 4 314 193 182 172 13 19 226 221 242 96 80 38 0,33 106 174 200 303 311 394
PFG_MOEA,138,4,759.34,4800.0,0 378 83 155 103 18 190 251 175 99 315 346 372 301 167 21 139 291 265 390 234 0,
PFG_MOEA,138,5,759.34,4800.0,0 179 391 271 39 30 272 268 46 54 93 398 227 213 232 0,391
PFG_MOEA,138,6,759.34,4800.0,0 225 0,
PFG_MOEA,138,7,759.34,4800.0,0 97 209 361 170 367 0,
PFG_MOEA,138,8,759.34,4800.0,0 399 15 168 203 338 202 306 370 342 144 176 27 98 78 196 369 380 16 41 82 178 117 243 344 349 66 343 290 368 376 258 248 328 75 348 353 45 210 278 153 171 87 6 208 205 166 158 189 220 241 62 297 65 283 204 154 305 326 110 140 180 333 317 286 25 55 217 56 7 124 126 20 64 287 10 383 382 0,62 66 205 220 342
PFG_MOEA,138,9,759.34,4800.0,0 2 119 128 295 40 32 276 239 122 296 332 347 138 336 222 95 101 194 147 324 275 323 363 352 277 102 223 244 211 104 310 100 282 143 79 160 50 60 257 270 379 195 5 309 280 351 237 256 274 49 198 252 236 0,
PFG_MOEA,138,10,759.34,4800.0,0 381 23 90 12 207 307 0,
PFG_MOEA,138,11,759.34,4800.0,0 335 187 359 313 360 214 0,
PFG_MOEA,138,12,759.34,4800.0,0 185 118 281 26 334 298 371 0,
PFG_MOEA,139,1,314.81,5596.11,0 12 90 128 236 252 336 276 138 222 198 49 274 256 237 351 280 309 5 290 343 313 207 0,222
PFG_MOEA,139,2,314.81,5596.11,0 91 292 263 8 373 169 108 14 375 212 24 371 219 341 298 334 26 281 118 185 214 295 40 32 239 122 95 101 352 363 323 194 275 277 102 100 23 381 119 2 307 359 187 148 48 31 304 0,23
PFG_MOEA,139,3,314.81,5596.11,0 260 224 71 33 127 152 191 112 165 200 129 238 330 192 0,33
PFG_MOEA,139,4,314.81,5596.11,0 57 67 302 173 106 3 388 164 107 77 151 218 197 229 308 246 259 264 356 345 377 395 400 42 28 250 255 1 262 63 316 394 188 149 157 387 327 183 354 69 254 73 215 85 43 17 247 136 273 137 59 109 0,
PFG_MOEA,139,5,314.81,5596.11,0 329 300 362 123 51 145 322 121 146 201 261 320 364 393 312 294 174 339 132 206 253 365 360 335 0,362 393
PFG_MOEA,139,6,314.81,5596.11,0 61 358 181 177 288 385 240 396 245 115 392 285 331 133 293 53 163 150 9 125 47 216 89 0,
PFG_MOEA,139,7,314.81,5596.11,0 80 13 19 226 35 161 235 58 34 386 231 289 366 267 228 44 130 52 72 318 70 184 284 74 279 159 162 389 114 355 325 384 337 111 116 76 113 81 29 131 84 105 186 134 22 0,
PFG_MOEA,139,8,314.81,5596.11,0 38 96 242 221 172 182 397 350 311 4 314 193 230 94 156 374 36 11 92 319 357 303 266 141 86 199 68 135 88 249 233 340 299 321 269 120 142 37 301 21 139 291 167 372 346 315 99 175 251 0,182
PFG_MOEA,139,9,314.81,5596.11,0 97 225 232 179 391 271 158 241 62 297 65 283 204 154 305 326 110 140 286 317 333 180 220 126 124 7 56 217 55 25 367 170 361 209 227 234 213 190 390 265 18 103 155 83 378 398 93 54 46 268 272 30 39 0,65 154
PFG_MOEA,139,10,314.81,5596.11,0 399 15 16 380 41 82 178 117 243 344 349 20 189 64 166 205 208 6 87 171 153 278 210 353 258 376 368 66 287 10 383 382 0,243
PFG_MOEA,139,11,314.81,5596.11,0 369 338 203 168 0,
PFG_MOEA,139,12,314.81,5596.11,0 202 306 370 342 144 176 27 98 78 196 296 347 332 324 147 211 244 223 104 310 282 143 79 160 50 60 257 270 379 195 45 348 75 328 248 0,370
PFG_MOEA,140,1,411.21,4974.5,0 12 90 381 23 32 276 239 336 138 222 198 49 274 256 237 351 280 252 236 128 119 2 0,23
PFG_MOEA,140,2,411.21,4974.5,0 22 118 185 214 295 40 122 392 285 331 133 293 53 101 352 363 323 194 275 277 102 100 95 163 61 89 207 307 313 359 365 253 206 187 0,22 100
PFG_MOEA,140,3,411.21,4974.5,0 115 0,
PFG_MOEA,140,4,411.21,4974.5,0 245 396 240 385 288 177 181 358 337 384 111 116 76 113 81 29 325 355 0,
PFG_MOEA,140,5,411.21,4974.5,0 281 26 334 298 341 134 186 131 84 114 389 105 219 371 162 159 74 279 91 24 212 375 284 14 184 318 70 292 263 8 373 169 108 72 52 130 44 386 362 201 312 67 164 107 302 173 106 261 388 197 218 151 77 273 136 137 59 109 127 57 226 19 13 80 0,77 106 284
PFG_MOEA,140,6,411.21,4974.5,0 38 172 182 319 303 357 266 141 86 199 228 267 366 289 231 34 58 68 161 235 35 249 88 135 233 156 94 230 374 92 11 36 397 350 311 4 314 193 340 299 321 269 120 142 37 51 123 145 132 339 322 121 146 294 174 320 364 393 3 229 308 356 264 259 246 42 300 329 112 221 242 96 0,51 174 229 246 299
PFG_MOEA,140,7,411.21,4974.5,0 399 200 165 191 152 247 255 1 262 250 28 345 377 395 400 394 188 301 372 21 167 291 139 149 157 63 316 387 327 17 43 85 215 73 254 183 354 69 265 346 315 99 175 251 190 390 18 103 155 83 378 213 234 227 398 93 224 179 232 225 97 71 33 260 148 238 129 330 192 48 31 304 0,93
PFG_MOEA,140,8,411.21,4974.5,0 382 383 10 391 271 39 46 54 268 272 30 66 166 205 208 6 204 154 305 326 283 65 297 62 241 110 140 286 317 333 180 220 158 189 64 20 126 124 7 56 217 55 25 367 170 361 209 287 0,55 62 66 220
PFG_MOEA,140,9,411.21,4974.5,0 380 0,
PFG_MOEA,140,10,411.21,4974.5,0 16 369 15 0,
PFG_MOEA,140,11,411.21,4974.5,0 168 203 178 82 41 0,178
PFG_MOEA,140,12,411.21,4974.5,0 335 360 338 202 306 370 342 144 176 27 98 78 196 296 347 332 216 47 125 9 150 147 324 211 244 223 104 310 282 143 309 5 195 379 79 160 50 60 270 257 210 45 153 278 87 171 353 348 75 328 248 258 376 368 290 343 349 344 243 117 0,
PFG_MOEA,141,1,312.55,5795.78,0 336 138 239 122 296 347 332 324 275 277 104 211 244 223 102 352 363 323 194 147 101 95 222 0,122 211 222 277
PFG_MOEA,141,2,312.55,5795.78,0 335 360 207 307 313 359 187 100 310 282 143 79 160 50 60 257 270 379 195 5 309 280 351 237 256 274 49 198 252 236 381 23 90 12 214 185 118 281 26 334 298 371 72 52 130 44 386 80 0,5 307
PFG_MOEA,141,3,312.55,5795.78,0 13 19 226 57 127 109 59 137 136 273 77 151 218 197 388 261 106 173 302 107 164 67 312 201 362 123 51 145 294 174 339 132 142 120 269 321 299 0,174
PFG_MOEA,141,4,312.55,5795.78,0 340 233 135 88 249 35 235 161 68 58 34 231 289 366 267 228 141 266 303 357 319 86 199 156 94 0,303
PFG_MOEA,141,5,312.55,5795.78,0 38 172 182 397 36 11 92 374 230 311 350 4 314 193 37 322 121 146 320 364 393 3 229 308 356 264 259 246 42 300 329 112 191 152 221 242 96 0,42 264
PFG_MOEA,141,6,312.55,5795.78,0 200 165 129 0,
PFG_MOEA,141,7,312.55,5795.78,0 304 330 395 400 394 188 301 372 21 167 291 139 149 157 63 316 387 17 43 33 71 224 260 0,
PFG_MOEA,141,8,312.55,5795.78,0 399 247 28 250 345 377 262 1 255 327 254 73 215 85 93 179 232 225 97 148 238 192 48 31 0,93
PFG_MOEA,141,9,312.55,5795.78,0 378 69 183 354 265 346 315 99 175 251 190 390 18 103 155 83 234 213 227 398 209 361 170 367 25 55 217 56 7 180 333 317 286 140 110 62 297 65 283 326 305 154 204 6 208 241 220 158 189 64 20 126 124 0,175
PFG_MOEA,141,10,312.55,5795.78,0 287 382 383 10 268 272 30 66 166 205 271 39 391 53 293 133 331 285 392 115 245 396 240 385 288 177 181 358 337 384 111 116 76 113 81 29 325 355 131 84 114 389 105 341 219 0,
PFG_MOEA,141,11,312.55,5795.78,0 91 24 212 375 14 108 169 373 8 263 292 70 318 184 284 74 279 159 162 22 134 186 89 216 47 125 9 150 163 61 365 253 206 46 54 0,
PFG_MOEA,141,12,312.55,5795.78,0 41 82 178 117 243 344 349 343 290 368 376 258 248 328 75 171 87 153 278 210 45 353 348 2 119 128 295 40 32 276 196 78 98 27 176 144 342 370 306 202 338 203 168 369 380 16 15 0,16 87 203
PFG_MOEA,142,1,759.34,4800.0,0 219 341 105 389 114 84 131 355 325 29 81 113 76 116 111 384 337 358 181 177 288 385 240 396 245 115 392 285 331 133 293 53 163 150 9 125 47 216 89 61 206 253 365 0,245
PFG_MOEA,142,2,759.34,4800.0,0 22 134 186 162 159 279 74 284 184 318 70 292 263 8 373 169 108 14 375 212 24 91 0,318
PFG_MOEA,142,3,759.34,4800.0,0 304 31 48 148 260 224 71 33 129 238 330 192 200 165 112 191 152 127 57 109 59 137 273 136 247 17 43 85 215 73 254 69 354 183 327 387 157 149 188 394 316 63 262 1 255 250 28 42 400 395 377 345 356 264 259 246 308 229 197 218 151 77 107 164 67 302 388 3 106 173 261 320 364 393 312 201 362 329 300 123 51 145 322 121 146 294 174 339 132 120 142 37 269 321 299 340 233 135 88 249 35 161 235 68 58 34 386 231 289 366 267 228 44 130 52 72 303 357 319 266 141 86 92 199 156 94 230 311 374 11 36 397 350 4 314 193 182 172 13 19 226 221 242 96 80 38 0,33 106 174 200 303 311 394
PFG_MOEA,142,4,759.34,4800.0,0 378 83 155 103 18 190 251 175 99 315 346 372 301 167 21 139 291 265 390 234 0,
PFG_MOEA,142,5,759.34,4800.0,0 179 391 271 39 30 272 268 46 54 93 398 227 213 232 0,391
PFG_MOEA,142,6,759.34,4800.0,0 225 0,
PFG_MOEA,142,7,759.34,4800.0,0 97 209 361 170 367 0,
PFG_MOEA,142,8,759.34,4800.0,0 399 15 168 203 338 202 306 370 342 144 176 27 98 78 196 369 380 16 41 82 178 117 243 344 349 66 343 290 368 376 258 248 328 75 348 353 45 210 278 153 171 87 6 208 205 166 158 189 220 241 62 297 65 283 204 154 305 326 110 140 180 333 317 286 25 55 217 56 7 124 126 20 64 287 10 383 382 0,62 66 205 220 342
PFG_MOEA,142,9,759.34,4800.0,0 2 119 128 295 40 32 276 239 122 296 332 347 138 336 222 95 101 194 147 324 275 323 363 352 277 102 223 244 211 104 310 100 282 143 79 160 50 60 257 270 379 195 5 309 280 351 237 256 274 49 198 252 236 0,
PFG_MOEA,142,10,759.34,4800.0,0 381 23 90 12 207 307 0,
PFG_MOEA,142,11,759.34,4800.0,0 335 187 359 313 360 214 0,
PFG_MOEA,142,12,759.34,4800.0,0 185 118 281 26 334 298 371 0,
PFG_MOEA,143,1,314.81,5596.11,0 12 90 128 236 252 336 276 138 222 198 49 274 256 237 351 280 309 5 290 343 313 207 0,222
PFG_MOEA,143,2,314.81,5596.11,0 91 292 263 8 373 169 108 14 375 212 24 371 219 341 298 334 26 281 118 185 214 295 40 32 239 122 95 101 352 363 323 194 275 277 102 100 23 381 119 2 307 359 187 148 48 31 304 0,23
PFG_MOEA,143,3,314.81,5596.11,0 260 224 71 33 127 152 191 112 165 200 129 238 330 192 0,33
PFG_MOEA,143,4,314.81,5596.11,0 57 67 302 173 106 3 388 164 107 77 151 218 197 229 308 246 259 264 356 345 377 395 400 42 28 250 255 1 262 63 316 394 188 149 157 387 327 183 354 69 254 73 215 85 43 17 247 136 273 137 59 109 0,
PFG_MOEA,143,5,314.81,5596.11,0 329 300 362 123 51 145 322 121 146 201 261 320 364 393 312 294 174 339 132 206 253 365 360 335 0,362 393
PFG_MOEA,143,6,314.81,5596.11,0 61 358 181 177 288 385 240 396 245 115 392 285 331 133 293 53 163 150 9 125 47 216 89 0,
PFG_MOEA,143,7,314.81,5596.11,0 80 13 19 226 35 161 235 58 34 386 231 289 366 267 228 44 130 52 72 318 70 184 284 74 279 159 162 389 114 355 325 384 337 111 116 76 113 81 29 131 84 105 186 134 22 0,
PFG_MOEA,143,8,314.81,5596.11,0 38 96 242 221 172 182 397 350 311 4 314 193 230 94 156 374 36 11 92 319 357 303 266 141 86 199 68 135 88 249 233 340 299 321 269 120 142 37 301 21 139 291 167 372 346 315 99 175 251 0,182
PFG_MOEA,143,9,314.81,5596.11,0 97 225 232 179 391 271 158 241 62 297 65 283 204 154 305 326 110 140 286 317 333 180 220 126 124 7 56 217 55 25 367 170 361 209 227 234 213 190 390 265 18 103 155 83 378 398 93 54 46 268 272 30 39 0,65 154
PFG_MOEA,143,10,314.81,5596.11,0 399 15 16 380 41 82 178 117 243 344 349 20 189 64 166 205 208 6 87 171 153 278 210 353 258 376 368 66 287 10 383 382 0,243
PFG_MOEA,143,11,314.81,5596.11,0 369 338 203 168 0,
PFG_MOEA,143,12,314.81,5596.11,0 202 306 370 342 144 176 27 98 78 196 296 347 332 324 147 211 244 223 104 310 282 143 79 160 50 60 257 270 379 195 45 348 75 328 248 0,370
PFG_MOEA,144,1,411.21,4974.5,0 12 90 381 23 32 276 239 336 138 222 198 49 274 256 237 351 280 252 236 128 119 2 0,23
PFG_MOEA,144,2,411.21,4974.5,0 22 118 185 214 295 40 122 392 285 331 133 293 53 101 352 363 323 194 275 277 102 100 95 163 61 89 207 307 313 359 365 253 206 187 0,22 100
PFG_MOEA,144,3,411.21,4974.5,0 115 0,
PFG_MOEA,144,4,411.21,4974.5,0 245 396 240 385 288 177 181 358 337 384 111 116 76 113 81 29 325 355 0,
PFG_MOEA,144,5,411.21,4974.5,0 281 26 334 298 341 134 186 131 84 114 389 105 219 371 162 159 74 279 91 24 212 375 284 14 184 318 70 292 263 8 373 169 108 72 52 130 44 386 362 201 312 67 164 107 302 173 106 261 388 197 218 151 77 273 136 137 59 109 127 57 226 19 13 80 0,77 106 284
PFG_MOEA,144,6,411.21,4974.5,0 38 172 182 319 303 357 266 141 86 199 228 267 366 289 231 34 58 68 161 235 35 249 88 135 233 156 94 230 374 92 11 36 397 350 311 4 314 193 340 299 321 269 120 142 37 51 123 145 132 339 322 121 146 294 174 320 364 393 3 229 308 356 264 259 246 42 300 329 112 221 242 96 0,51 174 229 246 299
PFG_MOEA,144,7,411.21,4974.5,0 399 200 165 191 152 247 255 1 262 250 28 345 377 395 400 394 188 301 372 21 167 291 139 149 157 63 316 387 327 17 43 85 215 73 254 183 354 69 265 346 315 99 175 251 190 390 18 103 155 83 378 213 234 227 398 93 224 179 232 225 97 71 33 260 148 238 129 330 192 48 31 304 0,93
PFG_MOEA,144,8,411.21,4974.5,0 382 383 10 391 271 39 46 54 268 272 30 66 166 205 208 6 204 154 305 326 283 65 297 62 241 110 140 286 317 333 180 220 158 189 64 20 126 124 7 56 217 55 25 367 170 361 209 287 0,55 62 66 220
PFG_MOEA,144,9,411.21,4974.5,0 380 0,
PFG_MOEA,144,10,411.21,4974.5,0 16 369 15 0,
PFG_MOEA,144,11,411.21,4974.5,0 168 203 178 82 41 0,178
PFG_MOEA,144,12,411.21,4974.5,0 335 360 338 202 306 370 342 144 176 27 98 78 196 296 347 332 216 47 125 9 150 147 324 211 244 223 104 310 282 143 309 5 195 379 79 160 50 60 270 257 210 45 153 278 87 171 353 348 75 328 248 258 376 368 290 343 349 344 243 117 0,
PFG_MOEA,145,1,312.55,5795.78,0 336 138 239 122 296 347 332 324 275 277 104 211 244 223 102 352 363 323 194 147 101 95 222 0,122 211 222 277
PFG_MOEA,145,2,312.55,5795.78,0 335 360 207 307 313 359 187 100 310 282 143 79 160 50 60 257 270 379 195 5 309 280 351 237 256 274 49 198 252 236 381 23 90 12 214 185 118 281 26 334 298 371 72 52 130 44 386 80 0,5 307
PFG_MOEA,145,3,312.55,5795.78,0 13 19 226 57 127 109 59 137 136 273 77 151 218 197 388 261 106 173 302 107 164 67 312 201 362 123 51 145 294 174 339 132 142 120 269 321 299 0,174
PFG_MOEA,145,4,312.55,5795.78,0 340 233 135 88 249 35 235 161 68 58 34 231 289 366 267 228 141 266 303 357 319 86 199 156 94 0,303
PFG_MOEA,145,5,312.55,5795.78,0 38 172 182 397 36 11 92 374 230 311 350 4 314 193 37 322 121 146 320 364 393 3 229 308 356 264 259 246 42 300 329 112 191 152 221 242 96 0,42 264
PFG_MOEA,145,6,312.55,5795.78,0 200 165 129 0,
PFG_MOEA,145,7,312.55,5795.78,0 304 330 395 400 394 188 301 372 21 167 291 139 149 157 63 316 387 17 43 33 71 224 260 0,
PFG_MOEA,145,8,312.55,5795.78,0 399 247 28 250 345 377 262 1 255 327 254 73 215 85 93 179 232 225 97 148 238 192 48 31 0,93
PFG_MOEA,145,9,312.55,5795.78,0 378 69 183 354 265 346 315 99 175 251 190 390 18 103 155 83 234 213 227 398 209 361 170 367 25 55 217 56 7 180 333 317 286 140 110 62 297 65 283 326 305 154 204 6 208 241 220 158 189 64 20 126 124 0,175
PFG_MOEA,145,10,312.55,5795.78,0 287 382 383 10 268 272 30 66 166 205 271 39 391 53 293 133 331 285 392 115 245 396 240 385 288 177 181 358 337 384 111 116 76 113 81 29 325 355 131 84 114 389 105 341 219 0,
PFG_MOEA,145,11,312.55,5795.78,0 91 24 212 375 14 108 169 373 8 263 292 70 318 184 284 74 279 159 162 22 134 186 89 216 47 125 9 150 163 61 365 253 206 46 54 0,
PFG_MOEA,145,12,312.55,5795.78,0 41 82 178 117 243 344 349 343 290 368 376 258 248 328 75 171 87 153 278 210 45 353 348 2 119 128 295 40 32 276 196 78 98 27 176 144 342 370 306 202 338 203 168 369 380 16 15 0,16 87 203
PFG_MOEA,146,1,759.34,4800.0,0 219 341 105 389 114 84 131 355 325 29 81 113 76 116 111 384 337 358 181 177 288 385 240 396 245 115 392 285 331 133 293 53 163 150 9 125 47 216 89 61 206 253 365 0,245
PFG_MOEA,146,2,759.34,4800.0,0 22 134 186 162 159 279 74 284 184 318 70 292 263 8 373 169 108 14 375 212 24 91 0,318
PFG_MOEA,146,3,759.34,4800.0,0 304 31 48 148 260 224 71 33 129 238 330 192 200 165 112 191 152 127 57 109 59 137 273 136 247 17 43 85 215 73 254 69 354 183 327 387 157 149 188 394 316 63 262 1 255 250 28 42 400 395 377 345 356 264 259 246 308 229 197 218 151 77 107 164 67 302 388 3 106 173 261 320 364 393 312 201 362 329 300 123 51 145 322 121 146 294 174 339 132 120 142 37 269 321 299 340 233 135 88 249 35 161 235 68 58 34 386 231 289 366 267 228 44 130 52 72 303 357 319 266 141 86 92 199 156 94 230 311 374 11 36 397 350 4 314 193 182 172 13 19 226 221 242 96 80 38 0,33 106 174 200 303 311 394
PFG_MOEA,146,4,759.34,4800.0,0 378 83 155 103 18 190 251 175 99 315 346 372 301 167 21 139 291 265 390 234 0,
PFG_MOEA,146,5,759.34,4800.0,0 179 391 271 39 30 272 268 46 54 93 398 227 213 232 0,391
PFG_MOEA,146,6,759.34,4800.0,0 225 0,
PFG_MOEA,146,7,759.34,4800.0,0 97 209 361 170 367 0,
PFG_MOEA,146,8,759.34,4800.0,0 399 15 168 203 338 202 306 370 342 144 176 27 98 78 196 369 380 16 41 82 178 117 243 344 349 66 343 290 368 376 258 248 328 75 348 353 45 210 278 153 171 87 6 208 205 166 158 189 220 241 62 297 65 283 204 154 305 326 110 140 180 333 317 286 25 55 217 56 7 124 126 20 64 287 10 383 382 0,62 66 205 220 342
PFG_MOEA,146,9,759.34,4800.0,0 2 119 128 295 40 32 276 239 122 296 332 347 138 336 222 95 101 194 147 324 275 323 363 352 277 102 223 244 211 104 310 100 282 143 79 160 50 60 257 270 379 195 5 309 280 351 237 256 274 49 198 252 236 0,
PFG_MOEA,146,10,759.34,4800.0,0 381 23 90 12 207 307 0,
PFG_MOEA,146,11,759.34,4800.0,0 335 187 359 313 360 214 0,
PFG_MOEA,146,12,759.34,4800.0,0 185 118 281 26 334 298 371 0,
PFG_MOEA,147,1,314.81,5596.11,0 12 90 128 236 252 336 276 138 222 198 49 274 256 237 351 280 309 5 290 343 313 207 0,222
PFG_MOEA,147,2,314.81,5596.11,0 91 292 263 8 373 169 108 14 375 212 24 371 219 341 298 334 26 281 118 185 214 295 40 32 239 122 95 101 352 363 323 194 275 277 102 100 23 381 119 2 307 359 187 148 48 31 304 0,23
PFG_MOEA,147,3,314.81,5596.11,0 260 224 71 33 127 152 191 112 165 200 129 238 330 192 0,33
PFG_MOEA,147,4,314.81,5596.11,0 57 67 302 173 106 3 388 164 107 77 151 218 197 229 308 246 259 264 356 345 377 395 400 42 28 250 255 1 262 63 316 394 188 149 157 387 327 183 354 69 254 73 215 85 43 17 247 136 273 137 59 109 0,
PFG_MOEA,147,5,314.81,5596.11,0 329 300 362 123 51 145 322 121 146 201 261 320 364 393 312 294 174 339 132 206 253 365 360 335 0,362 393
PFG_MOEA,147,6,314.81,5596.11,0 61 358 181 177 288 385 240 396 245 115 392 285 331 133 293 53 163 150 9 125 47 216 89 0,
PFG_MOEA,147,7,314.81,5596.11,0 80 13 19 226 35 161 235 58 34 386 231 289 366 267 228 44 130 52 72 318 70 184 284 74 279 159 162 389 114 355 325 384 337 111 116 76 113 81 29 131 84 105 186 134 22 0,
PFG_MOEA,147,8,314.81,5596.11,0 38 96 242 221 172 182 397 350 311 4 314 193 230 94 156 374 36 11 92 319 357 303 266 141 86 199 68 135 88 249 233 340 299 321 269 120 142 37 301 21 139 291 167 372 346 315 99 175 251 0,182
PFG_MOEA,147,9,314.81,5596.11,0 97 225 232 179 391 271 158 241 62 297 65 283 204 154 305 326 110 140 286 317 333 180 220 126 124 7 56 217 55 25 367 170 361 209 227 234 213 190 390 265 18 103 155 83 378 398 93 54 46 268 272 30 39 0,65 154
PFG_MOEA,147,10,314.81,5596.11,0 399 15 16 380 41 82 178 117 243 344 349 20 189 64 166 205 208 6 87 171 153 278 210 353 258 376 368 66 287 10 383 382 0,243
PFG_MOEA,147,11,314.81,5596.11,0 369 338 203 168 0,
PFG_MOEA,147,12,314.81,5596.11,0 202 306 370 342 144 176 27 98 78 196 296 347 332 324 147 211 244 223 104 310 282 143 79 160 50 60 257 270 379 195 45 348 75 328 248 0,370
PFG_MOEA,148,1,411.21,4974.5,0 12 90 381 23 32 276 239 336 138 222 198 49 274 256 237 351 280 252 236 128 119 2 0,23
PFG_MOEA,148,2,411.21,4974.5,0 22 118 185 214 295 40 122 392 285 331 133 293 53 101 352 363 323 194 275 277 102 100 95 163 61 89 207 307 313 359 365 253 206 187 0,22 100
PFG_MOEA,148,3,411.21,4974.5,0 115 0,
PFG_MOEA,148,4,411.21,4974.5,0 245 396 240 385 288 177 181 358 337 384 111 116 76 113 81 29 325 355 0,
PFG_MOEA,148,5,411.21,4974.5,0 281 26 334 298 341 134 186 131 84 114 389 105 219 371 162 159 74 279 91 24 212 375 284 14 184 318 70 292 263 8 373 169 108 72 52 130 44 386 362 201 312 67 164 107 302 173 106 261 388 197 218 151 77 273 136 137 59 109 127 57 226 19 13 80 0,77 106 284
PFG_MOEA,148,6,411.21,4974.5,0 38 172 182 319 303 357 266 141 86 199 228 267 366 289 231 34 58 68 161 235 35 249 88 135 233 156 94 230 374 92 11 36 397 350 311 4 314 193 340 299 321 269 120 142 37 51 123 145 132 339 322 121 146 294 174 320 364 393 3 229 308 356 264 259 246 42 300 329 112 221 242 96 0,51 174 229 246 299
PFG_MOEA,148,7,411.21,4974.5,0 399 200 165 191 152 247 255 1 262 250 28 345 377 395 400 394 188 301 372 21 167 291 139 149 157 63 316 387 327 17 43 85 215 73 254 183 354 69 265 346 315 99 175 251 190 390 18 103 155 83 378 213 234 227 398 93 224 179 232 225 97 71 33 260 148 238 129 330 192 48 31 304 0,93
PFG_MOEA,148,8,411.21,4974.5,0 382 383 10 391 271 39 46 54 268 272 30 66 166 205 208 6 204 154 305 326 283 65 297 62 241 110 140 286 317 333 180 220 158 189 64 20 126 124 7 56 217 55 25 367 170 361 209 287 0,55 62 66 220
PFG_MOEA,148,9,411.21,4974.5,0 380 0,
PFG_MOEA,148,10,411.21,4974.5,0 16 369 15 0,
PFG_MOEA,148,11,411.21,4974.5,0 168 203 178 82 41 0,178
PFG_MOEA,148,12,411.21,4974.5,0 335 360 338 202 306 370 342 144 176 27 98 78 196 296 347 332 216 47 125 9 150 147 324 211 244 223 104 310 282 143 309 5 195 379 79 160 50 60 270 257 210 45 153 278 87 171 353 348 75 328 248 258 376 368 290 343 349 344 243 117 0,
PFG_MOEA,149,1,312.55,5795.78,0 336 138 239 122 296 347 332 324 275 277 104 211 244 223 102 352 363 323 194 147 101 95 222 0,122 211 222 277
PFG_MOEA,149,2,312.55,5795.78,0 335 360 207 307 313 359 187 100 310 282 143 79 160 50 60 257 270 379 195 5 309 280 351 237 256 274 49 198 252 236 381 23 90 12 214 185 118 281 26 334 298 371 72 52 130 44 386 80 0,5 307
PFG_MOEA,149,3,312.55,5795.78,0 13 19 226 57 127 109 59 137 136 273 77 151 218 197 388 261 106 173 302 107 164 67 312 201 362 123 51 145 294 174 339 132 142 120 269 321 299 0,174
PFG_MOEA,149,4,312.55,5795.78,0 340 233 135 88 249 35 235 161 68 58 34 231 289 366 267 228 141 266 303 357 319 86 199 156 94 0,303
PFG_MOEA,149,5,312.55,5795.78,0 38 172 182 397 36 11 92 374 230 311 350 4 314 193 37 322 121 146 320 364 393 3 229 308 356 264 259 246 42 300 329 112 191 152 221 242 96 0,42 264
PFG_MOEA,149,6,312.55,5795.78,0 200 165 129 0,
PFG_MOEA,149,7,312.55,5795.78,0 304 330 395 400 394 188 301 372 21 167 291 139 149 157 63 316 387 17 43 33 71 224 260 0,
PFG_MOEA,149,8,312.55,5795.78,0 399 247 28 250 345 377 262 1 255 327 254 73 215 85 93 179 232 225 97 148 238 192 48 31 0,93
PFG_MOEA,149,9,312.55,5795.78,0 378 69 183 354 265 346 315 99 175 251 190 390 18 103 155 83 234 213 227 398 209 361 170 367 25 55 217 56 7 180 333 317 286 140 110 62 297 65 283 326 305 154 204 6 208 241 220 158 189 64 20 126 124 0,175
PFG_MOEA,149,10,312.55,5795.78,0 287 382 383 10 268 272 30 66 166 205 271 39 391 53 293 133 331 285 392 115 245 396 240 385 288 177 181 358 337 384 111 116 76 113 81 29 325 355 131 84 114 389 105 341 219 0,
PFG_MOEA,149,11,312.55,5795.78,0 91 24 212 375 14 108 169 373 8 263 292 70 318 184 284 74 279 159 162 22 134 186 89 216 47 125 9 150 163 61 365 253 206 46 54 0,
PFG_MOEA,149,12,312.55,5795.78,0 41 82 178 117 243 344 349 343 290 368 376 258 248 328 75 171 87 153 278 210 45 353 348 2 119 128 295 40 32 276 196 78 98 27 176 144 342 370 306 202 338 203 168 369 380 16 15 0,16 87 203
PFG_MOEA,150,1,759.34,4800.0,0 219 341 105 389 114 84 131 355 325 29 81 113 76 116 111 384 337 358 181 177 288 385 240 396 245 115 392 285 331 133 293 53 163 150 9 125 47 216 89 61 206 253 365 0,245
PFG_MOEA,150,2,759.34,4800.0,0 22 134 186 162 159 279 74 284 184 318 70 292 263 8 373 169 108 14 375 212 24 91 0,318
PFG_MOEA,150,3,759.34,4800.0,0 304 31 48 148 260 224 71 33 129 238 330 192 200 165 112 191 152 127 57 109 59 137 273 136 247 17 43 85 215 73 254 69 354 183 327 387 157 149 188 394 316 63 262 1 255 250 28 42 400 395 377 345 356 264 259 246 308 229 197 218 151 77 107 164 67 302 388 3 106 173 261 320 364 393 312 201 362 329 300 123 51 145 322 121 146 294 174 339 132 120 142 37 269 321 299 340 233 135 88 249 35 161 235 68 58 34 386 231 289 366 267 228 44 130 52 72 303 357 319 266 141 86 92 199 156 94 230 311 374 11 36 397 350 4 314 193 182 172 13 19 226 221 242 96 80 38 0,33 106 174 200 303 311 394
PFG_MOEA,150,4,759.34,4800.0,0 378 83 155 103 18 190 251 175 99 315 346 372 301 167 21 139 291 265 390 234 0,
PFG_MOEA,150,5,759.34,4800.0,0 179 391 271 39 30 272 268 46 54 93 398 227 213 232 0,391
PFG_MOEA,150,6,759.34,4800.0,0 225 0,
PFG_MOEA,150,7,759.34,4800.0,0 97 209 361 170 367 0,
PFG_MOEA,150,8,759.34,4800.0,0 399 15 168 203 338 202 306 370 342 144 176 27 98 78 196 369 380 16 41 82 178 117 243 344 349 66 343 290 368 376 258 248 328 75 348 353 45 210 278 153 171 87 6 208 205 166 158 189 220 241 62 297 65 283 204 154 305 326 110 140 180 333 317 286 25 55 217 56 7 124 126 20 64 287 10 383 382 0,62 66 205 220 342
PFG_MOEA,150,9,759.34,4800.0,0 2 119 128 295 40 32 276 239 122 296 332 347 138 336 222 95 101 194 147 324 275 323 363 352 277 102 223 244 211 104 310 100 282 143 79 160 50 60 257 270 379 195 5 309 280 351 237 256 274 49 198 252 236 0,
PFG_MOEA,150,10,759.34,4800.0,0 381 23 90 12 207 307 0,
PFG_MOEA,150,11,759.34,4800.0,0 335 187 359 313 360 214 0,
PFG_MOEA,150,12,759.34,4800.0,0 185 118 281 26 334 298 371 0,
PFG_MOEA,151,1,314.81,5596.11,0 12 90 128 236 252 336 276 138 222 198 49 274 256 237 351 280 309 5 290 343 313 207 0,222
PFG_MOEA,151,2,314.81,5596.11,0 91 292 263 8 373 169 108 14 375 212 24 371 219 341 298 334 26 281 118 185 214 295 40 32 239 122 95 101 352 363 323 194 275 277 102 100 23 381 119 2 307 359 187 148 48 31 304 0,23
PFG_MOEA,151,3,314.81,5596.11,0 260 224 71 33 127 152 191 112 165 200 129 238 330 192 0,33
PFG_MOEA,151,4,314.81,5596.11,0 57 67 302 173 106 3 388 164 107 77 151 218 197 229 308 246 259 264 356 345 377 395 400 42 28 250 255 1 262 63 316 394 188 149 157 387 327 183 354 69 254 73 215 85 43 17 247 136 273 137 59 109 0,
PFG_MOEA,151,5,314.81,5596.11,0 329 300 362 123 51 145 322 121 146 201 261 320 364 393 312 294 174 339 132 206 253 365 360 335 0,362 393
PFG_MOEA,151,6,314.81,5596.11,0 61 358 181 177 288 385 240 396 245 115 392 285 331 133 293 53 163 150 9 125 47 216 89 0,
PFG_MOEA,151,7,314.81,5596.11,0 80 13 19 226 35 161 235 58 34 386 231 289 366 267 228 44 130 52 72 318 70 184 284 74 279 159 162 389 114 355 325 384 337 111 116 76 113 81 29 131 84 105 186 134 22 0,
PFG_MOEA,151,8,314.81,5596.11,0 38 96 242 221 172 182 397 350 311 4 314 193 230 94 156 374 36 11 92 319 357 303 266 141 86 199 68 135 88 249 233 340 299 321 269 120 142 37 301 21 139 291 167 372 346 315 99 175 251 0,182
PFG_MOEA,151,9,314.81,5596.11,0 97 225 232 179 391 271 158 241 62 297 65 283 204 154 305 326 110 140 286 317 333 180 220 126 124 7 56 217 55 25 367 170 361 209 227 234 213 190 390 265 18 103 155 83 378 398 93 54 46 268 272 30 39 0,65 154
PFG_MOEA,151,10,314.81,5596.11,0 399 15 16 380 41 82 178 117 243 344 349 20 189 64 166 205 208 6 87 171 153 278 210 353 258 376 368 66 287 10 383 382 0,243
PFG_MOEA,151,11,314.81,5596.11,0 369 338 203 168 0,
PFG_MOEA,151,12,314.81,5596.11,0 202 306 370 342 144 176 27 98 78 196 296 347 332 324 147 211 244 223 104 310 282 143 79 160 50 60 257 270 379 195 45 348 75 328 248 0,370
PFG_MOEA,152,1,411.21,4974.5,0 12 90 381 23 32 276 239 336 138 222 198 49 274 256 237 351 280 252 236 128 119 2 0,23
PFG_MOEA,152,2,411.21,4974.5,0 22 118 185 214 295 40 122 392 285 331 133 293 53 101 352 363 323 194 275 277 102 100 95 163 61 89 207 307 313 359 365 253 206 187 0,22 100
PFG_MOEA,152,3,411.21,4974.5,0 115 0,
PFG_MOEA,152,4,411.21,4974.5,0 245 396 240 385 288 177 181 358 337 384 111 116 76 113 81 29 325 355 0,
PFG_MOEA,152,5,411.21,4974.5,0 281 26 334 298 341 134 186 131 84 114 389 105 219 371 162 159 74 279 91 24 212 375 284 14 184 318 70 292 263 8 373 169 108 72 52 130 44 386 362 201 312 67 164 107 302 173 106 261 388 197 218 151 77 273 136 137 59 109 127 57 226 19 13 80 0,77 106 284
PFG_MOEA,152,6,411.21,4974.5,0 38 172 182 319 303 357 266 141 86 199 228 267 366 289 231 34 58 68 161 235 35 249 88 135 233 156 94 230 374 92 11 36 397 350 311 4 314 193 340 299 321 269 120 142 37 51 123 145 132 339 322 121 146 294 174 320 364 393 3 229 308 356 264 259 246 42 300 329 112 221 242 96 0,51 174 229 246 299
PFG_MOEA,152,7,411.21,4974.5,0 399 200 165 191 152 247 255 1 262 250 28 345 377 395 400 394 188 301 372 21 167 291 139 149 157 63 316 387 327 17 43 85 215 73 254 183 354 69 265 346 315 99 175 251 190 390 18 103 155 83 378 213 234 227 398 93 224 179 232 225 97 71 33 260 148 238 129 330 192 48 31 304 0,93
PFG_MOEA,152,8,411.21,4974.5,0 382 383 10 391 271 39 46 54 268 272 30 66 166 205 208 6 204 154 305 326 283 65 297 62 241 110 140 286 317 333 180 220 158 189 64 20 126 124 7 56 217 55 25 367 170 361 209 287 0,55 62 66 220
PFG_MOEA,152,9,411.21,4974.5,0 380 0,
PFG_MOEA,152,10,411.21,4974.5,0 16 369 15 0,
PFG_MOEA,152,11,411.21,4974.5,0 168 203 178 82 41 0,178
PFG_MOEA,152,12,411.21,4974.5,0 335 360 338 202 306 370 342 144 176 27 98 78 196 296 347 332 216 47 125 9 150 147 324 211 244 223 104 310 282 143 309 5 195 379 79 160 50 60 270 257 210 45 153 278 87 171 353 348 75 328 248 258 376 368 290 343 349 344 243 117 0,
PFG_MOEA,153,1,312.55,5795.78,0 336 138 239 122 296 347 332 324 275 277 104 211 244 223 102 352 363 323 194 147 101 95 222 0,122 211 222 277
PFG_MOEA,153,2,312.55,5795.78,0 335 360 207 307 313 359 187 100 310 282 143 79 160 50 60 257 270 379 195 5 309 280 351 237 256 274 49 198 252 236 381 23 90 12 214 185 118 281 26 334 298 371 72 52 130 44 386 80 0,5 307
PFG_MOEA,153,3,312.55,5795.78,0 13 19 226 57 127 109 59 137 136 273 77 151 218 197 388 261 106 173 302 107 164 67 312 201 362 123 51 145 294 174 339 132 142 120 269 321 299 0,174
PFG_MOEA,153,4,312.55,5795.78,0 340 233 135 88 249 35 235 161 68 58 34 231 289 366 267 228 141 266 303 357 319 86 199 156 94 0,303
PFG_MOEA,153,5,312.55,5795.78,0 38 172 182 397 36 11 92 374 230 311 350 4 314 193 37 322 121 146 320 364 393 3 229 308 356 264 259 246 42 300 329 112 191 152 221 242 96 0,42 264
PFG_MOEA,153,6,312.55,5795.78,0 200 165 129 0,
PFG_MOEA,153,7,312.55,5795.78,0 304 330 395 400 394 188 301 372 21 167 291 139 149 157 63 316 387 17 43 33 71 224 260 0,
PFG_MOEA,153,8,312.55,5795.78,0 399 247 28 250 345 377 262 1 255 327 254 73 215 85 93 179 232 225 97 148 238 192 48 31 0,93
PFG_MOEA,153,9,312.55,5795.78,0 378 69 183 354 265 346 315 99 175 251 190 390 18 103 155 83 234 213 227 398 209 361 170 367 25 55 217 56 7 180 333 317 286 140 110 62 297 65 283 326 305 154 204 6 208 241 220 158 189 64 20 126 124 0,175
PFG_MOEA,153,10,312.55,5795.78,0 287 382 383 10 268 272 30 66 166 205 271 39 391 53 293 133 331 285 392 115 245 396 240 385 288 177 181 358 337 384 111 116 76 113 81 29 325 355 131 84 114 389 105 341 219 0,
PFG_MOEA,153,11,312.55,5795.78,0 91 24 212 375 14 108 169 373 8 263 292 70 318 184 284 74 279 159 162 22 134 186 89 216 47 125 9 150 163 61 365 253 206 46 54 0,
PFG_MOEA,153,12,312.55,5795.78,0 41 82 178 117 243 344 349 343 290 368 376 258 248 328 75 171 87 153 278 210 45 353 348 2 119 128 295 40 32 276 196 78 98 27 176 144 342 370 306 202 338 203 168 369 380 16 15 0,16 87 203
PFG_MOEA,154,1,759.34,4800.0,0 219 341 105 389 114 84 131 355 325 29 81 113 76 116 111 384 337 358 181 177 288 385 240 396 245 115 392 285 331 133 293 53 163 150 9 125 47 216 89 61 206 253 365 0,245
PFG_MOEA,154,2,759.34,4800.0,0 22 134 186 162 159 279 74 284 184 318 70 292 263 8 373 169 108 14 375 212 24 91 0,318
PFG_MOEA,154,3,759.34,4800.0,0 304 31 48 148 260 224 71 33 129 238 330 192 200 165 112 191 152 127 57 109 59 137 273 136 247 17 43 85 215 73 254 69 354 183 327 387 157 149 188 394 316 63 262 1 255 250 28 42 400 395 377 345 356 264 259 246 308 229 197 218 151 77 107 164 67 302 388 3 106 173 261 320 364 393 312 201 362 329 300 123 51 145 322 121 146 294 174 339 132 120 142 37 269 321 299 340 233 135 88 249 35 161 235 68 58 34 386 231 289 366 267 228 44 130 52 72 303 357 319 266 141 86 92 199 156 94 230 311 374 11 36 397 350 4 314 193 182 172 13 19 226 221 242 96 80 38 0,33 106 174 200 303 311 394
PFG_MOEA,154,4,759.34,4800.0,0 378 83 155 103 18 190 251 175 99 315 346 372 301 167 21 139 291 265 390 234 0,
PFG_MOEA,154,5,759.34,4800.0,0 179 391 271 39 30 272 268 46 54 93 398 227 213 232 0,391
PFG_MOEA,154,6,759.34,4800.0,0 225 0,
PFG_MOEA,154,7,759.34,4800.0,0 97 209 361 170 367 0,
PFG_MOEA,154,8,759.34,4800.0,0 399 15 168 203 338 202 306 370 342 144 176 27 98 78 196 369 380 16 41 82 178 117 243 344 349 66 343 290 368 376 258 248 328 75 348 353 45 210 278 153 171 87 6 208 205 166 158 189 220 241 62 297 65 283 204 154 305 326 110 140 180 333 317 286 25 55 217 56 7 124 126 20 64 287 10 383 382 0,62 66 205 220 342
PFG_MOEA,154,9,759.34,4800.0,0 2 119 128 295 40 32 276 239 122 296 332 347 138 336 222 95 101 194 147 324 275 323 363 352 277 102 223 244 211 104 310 100 282 143 79 160 50 60 257 270 379 195 5 309 280 351 237 256 274 49 198 252 236 0,
PFG_MOEA,154,10,759.34,4800.0,0 381 23 90 12 207 307 0,
PFG_MOEA,154,11,759.34,4800.0,0 335 187 359 313 360 214 0,
PFG_MOEA,154,12,759.34,4800.0,0 185 118 281 26 334 298 371 0,
PFG_MOEA,155,1,314.81,5596.11,0 12 90 128 236 252 336 276 138 222 198 49 274 256 237 351 280 309 5 290 343 313 207 0,222
PFG_MOEA,155,2,314.81,5596.11,0 91 292 263 8 373 169 108 14 375 212 24 371 219 341 298 334 26 281 118 185 214 295 40 32 239 122 95 101 352 363 323 194 275 277 102 100 23 381 119 2 307 359 187 148 48 31 304 0,23
PFG_MOEA,155,3,314.81,5596.11,0 260 224 71 33 127 152 191 112 165 200 129 238 330 192 0,33
PFG_MOEA,155,4,314.81,5596.11,0 57 67 302 173 106 3 388 164 107 77 151 218 197 229 308 246 259 264 356 345 377 395 400 42 28 250 255 1 262 63 316 394 188 149 157 387 327 183 354 69 254 73 215 85 43 17 247 136 273 137 59 109 0,
PFG_MOEA,155,5,314.81,5596.11,0 329 300 362 123 51 145 322 121 146 201 261 320 364 393 312 294 174 339 132 206 253 365 360 335 0,362 393
PFG_MOEA,155,6,314.81,5596.11,0 61 358 181 177 288 385 240 396 245 115 392 285 331 133 293 53 163 150 9 125 47 216 89 0,
PFG_MOEA,155,7,314.81,5596.11,0 80 13 19 226 35 161 235 58 34 386 231 289 366 267 228 44 130 52 72 318 70 184 284 74 279 159 162 389 114 355 325 384 337 111 116 76 113 81 29 131 84 105 186 134 22 0,
PFG_MOEA,155,8,314.81,5596.11,0 38 96 242 221 172 182 397 350 311 4 314 193 230 94 156 374 36 11 92 319 357 303 266 141 86 199 68 135 88 249 233 340 299 321 269 120 142 37 301 21 139 291 167 372 346 315 99 175 251 0,182
PFG_MOEA,155,9,314.81,5596.11,0 97 225 232 179 391 271 158 241 62 297 65 283 204 154 305 326 110 140 286 317 333 180 220 126 124 7 56 217 55 25 367 170 361 209 227 234 213 190 390 265 18 103 155 83 378 398 93 54 46 268 272 30 39 0,65 154
PFG_MOEA,155,10,314.81,5596.11,0 399 15 16 380 41 82 178 117 243 344 349 20 189 64 166 205 208 6 87 171 153 278 210 353 258 376 368 66 287 10 383 382 0,243
PFG_MOEA,155,11,314.81,5596.11,0 369 338 203 168 0,
PFG_MOEA,155,12,314.81,5596.11,0 202 306 370 342 144 176 27 98 78 196 296 347 332 324 147 211 244 223 104 310 282 143 79 160 50 60 257 270 379 195 45 348 75 328 248 0,370
PFG_MOEA,156,1,411.21,4974.5,0 12 90 381 23 32 276 239 336 138 222 198 49 274 256 237 351 280 252 236 128 119 2 0,23
PFG_MOEA,156,2,411.21,4974.5,0 22 118 185 214 295 40 122 392 285 331 133 293 53 101 352 363 323 194 275 277 102 100 95 163 61 89 207 307 313 359 365 253 206 187 0,22 100
PFG_MOEA,156,3,411.21,4974.5,0 115 0,
PFG_MOEA,156,4,411.21,4974.5,0 245 396 240 385 288 177 181 358 337 384 111 116 76 113 81 29 325 355 0,
PFG_MOEA,156,5,411.21,4974.5,0 281 26 334 298 341 134 186 131 84 114 389 105 219 371 162 159 74 279 91 24 212 375 284 14 184 318 70 292 263 8 373 169 108 72 52 130 44 386 362 201 312 67 164 107 302 173 106 261 388 197 218 151 77 273 136 137 59 109 127 57 226 19 13 80 0,77 106 284
PFG_MOEA,156,6,411.21,4974.5,0 38 172 182 319 303 357 266 141 86 199 228 267 366 289 231 34 58 68 161 235 35 249 88 135 233 156 94 230 374 92 11 36 397 350 311 4 314 193 340 299 321 269 120 142 37 51 123 145 132 339 322 121 146 294 174 320 364 393 3 229 308 356 264 259 246 42 300 329 112 221 242 96 0,51 174 229 246 299
PFG_MOEA,156,7,411.21,4974.5,0 399 200 165 191 152 247 255 1 262 250 28 345 377 395 400 394 188 301 372 21 167 291 139 149 157 63 316 387 327 17 43 85 215 73 254 183 354 69 265 346 315 99 175 251 190 390 18 103 155 83 378 213 234 227 398 93 224 179 232 225 97 71 33 260 148 238 129 330 192 48 31 304 0,93
PFG_MOEA,156,8,411.21,4974.5,0 382 383 10 391 271 39 46 54 268 272 30 66 166 205 208 6 204 154 305 326 283 65 297 62 241 110 140 286 317 333 180 220 158 189 64 20 126 124 7 56 217 55 25 367 170 361 209 287 0,55 62 66 220
PFG_MOEA,156,9,411.21,4974.5,0 380 0,
PFG_MOEA,156,10,411.21,4974.5,0 16 369 15 0,
PFG_MOEA,156,11,411.21,4974.5,0 168 203 178 82 41 0,178
PFG_MOEA,156,12,411.21,4974.5,0 335 360 338 202 306 370 342 144 176 27 98 78 196 296 347 332 216 47 125 9 150 147 324 211 244 223 104 310 282 143 309 5 195 379 79 160 50 60 270 257 210 45 153 278 87 171 353 348 75 328 248 258 376 368 290 343 349 344 243 117 0,
PFG_MOEA,157,1,312.55,5795.78,0 336 138 239 122 296 347 332 324 275 277 104 211 244 223 102 352 363 323 194 147 101 95 222 0,122 211 222 277
PFG_MOEA,157,2,312.55,5795.78,0 335 360 207 307 313 359 187 100 310 282 143 79 160 50 60 257 270 379 195 5 309 280 351 237 256 274 49 198 252 236 381 23 90 12 214 185 118 281 26 334 298 371 72 52 130 44 386 80 0,5 307
PFG_MOEA,157,3,312.55,5795.78,0 13 19 226 57 127 109 59 137 136 273 77 151 218 197 388 261 106 173 302 107 164 67 312 201 362 123 51 145 294 174 339 132 142 120 269 321 299 0,174
PFG_MOEA,157,4,312.55,5795.78,0 340 233 135 88 249 35 235 161 68 58 34 231 289 366 267 228 141 266 303 357 319 86 199 156 94 0,303
PFG_MOEA,157,5,312.55,5795.78,0 38 172 182 397 36 11 92 374 230 311 350 4 314 193 37 322 121 146 320 364 393 3 229 308 356 264 259 246 42 300 329 112 191 152 221 242 96 0,42 264
PFG_MOEA,157,6,312.55,5795.78,0 200 165 129 0,
PFG_MOEA,157,7,312.55,5795.78,0 304 330 395 400 394 188 301 372 21 167 291 139 149 157 63 316 387 17 43 33 71 224 260 0,
PFG_MOEA,157,8,312.55,5795.78,0 399 247 28 250 345 377 262 1 255 327 254 73 215 85 93 179 232 225 97 148 238 192 48 31 0,93
PFG_MOEA,157,9,312.55,5795.78,0 378 69 183 354 265 346 315 99 175 251 190 390 18 103 155 83 234 213 227 398 209 361 170 367 25 55 217 56 7 180 333 317 286 140 110 62 297 65 283 326 305 154 204 6 208 241 220 158 189 64 20 126 124 0,175
PFG_MOEA,157,10,312.55,5795.78,0 287 382 383 10 268 272 30 66 166 205 271 39 391 53 293 133 331 285 392 115 245 396 240 385 288 177 181 358 337 384 111 116 76 113 81 29 325 355 131 84 114 389 105 341 219 0,
PFG_MOEA,157,11,312.55,5795.78,0 91 24 212 375 14 108 169 373 8 263 292 70 318 184 284 74 279 159 162 22 134 186 89 216 47 125 9 150 163 61 365 253 206 46 54 0,
PFG_MOEA,157,12,312.55,5795.78,0 41 82 178 117 243 344 349 343 290 368 376 258 248 328 75 171 87 153 278 210 45 353 348 2 119 128 295 40 32 276 196 78 98 27 176 144 342 370 306 202 338 203 168 369 380 16 15 0,16 87 203
PFG_MOEA,158,1,759.34,4800.0,0 219 341 105 389 114 84 131 355 325 29 81 113 76 116 111 384 337 358 181 177 288 385 240 396 245 115 392 285 331 133 293 53 163 150 9 125 47 216 89 61 206 253 365 0,245
PFG_MOEA,158,2,759.34,4800.0,0 22 134 186 162 159 279 74 284 184 318 70 292 263 8 373 169 108 14 375 212 24 91 0,318
PFG_MOEA,158,3,759.34,4800.0,0 304 31 48 148 260 224 71 33 129 238 330 192 200 165 112 191 152 127 57 109 59 137 273 136 247 17 43 85 215 73 254 69 354 183 327 387 157 149 188 394 316 63 262 1 255 250 28 42 400 395 377 345 356 264 259 246 308 229 197 218 151 77 107 164 67 302 388 3 106 173 261 320 364 393 312 201 362 329 300 123 51 145 322 121 146 294 174 339 132 120 142 37 269 321 299 340 233 135 88 249 35 161 235 68 58 34 386 231 289 366 267 228 44 130 52 72 303 357 319 266 141 86 92 199 156 94 230 311 374 11 36 397 350 4 314 193 182 172 13 19 226 221 242 96 80 38 0,33 106 174 200 303 311 394
PFG_MOEA,158,4,759.34,4800.0,0 378 83 155 103 18 190 251 175 99 315 346 372 301 167 21 139 291 265 390 234 0,
PFG_MOEA,158,5,759.34,4800.0,0 179 391 271 39 30 272 268 46 54 93 398 227 213 232 0,391
PFG_MOEA,158,6,759.34,4800.0,0 225 0,
PFG_MOEA,158,7,759.34,4800.0,0 97 209 361 170 367 0,
PFG_MOEA,158,8,759.34,4800.0,0 399 15 168 203 338 202 306 370 342 144 176 27 98 78 196 369 380 16 41 82 178 117 243 344 349 66 343 290 368 376 258 248 328 75 348 353 45 210 278 153 171 87 6 208 205 166 158 189 220 241 62 297 65 283 204 154 305 326 110 140 180 333 317 286 25 55 217 56 7 124 126 20 64 287 10 383 382 0,62 66 205 220 342
PFG_MOEA,158,9,759.34,4800.0,0 2 119 128 295 40 32 276 239 122 296 332 347 138 336 222 95 101 194 147 324 275 323 363 352 277 102 223 244 211 104 310 100 282 143 79 160 50 60 257 270 379 195 5 309 280 351 237 256 274 49 198 252 236 0,
PFG_MOEA,158,10,759.34,4800.0,0 381 23 90 12 207 307 0,
PFG_MOEA,158,11,759.34,4800.0,0 335 187 359 313 360 214 0,
PFG_MOEA,158,12,759.34,4800.0,0 185 118 281 26 334 298 371 0,
PFG_MOEA,159,1,314.81,5596.11,0 12 90 128 236 252 336 276 138 222 198 49 274 256 237 351 280 309 5 290 343 313 207 0,222
PFG_MOEA,159,2,314.81,5596.11,0 91 292 263 8 373 169 108 14 375 212 24 371 219 341 298 334 26 281 118 185 214 295 40 32 239 122 95 101 352 363 323 194 275 277 102 100 23 381 119 2 307 359 187 148 48 31 304 0,23
PFG_MOEA,159,3,314.81,5596.11,0 260 224 71 33 127 152 191 112 165 200 129 238 330 192 0,33
PFG_MOEA,159,4,314.81,5596.11,0 57 67 302 173 106 3 388 164 107 77 151 218 197 229 308 246 259 264 356 345 377 395 400 42 28 250 255 1 262 63 316 394 188 149 157 387 327 183 354 69 254 73 215 85 43 17 247 136 273 137 59 109 0,
PFG_MOEA,159,5,314.81,5596.11,0 329 300 362 123 51 145 322 121 146 201 261 320 364 393 312 294 174 339 132 206 253 365 360 335 0,362 393
PFG_MOEA,159,6,314.81,5596.11,0 61 358 181 177 288 385 240 396 245 115 392 285 331 133 293 53 163 150 9 125 47 216 89 0,
PFG_MOEA,159,7,314.81,5596.11,0 80 13 19 226 35 161 235 58 34 386 231 289 366 267 228 44 130 52 72 318 70 184 284 74 279 159 162 389 114 355 325 384 337 111 116 76 113 81 29 131 84 105 186 134 22 0,
PFG_MOEA,159,8,314.81,5596.11,0 38 96 242 221 172 182 397 350 311 4 314 193 230 94 156 374 36 11 92 319 357 303 266 141 86 199 68 135 88 249 233 340 299 321 269 120 142 37 301 21 139 291 167 372 346 315 99 175 251 0,182
PFG_MOEA,159,9,314.81,5596.11,0 97 225 232 179 391 271 158 241 62 297 65 283 204 154 305 326 110 140 286 317 333 180 220 126 124 7 56 217 55 25 367 170 361 209 227 234 213 190 390 265 18 103 155 83 378 398 93 54 46 268 272 30 39 0,65 154
PFG_MOEA,159,10,314.81,5596.11,0 399 15 16 380 41 82 178 117 243 344 349 20 189 64 166 205 208 6 87 171 153 278 210 353 258 376 368 66 287 10 383 382 0,243
PFG_MOEA,159,11,314.81,5596.11,0 369 338 203 168 0,
PFG_MOEA,159,12,314.81,5596.11,0 202 306 370 342 144 176 27 98 78 196 296 347 332 324 147 211 244 223 104 310 282 143 79 160 50 60 257 270 379 195 45 348 75 328 248 0,370
PFG_MOEA,160,1,411.21,4974.5,0 12 90 381 23 32 276 239 336 138 222 198 49 274 256 237 351 280 252 236 128 119 2 0,23
PFG_MOEA,160,2,411.21,4974.5,0 22 118 185 214 295 40 122 392 285 331 133 293 53 101 352 363 323 194 275 277 102 100 95 163 61 89 207 307 313 359 365 253 206 187 0,22 100
PFG_MOEA,160,3,411.21,4974.5,0 115 0,
PFG_MOEA,160,4,411.21,4974.5,0 245 396 240 385 288 177 181 358 337 384 111 116 76 113 81 29 325 355 0,
PFG_MOEA,160,5,411.21,4974.5,0 281 26 334 298 341 134 186 131 84 114 389 105 219 371 162 159 74 279 91 24 212 375 284 14 184 318 70 292 263 8 373 169 108 72 52 130 44 386 362 201 312 67 164 107 302 173 106 261 388 197 218 151 77 273 136 137 59 109 127 57 226 19 13 80 0,77 106 284
PFG_MOEA,160,6,411.21,4974.5,0 38 172 182 319 303 357 266 141 86 199 228 267 366 289 231 34 58 68 161 235 35 249 88 135 233 156 94 230 374 92 11 36 397 350 311 4 314 193 340 299 321 269 120 142 37 51 123 145 132 339 322 121 146 294 174 320 364 393 3 229 308 356 264 259 246 42 300 329 112 221 242 96 0,51 174 229 246 299
PFG_MOEA,160,7,411.21,4974.5,0 399 200 165 191 152 247 255 1 262 250 28 345 377 395 400 394 188 301 372 21 167 291 139 149 157 63 316 387 327 17 43 85 215 73 254 183 354 69 265 346 315 99 175 251 190 390 18 103 155 83 378 213 234 227 398 93 224 179 232 225 97 71 33 260 148 238 129 330 192 48 31 304 0,93
PFG_MOEA,160,8,411.21,4974.5,0 382 383 10 391 271 39 46 54 268 272 30 66 166 205 208 6 204 154 305 326 283 65 297 62 241 110 140 286 317 333 180 220 158 189 64 20 126 124 7 56 217 55 25 367 170 361 209 287 0,55 62 66 220
PFG_MOEA,160,9,411.21,4974.5,0 380 0,
PFG_MOEA,160,10,411.21,4974.5,0 16 369 15 0,
PFG_MOEA,160,11,411.21,4974.5,0 168 203 178 82 41 0,178
PFG_MOEA,160,12,411.21,4974.5,0 335 360 338 202 306 370 342 144 176 27 98 78 196 296 347 332 216 47 125 9 150 147 324 211 244 223 104 310 282 143 309 5 195 379 79 160 50 60 270 257 210 45 153 278 87 171 353 348 75 328 248 258 376 368 290 343 349 344 243 117 0,
PFG_MOEA,161,1,312.55,5795.78,0 336 138 239 122 296 347 332 324 275 277 104 211 244 223 102 352 363 323 194 147 101 95 222 0,122 211 222 277
PFG_MOEA,161,2,312.55,5795.78,0 335 360 207 307 313 359 187 100 310 282 143 79 160 50 60 257 270 379 195 5 309 280 351 237 256 274 49 198 252 236 381 23 90 12 214 185 118 281 26 334 298 371 72 52 130 44 386 80 0,5 307
PFG_MOEA,161,3,312.55,5795.78,0 13 19 226 57 127 109 59 137 136 273 77 151 218 197 388 261 106 173 302 107 164 67 312 201 362 123 51 145 294 174 339 132 142 120 269 321 299 0,174
PFG_MOEA,161,4,312.55,5795.78,0 340 233 135 88 249 35 235 161 68 58 34 231 289 366 267 228 141 266 303 357 319 86 199 156 94 0,303
PFG_MOEA,161,5,312.55,5795.78,0 38 172 182 397 36 11 92 374 230 311 350 4 314 193 37 322 121 146 320 364 393 3 229 308 356 264 259 246 42 300 329 112 191 152 221 242 96 0,42 264
PFG_MOEA,161,6,312.55,5795.78,0 200 165 129 0,
PFG_MOEA,161,7,312.55,5795.78,0 304 330 395 400 394 188 301 372 21 167 291 139 149 157 63 316 387 17 43 33 71 224 260 0,
PFG_MOEA,161,8,312.55,5795.78,0 399 247 28 250 345 377 262 1 255 327 254 73 215 85 93 179 232 225 97 148 238 192 48 31 0,93
PFG_MOEA,161,9,312.55,5795.78,0 378 69 183 354 265 346 315 99 175 251 190 390 18 103 155 83 234 213 227 398 209 361 170 367 25 55 217 56 7 180 333 317 286 140 110 62 297 65 283 326 305 154 204 6 208 241 220 158 189 64 20 126 124 0,175
PFG_MOEA,161,10,312.55,5795.78,0 287 382 383 10 268 272 30 66 166 205 271 39 391 53 293 133 331 285 392 115 245 396 240 385 288 177 181 358 337 384 111 116 76 113 81 29 325 355 131 84 114 389 105 341 219 0,
PFG_MOEA,161,11,312.55,5795.78,0 91 24 212 375 14 108 169 373 8 263 292 70 318 184 284 74 279 159 162 22 134 186 89 216 47 125 9 150 163 61 365 253 206 46 54 0,
PFG_MOEA,161,12,312.55,5795.78,0 41 82 178 117 243 344 349 343 290 368 376 258 248 328 75 171 87 153 278 210 45 353 348 2 119 128 295 40 32 276 196 78 98 27 176 144 342 370 306 202 338 203 168 369 380 16 15 0,16 87 203
PFG_MOEA,162,1,759.34,4800.0,0 219 341 105 389 114 84 131 355 325 29 81 113 76 116 111 384 337 358 181 177 288 385 240 396 245 115 392 285 331 133 293 53 163 150 9 125 47 216 89 61 206 253 365 0,245
PFG_MOEA,162,2,759.34,4800.0,0 22 134 186 162 159 279 74 284 184 318 70 292 263 8 373 169 108 14 375 212 24 91 0,318
PFG_MOEA,162,3,759.34,4800.0,0 304 31 48 148 260 224 71 33 129 238 330 192 200 165 112 191 152 127 57 109 59 137 273 136 247 17 43 85 215 73 254 69 354 183 327 387 157 149 188 394 316 63 262 1 255 250 28 42 400 395 377 345 356 264 259 246 308 229 197 218 151 77 107 164 67 302 388 3 106 173 261 320 364 393 312 201 362 329 300 123 51 145 322 121 146 294 174 339 132 120 142 37 269 321 299 340 233 135 88 249 35 161 235 68 58 34 386 231 289 366 267 228 44 130 52 72 303 357 319 266 141 86 92 199 156 94 230 311 374 11 36 397 350 4 314 193 182 172 13 19 226 221 242 96 80 38 0,33 106 174 200 303 311 394
PFG_MOEA,162,4,759.34,4800.0,0 378 83 155 103 18 190 251 175 99 315 346 372 301 167 21 139 291 265 390 234 0,
PFG_MOEA,162,5,759.34,4800.0,0 179 391 271 39 30 272 268 46 54 93 398 227 213 232 0,391
PFG_MOEA,162,6,759.34,4800.0,0 225 0,
PFG_MOEA,162,7,759.34,4800.0,0 97 209 361 170 367 0,
PFG_MOEA,162,8,759.34,4800.0,0 399 15 168 203 338 202 306 370 342 144 176 27 98 78 196 369 380 16 41 82 178 117 243 344 349 66 343 290 368 376 258 248 328 75 348 353 45 210 278 153 171 87 6 208 205 166 158 189 220 241 62 297 65 283 204 154 305 326 110 140 180 333 317 286 25 55 217 56 7 124 126 20 64 287 10 383 382 0,62 66 205 220 342
PFG_MOEA,162,9,759.34,4800.0,0 2 119 128 295 40 32 276 239 122 296 332 347 138 336 222 95 101 194 147 324 275 323 363 352 277 102 223 244 211 104 310 100 282 143 79 160 50 60 257 270 379 195 5 309 280 351 237 256 274 49 198 252 236 0,
PFG_MOEA,162,10,759.34,4800.0,0 381 23 90 12 207 307 0,
PFG_MOEA,162,11,759.34,4800.0,0 335 187 359 313 360 214 0,
PFG_MOEA,162,12,759.34,4800.0,0 185 118 281 26 334 298 371 0,
PFG_MOEA,163,1,314.81,5596.11,0 12 90 128 236 252 336 276 138 222 198 49 274 256 237 351 280 309 5 290 343 313 207 0,222
PFG_MOEA,163,2,314.81,5596.11,0 91 292 263 8 373 169 108 14 375 212 24 371 219 341 298 334 26 281 118 185 214 295 40 32 239 122 95 101 352 363 323 194 275 277 102 100 23 381 119 2 307 359 187 148 48 31 304 0,23
PFG_MOEA,163,3,314.81,5596.11,0 260 224 71 33 127 152 191 112 165 200 129 238 330 192 0,33
PFG_MOEA,163,4,314.81,5596.11,0 57 67 302 173 106 3 388 164 107 77 151 218 197 229 308 246 259 264 356 345 377 395 400 42 28 250 255 1 262 63 316 394 188 149 157 387 327 183 354 69 254 73 215 85 43 17 247 136 273 137 59 109 0,
PFG_MOEA,163,5,314.81,5596.11,0 329 300 362 123 51 145 322 121 146 201 261 320 364 393 312 294 174 339 132 206 253 365 360 335 0,362 393
PFG_MOEA,163,6,314.81,5596.11,0 61 358 181 177 288 385 240 396 245 115 392 285 331 133 293 53 163 150 9 125 47 216 89 0,
PFG_MOEA,163,7,314.81,5596.11,0 80 13 19 226 35 161 235 58 34 386 231 289 366 267 228 44 130 52 72 318 70 184 284 74 279 159 162 389 114 355 325 384 337 111 116 76 113 81 29 131 84 105 186 134 22 0,
PFG_MOEA,163,8,314.81,5596.11,0 38 96 242 221 172 182 397 350 311 4 314 193 230 94 156 374 36 11 92 319 357 303 266 141 86 199 68 135 88 249 233 340 299 321 269 120 142 37 301 21 139 291 167 372 346 315 99 175 251 0,182
PFG_MOEA,163,9,314.81,5596.11,0 97 225 232 179 391 271 158 241 62 297 65 283 204 154 305 326 110 140 286 317 333 180 220 126 124 7 56 217 55 25 367 170 361 209 227 234 213 190 390 265 18 103 155 83 378 398 93 54 46 268 272 30 39 0,65 154
PFG_MOEA,163,10,314.81,5596.11,0 399 15 16 380 41 82 178 117 243 344 349 20 189 64 166 205 208 6 87 171 153 278 210 353 258 376 368 66 287 10 383 382 0,243
PFG_MOEA,163,11,314.81,5596.11,0 369 338 203 168 0,
PFG_MOEA,163,12,314.81,5596.11,0 202 306 370 342 144 176 27 98 78 196 296 347 332 324 147 211 244 223 104 310 282 143 79 160 50 60 257 270 379 195 45 348 75 328 248 0,370
PFG_MOEA,164,1,411.21,4974.5,0 12 90 381 23 32 276 239 336 138 222 198 49 274 256 237 351 280 252 236 128 119 2 0,23
PFG_MOEA,164,2,411.21,4974.5,0 22 118 185 214 295 40 122 392 285 331 133 293 53 101 352 363 323 194 275 277 102 100 95 163 61 89 207 307 313 359 365 253 206 187 0,22 100
PFG_MOEA,164,3,411.21,4974.5,0 115 0,
PFG_MOEA,164,4,411.21,4974.5,0 245 396 240 385 288 177 181 358 337 384 111 116 76 113 81 29 325 355 0,
PFG_MOEA,164,5,411.21,4974.5,0 281 26 334 298 341 134 186 131 84 114 389 105 219 371 162 159 74 279 91 24 212 375 284 14 184 318 70 292 263 8 373 169 108 72 52 130 44 386 362 201 312 67 164 107 302 173 106 261 388 197 218 151 77 273 136 137 59 109 127 57 226 19 13 80 0,77 106 284
PFG_MOEA,164,6,411.21,4974.5,0 38 172 182 319 303 357 266 141 86 199 228 267 366 289 231 34 58 68 161 235 35 249 88 135 233 156 94 230 374 92 11 36 397 350 311 4 314 193 340 299 321 269 120 142 37 51 123 145 132 339 322 121 146 294 174 320 364 393 3 229 308 356 264 259 246 42 300 329 112 221 242 96 0,51 174 229 246 299
PFG_MOEA,164,7,411.21,4974.5,0 399 200 165 191 152 247 255 1 262 250 28 345 377 395 400 394 188 301 372 21 167 291 139 149 157 63 316 387 327 17 43 85 215 73 254 183 354 69 265 346 315 99 175 251 190 390 18 103 155 83 378 213 234 227 398 93 224 179 232 225 97 71 33 260 148 238 129 330 192 48 31 304 0,93
PFG_MOEA,164,8,411.21,4974.5,0 382 383 10 391 271 39 46 54 268 272 30 66 166 205 208 6 204 154 305 326 283 65 297 62 241 110 140 286 317 333 180 220 158 189 64 20 126 124 7 56 217 55 25 367 170 361 209 287 0,55 62 66 220
PFG_MOEA,164,9,411.21,4974.5,0 380 0,
PFG_MOEA,164,10,411.21,4974.5,0 16 369 15 0,
PFG_MOEA,164,11,411.21,4974.5,0 168 203 178 82 41 0,178
PFG_MOEA,164,12,411.21,4974.5,0 335 360 338 202 306 370 342 144 176 27 98 78 196 296 347 332 216 47 125 9 150 147 324 211 244 223 104 310 282 143 309 5 195 379 79 160 50 60 270 257 210 45 153 278 87 171 353 348 75 328 248 258 376 368 290 343 349 344 243 117 0,
PFG_MOEA,165,1,312.55,5795.78,0 336 138 239 122 296 347 332 324 275 277 104 211 244 223 102 352 363 323 194 147 101 95 222 0,122 211 222 277
PFG_MOEA,165,2,312.55,5795.78,0 335 360 207 307 313 359 187 100 310 282 143 79 160 50 60 257 270 379 195 5 309 280 351 237 256 274 49 198 252 236 381 23 90 12 214 185 118 281 26 334 298 371 72 52 130 44 386 80 0,5 307
PFG_MOEA,165,3,312.55,5795.78,0 13 19 226 57 127 109 59 137 136 273 77 151 218 197 388 261 106 173 302 107 164 67 312 201 362 123 51 145 294 174 339 132 142 120 269 321 299 0,174
PFG_MOEA,165,4,312.55,5795.78,0 340 233 135 88 249 35 235 161 68 58 34 231 289 366 267 228 141 266 303 357 319 86 199 156 94 0,303
PFG_MOEA,165,5,312.55,5795.78,0 38 172 182 397 36 11 92 374 230 311 350 4 314 193 37 322 121 146 320 364 393 3 229 308 356 264 259 246 42 300 329 112 191 152 221 242 96 0,42 264
PFG_MOEA,165,6,312.55,5795.78,0 200 165 129 0,
PFG_MOEA,165,7,312.55,5795.78,0 304 330 395 400 394 188 301 372 21 167 291 139 149 157 63 316 387 17 43 33 71 224 260 0,
PFG_MOEA,165,8,312.55,5795.78,0 399 247 28 250 345 377 262 1 255 327 254 73 215 85 93 179 232 225 97 148 238 192 48 31 0,93
PFG_MOEA,165,9,312.55,5795.78,0 378 69 183 354 265 346 315 99 175 251 190 390 18 103 155 83 234 213 227 398 209 361 170 367 25 55 217 56 7 180 333 317 286 140 110 62 297 65 283 326 305 154 204 6 208 241 220 158 189 64 20 126 124 0,175
PFG_MOEA,165,10,312.55,5795.78,0 287 382 383 10 268 272 30 66 166 205 271 39 391 53 293 133 331 285 392 115 245 396 240 385 288 177 181 358 337 384 111 116 76 113 81 29 325 355 131 84 114 389 105 341 219 0,
PFG_MOEA,165,11,312.55,5795.78,0 91 24 212 375 14 108 169 373 8 263 292 70 318 184 284 74 279 159 162 22 134 186 89 216 47 125 9 150 163 61 365 253 206 46 54 0,
PFG_MOEA,165,12,312.55,5795.78,0 41 82 178 117 243 344 349 343 290 368 376 258 248 328 75 171 87 153 278 210 45 353 348 2 119 128 295 40 32 276 196 78 98 27 176 144 342 370 306 202 338 203 168 369 380 16 15 0,16 87 203
PFG_MOEA,166,1,759.34,4800.0,0 219 341 105 389 114 84 131 355 325 29 81 113 76 116 111 384 337 358 181 177 288 385 240 396 245 115 392 285 331 133 293 53 163 150 9 125 47 216 89 61 206 253 365 0,245
PFG_MOEA,166,2,759.34,4800.0,0 22 134 186 162 159 279 74 284 184 318 70 292 263 8 373 169 108 14 375 212 24 91 0,318
PFG_MOEA,166,3,759.34,4800.0,0 304 31 48 148 260 224 71 33 129 238 330 192 200 165 112 191 152 127 57 109 59 137 273 136 247 17 43 85 215 73 254 69 354 183 327 387 157 149 188 394 316 63 262 1 255 250 28 42 400 395 377 345 356 264 259 246 308 229 197 218 151 77 107 164 67 302 388 3 106 173 261 320 364 393 312 201 362 329 300 123 51 145 322 121 146 294 174 339 132 120 142 37 269 321 299 340 233 135 88 249 35 161 235 68 58 34 386 231 289 366 267 228 44 130 52 72 303 357 319 266 141 86 92 199 156 94 230 311 374 11 36 397 350 4 314 193 182 172 13 19 226 221 242 96 80 38 0,33 106 174 200 303 311 394
PFG_MOEA,166,4,759.34,4800.0,0 378 83 155 103 18 190 251 175 99 315 346 372 301 167 21 139 291 265 390 234 0,
PFG_MOEA,166,5,759.34,4800.0,0 179 391 271 39 30 272 268 46 54 93 398 227 213 232 0,391
PFG_MOEA,166,6,759.34,4800.0,0 225 0,
PFG_MOEA,166,7,759.34,4800.0,0 97 209 361 170 367 0,
PFG_MOEA,166,8,759.34,4800.0,0 399 15 168 203 338 202 306 370 342 144 176 27 98 78 196 369 380 16 41 82 178 117 243 344 349 66 343 290 368 376 258 248 328 75 348 353 45 210 278 153 171 87 6 208 205 166 158 189 220 241 62 297 65 283 204 154 305 326 110 140 180 333 317 286 25 55 217 56 7 124 126 20 64 287 10 383 382 0,62 66 205 220 342
PFG_MOEA,166,9,759.34,4800.0,0 2 119 128 295 40 32 276 239 122 296 332 347 138 336 222 95 101 194 147 324 275 323 363 352 277 102 223 244 211 104 310 100 282 143 79 160 50 60 257 270 379 195 5 309 280 351 237 256 274 49 198 252 236 0,
PFG_MOEA,166,10,759.34,4800.0,0 381 23 90 12 207 307 0,
PFG_MOEA,166,11,759.34,4800.0,0 335 187 359 313 360 214 0,
PFG_MOEA,166,12,759.34,4800.0,0 185 118 281 26 334 298 371 0,
PFG_MOEA,167,1,314.81,5596.11,0 12 90 128 236 252 336 276 138 222 198 49 274 256 237 351 280 309 5 290 343 313 207 0,222
PFG_MOEA,167,2,314.81,5596.11,0 91 292 263 8 373 169 108 14 375 212 24 371 219 341 298 334 26 281 118 185 214 295 40 32 239 122 95 101 352 363 323 194 275 277 102 100 23 381 119 2 307 359 187 148 48 31 304 0,23
PFG_MOEA,167,3,314.81,5596.11,0 260 224 71 33 127 152 191 112 165 200 129 238 330 192 0,33
PFG_MOEA,167,4,314.81,5596.11,0 57 67 302 173 106 3 388 164 107 77 151 218 197 229 308 246 259 264 356 345 377 395 400 42 28 250 255 1 262 63 316 394 188 149 157 387 327 183 354 69 254 73 215 85 43 17 247 136 273 137 59 109 0,
PFG_MOEA,167,5,314.81,5596.11,0 329 300 362 123 51 145 322 121 146 201 261 320 364 393 312 294 174 339 132 206 253 365 360 335 0,362 393
PFG_MOEA,167,6,314.81,5596.11,0 61 358 181 177 288 385 240 396 245 115 392 285 331 133 293 53 163 150 9 125 47 216 89 0,
PFG_MOEA,167,7,314.81,5596.11,0 80 13 19 226 35 161 235 58 34 386 231 289 366 267 228 44 130 52 72 318 70 184 284 74 279 159 162 389 114 355 325 384 337 111 116 76 113 81 29 131 84 105 186 134 22 0,
PFG_MOEA,167,8,314.81,5596.11,0 38 96 242 221 172 182 397 350 311 4 314 193 230 94 156 374 36 11 92 319 357 303 266 141 86 199 68 135 88 249 233 340 299 321 269 120 142 37 301 21 139 291 167 372 346 315 99 175 251 0,182
PFG_MOEA,167,9,314.81,5596.11,0 97 225 232 179 391 271 158 241 62 297 65 283 204 154 305 326 110 140 286 317 333 180 220 126 124 7 56 217 55 25 367 170 361 209 227 234 213 190 390 265 18 103 155 83 378 398 93 54 46 268 272 30 39 0,65 154
PFG_MOEA,167,10,314.81,5596.11,0 399 15 16 380 41 82 178 117 243 344 349 20 189 64 166 205 208 6 87 171 153 278 210 353 258 376 368 66 287 10 383 382 0,243
PFG_MOEA,167,11,314.81,5596.11,0 369 338 203 168 0,
PFG_MOEA,167,12,314.81,5596.11,0 202 306 370 342 144 176 27 98 78 196 296 347 332 324 147 211 244 223 104 310 282 143 79 160 50 60 257 270 379 195 45 348 75 328 248 0,370
PFG_MOEA,168,1,411.21,4974.5,0 12 90 381 23 32 276 239 336 138 222 198 49 274 256 237 351 280 252 236 128 119 2 0,23
PFG_MOEA,168,2,411.21,4974.5,0 22 118 185 214 295 40 122 392 285 331 133 293 53 101 352 363 323 194 275 277 102 100 95 163 61 89 207 307 313 359 365 253 206 187 0,22 100
PFG_MOEA,168,3,411.21,4974.5,0 115 0,
PFG_MOEA,168,4,411.21,4974.5,0 245 396 240 385 288 177 181 358 337 384 111 116 76 113 81 29 325 355 0,
PFG_MOEA,168,5,411.21,4974.5,0 281 26 334 298 341 134 186 131 84 114 389 105 219 371 162 159 74 279 91 24 212 375 284 14 184 318 70 292 263 8 373 169 108 72 52 130 44 386 362 201 312 67 164 107 302 173 106 261 388 197 218 151 77 273 136 137 59 109 127 57 226 19 13 80 0,77 106 284
PFG_MOEA,168,6,411.21,4974.5,0 38 172 182 319 303 357 266 141 86 199 228 267 366 289 231 34 58 68 161 235 35 249 88 135 233 156 94 230 374 92 11 36 397 350 311 4 314 193 340 299 321 269 120 142 37 51 123 145 132 339 322 121 146 294 174 320 364 393 3 229 308 356 264 259 246 42 300 329 112 221 242 96 0,51 174 229 246 299
PFG_MOEA,168,7,411.21,4974.5,0 399 200 165 191 152 247 255 1 262 250 28 345 377 395 400 394 188 301 372 21 167 291 139 149 157 63 316 387 327 17 43 85 215 73 254 183 354 69 265 346 315 99 175 251 190 390 18 103 155 83 378 213 234 227 398 93 224 179 232 225 97 71 33 260 148 238 129 330 192 48 31 304 0,93
PFG_MOEA,168,8,411.21,4974.5,0 382 383 10 391 271 39 46 54 268 272 30 66 166 205 208 6 204 154 305 326 283 65 297 62 241 110 140 286 317 333 180 220 158 189 64 20 126 124 7 56 217 55 25 367 170 361 209 287 0,55 62 66 220
PFG_MOEA,168,9,411.21,4974.5,0 380 0,
PFG_MOEA,168,10,411.21,4974.5,0 16 369 15 0,
PFG_MOEA,168,11,411.21,4974.5,0 168 203 178 82 41 0,178
PFG_MOEA,168,12,411.21,4974.5,0 335 360 338 202 306 370 342 144 176 27 98 78 196 296 347 332 216 47 125 9 150 147 324 211 244 223 104 310 282 143 309 5 195 379 79 160 50 60 270 257 210 45 153 278 87 171 353 348 75 328 248 258 376 368 290 343 349 344 243 117 0,
PFG_MOEA,169,1,312.55,5795.78,0 336 138 239 122 296 347 332 324 275 277 104 211 244 223 102 352 363 323 194 147 101 95 222 0,122 211 222 277
PFG_MOEA,169,2,312.55,5795.78,0 335 360 207 307 313 359 187 100 310 282 143 79 160 50 60 257 270 379 195 5 309 280 351 237 256 274 49 198 252 236 381 23 90 12 214 185 118 281 26 334 298 371 72 52 130 44 386 80 0,5 307
PFG_MOEA,169,3,312.55,5795.78,0 13 19 226 57 127 109 59 137 136 273 77 151 218 197 388 261 106 173 302 107 164 67 312 201 362 123 51 145 294 174 339 132 142 120 269 321 299 0,174
PFG_MOEA,169,4,312.55,5795.78,0 340 233 135 88 249 35 235 161 68 58 34 231 289 366 267 228 141 266 303 357 319 86 199 156 94 0,303
PFG_MOEA,169,5,312.55,5795.78,0 38 172 182 397 36 11 92 374 230 311 350 4 314 193 37 322 121 146 320 364 393 3 229 308 356 264 259 246 42 300 329 112 191 152 221 242 96 0,42 264
PFG_MOEA,169,6,312.55,5795.78,0 200 165 129 0,
PFG_MOEA,169,7,312.55,5795.78,0 304 330 395 400 394 188 301 372 21 167 291 139 149 157 63 316 387 17 43 33 71 224 260 0,
PFG_MOEA,169,8,312.55,5795.78,0 399 247 28 250 345 377 262 1 255 327 254 73 215 85 93 179 232 225 97 148 238 192 48 31 0,93
PFG_MOEA,169,9,312.55,5795.78,0 378 69 183 354 265 346 315 99 175 251 190 390 18 103 155 83 234 213 227 398 209 361 170 367 25 55 217 56 7 180 333 317 286 140 110 62 297 65 283 326 305 154 204 6 208 241 220 158 189 64 20 126 124 0,175
PFG_MOEA,169,10,312.55,5795.78,0 287 382 383 10 268 272 30 66 166 205 271 39 391 53 293 133 331 285 392 115 245 396 240 385 288 177 181 358 337 384 111 116 76 113 81 29 325 355 131 84 114 389 105 341 219 0,
PFG_MOEA,169,11,312.55,5795.78,0 91 24 212 375 14 108 169 373 8 263 292 70 318 184 284 74 279 159 162 22 134 186 89 216 47 125 9 150 163 61 365 253 206 46 54 0,
PFG_MOEA,169,12,312.55,5795.78,0 41 82 178 117 243 344 349 343 290 368 376 258 248 328 75 171 87 153 278 210 45 353 348 2 119 128 295 40 32 276 196 78 98 27 176 144 342 370 306 202 338 203 168 369 380 16 15 0,16 87 203
PFG_MOEA,170,1,759.34,4800.0,0 219 341 105 389 114 84 131 355 325 29 81 113 76 116 111 384 337 358 181 177 288 385 240 396 245 115 392 285 331 133 293 53 163 150 9 125 47 216 89 61 206 253 365 0,245
PFG_MOEA,170,2,759.34,4800.0,0 22 134 186 162 159 279 74 284 184 318 70 292 263 8 373 169 108 14 375 212 24 91 0,318
PFG_MOEA,170,3,759.34,4800.0,0 304 31 48 148 260 224 71 33 129 238 330 192 200 165 112 191 152 127 57 109 59 137 273 136 247 17 43 85 215 73 254 69 354 183 327 387 157 149 188 394 316 63 262 1 255 250 28 42 400 395 377 345 356 264 259 246 308 229 197 218 151 77 107 164 67 302 388 3 106 173 261 320 364 393 312 201 362 329 300 123 51 145 322 121 146 294 174 339 132 120 142 37 269 321 299 340 233 135 88 249 35 161 235 68 58 34 386 231 289 366 267 228 44 130 52 72 303 357 319 266 141 86 92 199 156 94 230 311 374 11 36 397 350 4 314 193 182 172 13 19 226 221 242 96 80 38 0,33 106 174 200 303 311 394
PFG_MOEA,170,4,759.34,4800.0,0 378 83 155 103 18 190 251 175 99 315 346 372 301 167 21 139 291 265 390 234 0,
PFG_MOEA,170,5,759.34,4800.0,0 179 391 271 39 30 272 268 46 54 93 398 227 213 232 0,391
PFG_MOEA,170,6,759.34,4800.0,0 225 0,
PFG_MOEA,170,7,759.34,4800.0,0 97 209 361 170 367 0,
PFG_MOEA,170,8,759.34,4800.0,0 399 15 168 203 338 202 306 370 342 144 176 27 98 78 196 369 380 16 41 82 178 117 243 344 349 66 343 290 368 376 258 248 328 75 348 353 45 210 278 153 171 87 6 208 205 166 158 189 220 241 62 297 65 283 204 154 305 326 110 140 180 333 317 286 25 55 217 56 7 124 126 20 64 287 10 383 382 0,62 66 205 220 342
PFG_MOEA,170,9,759.34,4800.0,0 2 119 128 295 40 32 276 239 122 296 332 347 138 336 222 95 101 194 147 324 275 323 363 352 277 102 223 244 211 104 310 100 282 143 79 160 50 60 257 270 379 195 5 309 280 351 237 256 274 49 198 252 236 0,
PFG_MOEA,170,10,759.34,4800.0,0 381 23 90 12 207 307 0,
PFG_MOEA,170,11,759.34,4800.0,0 335 187 359 313 360 214 0,
PFG_MOEA,170,12,759.34,4800.0,0 185 118 281 26 334 298 371 0,
PFG_MOEA,171,1,314.81,5596.11,0 12 90 128 236 252 336 276 138 222 198 49 274 256 237 351 280 309 5 290 343 313 207 0,222
PFG_MOEA,171,2,314.81,5596.11,0 91 292 263 8 373 169 108 14 375 212 24 371 219 341 298 334 26 281 118 185 214 295 40 32 239 122 95 101 352 363 323 194 275 277 102 100 23 381 119 2 307 359 187 148 48 31 304 0,23
PFG_MOEA,171,3,314.81,5596.11,0 260 224 71 33 127 152 191 112 165 200 129 238 330 192 0,33
PFG_MOEA,171,4,314.81,5596.11,0 57 67 302 173 106 3 388 164 107 77 151 218 197 229 308 246 259 264 356 345 377 395 400 42 28 250 255 1 262 63 316 394 188 149 157 387 327 183 354 69 254 73 215 85 43 17 247 136 273 137 59 109 0,
PFG_MOEA,171,5,314.81,5596.11,0 329 300 362 123 51 145 322 121 146 201 261 320 364 393 312 294 174 339 132 206 253 365 360 335 0,362 393
PFG_MOEA,171,6,314.81,5596.11,0 61 358 181 177 288 385 240 396 245 115 392 285 331 133 293 53 163 150 9 125 47 216 89 0,
PFG_MOEA,171,7,314.81,5596.11,0 80 13 19 226 35 161 235 58 34 386 231 289 366 267 228 44 130 52 72 318 70 184 284 74 279 159 162 389 114 355 325 384 337 111 116 76 113 81 29 131 84 105 186 134 22 0,
PFG_MOEA,171,8,314.81,5596.11,0 38 96 242 221 172 182 397 350 311 4 314 193 230 94 156 374 36 11 92 319 357 303 266 141 86 199 68 135 88 249 233 340 299 321 269 120 142 37 301 21 139 291 167 372 346 315 99 175 251 0,182
PFG_MOEA,171,9,314.81,5596.11,0 97 225 232 179 391 271 158 241 62 297 65 283 204 154 305 326 110 140 286 317 333 180 220 126 124 7 56 217 55 25 367 170 361 209 227 234 213 190 390 265 18 103 155 83 378 398 93 54 46 268 272 30 39 0,65 154
PFG_MOEA,171,10,314.81,5596.11,0 399 15 16 380 41 82 178 117 243 344 349 20 189 64 166 205 208 6 87 171 153 278 210 353 258 376 368 66 287 10 383 382 0,243
PFG_MOEA,171,11,314.81,5596.11,0 369 338 203 168 0,
PFG_MOEA,171,12,314.81,5596.11,0 202 306 370 342 144 176 27 98 78 196 296 347 332 324 147 211 244 223 104 310 282 143 79 160 50 60 257 270 379 195 45 348 75 328 248 0,370
PFG_MOEA,172,1,411.21,4974.5,0 12 90 381 23 32 276 239 336 138 222 198 49 274 256 237 351 280 252 236 128 119 2 0,23
PFG_MOEA,172,2,411.21,4974.5,0 22 118 185 214 295 40 122 392 285 331 133 293 53 101 352 363 323 194 275 277 102 100 95 163 61 89 207 307 313 359 365 253 206 187 0,22 100
PFG_MOEA,172,3,411.21,4974.5,0 115 0,
PFG_MOEA,172,4,411.21,4974.5,0 245 396 240 385 288 177 181 358 337 384 111 116 76 113 81 29 325 355 0,
PFG_MOEA,172,5,411.21,4974.5,0 281 26 334 298 341 134 186 131 84 114 389 105 219 371 162 159 74 279 91 24 212 375 284 14 184 318 70 292 263 8 373 169 108 72 52 130 44 386 362 201 312 67 164 107 302 173 106 261 388 197 218 151 77 273 136 137 59 109 127 57 226 19 13 80 0,77 106 284
PFG_MOEA,172,6,411.21,4974.5,0 38 172 182 319 303 357 266 141 86 199 228 267 366 289 231 34 58 68 161 235 35 249 88 135 233 156 94 230 374 92 11 36 397 350 311 4 314 193 340 299 321 269 120 142 37 51 123 145 132 339 322 121 146 294 174 320 364 393 3 229 308 356 264 259 246 42 300 329 112 221 242 96 0,51 174 229 246 299
PFG_MOEA,172,7,411.21,4974.5,0 399 200 165 191 152 247 255 1 262 250 28 345 377 395 400 394 188 301 372 21 167 291 139 149 157 63 316 387 327 17 43 85 215 73 254 183 354 69 265 346 315 99 175 251 190 390 18 103 155 83 378 213 234 227 398 93 224 179 232 225 97 71 33 260 148 238 129 330 192 48 31 304 0,93
PFG_MOEA,172,8,411.21,4974.5,0 382 383 10 391 271 39 46 54 268 272 30 66 166 205 208 6 204 154 305 326 283 65 297 62 241 110 140 286 317 333 180 220 158 189 64 20 126 124 7 56 217 55 25 367 170 361 209 287 0,55 62 66 220
PFG_MOEA,172,9,411.21,4974.5,0 380 0,
PFG_MOEA,172,10,411.21,4974.5,0 16 369 15 0,
PFG_MOEA,172,11,411.21,4974.5,0 168 203 178 82 41 0,178
PFG_MOEA,172,12,411.21,4974.5,0 335 360 338 202 306 370 342 144 176 27 98 78 196 296 347 332 216 47 125 9 150 147 324 211 244 223 104 310 282 143 309 5 195 379 79 160 50 60 270 257 210 45 153 278 87 171 353 348 75 328 248 258 376 368 290 343 349 344 243 117 0,
PFG_MOEA,173,1,312.55,5795.78,0 336 138 239 122 296 347 332 324 275 277 104 211 244 223 102 352 363 323 194 147 101 95 222 0,122 211 222 277
PFG_MOEA,173,2,312.55,5795.78,0 335 360 207 307 313 359 187 100 310 282 143 79 160 50 60 257 270 379 195 5 309 280 351 237 256 274 49 198 252 236 381 23 90 12 214 185 118 281 26 334 298 371 72 52 130 44 386 80 0,5 307
PFG_MOEA,173,3,312.55,5795.78,0 13 19 226 57 127 109 59 137 136 273 77 151 218 197 388 261 106 173 302 107 164 67 312 201 362 123 51 145 294 174 339 132 142 120 269 321 299 0,174
PFG_MOEA,173,4,312.55,5795.78,0 340 233 135 88 249 35 235 161 68 58 34 231 289 366 267 228 141 266 303 357 319 86 199 156 94 0,303
PFG_MOEA,173,5,312.55,5795.78,0 38 172 182 397 36 11 92 374 230 311 350 4 314 193 37 322 121 146 320 364 393 3 229 308 356 264 259 246 42 300 329 112 191 152 221 242 96 0,42 264
PFG_MOEA,173,6,312.55,5795.78,0 200 165 129 0,
PFG_MOEA,173,7,312.55,5795.78,0 304 330 395 400 394 188 301 372 21 167 291 139 149 157 63 316 387 17 43 33 71 224 260 0,
PFG_MOEA,173,8,312.55,5795.78,0 399 247 28 250 345 377 262 1 255 327 254 73 215 85 93 179 232 225 97 148 238 192 48 31 0,93
PFG_MOEA,173,9,312.55,5795.78,0 378 69 183 354 265 346 315 99 175 251 190 390 18 103 155 83 234 213 227 398 209 361 170 367 25 55 217 56 7 180 333 317 286 140 110 62 297 65 283 326 305 154 204 6 208 241 220 158 189 64 20 126 124 0,175
PFG_MOEA,173,10,312.55,5795.78,0 287 382 383 10 268 272 30 66 166 205 271 39 391 53 293 133 331 285 392 115 245 396 240 385 288 177 181 358 337 384 111 116 76 113 81 29 325 355 131 84 114 389 105 341 219 0,
PFG_MOEA,173,11,312.55,5795.78,0 91 24 212 375 14 108 169 373 8 263 292 70 318 184 284 74 279 159 162 22 134 186 89 216 47 125 9 150 163 61 365 253 206 46 54 0,
PFG_MOEA,173,12,312.55,5795.78,0 41 82 178 117 243 344 349 343 290 368 376 258 248 328 75 171 87 153 278 210 45 353 348 2 119 128 295 40 32 276 196 78 98 27 176 144 342 370 306 202 338 203 168 369 380 16 15 0,16 87 203
PFG_MOEA,174,1,759.34,4800.0,0 219 341 105 389 114 84 131 355 325 29 81 113 76 116 111 384 337 358 181 177 288 385 240 396 245 115 392 285 331 133 293 53 163 150 9 125 47 216 89 61 206 253 365 0,245
PFG_MOEA,174,2,759.34,4800.0,0 22 134 186 162 159 279 74 284 184 318 70 292 263 8 373 169 108 14 375 212 24 91 0,318
PFG_MOEA,174,3,759.34,4800.0,0 304 31 48 148 260 224 71 33 129 238 330 192 200 165 112 191 152 127 57 109 59 137 273 136 247 17 43 85 215 73 254 69 354 183 327 387 157 149 188 394 316 63 262 1 255 250 28 42 400 395 377 345 356 264 259 246 308 229 197 218 151 77 107 164 67 302 388 3 106 173 261 320 364 393 312 201 362 329 300 123 51 145 322 121 146 294 174 339 132 120 142 37 269 321 299 340 233 135 88 249 35 161 235 68 58 34 386 231 289 366 267 228 44 130 52 72 303 357 319 266 141 86 92 199 156 94 230 311 374 11 36 397 350 4 314 193 182 172 13 19 226 221 242 96 80 38 0,33 106 174 200 303 311 394
PFG_MOEA,174,4,759.34,4800.0,0 378 83 155 103 18 190 251 175 99 315 346 372 301 167 21 139 291 265 390 234 0,
PFG_MOEA,174,5,759.34,4800.0,0 179 391 271 39 30 272 268 46 54 93 398 227 213 232 0,391
PFG_MOEA,174,6,759.34,4800.0,0 225 0,
PFG_MOEA,174,7,759.34,4800.0,0 97 209 361 170 367 0,
PFG_MOEA,174,8,759.34,4800.0,0 399 15 168 203 338 202 306 370 342 144 176 27 98 78 196 369 380 16 41 82 178 117 243 344 349 66 343 290 368 376 258 248 328 75 348 353 45 210 278 153 171 87 6 208 205 166 158 189 220 241 62 297 65 283 204 154 305 326 110 140 180 333 317 286 25 55 217 56 7 124 126 20 64 287 10 383 382 0,62 66 205 220 342
PFG_MOEA,174,9,759.34,4800.0,0 2 119 128 295 40 32 276 239 122 296 332 347 138 336 222 95 101 194 147 324 275 323 363 352 277 102 223 244 211 104 310 100 282 143 79 160 50 60 257 270 379 195 5 309 280 351 237 256 274 49 198 252 236 0,
PFG_MOEA,174,10,759.34,4800.0,0 381 23 90 12 207 307 0,
PFG_MOEA,174,11,759.34,4800.0,0 335 187 359 313 360 214 0,
PFG_MOEA,174,12,759.34,4800.0,0 185 118 281 26 334 298 371 0,
PFG_MOEA,175,1,314.81,5596.11,0 12 90 128 236 252 336 276 138 222 198 49 274 256 237 351 280 309 5 290 343 313 207 0,222
PFG_MOEA,175,2,314.81,5596.11,0 91 292 263 8 373 169 108 14 375 212 24 371 219 341 298 334 26 281 118 185 214 295 40 32 239 122 95 101 352 363 323 194 275 277 102 100 23 381 119 2 307 359 187 148 48 31 304 0,23
PFG_MOEA,175,3,314.81,5596.11,0 260 224 71 33 127 152 191 112 165 200 129 238 330 192 0,33
PFG_MOEA,175,4,314.81,5596.11,0 57 67 302 173 106 3 388 164 107 77 151 218 197 229 308 246 259 264 356 345 377 395 400 42 28 250 255 1 262 63 316 394 188 149 157 387 327 183 354 69 254 73 215 85 43 17 247 136 273 137 59 109 0,
PFG_MOEA,175,5,314.81,5596.11,0 329 300 362 123 51 145 322 121 146 201 261 320 364 393 312 294 174 339 132 206 253 365 360 335 0,362 393
PFG_MOEA,175,6,314.81,5596.11,0 61 358 181 177 288 385 240 396 245 115 392 285 331 133 293 53 163 150 9 125 47 216 89 0,
PFG_MOEA,175,7,314.81,5596.11,0 80 13 19 226 35 161 235 58 34 386 231 289 366 267 228 44 130 52 72 318 70 184 284 74 279 159 162 389 114 355 325 384 337 111 116 76 113 81 29 131 84 105 186 134 22 0,
PFG_MOEA,175,8,314.81,5596.11,0 38 96 242 221 172 182 397 350 311 4 314 193 230 94 156 374 36 11 92 319 357 303 266 141 86 199 68 135 88 249 233 340 299 321 269 120 142 37 301 21 139 291 167 372 346 315 99 175 251 0,182
PFG_MOEA,175,9,314.81,5596.11,0 97 225 232 179 391 271 158 241 62 297 65 283 204 154 305 326 110 140 286 317 333 180 220 126 124 7 56 217 55 25 367 170 361 209 227 234 213 190 390 265 18 103 155 83 378 398 93 54 46 268 272 30 39 0,65 154
PFG_MOEA,175,10,314.81,5596.11,0 399 15 16 380 41 82 178 117 243 344 349 20 189 64 166 205 208 6 87 171 153 278 210 353 258 376 368 66 287 10 383 382 0,243
PFG_MOEA,175,11,314.81,5596.11,0 369 338 203 168 0,
PFG_MOEA,175,12,314.81,5596.11,0 202 306 370 342 144 176 27 98 78 196 296 347 332 324 147 211 244 223 104 310 282 143 79 160 50 60 257 270 379 195 45 348 75 328 248 0,370
PFG_MOEA,176,1,411.21,4974.5,0 12 90 381 23 32 276 239 336 138 222 198 49 274 256 237 351 280 252 236 128 119 2 0,23
PFG_MOEA,176,2,411.21,4974.5,0 22 118 185 214 295 40 122 392 285 331 133 293 53 101 352 363 323 194 275 277 102 100 95 163 61 89 207 307 313 359 365 253 206 187 0,22 100
PFG_MOEA,176,3,411.21,4974.5,0 115 0,
PFG_MOEA,176,4,411.21,4974.5,0 245 396 240 385 288 177 181 358 337 384 111 116 76 113 81 29 325 355 0,
PFG_MOEA,176,5,411.21,4974.5,0 281 26 334 298 341 134 186 131 84 114 389 105 219 371 162 159 74 279 91 24 212 375 284 14 184 318 70 292 263 8 373 169 108 72 52 130 44 386 362 201 312 67 164 107 302 173 106 261 388 197 218 151 77 273 136 137 59 109 127 57 226 19 13 80 0,77 106 284
PFG_MOEA,176,6,411.21,4974.5,0 38 172 182 319 303 357 266 141 86 199 228 267 366 289 231 34 58 68 161 235 35 249 88 135 233 156 94 230 374 92 11 36 397 350 311 4 314 193 340 299 321 269 120 142 37 51 123 145 132 339 322 121 146 294 174 320 364 393 3 229 308 356 264 259 246 42 300 329 112 221 242 96 0,51 174 229 246 299
PFG_MOEA,176,7,411.21,4974.5,0 399 200 165 191 152 247 255 1 262 250 28 345 377 395 400 394 188 301 372 21 167 291 139 149 157 63 316 387 327 17 43 85 215 73 254 183 354 69 265 346 315 99 175 251 190 390 18 103 155 83 378 213 234 227 398 93 224 179 232 225 97 71 33 260 148 238 129 330 192 48 31 304 0,93
PFG_MOEA,176,8,411.21,4974.5,0 382 383 10 391 271 39 46 54 268 272 30 66 166 205 208 6 204 154 305 326 283 65 297 62 241 110 140 286 317 333 180 220 158 189 64 20 126 124 7 56 217 55 25 367 170 361 209 287 0,55 62 66 220
PFG_MOEA,176,9,411.21,4974.5,0 380 0,
PFG_MOEA,176,10,411.21,4974.5,0 16 369 15 0,
PFG_MOEA,176,11,411.21,4974.5,0 168 203 178 82 41 0,178
PFG_MOEA,176,12,411.21,4974.5,0 335 360 338 202 306 370 342 144 176 27 98 78 196 296 347 332 216 47 125 9 150 147 324 211 244 223 104 310 282 143 309 5 195 379 79 160 50 60 270 257 210 45 153 278 87 171 353 348 75 328 248 258 376 368 290 343 349 344 243 117 0,
PFG_MOEA,177,1,312.55,5795.78,0 336 138 239 122 296 347 332 324 275 277 104 211 244 223 102 352 363 323 194 147 101 95 222 0,122 211 222 277
PFG_MOEA,177,2,312.55,5795.78,0 335 360 207 307 313 359 187 100 310 282 143 79 160 50 60 257 270 379 195 5 309 280 351 237 256 274 49 198 252 236 381 23 90 12 214 185 118 281 26 334 298 371 72 52 130 44 386 80 0,5 307
PFG_MOEA,177,3,312.55,5795.78,0 13 19 226 57 127 109 59 137 136 273 77 151 218 197 388 261 106 173 302 107 164 67 312 201 362 123 51 145 294 174 339 132 142 120 269 321 299 0,174
PFG_MOEA,177,4,312.55,5795.78,0 340 233 135 88 249 35 235 161 68 58 34 231 289 366 267 228 141 266 303 357 319 86 199 156 94 0,303
PFG_MOEA,177,5,312.55,5795.78,0 38 172 182 397 36 11 92 374 230 311 350 4 314 193 37 322 121 146 320 364 393 3 229 308 356 264 259 246 42 300 329 112 191 152 221 242 96 0,42 264
PFG_MOEA,177,6,312.55,5795.78,0 200 165 129 0,
PFG_MOEA,177,7,312.55,5795.78,0 304 330 395 400 394 188 301 372 21 167 291 139 149 157 63 316 387 17 43 33 71 224 260 0,
PFG_MOEA,177,8,312.55,5795.78,0 399 247 28 250 345 377 262 1 255 327 254 73 215 85 93 179 232 225 97 148 238 192 48 31 0,93
PFG_MOEA,177,9,312.55,5795.78,0 378 69 183 354 265 346 315 99 175 251 190 390 18 103 155 83 234 213 227 398 209 361 170 367 25 55 217 56 7 180 333 317 286 140 110 62 297 65 283 326 305 154 204 6 208 241 220 158 189 64 20 126 124 0,175
PFG_MOEA,177,10,312.55,5795.78,0 287 382 383 10 268 272 30 66 166 205 271 39 391 53 293 133 331 285 392 115 245 396 240 385 288 177 181 358 337 384 111 116 76 113 81 29 325 355 131 84 114 389 105 341 219 0,
PFG_MOEA,177,11,312.55,5795.78,0 91 24 212 375 14 108 169 373 8 263 292 70 318 184 284 74 279 159 162 22 134 186 89 216 47 125 9 150 163 61 365 253 206 46 54 0,
PFG_MOEA,177,12,312.55,5795.78,0 41 82 178 117 243 344 349 343 290 368 376 258 248 328 75 171 87 153 278 210 45 353 348 2 119 128 295 40 32 276 196 78 98 27 176 144 342 370 306 202 338 203 168 369 380 16 15 0,16 87 203
PFG_MOEA,178,1,759.34,4800.0,0 219 341 105 389 114 84 131 355 325 29 81 113 76 116 111 384 337 358 181 177 288 385 240 396 245 115 392 285 331 133 293 53 163 150 9 125 47 216 89 61 206 253 365 0,245
PFG_MOEA,178,2,759.34,4800.0,0 22 134 186 162 159 279 74 284 184 318 70 292 263 8 373 169 108 14 375 212 24 91 0,318
PFG_MOEA,178,3,759.34,4800.0,0 304 31 48 148 260 224 71 33 129 238 330 192 200 165 112 191 152 127 57 109 59 137 273 136 247 17 43 85 215 73 254 69 354 183 327 387 157 149 188 394 316 63 262 1 255 250 28 42 400 395 377 345 356 264 259 246 308 229 197 218 151 77 107 164 67 302 388 3 106 173 261 320 364 393 312 201 362 329 300 123 51 145 322 121 146 294 174 339 132 120 142 37 269 321 299 340 233 135 88 249 35 161 235 68 58 34 386 231 289 366 267 228 44 130 52 72 303 357 319 266 141 86 92 199 156 94 230 311 374 11 36 397 350 4 314 193 182 172 13 19 226 221 242 96 80 38 0,33 106 174 200 303 311 394
PFG_MOEA,178,4,759.34,4800.0,0 378 83 155 103 18 190 251 175 99 315 346 372 301 167 21 139 291 265 390 234 0,
PFG_MOEA,178,5,759.34,4800.0,0 179 391 271 39 30 272 268 46 54 93 398 227 213 232 0,391
PFG_MOEA,178,6,759.34,4800.0,0 225 0,
PFG_MOEA,178,7,759.34,4800.0,0 97 209 361 170 367 0,
PFG_MOEA,178,8,759.34,4800.0,0 399 15 168 203 338 202 306 370 342 144 176 27 98 78 196 369 380 16 41 82 178 117 243 344 349 66 343 290 368 376 258 248 328 75 348 353 45 210 278 153 171 87 6 208 205 166 158 189 220 241 62 297 65 283 204 154 305 326 110 140 180 333 317 286 25 55 217 56 7 124 126 20 64 287 10 383 382 0,62 66 205 220 342
PFG_MOEA,178,9,759.34,4800.0,0 2 119 128 295 40 32 276 239 122 296 332 347 138 336 222 95 101 194 147 324 275 323 363 352 277 102 223 244 211 104 310 100 282 143 79 160 50 60 257 270 379 195 5 309 280 351 237 256 274 49 198 252 236 0,
PFG_MOEA,178,10,759.34,4800.0,0 381 23 90 12 207 307 0,
PFG_MOEA,178,11,759.34,4800.0,0 335 187 359 313 360 214 0,
PFG_MOEA,178,12,759.34,4800.0,0 185 118 281 26 334 298 371 0,
PFG_MOEA,179,1,314.81,5596.11,0 12 90 128 236 252 336 276 138 222 198 49 274 256 237 351 280 309 5 290 343 313 207 0,222
PFG_MOEA,179,2,314.81,5596.11,0 91 292 263 8 373 169 108 14 375 212 24 371 219 341 298 334 26 281 118 185 214 295 40 32 239 122 95 101 352 363 323 194 275 277 102 100 23 381 119 2 307 359 187 148 48 31 304 0,23
PFG_MOEA,179,3,314.81,5596.11,0 260 224 71 33 127 152 191 112 165 200 129 238 330 192 0,33
PFG_MOEA,179,4,314.81,5596.11,0 57 67 302 173 106 3 388 164 107 77 151 218 197 229 308 246 259 264 356 345 377 395 400 42 28 250 255 1 262 63 316 394 188 149 157 387 327 183 354 69 254 73 215 85 43 17 247 136 273 137 59 109 0,
PFG_MOEA,179,5,314.81,5596.11,0 329 300 362 123 51 145 322 121 146 201 261 320 364 393 312 294 174 339 132 206 253 365 360 335 0,362 393
PFG_MOEA,179,6,314.81,5596.11,0 61 358 181 177 288 385 240 396 245 115 392 285 331 133 293 53 163 150 9 125 47 216 89 0,
PFG_MOEA,179,7,314.81,5596.11,0 80 13 19 226 35 161 235 58 34 386 231 289 366 267 228 44 130 52 72 318 70 184 284 74 279 159 162 389 114 355 325 384 337 111 116 76 113 81 29 131 84 105 186 134 22 0,
PFG_MOEA,179,8,314.81,5596.11,0 38 96 242 221 172 182 397 350 311 4 314 193 230 94 156 374 36 11 92 319 357 303 266 141 86 199 68 135 88 249 233 340 299 321 269 120 142 37 301 21 139 291 167 372 346 315 99 175 251 0,182
PFG_MOEA,179,9,314.81,5596.11,0 97 225 232 179 391 271 158 241 62 297 65 283 204 154 305 326 110 140 286 317 333 180 220 126 124 7 56 217 55 25 367 170 361 209 227 234 213 190 390 265 18 103 155 83 378 398 93 54 46 268 272 30 39 0,65 154
PFG_MOEA,179,10,314.81,5596.11,0 399 15 16 380 41 82 178 117 243 344 349 20 189 64 166 205 208 6 87 171 153 278 210 353 258 376 368 66 287 10 383 382 0,243
PFG_MOEA,179,11,314.81,5596.11,0 369 338 203 168 0,
PFG_MOEA,179,12,314.81,5596.11,0 202 306 370 342 144 176 27 98 78 196 296 347 332 324 147 211 244 223 104 310 282 143 79 160 50 60 257 270 379 195 45 348 75 328 248 0,370
PFG_MOEA,180,1,411.21,4974.5,0 12 90 381 23 32 276 239 336 138 222 198 49 274 256 237 351 280 252 236 128 119 2 0,23
PFG_MOEA,180,2,411.21,4974.5,0 22 118 185 214 295 40 122 392 285 331 133 293 53 101 352 363 323 194 275 277 102 100 95 163 61 89 207 307 313 359 365 253 206 187 0,22 100
PFG_MOEA,180,3,411.21,4974.5,0 115 0,
PFG_MOEA,180,4,411.21,4974.5,0 245 396 240 385 288 177 181 358 337 384 111 116 76 113 81 29 325 355 0,
PFG_MOEA,180,5,411.21,4974.5,0 281 26 334 298 341 134 186 131 84 114 389 105 219 371 162 159 74 279 91 24 212 375 284 14 184 318 70 292 263 8 373 169 108 72 52 130 44 386 362 201 312 67 164 107 302 173 106 261 388 197 218 151 77 273 136 137 59 109 127 57 226 19 13 80 0,77 106 284
PFG_MOEA,180,6,411.21,4974.5,0 38 172 182 319 303 357 266 141 86 199 228 267 366 289 231 34 58 68 161 235 35 249 88 135 233 156 94 230 374 92 11 36 397 350 311 4 314 193 340 299 321 269 120 142 37 51 123 145 132 339 322 121 146 294 174 320 364 393 3 229 308 356 264 259 246 42 300 329 112 221 242 96 0,51 174 229 246 299
PFG_MOEA,180,7,411.21,4974.5,0 399 200 165 191 152 247 255 1 262 250 28 345 377 395 400 394 188 301 372 21 167 291 139 149 157 63 316 387 327 17 43 85 215 73 254 183 354 69 265 346 315 99 175 251 190 390 18 103 155 83 378 213 234 227 398 93 224 179 232 225 97 71 33 260 148 238 129 330 192 48 31 304 0,93
PFG_MOEA,180,8,411.21,4974.5,0 382 383 10 391 271 39 46 54 268 272 30 66 166 205 208 6 204 154 305 326 283 65 297 62 241 110 140 286 317 333 180 220 158 189 64 20 126 124 7 56 217 55 25 367 170 361 209 287 0,55 62 66 220
PFG_MOEA,180,9,411.21,4974.5,0 380 0,
PFG_MOEA,180,10,411.21,4974.5,0 16 369 15 0,
PFG_MOEA,180,11,411.21,4974.5,0 168 203 178 82 41 0,178
PFG_MOEA,180,12,411.21,4974.5,0 335 360 338 202 306 370 342 144 176 27 98 78 196 296 347 332 216 47 125 9 150 147 324 211 244 223 104 310 282 143 309 5 195 379 79 160 50 60 270 257 210 45 153 278 87 171 353 348 75 328 248 258 376 368 290 343 349 344 243 117 0,
PFG_MOEA,181,1,312.55,5795.78,0 336 138 239 122 296 347 332 324 275 277 104 211 244 223 102 352 363 323 194 147 101 95 222 0,122 211 222 277
PFG_MOEA,181,2,312.55,5795.78,0 335 360 207 307 313 359 187 100 310 282 143 79 160 50 60 257 270 379 195 5 309 280 351 237 256 274 49 198 252 236 381 23 90 12 214 185 118 281 26 334 298 371 72 52 130 44 386 80 0,5 307
PFG_MOEA,181,3,312.55,5795.78,0 13 19 226 57 127 109 59 137 136 273 77 151 218 197 388 261 106 173 302 107 164 67 312 201 362 123 51 145 294 174 339 132 142 120 269 321 299 0,174
PFG_MOEA,181,4,312.55,5795.78,0 340 233 135 88 249 35 235 161 68 58 34 231 289 366 267 228 141 266 303 357 319 86 199 156 94 0,303
PFG_MOEA,181,5,312.55,5795.78,0 38 172 182 397 36 11 92 374 230 311 350 4 314 193 37 322 121 146 320 364 393 3 229 308 356 264 259 246 42 300 329 112 191 152 221 242 96 0,42 264
PFG_MOEA,181,6,312.55,5795.78,0 200 165 129 0,
PFG_MOEA,181,7,312.55,5795.78,0 304 330 395 400 394 188 301 372 21 167 291 139 149 157 63 316 387 17 43 33 71 224 260 0,
PFG_MOEA,181,8,312.55,5795.78,0 399 247 28 250 345 377 262 1 255 327 254 73 215 85 93 179 232 225 97 148 238 192 48 31 0,93
PFG_MOEA,181,9,312.55,5795.78,0 378 69 183 354 265 346 315 99 175 251 190 390 18 103 155 83 234 213 227 398 209 361 170 367 25 55 217 56 7 180 333 317 286 140 110 62 297 65 283 326 305 154 204 6 208 241 220 158 189 64 20 126 124 0,175
PFG_MOEA,181,10,312.55,5795.78,0 287 382 383 10 268 272 30 66 166 205 271 39 391 53 293 133 331 285 392 115 245 396 240 385 288 177 181 358 337 384 111 116 76 113 81 29 325 355 131 84 114 389 105 341 219 0,
PFG_MOEA,181,11,312.55,5795.78,0 91 24 212 375 14 108 169 373 8 263 292 70 318 184 284 74 279 159 162 22 134 186 89 216 47 125 9 150 163 61 365 253 206 46 54 0,
PFG_MOEA,181,12,312.55,5795.78,0 41 82 178 117 243 344 349 343 290 368 376 258 248 328 75 171 87 153 278 210 45 353 348 2 119 128 295 40 32 276 196 78 98 27 176 144 342 370 306 202 338 203 168 369 380 16 15 0,16 87 203
PFG_MOEA,182,1,759.34,4800.0,0 219 341 105 389 114 84 131 355 325 29 81 113 76 116 111 384 337 358 181 177 288 385 240 396 245 115 392 285 331 133 293 53 163 150 9 125 47 216 89 61 206 253 365 0,245
PFG_MOEA,182,2,759.34,4800.0,0 22 134 186 162 159 279 74 284 184 318 70 292 263 8 373 169 108 14 375 212 24 91 0,318
PFG_MOEA,182,3,759.34,4800.0,0 304 31 48 148 260 224 71 33 129 238 330 192 200 165 112 191 152 127 57 109 59 137 273 136 247 17 43 85 215 73 254 69 354 183 327 387 157 149 188 394 316 63 262 1 255 250 28 42 400 395 377 345 356 264 259 246 308 229 197 218 151 77 107 164 67 302 388 3 106 173 261 320 364 393 312 201 362 329 300 123 51 145 322 121 146 294 174 339 132 120 142 37 269 321 299 340 233 135 88 249 35 161 235 68 58 34 386 231 289 366 267 228 44 130 52 72 303 357 319 266 141 86 92 199 156 94 230 311 374 11 36 397 350 4 314 193 182 172 13 19 226 221 242 96 80 38 0,33 106 174 200 303 311 394
PFG_MOEA,182,4,759.34,4800.0,0 378 83 155 103 18 190 251 175 99 315 346 372 301 167 21 139 291 265 390 234 0,
PFG_MOEA,182,5,759.34,4800.0,0 179 391 271 39 30 272 268 46 54 93 398 227 213 232 0,391
PFG_MOEA,182,6,759.34,4800.0,0 225 0,
PFG_MOEA,182,7,759.34,4800.0,0 97 209 361 170 367 0,
PFG_MOEA,182,8,759.34,4800.0,0 399 15 168 203 338 202 306 370 342 144 176 27 98 78 196 369 380 16 41 82 178 117 243 344 349 66 343 290 368 376 258 248 328 75 348 353 45 210 278 153 171 87 6 208 205 166 158 189 220 241 62 297 65 283 204 154 305 326 110 140 180 333 317 286 25 55 217 56 7 124 126 20 64 287 10 383 382 0,62 66 205 220 342
PFG_MOEA,182,9,759.34,4800.0,0 2 119 128 295 40 32 276 239 122 296 332 347 138 336 222 95 101 194 147 324 275 323 363 352 277 102 223 244 211 104 310 100 282 143 79 160 50 60 257 270 379 195 5 309 280 351 237 256 274 49 198 252 236 0,
PFG_MOEA,182,10,759.34,4800.0,0 381 23 90 12 207 307 0,
PFG_MOEA,182,11,759.34,4800.0,0 335 187 359 313 360 214 0,
PFG_MOEA,182,12,759.34,4800.0,0 185 118 281 26 334 298 371 0,
PFG_MOEA,183,1,314.81,5596.11,0 12 90 128 236 252 336 276 138 222 198 49 274 256 237 351 280 309 5 290 343 313 207 0,222
PFG_MOEA,183,2,314.81,5596.11,0 91 292 263 8 373 169 108 14 375 212 24 371 219 341 298 334 26 281 118 185 214 295 40 32 239 122 95 101 352 363 323 194 275 277 102 100 23 381 119 2 307 359 187 148 48 31 304 0,23
PFG_MOEA,183,3,314.81,5596.11,0 260 224 71 33 127 152 191 112 165 200 129 238 330 192 0,33
PFG_MOEA,183,4,314.81,5596.11,0 57 67 302 173 106 3 388 164 107 77 151 218 197 229 308 246 259 264 356 345 377 395 400 42 28 250 255 1 262 63 316 394 188 149 157 387 327 183 354 69 254 73 215 85 43 17 247 136 273 137 59 109 0,
PFG_MOEA,183,5,314.81,5596.11,0 329 300 362 123 51 145 322 121 146 201 261 320 364 393 312 294 174 339 132 206 253 365 360 335 0,362 393
PFG_MOEA,183,6,314.81,5596.11,0 61 358 181 177 288 385 240 396 245 115 392 285 331 133 293 53 163 150 9 125 47 216 89 0,
PFG_MOEA,183,7,314.81,5596.11,0 80 13 19 226 35 161 235 58 34 386 231 289 366 267 228 44 130 52 72 318 70 184 284 74 279 159 162 389 114 355 325 384 337 111 116 76 113 81 29 131 84 105 186 134 22 0,
PFG_MOEA,183,8,314.81,5596.11,0 38 96 242 221 172 182 397 350 311 4 314 193 230 94 156 374 36 11 92 319 357 303 266 141 86 199 68 135 88 249 233 340 299 321 269 120 142 37 301 21 139 291 167 372 346 315 99 175 251 0,182
PFG_MOEA,183,9,314.81,5596.11,0 97 225 232 179 391 271 158 241 62 297 65 283 204 154 305 326 110 140 286 317 333 180 220 126 124 7 56 217 55 25 367 170 361 209 227 234 213 190 390 265 18 103 155 83 378 398 93 54 46 268 272 30 39 0,65 154
PFG_MOEA,183,10,314.81,5596.11,0 399 15 16 380 41 82 178 117 243 344 349 20 189 64 166 205 208 6 87 171 153 278 210 353 258 376 368 66 287 10 383 382 0,243
PFG_MOEA,183,11,314.81,5596.11,0 369 338 203 168 0,
PFG_MOEA,183,12,314.81,5596.11,0 202 306 370 342 144 176 27 98 78 196 296 347 332 324 147 211 244 223 104 310 282 143 79 160 50 60 257 270 379 195 45 348 75 328 248 0,370
PFG_MOEA,184,1,411.21,4974.5,0 12 90 381 23 32 276 239 336 138 222 198 49 274 256 237 351 280 252 236 128 119 2 0,23
PFG_MOEA,184,2,411.21,4974.5,0 22 118 185 214 295 40 122 392 285 331 133 293 53 101 352 363 323 194 275 277 102 100 95 163 61 89 207 307 313 359 365 253 206 187 0,22 100
PFG_MOEA,184,3,411.21,4974.5,0 115 0,
PFG_MOEA,184,4,411.21,4974.5,0 245 396 240 385 288 177 181 358 337 384 111 116 76 113 81 29 325 355 0,
PFG_MOEA,184,5,411.21,4974.5,0 281 26 334 298 341 134 186 131 84 114 389 105 219 371 162 159 74 279 91 24 212 375 284 14 184 318 70 292 263 8 373 169 108 72 52 130 44 386 362 201 312 67 164 107 302 173 106 261 388 197 218 151 77 273 136 137 59 109 127 57 226 19 13 80 0,77 106 284
PFG_MOEA,184,6,411.21,4974.5,0 38 172 182 319 303 357 266 141 86 199 228 267 366 289 231 34 58 68 161 235 35 249 88 135 233 156 94 230 374 92 11 36 397 350 311 4 314 193 340 299 321 269 120 142 37 51 123 145 132 339 322 121 146 294 174 320 364 393 3 229 308 356 264 259 246 42 300 329 112 221 242 96 0,51 174 229 246 299
PFG_MOEA,184,7,411.21,4974.5,0 399 200 165 191 152 247 255 1 262 250 28 345 377 395 400 394 188 301 372 21 167 291 139 149 157 63 316 387 327 17 43 85 215 73 254 183 354 69 265 346 315 99 175 251 190 390 18 103 155 83 378 213 234 227 398 93 224 179 232 225 97 71 33 260 148 238 129 330 192 48 31 304 0,93
PFG_MOEA,184,8,411.21,4974.5,0 382 383 10 391 271 39 46 54 268 272 30 66 166 205 208 6 204 154 305 326 283 65 297 62 241 110 140 286 317 333 180 220 158 189 64 20 126 124 7 56 217 55 25 367 170 361 209 287 0,55 62 66 220
PFG_MOEA,184,9,411.21,4974.5,0 380 0,
PFG_MOEA,184,10,411.21,4974.5,0 16 369 15 0,
PFG_MOEA,184,11,411.21,4974.5,0 168 203 178 82 41 0,178
PFG_MOEA,184,12,411.21,4974.5,0 335 360 338 202 306 370 342 144 176 27 98 78 196 296 347 332 216 47 125 9 150 147 324 211 244 223 104 310 282 143 309 5 195 379 79 160 50 60 270 257 210 45 153 278 87 171 353 348 75 328 248 258 376 368 290 343 349 344 243 117 0,
PFG_MOEA,185,1,312.55,5795.78,0 336 138 239 122 296 347 332 324 275 277 104 211 244 223 102 352 363 323 194 147 101 95 222 0,122 211 222 277
PFG_MOEA,185,2,312.55,5795.78,0 335 360 207 307 313 359 187 100 310 282 143 79 160 50 60 257 270 379 195 5 309 280 351 237 256 274 49 198 252 236 381 23 90 12 214 185 118 281 26 334 298 371 72 52 130 44 386 80 0,5 307
PFG_MOEA,185,3,312.55,5795.78,0 13 19 226 57 127 109 59 137 136 273 77 151 218 197 388 261 106 173 302 107 164 67 312 201 362 123 51 145 294 174 339 132 142 120 269 321 299 0,174
PFG_MOEA,185,4,312.55,5795.78,0 340 233 135 88 249 35 235 161 68 58 34 231 289 366 267 228 141 266 303 357 319 86 199 156 94 0,303
PFG_MOEA,185,5,312.55,5795.78,0 38 172 182 397 36 11 92 374 230 311 350 4 314 193 37 322 121 146 320 364 393 3 229 308 356 264 259 246 42 300 329 112 191 152 221 242 96 0,42 264
PFG_MOEA,185,6,312.55,5795.78,0 200 165 129 0,
PFG_MOEA,185,7,312.55,5795.78,0 304 330 395 400 394 188 301 372 21 167 291 139 149 157 63 316 387 17 43 33 71 224 260 0,
PFG_MOEA,185,8,312.55,5795.78,0 399 247 28 250 345 377 262 1 255 327 254 73 215 85 93 179 232 225 97 148 238 192 48 31 0,93
PFG_MOEA,185,9,312.55,5795.78,0 378 69 183 354 265 346 315 99 175 251 190 390 18 103 155 83 234 213 227 398 209 361 170 367 25 55 217 56 7 180 333 317 286 140 110 62 297 65 283 326 305 154 204 6 208 241 220 158 189 64 20 126 124 0,175
PFG_MOEA,185,10,312.55,5795.78,0 287 382 383 10 268 272 30 66 166 205 271 39 391 53 293 133 331 285 392 115 245 396 240 385 288 177 181 358 337 384 111 116 76 113 81 29 325 355 131 84 114 389 105 341 219 0,
PFG_MOEA,185,11,312.55,5795.78,0 91 24 212 375 14 108 169 373 8 263 292 70 318 184 284 74 279 159 162 22 134 186 89 216 47 125 9 150 163 61 365 253 206 46 54 0,
PFG_MOEA,185,12,312.55,5795.78,0 41 82 178 117 243 344 349 343 290 368 376 258 248 328 75 171 87 153 278 210 45 353 348 2 119 128 295 40 32 276 196 78 98 27 176 144 342 370 306 202 338 203 168 369 380 16 15 0,16 87 203
PFG_MOEA,186,1,759.34,4800.0,0 219 341 105 389 114 84 131 355 325 29 81 113 76 116 111 384 337 358 181 177 288 385 240 396 245 115 392 285 331 133 293 53 163 150 9 125 47 216 89 61 206 253 365 0,245
PFG_MOEA,186,2,759.34,4800.0,0 22 134 186 162 159 279 74 284 184 318 70 292 263 8 373 169 108 14 375 212 24 91 0,318
PFG_MOEA,186,3,759.34,4800.0,0 304 31 48 148 260 224 71 33 129 238 330 192 200 165 112 191 152 127 57 109 59 137 273 136 247 17 43 85 215 73 254 69 354 183 327 387 157 149 188 394 316 63 262 1 255 250 28 42 400 395 377 345 356 264 259 246 308 229 197 218 151 77 107 164 67 302 388 3 106 173 261 320 364 393 312 201 362 329 300 123 51 145 322 121 146 294 174 339 132 120 142 37 269 321 299 340 233 135 88 249 35 161 235 68 58 34 386 231 289 366 267 228 44 130 52 72 303 357 319 266 141 86 92 199 156 94 230 311 374 11 36 397 350 4 314 193 182 172 13 19 226 221 242 96 80 38 0,33 106 174 200 303 311 394
PFG_MOEA,186,4,759.34,4800.0,0 378 83 155 103 18 190 251 175 99 315 346 372 301 167 21 139 291 265 390 234 0,
PFG_MOEA,186,5,759.34,4800.0,0 179 391 271 39 30 272 268 46 54 93 398 227 213 232 0,391
PFG_MOEA,186,6,759.34,4800.0,0 225 0,
PFG_MOEA,186,7,759.34,4800.0,0 97 209 361 170 367 0,
PFG_MOEA,186,8,759.34,4800.0,0 399 15 168 203 338 202 306 370 342 144 176 27 98 78 196 369 380 16 41 82 178 117 243 344 349 66 343 290 368 376 258 248 328 75 348 353 45 210 278 153 171 87 6 208 205 166 158 189 220 241 62 297 65 283 204 154 305 326 110 140 180 333 317 286 25 55 217 56 7 124 126 20 64 287 10 383 382 0,62 66 205 220 342
PFG_MOEA,186,9,759.34,4800.0,0 2 119 128 295 40 32 276 239 122 296 332 347 138 336 222 95 101 194 147 324 275 323 363 352 277 102 223 244 211 104 310 100 282 143 79 160 50 60 257 270 379 195 5 309 280 351 237 256 274 49 198 252 236 0,
PFG_MOEA,186,10,759.34,4800.0,0 381 23 90 12 207 307 0,
PFG_MOEA,186,11,759.34,4800.0,0 335 187 359 313 360 214 0,
PFG_MOEA,186,12,759.34,4800.0,0 185 118 281 26 334 298 371 0,
PFG_MOEA,187,1,314.81,5596.11,0 12 90 128 236 252 336 276 138 222 198 49 274 256 237 351 280 309 5 290 343 313 207 0,222
PFG_MOEA,187,2,314.81,5596.11,0 91 292 263 8 373 169 108 14 375 212 24 371 219 341 298 334 26 281 118 185 214 295 40 32 239 122 95 101 352 363 323 194 275 277 102 100 23 381 119 2 307 359 187 148 48 31 304 0,23
PFG_MOEA,187,3,314.81,5596.11,0 260 224 71 33 127 152 191 112 165 200 129 238 330 192 0,33
PFG_MOEA,187,4,314.81,5596.11,0 57 67 302 173 106 3 388 164 107 77 151 218 197 229 308 246 259 264 356 345 377 395 400 42 28 250 255 1 262 63 316 394 188 149 157 387 327 183 354 69 254 73 215 85 43 17 247 136 273 137 59 109 0,
PFG_MOEA,187,5,314.81,5596.11,0 329 300 362 123 51 145 322 121 146 201 261 320 364 393 312 294 174 339 132 206 253 365 360 335 0,362 393
PFG_MOEA,187,6,314.81,5596.11,0 61 358 181 177 288 385 240 396 245 115 392 285 331 133 293 53 163 150 9 125 47 216 89 0,
PFG_MOEA,187,7,314.81,5596.11,0 80 13 19 226 35 161 235 58 34 386 231 289 366 267 228 44 130 52 72 318 70 184 284 74 279 159 162 389 114 355 325 384 337 111 116 76 113 81 29 131 84 105 186 134 22 0,
PFG_MOEA,187,8,314.81,5596.11,0 38 96 242 221 172 182 397 350 311 4 314 193 230 94 156 374 36 11 92 319 357 303 266 141 86 199 68 135 88 249 233 340 299 321 269 120 142 37 301 21 139 291 167 372 346 315 99 175 251 0,182
PFG_MOEA,187,9,314.81,5596.11,0 97 225 232 179 391 271 158 241 62 297 65 283 204 154 305 326 110 140 286 317 333 180 220 126 124 7 56 217 55 25 367 170 361 209 227 234 213 190 390 265 18 103 155 83 378 398 93 54 46 268 272 30 39 0,65 154
PFG_MOEA,187,10,314.81,5596.11,0 399 15 16 380 41 82 178 117 243 344 349 20 189 64 166 205 208 6 87 171 153 278 210 353 258 376 368 66 287 10 383 382 0,243
PFG_MOEA,187,11,314.81,5596.11,0 369 338 203 168 0,
PFG_MOEA,187,12,314.81,5596.11,0 202 306 370 342 144 176 27 98 78 196 296 347 332 324 147 211 244 223 104 310 282 143 79 160 50 60 257 270 379 195 45 348 75 328 248 0,370
PFG_MOEA,188,1,411.21,4974.5,0 12 90 381 23 32 276 239 336 138 222 198 49 274 256 237 351 280 252 236 128 119 2 0,23
PFG_MOEA,188,2,411.21,4974.5,0 22 118 185 214 295 40 122 392 285 331 133 293 53 101 352 363 323 194 275 277 102 100 95 163 61 89 207 307 313 359 365 253 206 187 0,22 100
PFG_MOEA,188,3,411.21,4974.5,0 115 0,
PFG_MOEA,188,4,411.21,4974.5,0 245 396 240 385 288 177 181 358 337 384 111 116 76 113 81 29 325 355 0,
PFG_MOEA,188,5,411.21,4974.5,0 281 26 334 298 341 134 186 131 84 114 389 105 219 371 162 159 74 279 91 24 212 375 284 14 184 318 70 292 263 8 373 169 108 72 52 130 44 386 362 201 312 67 164 107 302 173 106 261 388 197 218 151 77 273 136 137 59 109 127 57 226 19 13 80 0,77 106 284
PFG_MOEA,188,6,411.21,4974.5,0 38 172 182 319 303 357 266 141 86 199 228 267 366 289 231 34 58 68 161 235 35 249 88 135 233 156 94 230 374 92 11 36 397 350 311 4 314 193 340 299 321 269 120 142 37 51 123 145 132 339 322 121 146 294 174 320 364 393 3 229 308 356 264 259 246 42 300 329 112 221 242 96 0,51 174 229 246 299
PFG_MOEA,188,7,411.21,4974.5,0 399 200 165 191 152 247 255 1 262 250 28 345 377 395 400 394 188 301 372 21 167 291 139 149 157 63 316 387 327 17 43 85 215 73 254 183 354 69 265 346 315 99 175 251 190 390 18 103 155 83 378 213 234 227 398 93 224 179 232 225 97 71 33 260 148 238 129 330 192 48 31 304 0,93
PFG_MOEA,188,8,411.21,4974.5,0 382 383 10 391 271 39 46 54 268 272 30 66 166 205 208 6 204 154 305 326 283 65 297 62 241 110 140 286 317 333 180 220 158 189 64 20 126 124 7 56 217 55 25 367 170 361 209 287 0,55 62 66 220
PFG_MOEA,188,9,411.21,4974.5,0 380 0,
PFG_MOEA,188,10,411.21,4974.5,0 16 369 15 0,
PFG_MOEA,188,11,411.21,4974.5,0 168 203 178 82 41 0,178
PFG_MOEA,188,12,411.21,4974.5,0 335 360 338 202 306 370 342 144 176 27 98 78 196 296 347 332 216 47 125 9 150 147 324 211 244 223 104 310 282 143 309 5 195 379 79 160 50 60 270 257 210 45 153 278 87 171 353 348 75 328 248 258 376 368 290 343 349 344 243 117 0,
PFG_MOEA,189,1,312.55,5795.78,0 336 138 239 122 296 347 332 324 275 277 104 211 244 223 102 352 363 323 194 147 101 95 222 0,122 211 222 277
PFG_MOEA,189,2,312.55,5795.78,0 335 360 207 307 313 359 187 100 310 282 143 79 160 50 60 257 270 379 195 5 309 280 351 237 256 274 49 198 252 236 381 23 90 12 214 185 118 281 26 334 298 371 72 52 130 44 386 80 0,5 307
PFG_MOEA,189,3,312.55,5795.78,0 13 19 226 57 127 109 59 137 136 273 77 151 218 197 388 261 106 173 302 107 164 67 312 201 362 123 51 145 294 174 339 132 142 120 269 321 299 0,174
PFG_MOEA,189,4,312.55,5795.78,0 340 233 135 88 249 35 235 161 68 58 34 231 289 366 267 228 141 266 303 357 319 86 199 156 94 0,303
PFG_MOEA,189,5,312.55,5795.78,0 38 172 182 397 36 11 92 374 230 311 350 4 314 193 37 322 121 146 320 364 393 3 229 308 356 264 259 246 42 300 329 112 191 152 221 242 96 0,42 264
PFG_MOEA,189,6,312.55,5795.78,0 200 165 129 0,
PFG_MOEA,189,7,312.55,5795.78,0 304 330 395 400 394 188 301 372 21 167 291 139 149 157 63 316 387 17 43 33 71 224 260 0,
PFG_MOEA,189,8,312.55,5795.78,0 399 247 28 250 345 377 262 1 255 327 254 73 215 85 93 179 232 225 97 148 238 192 48 31 0,93
PFG_MOEA,189,9,312.55,5795.78,0 378 69 183 354 265 346 315 99 175 251 190 390 18 103 155 83 234 213 227 398 209 361 170 367 25 55 217 56 7 180 333 317 286 140 110 62 297 65 283 326 305 154 204 6 208 241 220 158 189 64 20 126 124 0,175
PFG_MOEA,189,10,312.55,5795.78,0 287 382 383 10 268 272 30 66 166 205 271 39 391 53 293 133 331 285 392 115 245 396 240 385 288 177 181 358 337 384 111 116 76 113 81 29 325 355 131 84 114 389 105 341 219 0,
PFG_MOEA,189,11,312.55,5795.78,0 91 24 212 375 14 108 169 373 8 263 292 70 318 184 284 74 279 159 162 22 134 186 89 216 47 125 9 150 163 61 365 253 206 46 54 0,
PFG_MOEA,189,12,312.55,5795.78,0 41 82 178 117 243 344 349 343 290 368 376 258 248 328 75 171 87 153 278 210 45 353 348 2 119 128 295 40 32 276 196 78 98 27 176 144 342 370 306 202 338 203 168 369 380 16 15 0,16 87 203
PFG_MOEA,190,1,759.34,4800.0,0 219 341 105 389 114 84 131 355 325 29 81 113 76 116 111 384 337 358 181 177 288 385 240 396 245 115 392 285 331 133 293 53 163 150 9 125 47 216 89 61 206 253 365 0,245
PFG_MOEA,190,2,759.34,4800.0,0 22 134 186 162 159 279 74 284 184 318 70 292 263 8 373 169 108 14 375 212 24 91 0,318
PFG_MOEA,190,3,759.34,4800.0,0 304 31 48 148 260 224 71 33 129 238 330 192 200 165 112 191 152 127 57 109 59 137 273 136 247 17 43 85 215 73 254 69 354 183 327 387 157 149 188 394 316 63 262 1 255 250 28 42 400 395 377 345 356 264 259 246 308 229 197 218 151 77 107 164 67 302 388 3 106 173 261 320 364 393 312 201 362 329 300 123 51 145 322 121 146 294 174 339 132 120 142 37 269 321 299 340 233 135 88 249 35 161 235 68 58 34 386 231 289 366 267 228 44 130 52 72 303 357 319 266 141 86 92 199 156 94 230 311 374 11 36 397 350 4 314 193 182 172 13 19 226 221 242 96 80 38 0,33 106 174 200 303 311 394
PFG_MOEA,190,4,759.34,4800.0,0 378 83 155 103 18 190 251 175 99 315 346 372 301 167 21 139 291 265 390 234 0,
PFG_MOEA,190,5,759.34,4800.0,0 179 391 271 39 30 272 268 46 54 93 398 227 213 232 0,391
PFG_MOEA,190,6,759.34,4800.0,0 225 0,
PFG_MOEA,190,7,759.34,4800.0,0 97 209 361 170 367 0,
PFG_MOEA,190,8,759.34,4800.0,0 399 15 168 203 338 202 306 370 342 144 176 27 98 78 196 369 380 16 41 82 178 117 243 344 349 66 343 290 368 376 258 248 328 75 348 353 45 210 278 153 171 87 6 208 205 166 158 189 220 241 62 297 65 283 204 154 305 326 110 140 180 333 317 286 25 55 217 56 7 124 126 20 64 287 10 383 382 0,62 66 205 220 342
PFG_MOEA,190,9,759.34,4800.0,0 2 119 128 295 40 32 276 239 122 296 332 347 138 336 222 95 101 194 147 324 275 323 363 352 277 102 223 244 211 104 310 100 282 143 79 160 50 60 257 270 379 195 5 309 280 351 237 256 274 49 198 252 236 0,
PFG_MOEA,190,10,759.34,4800.0,0 381 23 90 12 207 307 0,
PFG_MOEA,190,11,759.34,4800.0,0 335 187 359 313 360 214 0,
PFG_MOEA,190,12,759.34,4800.0,0 185 118 281 26 334 298 371 0,
PFG_MOEA,191,1,314.81,5596.11,0 12 90 128 236 252 336 276 138 222 198 49 274 256 237 351 280 309 5 290 343 313 207 0,222
PFG_MOEA,191,2,314.81,5596.11,0 91 292 263 8 373 169 108 14 375 212 24 371 219 341 298 334 26 281 118 185 214 295 40 32 239 122 95 101 352 363 323 194 275 277 102 100 23 381 119 2 307 359 187 148 48 31 304 0,23
PFG_MOEA,191,3,314.81,5596.11,0 260 224 71 33 127 152 191 112 165 200 129 238 330 192 0,33
PFG_MOEA,191,4,314.81,5596.11,0 57 67 302 173 106 3 388 164 107 77 151 218 197 229 308 246 259 264 356 345 377 395 400 42 28 250 255 1 262 63 316 394 188 149 157 387 327 183 354 69 254 73 215 85 43 17 247 136 273 137 59 109 0,
PFG_MOEA,191,5,314.81,5596.11,0 329 300 362 123 51 145 322 121 146 201 261 320 364 393 312 294 174 339 132 206 253 365 360 335 0,362 393
PFG_MOEA,191,6,314.81,5596.11,0 61 358 181 177 288 385 240 396 245 115 392 285 331 133 293 53 163 150 9 125 47 216 89 0,
PFG_MOEA,191,7,314.81,5596.11,0 80 13 19 226 35 161 235 58 34 386 231 289 366 267 228 44 130 52 72 318 70 184 284 74 279 159 162 389 114 355 325 384 337 111 116 76 113 81 29 131 84 105 186 134 22 0,
PFG_MOEA,191,8,314.81,5596.11,0 38 96 242 221 172 182 397 350 311 4 314 193 230 94 156 374 36 11 92 319 357 303 266 141 86 199 68 135 88 249 233 340 299 321 269 120 142 37 301 21 139 291 167 372 346 315 99 175 251 0,182
PFG_MOEA,191,9,314.81,5596.11,0 97 225 232 179 391 271 158 241 62 297 65 283 204 154 305 326 110 140 286 317 333 180 220 126 124 7 56 217 55 25 367 170 361 209 227 234 213 190 390 265 18 103 155 83 378 398 93 54 46 268 272 30 39 0,65 154
PFG_MOEA,191,10,314.81,5596.11,0 399 15 16 380 41 82 178 117 243 344 349 20 189 64 166 205 208 6 87 171 153 278 210 353 258 376 368 66 287 10 383 382 0,243
PFG_MOEA,191,11,314.81,5596.11,0 369 338 203 168 0,
PFG_MOEA,191,12,314.81,5596.11,0 202 306 370 342 144 176 27 98 78 196 296 347 332 324 147 211 244 223 104 310 282 143 79 160 50 60 257 270 379 195 45 348 75 328 248 0,370
PFG_MOEA,192,1,411.21,4974.5,0 12 90 381 23 32 276 239 336 138 222 198 49 274 256 237 351 280 252 236 128 119 2 0,23
PFG_MOEA,192,2,411.21,4974.5,0 22 118 185 214 295 40 122 392 285 331 133 293 53 101 352 363 323 194 275 277 102 100 95 163 61 89 207 307 313 359 365 253 206 187 0,22 100
PFG_MOEA,192,3,411.21,4974.5,0 115 0,
PFG_MOEA,192,4,411.21,4974.5,0 245 396 240 385 288 177 181 358 337 384 111 116 76 113 81 29 325 355 0,
PFG_MOEA,192,5,411.21,4974.5,0 281 26 334 298 341 134 186 131 84 114 389 105 219 371 162 159 74 279 91 24 212 375 284 14 184 318 70 292 263 8 373 169 108 72 52 130 44 386 362 201 312 67 164 107 302 173 106 261 388 197 218 151 77 273 136 137 59 109 127 57 226 19 13 80 0,77 106 284
PFG_MOEA,192,6,411.21,4974.5,0 38 172 182 319 303 357 266 141 86 199 228 267 366 289 231 34 58 68 161 235 35 249 88 135 233 156 94 230 374 92 11 36 397 350 311 4 314 193 340 299 321 269 120 142 37 51 123 145 132 339 322 121 146 294 174 320 364 393 3 229 308 356 264 259 246 42 300 329 112 221 242 96 0,51 174 229 246 299
PFG_MOEA,192,7,411.21,4974.5,0 399 200 165 191 152 247 255 1 262 250 28 345 377 395 400 394 188 301 372 21 167 291 139 149 157 63 316 387 327 17 43 85 215 73 254 183 354 69 265 346 315 99 175 251 190 390 18 103 155 83 378 213 234 227 398 93 224 179 232 225 97 71 33 260 148 238 129 330 192 48 31 304 0,93
PFG_MOEA,192,8,411.21,4974.5,0 382 383 10 391 271 39 46 54 268 272 30 66 166 205 208 6 204 154 305 326 283 65 297 62 241 110 140 286 317 333 180 220 158 189 64 20 126 124 7 56 217 55 25 367 170 361 209 287 0,55 62 66 220
PFG_MOEA,192,9,411.21,4974.5,0 380 0,
PFG_MOEA,192,10,411.21,4974.5,0 16 369 15 0,
PFG_MOEA,192,11,411.21,4974.5,0 168 203 178 82 41 0,178
PFG_MOEA,192,12,411.21,4974.5,0 335 360 338 202 306 370 342 144 176 27 98 78 196 296 347 332 216 47 125 9 150 147 324 211 244 223 104 310 282 143 309 5 195 379 79 160 50 60 270 257 210 45 153 278 87 171 353 348 75 328 248 258 376 368 290 343 349 344 243 117 0,
PFG_MOEA,193,1,312.55,5795.78,0 336 138 239 122 296 347 332 324 275 277 104 211 244 223 102 352 363 323 194 147 101 95 222 0,122 211 222 277
PFG_MOEA,193,2,312.55,5795.78,0 335 360 207 307 313 359 187 100 310 282 143 79 160 50 60 257 270 379 195 5 309 280 351 237 256 274 49 198 252 236 381 23 90 12 214 185 118 281 26 334 298 371 72 52 130 44 386 80 0,5 307
PFG_MOEA,193,3,312.55,5795.78,0 13 19 226 57 127 109 59 137 136 273 77 151 218 197 388 261 106 173 302 107 164 67 312 201 362 123 51 145 294 174 339 132 142 120 269 321 299 0,174
PFG_MOEA,193,4,312.55,5795.78,0 340 233 135 88 249 35 235 161 68 58 34 231 289 366 267 228 141 266 303 357 319 86 199 156 94 0,303
PFG_MOEA,193,5,312.55,5795.78,0 38 172 182 397 36 11 92 374 230 311 350 4 314 193 37 322 121 146 320 364 393 3 229 308 356 264 259 246 42 300 329 112 191 152 221 242 96 0,42 264
PFG_MOEA,193,6,312.55,5795.78,0 200 165 129 0,
PFG_MOEA,193,7,312.55,5795.78,0 304 330 395 400 394 188 301 372 21 167 291 139 149 157 63 316 387 17 43 33 71 224 260 0,
PFG_MOEA,193,8,312.55,5795.78,0 399 247 28 250 345 377 262 1 255 327 254 73 215 85 93 179 232 225 97 148 238 192 48 31 0,93
PFG_MOEA,193,9,312.55,5795.78,0 378 69 183 354 265 346 315 99 175 251 190 390 18 103 155 83 234 213 227 398 209 361 170 367 25 55 217 56 7 180 333 317 286 140 110 62 297 65 283 326 305 154 204 6 208 241 220 158 189 64 20 126 124 0,175
PFG_MOEA,193,10,312.55,5795.78,0 287 382 383 10 268 272 30 66 166 205 271 39 391 53 293 133 331 285 392 115 245 396 240 385 288 177 181 358 337 384 111 116 76 113 81 29 325 355 131 84 114 389 105 341 219 0,
PFG_MOEA,193,11,312.55,5795.78,0 91 24 212 375 14 108 169 373 8 263 292 70 318 184 284 74 279 159 162 22 134 186 89 216 47 125 9 150 163 61 365 253 206 46 54 0,
PFG_MOEA,193,12,312.55,5795.78,0 41 82 178 117 243 344 349 343 290 368 376 258 248 328 75 171 87 153 278 210 45 353 348 2 119 128 295 40 32 276 196 78 98 27 176 144 342 370 306 202 338 203 168 369 380 16 15 0,16 87 203
PFG_MOEA,194,1,759.34,4800.0,0 219 341 105 389 114 84 131 355 325 29 81 113 76 116 111 384 337 358 181 177 288 385 240 396 245 115 392 285 331 133 293 53 163 150 9 125 47 216 89 61 206 253 365 0,245
PFG_MOEA,194,2,759.34,4800.0,0 22 134 186 162 159 279 74 284 184 318 70 292 263 8 373 169 108 14 375 212 24 91 0,318
PFG_MOEA,194,3,759.34,4800.0,0 304 31 48 148 260 224 71 33 129 238 330 192 200 165 112 191 152 127 57 109 59 137 273 136 247 17 43 85 215 73 254 69 354 183 327 387 157 149 188 394 316 63 262 1 255 250 28 42 400 395 377 345 356 264 259 246 308 229 197 218 151 77 107 164 67 302 388 3 106 173 261 320 364 393 312 201 362 329 300 123 51 145 322 121 146 294 174 339 132 120 142 37 269 321 299 340 233 135 88 249 35 161 235 68 58 34 386 231 289 366 267 228 44 130 52 72 303 357 319 266 141 86 92 199 156 94 230 311 374 11 36 397 350 4 314 193 182 172 13 19 226 221 242 96 80 38 0,33 106 174 200 303 311 394
PFG_MOEA,194,4,759.34,4800.0,0 378 83 155 103 18 190 251 175 99 315 346 372 301 167 21 139 291 265 390 234 0,
PFG_MOEA,194,5,759.34,4800.0,0 179 391 271 39 30 272 268 46 54 93 398 227 213 232 0,391
PFG_MOEA,194,6,759.34,4800.0,0 225 0,
PFG_MOEA,194,7,759.34,4800.0,0 97 209 361 170 367 0,
PFG_MOEA,194,8,759.34,4800.0,0 399 15 168 203 338 202 306 370 342 144 176 27 98 78 196 369 380 16 41 82 178 117 243 344 349 66 343 290 368 376 258 248 328 75 348 353 45 210 278 153 171 87 6 208 205 166 158 189 220 241 62 297 65 283 204 154 305 326 110 140 180 333 317 286 25 55 217 56 7 124 126 20 64 287 10 383 382 0,62 66 205 220 342
PFG_MOEA,194,9,759.34,4800.0,0 2 119 128 295 40 32 276 239 122 296 332 347 138 336 222 95 101 194 147 324 275 323 363 352 277 102 223 244 211 104 310 100 282 143 79 160 50 60 257 270 379 195 5 309 280 351 237 256 274 49 198 252 236 0,
PFG_MOEA,194,10,759.34,4800.0,0 381 23 90 12 207 307 0,
PFG_MOEA,194,11,759.34,4800.0,0 335 187 359 313 360 214 0,
PFG_MOEA,194,12,759.34,4800.0,0 185 118 281 26 334 298 371 0,
PFG_MOEA,195,1,314.81,5596.11,0 12 90 128 236 252 336 276 138 222 198 49 274 256 237 351 280 309 5 290 343 313 207 0,222
PFG_MOEA,195,2,314.81,5596.11,0 91 292 263 8 373 169 108 14 375 212 24 371 219 341 298 334 26 281 118 185 214 295 40 32 239 122 95 101 352 363 323 194 275 277 102 100 23 381 119 2 307 359 187 148 48 31 304 0,23
PFG_MOEA,195,3,314.81,5596.11,0 260 224 71 33 127 152 191 112 165 200 129 238 330 192 0,33
PFG_MOEA,195,4,314.81,5596.11,0 57 67 302 173 106 3 388 164 107 77 151 218 197 229 308 246 259 264 356 345 377 395 400 42 28 250 255 1 262 63 316 394 188 149 157 387 327 183 354 69 254 73 215 85 43 17 247 136 273 137 59 109 0,
PFG_MOEA,195,5,314.81,5596.11,0 329 300 362 123 51 145 322 121 146 201 261 320 364 393 312 294 174 339 132 206 253 365 360 335 0,362 393
PFG_MOEA,195,6,314.81,5596.11,0 61 358 181 177 288 385 240 396 245 115 392 285 331 133 293 53 163 150 9 125 47 216 89 0,
PFG_MOEA,195,7,314.81,5596.11,0 80 13 19 226 35 161 235 58 34 386 231 289 366 267 228 44 130 52 72 318 70 184 284 74 279 159 162 389 114 355 325 384 337 111 116 76 113 81 29 131 84 105 186 134 22 0,
PFG_MOEA,195,8,314.81,5596.11,0 38 96 242 221 172 182 397 350 311 4 314 193 230 94 156 374 36 11 92 319 357 303 266 141 86 199 68 135 88 249 233 340 299 321 269 120 142 37 301 21 139 291 167 372 346 315 99 175 251 0,182
PFG_MOEA,195,9,314.81,5596.11,0 97 225 232 179 391 271 158 241 62 297 65 283 204 154 305 326 110 140 286 317 333 180 220 126 124 7 56 217 55 25 367 170 361 209 227 234 213 190 390 265 18 103 155 83 378 398 93 54 46 268 272 30 39 0,65 154
PFG_MOEA,195,10,314.81,5596.11,0 399 15 16 380 41 82 178 117 243 344 349 20 189 64 166 205 208 6 87 171 153 278 210 353 258 376 368 66 287 10 383 382 0,243
PFG_MOEA,195,11,314.81,5596.11,0 369 338 203 168 0,
PFG_MOEA,195,12,314.81,5596.11,0 202 306 370 342 144 176 27 98 78 196 296 347 332 324 147 211 244 223 104 310 282 143 79 160 50 60 257 270 379 195 45 348 75 328 248 0,370
PFG_MOEA,196,1,411.21,4974.5,0 12 90 381 23 32 276 239 336 138 222 198 49 274 256 237 351 280 252 236 128 119 2 0,23
PFG_MOEA,196,2,411.21,4974.5,0 22 118 185 214 295 40 122 392 285 331 133 293 53 101 352 363 323 194 275 277 102 100 95 163 61 89 207 307 313 359 365 253 206 187 0,22 100
PFG_MOEA,196,3,411.21,4974.5,0 115 0,
PFG_MOEA,196,4,411.21,4974.5,0 245 396 240 385 288 177 181 358 337 384 111 116 76 113 81 29 325 355 0,
PFG_MOEA,196,5,411.21,4974.5,0 281 26 334 298 341 134 186 131 84 114 389 105 219 371 162 159 74 279 91 24 212 375 284 14 184 318 70 292 263 8 373 169 108 72 52 130 44 386 362 201 312 67 164 107 302 173 106 261 388 197 218 151 77 273 136 137 59 109 127 57 226 19 13 80 0,77 106 284
PFG_MOEA,196,6,411.21,4974.5,0 38 172 182 319 303 357 266 141 86 199 228 267 366 289 231 34 58 68 161 235 35 249 88 135 233 156 94 230 374 92 11 36 397 350 311 4 314 193 340 299 321 269 120 142 37 51 123 145 132 339 322 121 146 294 174 320 364 393 3 229 308 356 264 259 246 42 300 329 112 221 242 96 0,51 174 229 246 299
PFG_MOEA,196,7,411.21,4974.5,0 399 200 165 191 152 247 255 1 262 250 28 345 377 395 400 394 188 301 372 21 167 291 139 149 157 63 316 387 327 17 43 85 215 73 254 183 354 69 265 346 315 99 175 251 190 390 18 103 155 83 378 213 234 227 398 93 224 179 232 225 97 71 33 260 148 238 129 330 192 48 31 304 0,93
PFG_MOEA,196,8,411.21,4974.5,0 382 383 10 391 271 39 46 54 268 272 30 66 166 205 208 6 204 154 305 326 283 65 297 62 241 110 140 286 317 333 180 220 158 189 64 20 126 124 7 56 217 55 25 367 170 361 209 287 0,55 62 66 220
PFG_MOEA,196,9,411.21,4974.5,0 380 0,
PFG_MOEA,196,10,411.21,4974.5,0 16 369 15 0,
PFG_MOEA,196,11,411.21,4974.5,0 168 203 178 82 41 0,178
PFG_MOEA,196,12,411.21,4974.5,0 335 360 338 202 306 370 342 144 176 27 98 78 196 296 347 332 216 47 125 9 150 147 324 211 244 223 104 310 282 143 309 5 195 379 79 160 50 60 270 257 210 45 153 278 87 171 353 348 75 328 248 258 376 368 290 343 349 344 243 117 0,
PFG_MOEA,197,1,312.55,5795.78,0 336 138 239 122 296 347 332 324 275 277 104 211 244 223 102 352 363 323 194 147 101 95 222 0,122 211 222 277
PFG_MOEA,197,2,312.55,5795.78,0 335 360 207 307 313 359 187 100 310 282 143 79 160 50 60 257 270 379 195 5 309 280 351 237 256 274 49 198 252 236 381 23 90 12 214 185 118 281 26 334 298 371 72 52 130 44 386 80 0,5 307
PFG_MOEA,197,3,312.55,5795.78,0 13 19 226 57 127 109 59 137 136 273 77 151 218 197 388 261 106 173 302 107 164 67 312 201 362 123 51 145 294 174 339 132 142 120 269 321 299 0,174
PFG_MOEA,197,4,312.55,5795.78,0 340 233 135 88 249 35 235 161 68 58 34 231 289 366 267 228 141 266 303 357 319 86 199 156 94 0,303
PFG_MOEA,197,5,312.55,5795.78,0 38 172 182 397 36 11 92 374 230 311 350 4 314 193 37 322 121 146 320 364 393 3 229 308 356 264 259 246 42 300 329 112 191 152 221 242 96 0,42 264
PFG_MOEA,197,6,312.55,5795.78,0 200 165 129 0,
PFG_MOEA,197,7,312.55,5795.78,0 304 330 395 400 394 188 301 372 21 167 291 139 149 157 63 316 387 17 43 33 71 224 260 0,
PFG_MOEA,197,8,312.55,5795.78,0 399 247 28 250 345 377 262 1 255 327 254 73 215 85 93 179 232 225 97 148 238 192 48 31 0,93
PFG_MOEA,197,9,312.55,5795.78,0 378 69 183 354 265 346 315 99 175 251 190 390 18 103 155 83 234 213 227 398 209 361 170 367 25 55 217 56 7 180 333 317 286 140 110 62 297 65 283 326 305 154 204 6 208 241 220 158 189 64 20 126 124 0,175
PFG_MOEA,197,10,312.55,5795.78,0 287 382 383 10 268 272 30 66 166 205 271 39 391 53 293 133 331 285 392 115 245 396 240 385 288 177 181 358 337 384 111 116 76 113 81 29 325 355 131 84 114 389 105 341 219 0,
PFG_MOEA,197,11,312.55,5795.78,0 91 24 212 375 14 108 169 373 8 263 292 70 318 184 284 74 279 159 162 22 134 186 89 216 47 125 9 150 163 61 365 253 206 46 54 0,
PFG_MOEA,197,12,312.55,5795.78,0 41 82 178 117 243 344 349 343 290 368 376 258 248 328 75 171 87 153 278 210 45 353 348 2 119 128 295 40 32 276 196 78 98 27 176 144 342 370 306 202 338 203 168 369 380 16 15 0,16 87 203
PFG_MOEA,198,1,759.34,4800.0,0 219 341 105 389 114 84 131 355 325 29 81 113 76 116 111 384 337 358 181 177 288 385 240 396 245 115 392 285 331 133 293 53 163 150 9 125 47 216 89 61 206 253 365 0,245
PFG_MOEA,198,2,759.34,4800.0,0 22 134 186 162 159 279 74 284 184 318 70 292 263 8 373 169 108 14 375 212 24 91 0,318
PFG_MOEA,198,3,759.34,4800.0,0 304 31 48 148 260 224 71 33 129 238 330 192 200 165 112 191 152 127 57 109 59 137 273 136 247 17 43 85 215 73 254 69 354 183 327 387 157 149 188 394 316 63 262 1 255 250 28 42 400 395 377 345 356 264 259 246 308 229 197 218 151 77 107 164 67 302 388 3 106 173 261 320 364 393 312 201 362 329 300 123 51 145 322 121 146 294 174 339 132 120 142 37 269 321 299 340 233 135 88 249 35 161 235 68 58 34 386 231 289 366 267 228 44 130 52 72 303 357 319 266 141 86 92 199 156 94 230 311 374 11 36 397 350 4 314 193 182 172 13 19 226 221 242 96 80 38 0,33 106 174 200 303 311 394
PFG_MOEA,198,4,759.34,4800.0,0 378 83 155 103 18 190 251 175 99 315 346 372 301 167 21 139 291 265 390 234 0,
PFG_MOEA,198,5,759.34,4800.0,0 179 391 271 39 30 272 268 46 54 93 398 227 213 232 0,391
PFG_MOEA,198,6,759.34,4800.0,0 225 0,
PFG_MOEA,198,7,759.34,4800.0,0 97 209 361 170 367 0,
PFG_MOEA,198,8,759.34,4800.0,0 399 15 168 203 338 202 306 370 342 144 176 27 98 78 196 369 380 16 41 82 178 117 243 344 349 66 343 290 368 376 258 248 328 75 348 353 45 210 278 153 171 87 6 208 205 166 158 189 220 241 62 297 65 283 204 154 305 326 110 140 180 333 317 286 25 55 217 56 7 124 126 20 64 287 10 383 382 0,62 66 205 220 342
PFG_MOEA,198,9,759.34,4800.0,0 2 119 128 295 40 32 276 239 122 296 332 347 138 336 222 95 101 194 147 324 275 323 363 352 277 102 223 244 211 104 310 100 282 143 79 160 50 60 257 270 379 195 5 309 280 351 237 256 274 49 198 252 236 0,
PFG_MOEA,198,10,759.34,4800.0,0 381 23 90 12 207 307 0,
PFG_MOEA,198,11,759.34,4800.0,0 335 187 359 313 360 214 0,
PFG_MOEA,198,12,759.34,4800.0,0 185 118 281 26 334 298 371 0,
PFG_MOEA,199,1,314.81,5596.11,0 12 90 128 236 252 336 276 138 222 198 49 274 256 237 351 280 309 5 290 343 313 207 0,222
PFG_MOEA,199,2,314.81,5596.11,0 91 292 263 8 373 169 108 14 375 212 24 371 219 341 298 334 26 281 118 185 214 295 40 32 239 122 95 101 352 363 323 194 275 277 102 100 23 381 119 2 307 359 187 148 48 31 304 0,23
PFG_MOEA,199,3,314.81,5596.11,0 260 224 71 33 127 152 191 112 165 200 129 238 330 192 0,33
PFG_MOEA,199,4,314.81,5596.11,0 57 67 302 173 106 3 388 164 107 77 151 218 197 229 308 246 259 264 356 345 377 395 400 42 28 250 255 1 262 63 316 394 188 149 157 387 327 183 354 69 254 73 215 85 43 17 247 136 273 137 59 109 0,
PFG_MOEA,199,5,314.81,5596.11,0 329 300 362 123 51 145 322 121 146 201 261 320 364 393 312 294 174 339 132 206 253 365 360 335 0,362 393
PFG_MOEA,199,6,314.81,5596.11,0 61 358 181 177 288 385 240 396 245 115 392 285 331 133 293 53 163 150 9 125 47 216 89 0,
PFG_MOEA,199,7,314.81,5596.11,0 80 13 19 226 35 161 235 58 34 386 231 289 366 267 228 44 130 52 72 318 70 184 284 74 279 159 162 389 114 355 325 384 337 111 116 76 113 81 29 131 84 105 186 134 22 0,
PFG_MOEA,199,8,314.81,5596.11,0 38 96 242 221 172 182 397 350 311 4 314 193 230 94 156 374 36 11 92 319 357 303 266 141 86 199 68 135 88 249 233 340 299 321 269 120 142 37 301 21 139 291 167 372 346 315 99 175 251 0,182
PFG_MOEA,199,9,314.81,5596.11,0 97 225 232 179 391 271 158 241 62 297 65 283 204 154 305 326 110 140 286 317 333 180 220 126 124 7 56 217 55 25 367 170 361 209 227 234 213 190 390 265 18 103 155 83 378 398 93 54 46 268 272 30 39 0,65 154
PFG_MOEA,199,10,314.81,5596.11,0 399 15 16 380 41 82 178 117 243 344 349 20 189 64 166 205 208 6 87 171 153 278 210 353 258 376 368 66 287 10 383 382 0,243
PFG_MOEA,199,11,314.81,5596.11,0 369 338 203 168 0,
PFG_MOEA,199,12,314.81,5596.11,0 202 306 370 342 144 176 27 98 78 196 296 347 332 324 147 211 244 223 104 310 282 143 79 160 50 60 257 270 379 195 45 348 75 328 248 0,370
PFG_MOEA,200,1,411.21,4974.5,0 12 90 381 23 32 276 239 336 138 222 198 49 274 256 237 351 280 252 236 128 119 2 0,23
PFG_MOEA,200,2,411.21,4974.5,0 22 118 185 214 295 40 122 392 285 331 133 293 53 101 352 363 323 194 275 277 102 100 95 163 61 89 207 307 313 359 365 253 206 187 0,22 100
PFG_MOEA,200,3,411.21,4974.5,0 115 0,
PFG_MOEA,200,4,411.21,4974.5,0 245 396 240 385 288 177 181 358 337 384 111 116 76 113 81 29 325 355 0,
PFG_MOEA,200,5,411.21,4974.5,0 281 26 334 298 341 134 186 131 84 114 389 105 219 371 162 159 74 279 91 24 212 375 284 14 184 318 70 292 263 8 373 169 108 72 52 130 44 386 362 201 312 67 164 107 302 173 106 261 388 197 218 151 77 273 136 137 59 109 127 57 226 19 13 80 0,77 106 284
PFG_MOEA,200,6,411.21,4974.5,0 38 172 182 319 303 357 266 141 86 199 228 267 366 289 231 34 58 68 161 235 35 249 88 135 233 156 94 230 374 92 11 36 397 350 311 4 314 193 340 299 321 269 120 142 37 51 123 145 132 339 322 121 146 294 174 320 364 393 3 229 308 356 264 259 246 42 300 329 112 221 242 96 0,51 174 229 246 299
PFG_MOEA,200,7,411.21,4974.5,0 399 200 165 191 152 247 255 1 262 250 28 345 377 395 400 394 188 301 372 21 167 291 139 149 157 63 316 387 327 17 43 85 215 73 254 183 354 69 265 346 315 99 175 251 190 390 18 103 155 83 378 213 234 227 398 93 224 179 232 225 97 71 33 260 148 238 129 330 192 48 31 304 0,93
PFG_MOEA,200,8,411.21,4974.5,0 382 383 10 391 271 39 46 54 268 272 30 66 166 205 208 6 204 154 305 326 283 65 297 62 241 110 140 286 317 333 180 220 158 189 64 20 126 124 7 56 217 55 25 367 170 361 209 287 0,55 62 66 220
PFG_MOEA,200,9,411.21,4974.5,0 380 0,
PFG_MOEA,200,10,411.21,4974.5,0 16 369 15 0,
PFG_MOEA,200,11,411.21,4974.5,0 168 203 178 82 41 0,178
PFG_MOEA,200,12,411.21,4974.5,0 335 360 338 202 306 370 342 144 176 27 98 78 196 296 347 332 216 47 125 9 150 147 324 211 244 223 104 310 282 143 309 5 195 379 79 160 50 60 270 257 210 45 153 278 87 171 353 348 75 328 248 258 376 368 290 343 349 344 243 117 0,
PFG_MOEA,201,1,312.55,5795.78,0 336 138 239 122 296 347 332 324 275 277 104 211 244 223 102 352 363 323 194 147 101 95 222 0,122 211 222 277
PFG_MOEA,201,2,312.55,5795.78,0 335 360 207 307 313 359 187 100 310 282 143 79 160 50 60 257 270 379 195 5 309 280 351 237 256 274 49 198 252 236 381 23 90 12 214 185 118 281 26 334 298 371 72 52 130 44 386 80 0,5 307
PFG_MOEA,201,3,312.55,5795.78,0 13 19 226 57 127 109 59 137 136 273 77 151 218 197 388 261 106 173 302 107 164 67 312 201 362 123 51 145 294 174 339 132 142 120 269 321 299 0,174
PFG_MOEA,201,4,312.55,5795.78,0 340 233 135 88 249 35 235 161 68 58 34 231 289 366 267 228 141 266 303 357 319 86 199 156 94 0,303
PFG_MOEA,201,5,312.55,5795.78,0 38 172 182 397 36 11 92 374 230 311 350 4 314 193 37 322 121 146 320 364 393 3 229 308 356 264 259 246 42 300 329 112 191 152 221 242 96 0,42 264
PFG_MOEA,201,6,312.55,5795.78,0 200 165 129 0,
PFG_MOEA,201,7,312.55,5795.78,0 304 330 395 400 394 188 301 372 21 167 291 139 149 157 63 316 387 17 43 33 71 224 260 0,
PFG_MOEA,201,8,312.55,5795.78,0 399 247 28 250 345 377 262 1 255 327 254 73 215 85 93 179 232 225 97 148 238 192 48 31 0,93
PFG_MOEA,201,9,312.55,5795.78,0 378 69 183 354 265 346 315 99 175 251 190 390 18 103 155 83 234 213 227 398 209 361 170 367 25 55 217 56 7 180 333 317 286 140 110 62 297 65 283 326 305 154 204 6 208 241 220 158 189 64 20 126 124 0,175
PFG_MOEA,201,10,312.55,5795.78,0 287 382 383 10 268 272 30 66 166 205 271 39 391 53 293 133 331 285 392 115 245 396 240 385 288 177 181 358 337 384 111 116 76 113 81 29 325 355 131 84 114 389 105 341 219 0,
PFG_MOEA,201,11,312.55,5795.78,0 91 24 212 375 14 108 169 373 8 263 292 70 318 184 284 74 279 159 162 22 134 186 89 216 47 125 9 150 163 61 365 253 206 46 54 0,
PFG_MOEA,201,12,312.55,5795.78,0 41 82 178 117 243 344 349 343 290 368 376 258 248 328 75 171 87 153 278 210 45 353 348 2 119 128 295 40 32 276 196 78 98 27 176 144 342 370 306 202 338 203 168 369 380 16 15 0,16 87 203
PFG_MOEA,202,1,759.34,4800.0,0 219 341 105 389 114 84 131 355 325 29 81 113 76 116 111 384 337 358 181 177 288 385 240 396 245 115 392 285 331 133 293 53 163 150 9 125 47 216 89 61 206 253 365 0,245
PFG_MOEA,202,2,759.34,4800.0,0 22 134 186 162 159 279 74 284 184 318 70 292 263 8 373 169 108 14 375 212 24 91 0,318
PFG_MOEA,202,3,759.34,4800.0,0 304 31 48 148 260 224 71 33 129 238 330 192 200 165 112 191 152 127 57 109 59 137 273 136 247 17 43 85 215 73 254 69 354 183 327 387 157 149 188 394 316 63 262 1 255 250 28 42 400 395 377 345 356 264 259 246 308 229 197 218 151 77 107 164 67 302 388 3 106 173 261 320 364 393 312 201 362 329 300 123 51 145 322 121 146 294 174 339 132 120 142 37 269 321 299 340 233 135 88 249 35 161 235 68 58 34 386 231 289 366 267 228 44 130 52 72 303 357 319 266 141 86 92 199 156 94 230 311 374 11 36 397 350 4 314 193 182 172 13 19 226 221 242 96 80 38 0,33 106 174 200 303 311 394
PFG_MOEA,202,4,759.34,4800.0,0 378 83 155 103 18 190 251 175 99 315 346 372 301 167 21 139 291 265 390 234 0,
PFG_MOEA,202,5,759.34,4800.0,0 179 391 271 39 30 272 268 46 54 93 398 227 213 232 0,391
PFG_MOEA,202,6,759.34,4800.0,0 225 0,
PFG_MOEA,202,7,759.34,4800.0,0 97 209 361 170 367 0,
PFG_MOEA,202,8,759.34,4800.0,0 399 15 168 203 338 202 306 370 342 144 176 27 98 78 196 369 380 16 41 82 178 117 243 344 349 66 343 290 368 376 258 248 328 75 348 353 45 210 278 153 171 87 6 208 205 166 158 189 220 241 62 297 65 283 204 154 305 326 110 140 180 333 317 286 25 55 217 56 7 124 126 20 64 287 10 383 382 0,62 66 205 220 342
PFG_MOEA,202,9,759.34,4800.0,0 2 119 128 295 40 32 276 239 122 296 332 347 138 336 222 95 101 194 147 324 275 323 363 352 277 102 223 244 211 104 310 100 282 143 79 160 50 60 257 270 379 195 5 309 280 351 237 256 274 49 198 252 236 0,
PFG_MOEA,202,10,759.34,4800.0,0 381 23 90 12 207 307 0,
PFG_MOEA,202,11,759.34,4800.0,0 335 187 359 313 360 214 0,
PFG_MOEA,202,12,759.34,4800.0,0 185 118 281 26 334 298 371 0,
PFG_MOEA,203,1,314.81,5596.11,0 12 90 128 236 252 336 276 138 222 198 49 274 256 237 351 280 309 5 290 343 313 207 0,222
PFG_MOEA,203,2,314.81,5596.11,0 91 292 263 8 373 169 108 14 375 212 24 371 219 341 298 334 26 281 118 185 214 295 40 32 239 122 95 101 352 363 323 194 275 277 102 100 23 381 119 2 307 359 187 148 48 31 304 0,23
PFG_MOEA,203,3,314.81,5596.11,0 260 224 71 33 127 152 191 112 165 200 129 238 330 192 0,33
PFG_MOEA,203,4,314.81,5596.11,0 57 67 302 173 106 3 388 164 107 77 151 218 197 229 308 246 259 264 356 345 377 395 400 42 28 250 255 1 262 63 316 394 188 149 157 387 327 183 354 69 254 73 215 85 43 17 247 136 273 137 59 109 0,
PFG_MOEA,203,5,314.81,5596.11,0 329 300 362 123 51 145 322 121 146 201 261 320 364 393 312 294 174 339 132 206 253 365 360 335 0,362 393
PFG_MOEA,203,6,314.81,5596.11,0 61 358 181 177 288 385 240 396 245 115 392 285 331 133 293 53 163 150 9 125 47 216 89 0,
PFG_MOEA,203,7,314.81,5596.11,0 80 13 19 226 35 161 235 58 34 386 231 289 366 267 228 44 130 52 72 318 70 184 284 74 279 159 162 389 114 355 325 384 337 111 116 76 113 81 29 131 84 105 186 134 22 0,
PFG_MOEA,203,8,314.81,5596.11,0 38 96 242 221 172 182 397 350 311 4 314 193 230 94 156 374 36 11 92 319 357 303 266 141 86 199 68 135 88 249 233 340 299 321 269 120 142 37 301 21 139 291 167 372 346 315 99 175 251 0,182
PFG_MOEA,203,9,314.81,5596.11,0 97 225 232 179 391 271 158 241 62 297 65 283 204 154 305 326 110 140 286 317 333 180 220 126 124 7 56 217 55 25 367 170 361 209 227 234 213 190 390 265 18 103 155 83 378 398 93 54 46 268 272 30 39 0,65 154
PFG_MOEA,203,10,314.81,5596.11,0 399 15 16 380 41 82 178 117 243 344 349 20 189 64 166 205 208 6 87 171 153 278 210 353 258 376 368 66 287 10 383 382 0,243
PFG_MOEA,203,11,314.81,5596.11,0 369 338 203 168 0,
PFG_MOEA,203,12,314.81,5596.11,0 202 306 370 342 144 176 27 98 78 196 296 347 332 324 147 211 244 223 104 310 282 143 79 160 50 60 257 270 379 195 45 348 75 328 248 0,370
PFG_MOEA,204,1,411.21,4974.5,0 12 90 381 23 32 276 239 336 138 222 198 49 274 256 237 351 280 252 236 128 119 2 0,23
PFG_MOEA,204,2,411.21,4974.5,0 22 118 185 214 295 40 122 392 285 331 133 293 53 101 352 363 323 194 275 277 102 100 95 163 61 89 207 307 313 359 365 253 206 187 0,22 100
PFG_MOEA,204,3,411.21,4974.5,0 115 0,
PFG_MOEA,204,4,411.21,4974.5,0 245 396 240 385 288 177 181 358 337 384 111 116 76 113 81 29 325 355 0,
PFG_MOEA,204,5,411.21,4974.5,0 281 26 334 298 341 134 186 131 84 114 389 105 219 371 162 159 74 279 91 24 212 375 284 14 184 318 70 292 263 8 373 169 108 72 52 130 44 386 362 201 312 67 164 107 302 173 106 261 388 197 218 151 77 273 136 137 59 109 127 57 226 19 13 80 0,77 106 284
PFG_MOEA,204,6,411.21,4974.5,0 38 172 182 319 303 357 266 141 86 199 228 267 366 289 231 34 58 68 161 235 35 249 88 135 233 156 94 230 374 92 11 36 397 350 311 4 314 193 340 299 321 269 120 142 37 51 123 145 132 339 322 121 146 294 174 320 364 393 3 229 308 356 264 259 246 42 300 329 112 221 242 96 0,51 174 229 246 299
PFG_MOEA,204,7,411.21,4974.5,0 399 200 165 191 152 247 255 1 262 250 28 345 377 395 400 394 188 301 372 21 167 291 139 149 157 63 316 387 327 17 43 85 215 73 254 183 354 69 265 346 315 99 175 251 190 390 18 103 155 83 378 213 234 227 398 93 224 179 232 225 97 71 33 260 148 238 129 330 192 48 31 304 0,93
PFG_MOEA,204,8,411.21,4974.5,0 382 383 10 391 271 39 46 54 268 272 30 66 166 205 208 6 204 154 305 326 283 65 297 62 241 110 140 286 317 333 180 220 158 189 64 20 126 124 7 56 217 55 25 367 170 361 209 287 0,55 62 66 220
PFG_MOEA,204,9,411.21,4974.5,0 380 0,
PFG_MOEA,204,10,411.21,4974.5,0 16 369 15 0,
PFG_MOEA,204,11,411.21,4974.5,0 168 203 178 82 41 0,178
PFG_MOEA,204,12,411.21,4974.5,0 335 360 338 202 306 370 342 144 176 27 98 78 196 296 347 332 216 47 125 9 150 147 324 211 244 223 104 310 282 143 309 5 195 379 79 160 50 60 270 257 210 45 153 278 87 171 353 348 75 328 248 258 376 368 290 343 349 344 243 117 0,
PFG_MOEA,205,1,312.55,5795.78,0 336 138 239 122 296 347 332 324 275 277 104 211 244 223 102 352 363 323 194 147 101 95 222 0,122 211 222 277
PFG_MOEA,205,2,312.55,5795.78,0 335 360 207 307 313 359 187 100 310 282 143 79 160 50 60 257 270 379 195 5 309 280 351 237 256 274 49 198 252 236 381 23 90 12 214 185 118 281 26 334 298 371 72 52 130 44 386 80 0,5 307
PFG_MOEA,205,3,312.55,5795.78,0 13 19 226 57 127 109 59 137 136 273 77 151 218 197 388 261 106 173 302 107 164 67 312 201 362 123 51 145 294 174 339 132 142 120 269 321 299 0,174
PFG_MOEA,205,4,312.55,5795.78,0 340 233 135 88 249 35 235 161 68 58 34 231 289 366 267 228 141 266 303 357 319 86 199 156 94 0,303
PFG_MOEA,205,5,312.55,5795.78,0 38 172 182 397 36 11 92 374 230 311 350 4 314 193 37 322 121 146 320 364 393 3 229 308 356 264 259 246 42 300 329 112 191 152 221 242 96 0,42 264
PFG_MOEA,205,6,312.55,5795.78,0 200 165 129 0,
PFG_MOEA,205,7,312.55,5795.78,0 304 330 395 400 394 188 301 372 21 167 291 139 149 157 63 316 387 17 43 33 71 224 260 0,
PFG_MOEA,205,8,312.55,5795.78,0 399 247 28 250 345 377 262 1 255 327 254 73 215 85 93 179 232 225 97 148 238 192 48 31 0,93
PFG_MOEA,205,9,312.55,5795.78,0 378 69 183 354 265 346 315 99 175 251 190 390 18 103 155 83 234 213 227 398 209 361 170 367 25 55 217 56 7 180 333 317 286 140 110 62 297 65 283 326 305 154 204 6 208 241 220 158 189 64 20 126 124 0,175
PFG_MOEA,205,10,312.55,5795.78,0 287 382 383 10 268 272 30 66 166 205 271 39 391 53 293 133 331 285 392 115 245 396 240 385 288 177 181 358 337 384 111 116 76 113 81 29 325 355 131 84 114 389 105 341 219 0,
PFG_MOEA,205,11,312.55,5795.78,0 91 24 212 375 14 108 169 373 8 263 292 70 318 184 284 74 279 159 162 22 134 186 89 216 47 125 9 150 163 61 365 253 206 46 54 0,
PFG_MOEA,205,12,312.55,5795.78,0 41 82 178 117 243 344 349 343 290 368 376 258 248 328 75 171 87 153 278 210 45 353 348 2 119 128 295 40 32 276 196 78 98 27 176 144 342 370 306 202 338 203 168 369 380 16 15 0,16 87 203
PFG_MOEA,206,1,759.34,4800.0,0 219 341 105 389 114 84 131 355 325 29 81 113 76 116 111 384 337 358 181 177 288 385 240 396 245 115 392 285 331 133 293 53 163 150 9 125 47 216 89 61 206 253 365 0,245
PFG_MOEA,206,2,759.34,4800.0,0 22 134 186 162 159 279 74 284 184 318 70 292 263 8 373 169 108 14 375 212 24 91 0,318
PFG_MOEA,206,3,759.34,4800.0,0 304 31 48 148 260 224 71 33 129 238 330 192 200 165 112 191 152 127 57 109 59 137 273 136 247 17 43 85 215 73 254 69 354 183 327 387 157 149 188 394 316 63 262 1 255 250 28 42 400 395 377 345 356 264 259 246 308 229 197 218 151 77 107 164 67 302 388 3 106 173 261 320 364 393 312 201 362 329 300 123 51 145 322 121 146 294 174 339 132 120 142 37 269 321 299 340 233 135 88 249 35 161 235 68 58 34 386 231 289 366 267 228 44 130 52 72 303 357 319 266 141 86 92 199 156 94 230 311 374 11 36 397 350 4 314 193 182 172 13 19 226 221 242 96 80 38 0,33 106 174 200 303 311 394
PFG_MOEA,206,4,759.34,4800.0,0 378 83 155 103 18 190 251 175 99 315 346 372 301 167 21 139 291 265 390 234 0,
PFG_MOEA,206,5,759.34,4800.0,0 179 391 271 39 30 272 268 46 54 93 398 227 213 232 0,391
PFG_MOEA,206,6,759.34,4800.0,0 225 0,
PFG_MOEA,206,7,759.34,4800.0,0 97 209 361 170 367 0,
PFG_MOEA,206,8,759.34,4800.0,0 399 15 168 203 338 202 306 370 342 144 176 27 98 78 196 369 380 16 41 82 178 117 243 344 349 66 343 290 368 376 258 248 328 75 348 353 45 210 278 153 171 87 6 208 205 166 158 189 220 241 62 297 65 283 204 154 305 326 110 140 180 333 317 286 25 55 217 56 7 124 126 20 64 287 10 383 382 0,62 66 205 220 342
PFG_MOEA,206,9,759.34,4800.0,0 2 119 128 295 40 32 276 239 122 296 332 347 138 336 222 95 101 194 147 324 275 323 363 352 277 102 223 244 211 104 310 100 282 143 79 160 50 60 257 270 379 195 5 309 280 351 237 256 274 49 198 252 236 0,
PFG_MOEA,206,10,759.34,4800.0,0 381 23 90 12 207 307 0,
PFG_MOEA,206,11,759.34,4800.0,0 335 187 359 313 360 214 0,
PFG_MOEA,206,12,759.34,4800.0,0 185 118 281 26 334 298 371 0,
PFG_MOEA,207,1,314.81,5596.11,0 12 90 128 236 252 336 276 138 222 198 49 274 256 237 351 280 309 5 290 343 313 207 0,222
PFG_MOEA,207,2,314.81,5596.11,0 91 292 263 8 373 169 108 14 375 212 24 371 219 341 298 334 26 281 118 185 214 295 40 32 239 122 95 101 352 363 323 194 275 277 102 100 23 381 119 2 307 359 187 148 48 31 304 0,23
PFG_MOEA,207,3,314.81,5596.11,0 260 224 71 33 127 152 191 112 165 200 129 238 330 192 0,33
PFG_MOEA,207,4,314.81,5596.11,0 57 67 302 173 106 3 388 164 107 77 151 218 197 229 308 246 259 264 356 345 377 395 400 42 28 250 255 1 262 63 316 394 188 149 157 387 327 183 354 69 254 73 215 85 43 17 247 136 273 137 59 109 0,
PFG_MOEA,207,5,314.81,5596.11,0 329 300 362 123 51 145 322 121 146 201 261 320 364 393 312 294 174 339 132 206 253 365 360 335 0,362 393
PFG_MOEA,207,6,314.81,5596.11,0 61 358 181 177 288 385 240 396 245 115 392 285 331 133 293 53 163 150 9 125 47 216 89 0,
PFG_MOEA,207,7,314.81,5596.11,0 80 13 19 226 35 161 235 58 34 386 231 289 366 267 228 44 130 52 72 318 70 184 284 74 279 159 162 389 114 355 325 384 337 111 116 76 113 81 29 131 84 105 186 134 22 0,
PFG_MOEA,207,8,314.81,5596.11,0 38 96 242 221 172 182 397 350 311 4 314 193 230 94 156 374 36 11 92 319 357 303 266 141 86 199 68 135 88 249 233 340 299 321 269 120 142 37 301 21 139 291 167 372 346 315 99 175 251 0,182
PFG_MOEA,207,9,314.81,5596.11,0 97 225 232 179 391 271 158 241 62 297 65 283 204 154 305 326 110 140 286 317 333 180 220 126 124 7 56 217 55 25 367 170 361 209 227 234 213 190 390 265 18 103 155 83 378 398 93 54 46 268 272 30 39 0,65 154
PFG_MOEA,207,10,314.81,5596.11,0 399 15 16 380 41 82 178 117 243 344 349 20 189 64 166 205 208 6 87 171 153 278 210 353 258 376 368 66 287 10 383 382 0,243
PFG_MOEA,207,11,314.81,5596.11,0 369 338 203 168 0,
PFG_MOEA,207,12,314.81,5596.11,0 202 306 370 342 144 176 27 98 78 196 296 347 332 324 147 211 244 223 104 310 282 143 79 160 50 60 257 270 379 195 45 348 75 328 248 0,370
PFG_MOEA,208,1,411.21,4974.5,0 12 90 381 23 32 276 239 336 138 222 198 49 274 256 237 351 280 252 236 128 119 2 0,23
PFG_MOEA,208,2,411.21,4974.5,0 22 118 185 214 295 40 122 392 285 331 133 293 53 101 352 363 323 194 275 277 102 100 95 163 61 89 207 307 313 359 365 253 206 187 0,22 100
PFG_MOEA,208,3,411.21,4974.5,0 115 0,
PFG_MOEA,208,4,411.21,4974.5,0 245 396 240 385 288 177 181 358 337 384 111 116 76 113 81 29 325 355 0,
PFG_MOEA,208,5,411.21,4974.5,0 281 26 334 298 341 134 186 131 84 114 389 105 219 371 162 159 74 279 91 24 212 375 284 14 184 318 70 292 263 8 373 169 108 72 52 130 44 386 362 201 312 67 164 107 302 173 106 261 388 197 218 151 77 273 136 137 59 109 127 57 226 19 13 80 0,77 106 284
PFG_MOEA,208,6,411.21,4974.5,0 38 172 182 319 303 357 266 141 86 199 228 267 366 289 231 34 58 68 161 235 35 249 88 135 233 156 94 230 374 92 11 36 397 350 311 4 314 193 340 299 321 269 120 142 37 51 123 145 132 339 322 121 146 294 174 320 364 393 3 229 308 356 264 259 246 42 300 329 112 221 242 96 0,51 174 229 246 299
PFG_MOEA,208,7,411.21,4974.5,0 399 200 165 191 152 247 255 1 262 250 28 345 377 395 400 394 188 301 372 21 167 291 139 149 157 63 316 387 327 17 43 85 215 73 254 183 354 69 265 346 315 99 175 251 190 390 18 103 155 83 378 213 234 227 398 93 224 179 232 225 97 71 33 260 148 238 129 330 192 48 31 304 0,93
PFG_MOEA,208,8,411.21,4974.5,0 382 383 10 391 271 39 46 54 268 272 30 66 166 205 208 6 204 154 305 326 283 65 297 62 241 110 140 286 317 333 180 220 158 189 64 20 126 124 7 56 217 55 25 367 170 361 209 287 0,55 62 66 220
PFG_MOEA,208,9,411.21,4974.5,0 380 0,
PFG_MOEA,208,10,411.21,4974.5,0 16 369 15 0,
PFG_MOEA,208,11,411.21,4974.5,0 168 203 178 82 41 0,178
PFG_MOEA,208,12,411.21,4974.5,0 335 360 338 202 306 370 342 144 176 27 98 78 196 296 347 332 216 47 125 9 150 147 324 211 244 223 104 310 282 143 309 5 195 379 79 160 50 60 270 257 210 45 153 278 87 171 353 348 75 328 248 258 376 368 290 343 349 344 243 117 0,
PFG_MOEA,209,1,312.55,5795.78,0 336 138 239 122 296 347 332 324 275 277 104 211 244 223 102 352 363 323 194 147 101 95 222 0,122 211 222 277
PFG_MOEA,209,2,312.55,5795.78,0 335 360 207 307 313 359 187 100 310 282 143 79 160 50 60 257 270 379 195 5 309 280 351 237 256 274 49 198 252 236 381 23 90 12 214 185 118 281 26 334 298 371 72 52 130 44 386 80 0,5 307
PFG_MOEA,209,3,312.55,5795.78,0 13 19 226 57 127 109 59 137 136 273 77 151 218 197 388 261 106 173 302 107 164 67 312 201 362 123 51 145 294 174 339 132 142 120 269 321 299 0,174
PFG_MOEA,209,4,312.55,5795.78,0 340 233 135 88 249 35 235 161 68 58 34 231 289 366 267 228 141 266 303 357 319 86 199 156 94 0,303
PFG_MOEA,209,5,312.55,5795.78,0 38 172 182 397 36 11 92 374 230 311 350 4 314 193 37 322 121 146 320 364 393 3 229 308 356 264 259 246 42 300 329 112 191 152 221 242 96 0,42 264
PFG_MOEA,209,6,312.55,5795.78,0 200 165 129 0,
PFG_MOEA,209,7,312.55,5795.78,0 304 330 395 400 394 188 301 372 21 167 291 139 149 157 63 316 387 17 43 33 71 224 260 0,
PFG_MOEA,209,8,312.55,5795.78,0 399 247 28 250 345 377 262 1 255 327 254 73 215 85 93 179 232 225 97 148 238 192 48 31 0,93
PFG_MOEA,209,9,312.55,5795.78,0 378 69 183 354 265 346 315 99 175 251 190 390 18 103 155 83 234 213 227 398 209 361 170 367 25 55 217 56 7 180 333 317 286 140 110 62 297 65 283 326 305 154 204 6 208 241 220 158 189 64 20 126 124 0,175
PFG_MOEA,209,10,312.55,5795.78,0 287 382 383 10 268 272 30 66 166 205 271 39 391 53 293 133 331 285 392 115 245 396 240 385 288 177 181 358 337 384 111 116 76 113 81 29 325 355 131 84 114 389 105 341 219 0,
PFG_MOEA,209,11,312.55,5795.78,0 91 24 212 375 14 108 169 373 8 263 292 70 318 184 284 74 279 159 162 22 134 186 89 216 47 125 9 150 163 61 365 253 206 46 54 0,
PFG_MOEA,209,12,312.55,5795.78,0 41 82 178 117 243 344 349 343 290 368 376 258 248 328 75 171 87 153 278 210 45 353 348 2 119 128 295 40 32 276 196 78 98 27 176 144 342 370 306 202 338 203 168 369 380 16 15 0,16 87 203
PFG_MOEA,210,1,759.34,4800.0,0 219 341 105 389 114 84 131 355 325 29 81 113 76 116 111 384 337 358 181 177 288 385 240 396 245 115 392 285 331 133 293 53 163 150 9 125 47 216 89 61 206 253 365 0,245
PFG_MOEA,210,2,759.34,4800.0,0 22 134 186 162 159 279 74 284 184 318 70 292 263 8 373 169 108 14 375 212 24 91 0,318
PFG_MOEA,210,3,759.34,4800.0,0 304 31 48 148 260 224 71 33 129 238 330 192 200 165 112 191 152 127 57 109 59 137 273 136 247 17 43 85 215 73 254 69 354 183 327 387 157 149 188 394 316 63 262 1 255 250 28 42 400 395 377 345 356 264 259 246 308 229 197 218 151 77 107 164 67 302 388 3 106 173 261 320 364 393 312 201 362 329 300 123 51 145 322 121 146 294 174 339 132 120 142 37 269 321 299 340 233 135 88 249 35 161 235 68 58 34 386 231 289 366 267 228 44 130 52 72 303 357 319 266 141 86 92 199 156 94 230 311 374 11 36 397 350 4 314 193 182 172 13 19 226 221 242 96 80 38 0,33 106 174 200 303 311 394
PFG_MOEA,210,4,759.34,4800.0,0 378 83 155 103 18 190 251 175 99 315 346 372 301 167 21 139 291 265 390 234 0,
PFG_MOEA,210,5,759.34,4800.0,0 179 391 271 39 30 272 268 46 54 93 398 227 213 232 0,391
PFG_MOEA,210,6,759.34,4800.0,0 225 0,
PFG_MOEA,210,7,759.34,4800.0,0 97 209 361 170 367 0,
PFG_MOEA,210,8,759.34,4800.0,0 399 15 168 203 338 202 306 370 342 144 176 27 98 78 196 369 380 16 41 82 178 117 243 344 349 66 343 290 368 376 258 248 328 75 348 353 45 210 278 153 171 87 6 208 205 166 158 189 220 241 62 297 65 283 204 154 305 326 110 140 180 333 317 286 25 55 217 56 7 124 126 20 64 287 10 383 382 0,62 66 205 220 342
PFG_MOEA,210,9,759.34,4800.0,0 2 119 128 295 40 32 276 239 122 296 332 347 138 336 222 95 101 194 147 324 275 323 363 352 277 102 223 244 211 104 310 100 282 143 79 160 50 60 257 270 379 195 5 309 280 351 237 256 274 49 198 252 236 0,
PFG_MOEA,210,10,759.34,4800.0,0 381 23 90 12 207 307 0,
PFG_MOEA,210,11,759.34,4800.0,0 335 187 359 313 360 214 0,
PFG_MOEA,210,12,759.34,4800.0,0 185 118 281 26 334 298 371 0,
PFG_MOEA,211,1,314.81,5596.11,0 12 90 128 236 252 336 276 138 222 198 49 274 256 237 351 280 309 5 290 343 313 207 0,222
PFG_MOEA,211,2,314.81,5596.11,0 91 292 263 8 373 169 108 14 375 212 24 371 219 341 298 334 26 281 118 185 214 295 40 32 239 122 95 101 352 363 323 194 275 277 102 100 23 381 119 2 307 359 187 148 48 31 304 0,23
PFG_MOEA,211,3,314.81,5596.11,0 260 224 71 33 127 152 191 112 165 200 129 238 330 192 0,33
PFG_MOEA,211,4,314.81,5596.11,0 57 67 302 173 106 3 388 164 107 77 151 218 197 229 308 246 259 264 356 345 377 395 400 42 28 250 255 1 262 63 316 394 188 149 157 387 327 183 354 69 254 73 215 85 43 17 247 136 273 137 59 109 0,
PFG_MOEA,211,5,314.81,5596.11,0 329 300 362 123 51 145 322 121 146 201 261 320 364 393 312 294 174 339 132 206 253 365 360 335 0,362 393
PFG_MOEA,211,6,314.81,5596.11,0 61 358 181 177 288 385 240 396 245 115 392 285 331 133 293 53 163 150 9 125 47 216 89 0,
PFG_MOEA,211,7,314.81,5596.11,0 80 13 19 226 35 161 235 58 34 386 231 289 366 267 228 44 130 52 72 318 70 184 284 74 279 159 162 389 114 355 325 384 337 111 116 76 113 81 29 131 84 105 186 134 22 0,
PFG_MOEA,211,8,314.81,5596.11,0 38 96 242 221 172 182 397 350 311 4 314 193 230 94 156 374 36 11 92 319 357 303 266 141 86 199 68 135 88 249 233 340 299 321 269 120 142 37 301 21 139 291 167 372 346 315 99 175 251 0,182
PFG_MOEA,211,9,314.81,5596.11,0 97 225 232 179 391 271 158 241 62 297 65 283 204 154 305 326 110 140 286 317 333 180 220 126 124 7 56 217 55 25 367 170 361 209 227 234 213 190 390 265 18 103 155 83 378 398 93 54 46 268 272 30 39 0,65 154
PFG_MOEA,211,10,314.81,5596.11,0 399 15 16 380 41 82 178 117 243 344 349 20 189 64 166 205 208 6 87 171 153 278 210 353 258 376 368 66 287 10 383 382 0,243
PFG_MOEA,211,11,314.81,5596.11,0 369 338 203 168 0,
PFG_MOEA,211,12,314.81,5596.11,0 202 306 370 342 144 176 27 98 78 196 296 347 332 324 147 211 244 223 104 310 282 143 79 160 50 60 257 270 379 195 45 348 75 328 248 0,370
PFG_MOEA,212,1,411.21,4974.5,0 12 90 381 23 32 276 239 336 138 222 198 49 274 256 237 351 280 252 236 128 119 2 0,23
PFG_MOEA,212,2,411.21,4974.5,0 22 118 185 214 295 40 122 392 285 331 133 293 53 101 352 363 323 194 275 277 102 100 95 163 61 89 207 307 313 359 365 253 206 187 0,22 100
PFG_MOEA,212,3,411.21,4974.5,0 115 0,
PFG_MOEA,212,4,411.21,4974.5,0 245 396 240 385 288 177 181 358 337 384 111 116 76 113 81 29 325 355 0,
PFG_MOEA,212,5,411.21,4974.5,0 281 26 334 298 341 134 186 131 84 114 389 105 219 371 162 159 74 279 91 24 212 375 284 14 184 318 70 292 263 8 373 169 108 72 52 130 44 386 362 201 312 67 164 107 302 173 106 261 388 197 218 151 77 273 136 137 59 109 127 57 226 19 13 80 0,77 106 284
PFG_MOEA,212,6,411.21,4974.5,0 38 172 182 319 303 357 266 141 86 199 228 267 366 289 231 34 58 68 161 235 35 249 88 135 233 156 94 230 374 92 11 36 397 350 311 4 314 193 340 299 321 269 120 142 37 51 123 145 132 339 322 121 146 294 174 320 364 393 3 229 308 356 264 259 246 42 300 329 112 221 242 96 0,51 174 229 246 299
PFG_MOEA,212,7,411.21,4974.5,0 399 200 165 191 152 247 255 1 262 250 28 345 377 395 400 394 188 301 372 21 167 291 139 149 157 63 316 387 327 17 43 85 215 73 254 183 354 69 265 346 315 99 175 251 190 390 18 103 155 83 378 213 234 227 398 93 224 179 232 225 97 71 33 260 148 238 129 330 192 48 31 304 0,93
PFG_MOEA,212,8,411.21,4974.5,0 382 383 10 391 271 39 46 54 268 272 30 66 166 205 208 6 204 154 305 326 283 65 297 62 241 110 140 286 317 333 180 220 158 189 64 20 126 124 7 56 217 55 25 367 170 361 209 287 0,55 62 66 220
PFG_MOEA,212,9,411.21,4974.5,0 380 0,
PFG_MOEA,212,10,411.21,4974.5,0 16 369 15 0,
PFG_MOEA,212,11,411.21,4974.5,0 168 203 178 82 41 0,178
PFG_MOEA,212,12,411.21,4974.5,0 335 360 338 202 306 370 342 144 176 27 98 78 196 296 347 332 216 47 125 9 150 147 324 211 244 223 104 310 282 143 309 5 195 379 79 160 50 60 270 257 210 45 153 278 87 171 353 348 75 328 248 258 376 368 290 343 349 344 243 117 0,
PFG_MOEA,213,1,312.55,5795.78,0 336 138 239 122 296 347 332 324 275 277 104 211 244 223 102 352 363 323 194 147 101 95 222 0,122 211 222 277
PFG_MOEA,213,2,312.55,5795.78,0 335 360 207 307 313 359 187 100 310 282 143 79 160 50 60 257 270 379 195 5 309 280 351 237 256 274 49 198 252 236 381 23 90 12 214 185 118 281 26 334 298 371 72 52 130 44 386 80 0,5 307
PFG_MOEA,213,3,312.55,5795.78,0 13 19 226 57 127 109 59 137 136 273 77 151 218 197 388 261 106 173 302 107 164 67 312 201 362 123 51 145 294 174 339 132 142 120 269 321 299 0,174
PFG_MOEA,213,4,312.55,5795.78,0 340 233 135 88 249 35 235 161 68 58 34 231 289 366 267 228 141 266 303 357 319 86 199 156 94 0,303
PFG_MOEA,213,5,312.55,5795.78,0 38 172 182 397 36 11 92 374 230 311 350 4 314 193 37 322 121 146 320 364 393 3 229 308 356 264 259 246 42 300 329 112 191 152 221 242 96 0,42 264
PFG_MOEA,213,6,312.55,5795.78,0 200 165 129 0,
PFG_MOEA,213,7,312.55,5795.78,0 304 330 395 400 394 188 301 372 21 167 291 139 149 157 63 316 387 17 43 33 71 224 260 0,
PFG_MOEA,213,8,312.55,5795.78,0 399 247 28 250 345 377 262 1 255 327 254 73 215 85 93 179 232 225 97 148 238 192 48 31 0,93
PFG_MOEA,213,9,312.55,5795.78,0 378 69 183 354 265 346 315 99 175 251 190 390 18 103 155 83 234 213 227 398 209 361 170 367 25 55 217 56 7 180 333 317 286 140 110 62 297 65 283 326 305 154 204 6 208 241 220 158 189 64 20 126 124 0,175
PFG_MOEA,213,10,312.55,5795.78,0 287 382 383 10 268 272 30 66 166 205 271 39 391 53 293 133 331 285 392 115 245 396 240 385 288 177 181 358 337 384 111 116 76 113 81 29 325 355 131 84 114 389 105 341 219 0,
PFG_MOEA,213,11,312.55,5795.78,0 91 24 212 375 14 108 169 373 8 263 292 70 318 184 284 74 279 159 162 22 134 186 89 216 47 125 9 150 163 61 365 253 206 46 54 0,
PFG_MOEA,213,12,312.55,5795.78,0 41 82 178 117 243 344 349 343 290 368 376 258 248 328 75 171 87 153 278 210 45 353 348 2 119 128 295 40 32 276 196 78 98 27 176 144 342 370 306 202 338 203 168 369 380 16 15 0,16 87 203
PFG_MOEA,214,1,759.34,4800.0,0 219 341 105 389 114 84 131 355 325 29 81 113 76 116 111 384 337 358 181 177 288 385 240 396 245 115 392 285 331 133 293 53 163 150 9 125 47 216 89 61 206 253 365 0,245
PFG_MOEA,214,2,759.34,4800.0,0 22 134 186 162 159 279 74 284 184 318 70 292 263 8 373 169 108 14 375 212 24 91 0,318
PFG_MOEA,214,3,759.34,4800.0,0 304 31 48 148 260 224 71 33 129 238 330 192 200 165 112 191 152 127 57 109 59 137 273 136 247 17 43 85 215 73 254 69 354 183 327 387 157 149 188 394 316 63 262 1 255 250 28 42 400 395 377 345 356 264 259 246 308 229 197 218 151 77 107 164 67 302 388 3 106 173 261 320 364 393 312 201 362 329 300 123 51 145 322 121 146 294 174 339 132 120 142 37 269 321 299 340 233 135 88 249 35 161 235 68 58 34 386 231 289 366 267 228 44 130 52 72 303 357 319 266 141 86 92 199 156 94 230 311 374 11 36 397 350 4 314 193 182 172 13 19 226 221 242 96 80 38 0,33 106 174 200 303 311 394
PFG_MOEA,214,4,759.34,4800.0,0 378 83 155 103 18 190 251 175 99 315 346 372 301 167 21 139 291 265 390 234 0,
PFG_MOEA,214,5,759.34,4800.0,0 179 391 271 39 30 272 268 46 54 93 398 227 213 232 0,391
PFG_MOEA,214,6,759.34,4800.0,0 225 0,
PFG_MOEA,214,7,759.34,4800.0,0 97 209 361 170 367 0,
PFG_MOEA,214,8,759.34,4800.0,0 399 15 168 203 338 202 306 370 342 144 176 27 98 78 196 369 380 16 41 82 178 117 243 344 349 66 343 290 368 376 258 248 328 75 348 353 45 210 278 153 171 87 6 208 205 166 158 189 220 241 62 297 65 283 204 154 305 326 110 140 180 333 317 286 25 55 217 56 7 124 126 20 64 287 10 383 382 0,62 66 205 220 342
PFG_MOEA,214,9,759.34,4800.0,0 2 119 128 295 40 32 276 239 122 296 332 347 138 336 222 95 101 194 147 324 275 323 363 352 277 102 223 244 211 104 310 100 282 143 79 160 50 60 257 270 379 195 5 309 280 351 237 256 274 49 198 252 236 0,
PFG_MOEA,214,10,759.34,4800.0,0 381 23 90 12 207 307 0,
PFG_MOEA,214,11,759.34,4800.0,0 335 187 359 313 360 214 0,
PFG_MOEA,214,12,759.34,4800.0,0 185 118 281 26 334 298 371 0,
PFG_MOEA,215,1,314.81,5596.11,0 12 90 128 236 252 336 276 138 222 198 49 274 256 237 351 280 309 5 290 343 313 207 0,222
PFG_MOEA,215,2,314.81,5596.11,0 91 292 263 8 373 169 108 14 375 212 24 371 219 341 298 334 26 281 118 185 214 295 40 32 239 122 95 101 352 363 323 194 275 277 102 100 23 381 119 2 307 359 187 148 48 31 304 0,23
PFG_MOEA,215,3,314.81,5596.11,0 260 224 71 33 127 152 191 112 165 200 129 238 330 192 0,33
PFG_MOEA,215,4,314.81,5596.11,0 57 67 302 173 106 3 388 164 107 77 151 218 197 229 308 246 259 264 356 345 377 395 400 42 28 250 255 1 262 63 316 394 188 149 157 387 327 183 354 69 254 73 215 85 43 17 247 136 273 137 59 109 0,
PFG_MOEA,215,5,314.81,5596.11,0 329 300 362 123 51 145 322 121 146 201 261 320 364 393 312 294 174 339 132 206 253 365 360 335 0,362 393
PFG_MOEA,215,6,314.81,5596.11,0 61 358 181 177 288 385 240 396 245 115 392 285 331 133 293 53 163 150 9 125 47 216 89 0,
PFG_MOEA,215,7,314.81,5596.11,0 80 13 19 226 35 161 235 58 34 386 231 289 366 267 228 44 130 52 72 318 70 184 284 74 279 159 162 389 114 355 325 384 337 111 116 76 113 81 29 131 84 105 186 134 22 0,
PFG_MOEA,215,8,314.81,5596.11,0 38 96 242 221 172 182 397 350 311 4 314 193 230 94 156 374 36 11 92 319 357 303 266 141 86 199 68 135 88 249 233 340 299 321 269 120 142 37 301 21 139 291 167 372 346 315 99 175 251 0,182
PFG_MOEA,215,9,314.81,5596.11,0 97 225 232 179 391 271 158 241 62 297 65 283 204 154 305 326 110 140 286 317 333 180 220 126 124 7 56 217 55 25 367 170 361 209 227 234 213 190 390 265 18 103 155 83 378 398 93 54 46 268 272 30 39 0,65 154
PFG_MOEA,215,10,314.81,5596.11,0 399 15 16 380 41 82 178 117 243 344 349 20 189 64 166 205 208 6 87 171 153 278 210 353 258 376 368 66 287 10 383 382 0,243
PFG_MOEA,215,11,314.81,5596.11,0 369 338 203 168 0,
PFG_MOEA,215,12,314.81,5596.11,0 202 306 370 342 144 176 27 98 78 196 296 347 332 324 147 211 244 223 104 310 282 143 79 160 50 60 257 270 379 195 45 348 75 328 248 0,370
PFG_MOEA,216,1,411.21,4974.5,0 12 90 381 23 32 276 239 336 138 222 198 49 274 256 237 351 280 252 236 128 119 2 0,23
PFG_MOEA,216,2,411.21,4974.5,0 22 118 185 214 295 40 122 392 285 331 133 293 53 101 352 363 323 194 275 277 102 100 95 163 61 89 207 307 313 359 365 253 206 187 0,22 100
PFG_MOEA,216,3,411.21,4974.5,0 115 0,
PFG_MOEA,216,4,411.21,4974.5,0 245 396 240 385 288 177 181 358 337 384 111 116 76 113 81 29 325 355 0,
PFG_MOEA,216,5,411.21,4974.5,0 281 26 334 298 341 134 186 131 84 114 389 105 219 371 162 159 74 279 91 24 212 375 284 14 184 318 70 292 263 8 373 169 108 72 52 130 44 386 362 201 312 67 164 107 302 173 106 261 388 197 218 151 77 273 136 137 59 109 127 57 226 19 13 80 0,77 106 284
PFG_MOEA,216,6,411.21,4974.5,0 38 172 182 319 303 357 266 141 86 199 228 267 366 289 231 34 58 68 161 235 35 249 88 135 233 156 94 230 374 92 11 36 397 350 311 4 314 193 340 299 321 269 120 142 37 51 123 145 132 339 322 121 146 294 174 320 364 393 3 229 308 356 264 259 246 42 300 329 112 221 242 96 0,51 174 229 246 299
PFG_MOEA,216,7,411.21,4974.5,0 399 200 165 191 152 247 255 1 262 250 28 345 377 395 400 394 188 301 372 21 167 291 139 149 157 63 316 387 327 17 43 85 215 73 254 183 354 69 265 346 315 99 175 251 190 390 18 103 155 83 378 213 234 227 398 93 224 179 232 225 97 71 33 260 148 238 129 330 192 48 31 304 0,93
PFG_MOEA,216,8,411.21,4974.5,0 382 383 10 391 271 39 46 54 268 272 30 66 166 205 208 6 204 154 305 326 283 65 297 62 241 110 140 286 317 333 180 220 158 189 64 20 126 124 7 56 217 55 25 367 170 361 209 287 0,55 62 66 220
PFG_MOEA,216,9,411.21,4974.5,0 380 0,
PFG_MOEA,216,10,411.21,4974.5,0 16 369 15 0,
PFG_MOEA,216,11,411.21,4974.5,0 168 203 178 82 41 0,178
PFG_MOEA,216,12,411.21,4974.5,0 335 360 338 202 306 370 342 144 176 27 98 78 196 296 347 332 216 47 125 9 150 147 324 211 244 223 104 310 282 143 309 5 195 379 79 160 50 60 270 257 210 45 153 278 87 171 353 348 75 328 248 258 376 368 290 343 349 344 243 117 0,
PFG_MOEA,217,1,312.55,5795.78,0 336 138 239 122 296 347 332 324 275 277 104 211 244 223 102 352 363 323 194 147 101 95 222 0,122 211 222 277
PFG_MOEA,217,2,312.55,5795.78,0 335 360 207 307 313 359 187 100 310 282 143 79 160 50 60 257 270 379 195 5 309 280 351 237 256 274 49 198 252 236 381 23 90 12 214 185 118 281 26 334 298 371 72 52 130 44 386 80 0,5 307
PFG_MOEA,217,3,312.55,5795.78,0 13 19 226 57 127 109 59 137 136 273 77 151 218 197 388 261 106 173 302 107 164 67 312 201 362 123 51 145 294 174 339 132 142 120 269 321 299 0,174
PFG_MOEA,217,4,312.55,5795.78,0 340 233 135 88 249 35 235 161 68 58 34 231 289 366 267 228 141 266 303 357 319 86 199 156 94 0,303
PFG_MOEA,217,5,312.55,5795.78,0 38 172 182 397 36 11 92 374 230 311 350 4 314 193 37 322 121 146 320 364 393 3 229 308 356 264 259 246 42 300 329 112 191 152 221 242 96 0,42 264
PFG_MOEA,217,6,312.55,5795.78,0 200 165 129 0,
PFG_MOEA,217,7,312.55,5795.78,0 304 330 395 400 394 188 301 372 21 167 291 139 149 157 63 316 387 17 43 33 71 224 260 0,
PFG_MOEA,217,8,312.55,5795.78,0 399 247 28 250 345 377 262 1 255 327 254 73 215 85 93 179 232 225 97 148 238 192 48 31 0,93
PFG_MOEA,217,9,312.55,5795.78,0 378 69 183 354 265 346 315 99 175 251 190 390 18 103 155 83 234 213 227 398 209 361 170 367 25 55 217 56 7 180 333 317 286 140 110 62 297 65 283 326 305 154 204 6 208 241 220 158 189 64 20 126 124 0,175
PFG_MOEA,217,10,312.55,5795.78,0 287 382 383 10 268 272 30 66 166 205 271 39 391 53 293 133 331 285 392 115 245 396 240 385 288 177 181 358 337 384 111 116 76 113 81 29 325 355 131 84 114 389 105 341 219 0,
PFG_MOEA,217,11,312.55,5795.78,0 91 24 212 375 14 108 169 373 8 263 292 70 318 184 284 74 279 159 162 22 134 186 89 216 47 125 9 150 163 61 365 253 206 46 54 0,
PFG_MOEA,217,12,312.55,5795.78,0 41 82 178 117 243 344 349 343 290 368 376 258 248 328 75 171 87 153 278 210 45 353 348 2 119 128 295 40 32 276 196 78 98 27 176 144 342 370 306 202 338 203 168 369 380 16 15 0,16 87 203
PFG_MOEA,218,1,759.34,4800.0,0 219 341 105 389 114 84 131 355 325 29 81 113 76 116 111 384 337 358 181 177 288 385 240 396 245 115 392 285 331 133 293 53 163 150 9 125 47 216 89 61 206 253 365 0,245
PFG_MOEA,218,2,759.34,4800.0,0 22 134 186 162 159 279 74 284 184 318 70 292 263 8 373 169 108 14 375 212 24 91 0,318
PFG_MOEA,218,3,759.34,4800.0,0 304 31 48 148 260 224 71 33 129 238 330 192 200 165 112 191 152 127 57 109 59 137 273 136 247 17 43 85 215 73 254 69 354 183 327 387 157 149 188 394 316 63 262 1 255 250 28 42 400 395 377 345 356 264 259 246 308 229 197 218 151 77 107 164 67 302 388 3 106 173 261 320 364 393 312 201 362 329 300 123 51 145 322 121 146 294 174 339 132 120 142 37 269 321 299 340 233 135 88 249 35 161 235 68 58 34 386 231 289 366 267 228 44 130 52 72 303 357 319 266 141 86 92 199 156 94 230 311 374 11 36 397 350 4 314 193 182 172 13 19 226 221 242 96 80 38 0,33 106 174 200 303 311 394
PFG_MOEA,218,4,759.34,4800.0,0 378 83 155 103 18 190 251 175 99 315 346 372 301 167 21 139 291 265 390 234 0,
PFG_MOEA,218,5,759.34,4800.0,0 179 391 271 39 30 272 268 46 54 93 398 227 213 232 0,391
PFG_MOEA,218,6,759.34,4800.0,0 225 0,
PFG_MOEA,218,7,759.34,4800.0,0 97 209 361 170 367 0,
PFG_MOEA,218,8,759.34,4800.0,0 399 15 168 203 338 202 306 370 342 144 176 27 98 78 196 369 380 16 41 82 178 117 243 344 349 66 343 290 368 376 258 248 328 75 348 353 45 210 278 153 171 87 6 208 205 166 158 189 220 241 62 297 65 283 204 154 305 326 110 140 180 333 317 286 25 55 217 56 7 124 126 20 64 287 10 383 382 0,62 66 205 220 342
PFG_MOEA,218,9,759.34,4800.0,0 2 119 128 295 40 32 276 239 122 296 332 347 138 336 222 95 101 194 147 324 275 323 363 352 277 102 223 244 211 104 310 100 282 143 79 160 50 60 257 270 379 195 5 309 280 351 237 256 274 49 198 252 236 0,
PFG_MOEA,218,10,759.34,4800.0,0 381 23 90 12 207 307 0,
PFG_MOEA,218,11,759.34,4800.0,0 335 187 359 313 360 214 0,
PFG_MOEA,218,12,759.34,4800.0,0 185 118 281 26 334 298 371 0,
PFG_MOEA,219,1,314.81,5596.11,0 12 90 128 236 252 336 276 138 222 198 49 274 256 237 351 280 309 5 290 343 313 207 0,222
PFG_MOEA,219,2,314.81,5596.11,0 91 292 263 8 373 169 108 14 375 212 24 371 219 341 298 334 26 281 118 185 214 295 40 32 239 122 95 101 352 363 323 194 275 277 102 100 23 381 119 2 307 359 187 148 48 31 304 0,23
PFG_MOEA,219,3,314.81,5596.11,0 260 224 71 33 127 152 191 112 165 200 129 238 330 192 0,33
PFG_MOEA,219,4,314.81,5596.11,0 57 67 302 173 106 3 388 164 107 77 151 218 197 229 308 246 259 264 356 345 377 395 400 42 28 250 255 1 262 63 316 394 188 149 157 387 327 183 354 69 254 73 215 85 43 17 247 136 273 137 59 109 0,
PFG_MOEA,219,5,314.81,5596.11,0 329 300 362 123 51 145 322 121 146 201 261 320 364 393 312 294 174 339 132 206 253 365 360 335 0,362 393
PFG_MOEA,219,6,314.81,5596.11,0 61 358 181 177 288 385 240 396 245 115 392 285 331 133 293 53 163 150 9 125 47 216 89 0,
PFG_MOEA,219,7,314.81,5596.11,0 80 13 19 226 35 161 235 58 34 386 231 289 366 267 228 44 130 52 72 318 70 184 284 74 279 159 162 389 114 355 325 384 337 111 116 76 113 81 29 131 84 105 186 134 22 0,
PFG_MOEA,219,8,314.81,5596.11,0 38 96 242 221 172 182 397 350 311 4 314 193 230 94 156 374 36 11 92 319 357 303 266 141 86 199 68 135 88 249 233 340 299 321 269 120 142 37 301 21 139 291 167 372 346 315 99 175 251 0,182
PFG_MOEA,219,9,314.81,5596.11,0 97 225 232 179 391 271 158 241 62 297 65 283 204 154 305 326 110 140 286 317 333 180 220 126 124 7 56 217 55 25 367 170 361 209 227 234 213 190 390 265 18 103 155 83 378 398 93 54 46 268 272 30 39 0,65 154
PFG_MOEA,219,10,314.81,5596.11,0 399 15 16 380 41 82 178 117 243 344 349 20 189 64 166 205 208 6 87 171 153 278 210 353 258 376 368 66 287 10 383 382 0,243
PFG_MOEA,219,11,314.81,5596.11,0 369 338 203 168 0,
PFG_MOEA,219,12,314.81,5596.11,0 202 306 370 342 144 176 27 98 78 196 296 347 332 324 147 211 244 223 104 310 282 143 79 160 50 60 257 270 379 195 45 348 75 328 248 0,370
PFG_MOEA,220,1,411.21,4974.5,0 12 90 381 23 32 276 239 336 138 222 198 49 274 256 237 351 280 252 236 128 119 2 0,23
PFG_MOEA,220,2,411.21,4974.5,0 22 118 185 214 295 40 122 392 285 331 133 293 53 101 352 363 323 194 275 277 102 100 95 163 61 89 207 307 313 359 365 253 206 187 0,22 100
PFG_MOEA,220,3,411.21,4974.5,0 115 0,
PFG_MOEA,220,4,411.21,4974.5,0 245 396 240 385 288 177 181 358 337 384 111 116 76 113 81 29 325 355 0,
PFG_MOEA,220,5,411.21,4974.5,0 281 26 334 298 341 134 186 131 84 114 389 105 219 371 162 159 74 279 91 24 212 375 284 14 184 318 70 292 263 8 373 169 108 72 52 130 44 386 362 201 312 67 164 107 302 173 106 261 388 197 218 151 77 273 136 137 59 109 127 57 226 19 13 80 0,77 106 284
PFG_MOEA,220,6,411.21,4974.5,0 38 172 182 319 303 357 266 141 86 199 228 267 366 289 231 34 58 68 161 235 35 249 88 135 233 156 94 230 374 92 11 36 397 350 311 4 314 193 340 299 321 269 120 142 37 51 123 145 132 339 322 121 146 294 174 320 364 393 3 229 308 356 264 259 246 42 300 329 112 221 242 96 0,51 174 229 246 299
PFG_MOEA,220,7,411.21,4974.5,0 399 200 165 191 152 247 255 1 262 250 28 345 377 395 400 394 188 301 372 21 167 291 139 149 157 63 316 387 327 17 43 85 215 73 254 183 354 69 265 346 315 99 175 251 190 390 18 103 155 83 378 213 234 227 398 93 224 179 232 225 97 71 33 260 148 238 129 330 192 48 31 304 0,93
PFG_MOEA,220,8,411.21,4974.5,0 382 383 10 391 271 39 46 54 268 272 30 66 166 205 208 6 204 154 305 326 283 65 297 62 241 110 140 286 317 333 180 220 158 189 64 20 126 124 7 56 217 55 25 367 170 361 209 287 0,55 62 66 220
PFG_MOEA,220,9,411.21,4974.5,0 380 0,
PFG_MOEA,220,10,411.21,4974.5,0 16 369 15 0,
PFG_MOEA,220,11,411.21,4974.5,0 168 203 178 82 41 0,178
PFG_MOEA,220,12,411.21,4974.5,0 335 360 338 202 306 370 342 144 176 27 98 78 196 296 347 332 216 47 125 9 150 147 324 211 244 223 104 310 282 143 309 5 195 379 79 160 50 60 270 257 210 45 153 278 87 171 353 348 75 328 248 258 376 368 290 343 349 344 243 117 0,
PFG_MOEA,221,1,312.55,5795.78,0 336 138 239 122 296 347 332 324 275 277 104 211 244 223 102 352 363 323 194 147 101 95 222 0,122 211 222 277
PFG_MOEA,221,2,312.55,5795.78,0 335 360 207 307 313 359 187 100 310 282 143 79 160 50 60 257 270 379 195 5 309 280 351 237 256 274 49 198 252 236 381 23 90 12 214 185 118 281 26 334 298 371 72 52 130 44 386 80 0,5 307
PFG_MOEA,221,3,312.55,5795.78,0 13 19 226 57 127 109 59 137 136 273 77 151 218 197 388 261 106 173 302 107 164 67 312 201 362 123 51 145 294 174 339 132 142 120 269 321 299 0,174
PFG_MOEA,221,4,312.55,5795.78,0 340 233 135 88 249 35 235 161 68 58 34 231 289 366 267 228 141 266 303 357 319 86 199 156 94 0,303
PFG_MOEA,221,5,312.55,5795.78,0 38 172 182 397 36 11 92 374 230 311 350 4 314 193 37 322 121 146 320 364 393 3 229 308 356 264 259 246 42 300 329 112 191 152 221 242 96 0,42 264
PFG_MOEA,221,6,312.55,5795.78,0 200 165 129 0,
PFG_MOEA,221,7,312.55,5795.78,0 304 330 395 400 394 188 301 372 21 167 291 139 149 157 63 316 387 17 43 33 71 224 260 0,
PFG_MOEA,221,8,312.55,5795.78,0 399 247 28 250 345 377 262 1 255 327 254 73 215 85 93 179 232 225 97 148 238 192 48 31 0,93
PFG_MOEA,221,9,312.55,5795.78,0 378 69 183 354 265 346 315 99 175 251 190 390 18 103 155 83 234 213 227 398 209 361 170 367 25 55 217 56 7 180 333 317 286 140 110 62 297 65 283 326 305 154 204 6 208 241 220 158 189 64 20 126 124 0,175
PFG_MOEA,221,10,312.55,5795.78,0 287 382 383 10 268 272 30 66 166 205 271 39 391 53 293 133 331 285 392 115 245 396 240 385 288 177 181 358 337 384 111 116 76 113 81 29 325 355 131 84 114 389 105 341 219 0,
PFG_MOEA,221,11,312.55,5795.78,0 91 24 212 375 14 108 169 373 8 263 292 70 318 184 284 74 279 159 162 22 134 186 89 216 47 125 9 150 163 61 365 253 206 46 54 0,
PFG_MOEA,221,12,312.55,5795.78,0 41 82 178 117 243 344 349 343 290 368 376 258 248 328 75 171 87 153 278 210 45 353 348 2 119 128 295 40 32 276 196 78 98 27 176 144 342 370 306 202 338 203 168 369 380 16 15 0,16 87 203
PFG_MOEA,222,1,759.34,4800.0,0 219 341 105 389 114 84 131 355 325 29 81 113 76 116 111 384 337 358 181 177 288 385 240 396 245 115 392 285 331 133 293 53 163 150 9 125 47 216 89 61 206 253 365 0,245
PFG_MOEA,222,2,759.34,4800.0,0 22 134 186 162 159 279 74 284 184 318 70 292 263 8 373 169 108 14 375 212 24 91 0,318
PFG_MOEA,222,3,759.34,4800.0,0 304 31 48 148 260 224 71 33 129 238 330 192 200 165 112 191 152 127 57 109 59 137 273 136 247 17 43 85 215 73 254 69 354 183 327 387 157 149 188 394 316 63 262 1 255 250 28 42 400 395 377 345 356 264 259 246 308 229 197 218 151 77 107 164 67 302 388 3 106 173 261 320 364 393 312 201 362 329 300 123 51 145 322 121 146 294 174 339 132 120 142 37 269 321 299 340 233 135 88 249 35 161 235 68 58 34 386 231 289 366 267 228 44 130 52 72 303 357 319 266 141 86 92 199 156 94 230 311 374 11 36 397 350 4 314 193 182 172 13 19 226 221 242 96 80 38 0,33 106 174 200 303 311 394
PFG_MOEA,222,4,759.34,4800.0,0 378 83 155 103 18 190 251 175 99 315 346 372 301 167 21 139 291 265 390 234 0,
PFG_MOEA,222,5,759.34,4800.0,0 179 391 271 39 30 272 268 46 54 93 398 227 213 232 0,391
PFG_MOEA,222,6,759.34,4800.0,0 225 0,
PFG_MOEA,222,7,759.34,4800.0,0 97 209 361 170 367 0,
PFG_MOEA,222,8,759.34,4800.0,0 399 15 168 203 338 202 306 370 342 144 176 27 98 78 196 369 380 16 41 82 178 117 243 344 349 66 343 290 368 376 258 248 328 75 348 353 45 210 278 153 171 87 6 208 205 166 158 189 220 241 62 297 65 283 204 154 305 326 110 140 180 333 317 286 25 55 217 56 7 124 126 20 64 287 10 383 382 0,62 66 205 220 342
PFG_MOEA,222,9,759.34,4800.0,0 2 119 128 295 40 32 276 239 122 296 332 347 138 336 222 95 101 194 147 324 275 323 363 352 277 102 223 244 211 104 310 100 282 143 79 160 50 60 257 270 379 195 5 309 280 351 237 256 274 49 198 252 236 0,
PFG_MOEA,222,10,759.34,4800.0,0 381 23 90 12 207 307 0,
PFG_MOEA,222,11,759.34,4800.0,0 335 187 359 313 360 214 0,
PFG_MOEA,222,12,759.34,4800.0,0 185 118 281 26 334 298 371 0,
PFG_MOEA,223,1,314.81,5596.11,0 12 90 128 236 252 336 276 138 222 198 49 274 256 237 351 280 309 5 290 343 313 207 0,222
PFG_MOEA,223,2,314.81,5596.11,0 91 292 263 8 373 169 108 14 375 212 24 371 219 341 298 334 26 281 118 185 214 295 40 32 239 122 95 101 352 363 323 194 275 277 102 100 23 381 119 2 307 359 187 148 48 31 304 0,23
PFG_MOEA,223,3,314.81,5596.11,0 260 224 71 33 127 152 191 112 165 200 129 238 330 192 0,33
PFG_MOEA,223,4,314.81,5596.11,0 57 67 302 173 106 3 388 164 107 77 151 218 197 229 308 246 259 264 356 345 377 395 400 42 28 250 255 1 262 63 316 394 188 149 157 387 327 183 354 69 254 73 215 85 43 17 247 136 273 137 59 109 0,
PFG_MOEA,223,5,314.81,5596.11,0 329 300 362 123 51 145 322 121 146 201 261 320 364 393 312 294 174 339 132 206 253 365 360 335 0,362 393
PFG_MOEA,223,6,314.81,5596.11,0 61 358 181 177 288 385 240 396 245 115 392 285 331 133 293 53 163 150 9 125 47 216 89 0,
PFG_MOEA,223,7,314.81,5596.11,0 80 13 19 226 35 161 235 58 34 386 231 289 366 267 228 44 130 52 72 318 70 184 284 74 279 159 162 389 114 355 325 384 337 111 116 76 113 81 29 131 84 105 186 134 22 0,
PFG_MOEA,223,8,314.81,5596.11,0 38 96 242 221 172 182 397 350 311 4 314 193 230 94 156 374 36 11 92 319 357 303 266 141 86 199 68 135 88 249 233 340 299 321 269 120 142 37 301 21 139 291 167 372 346 315 99 175 251 0,182
PFG_MOEA,223,9,314.81,5596.11,0 97 225 232 179 391 271 158 241 62 297 65 283 204 154 305 326 110 140 286 317 333 180 220 126 124 7 56 217 55 25 367 170 361 209 227 234 213 190 390 265 18 103 155 83 378 398 93 54 46 268 272 30 39 0,65 154
PFG_MOEA,223,10,314.81,5596.11,0 399 15 16 380 41 82 178 117 243 344 349 20 189 64 166 205 208 6 87 171 153 278 210 353 258 376 368 66 287 10 383 382 0,243
PFG_MOEA,223,11,314.81,5596.11,0 369 338 203 168 0,
PFG_MOEA,223,12,314.81,5596.11,0 202 306 370 342 144 176 27 98 78 196 296 347 332 324 147 211 244 223 104 310 282 143 79 160 50 60 257 270 379 195 45 348 75 328 248 0,370
PFG_MOEA,224,1,411.21,4974.5,0 12 90 381 23 32 276 239 336 138 222 198 49 274 256 237 351 280 252 236 128 119 2 0,23
PFG_MOEA,224,2,411.21,4974.5,0 22 118 185 214 295 40 122 392 285 331 133 293 53 101 352 363 323 194 275 277 102 100 95 163 61 89 207 307 313 359 365 253 206 187 0,22 100
PFG_MOEA,224,3,411.21,4974.5,0 115 0,
PFG_MOEA,224,4,411.21,4974.5,0 245 396 240 385 288 177 181 358 337 384 111 116 76 113 81 29 325 355 0,
PFG_MOEA,224,5,411.21,4974.5,0 281 26 334 298 341 134 186 131 84 114 389 105 219 371 162 159 74 279 91 24 212 375 284 14 184 318 70 292 263 8 373 169 108 72 52 130 44 386 362 201 312 67 164 107 302 173 106 261 388 197 218 151 77 273 136 137 59 109 127 57 226 19 13 80 0,77 106 284
PFG_MOEA,224,6,411.21,4974.5,0 38 172 182 319 303 357 266 141 86 199 228 267 366 289 231 34 58 68 161 235 35 249 88 135 233 156 94 230 374 92 11 36 397 350 311 4 314 193 340 299 321 269 120 142 37 51 123 145 132 339 322 121 146 294 174 320 364 393 3 229 308 356 264 259 246 42 300 329 112 221 242 96 0,51 174 229 246 299
PFG_MOEA,224,7,411.21,4974.5,0 399 200 165 191 152 247 255 1 262 250 28 345 377 395 400 394 188 301 372 21 167 291 139 149 157 63 316 387 327 17 43 85 215 73 254 183 354 69 265 346 315 99 175 251 190 390 18 103 155 83 378 213 234 227 398 93 224 179 232 225 97 71 33 260 148 238 129 330 192 48 31 304 0,93
PFG_MOEA,224,8,411.21,4974.5,0 382 383 10 391 271 39 46 54 268 272 30 66 166 205 208 6 204 154 305 326 283 65 297 62 241 110 140 286 317 333 180 220 158 189 64 20 126 124 7 56 217 55 25 367 170 361 209 287 0,55 62 66 220
PFG_MOEA,224,9,411.21,4974.5,0 380 0,
PFG_MOEA,224,10,411.21,4974.5,0 16 369 15 0,
PFG_MOEA,224,11,411.21,4974.5,0 168 203 178 82 41 0,178
PFG_MOEA,224,12,411.21,4974.5,0 335 360 338 202 306 370 342 144 176 27 98 78 196 296 347 332 216 47 125 9 150 147 324 211 244 223 104 310 282 143 309 5 195 379 79 160 50 60 270 257 210 45 153 278 87 171 353 348 75 328 248 258 376 368 290 343 349 344 243 117 0,
PFG_MOEA,225,1,312.55,5795.78,0 336 138 239 122 296 347 332 324 275 277 104 211 244 223 102 352 363 323 194 147 101 95 222 0,122 211 222 277
PFG_MOEA,225,2,312.55,5795.78,0 335 360 207 307 313 359 187 100 310 282 143 79 160 50 60 257 270 379 195 5 309 280 351 237 256 274 49 198 252 236 381 23 90 12 214 185 118 281 26 334 298 371 72 52 130 44 386 80 0,5 307
PFG_MOEA,225,3,312.55,5795.78,0 13 19 226 57 127 109 59 137 136 273 77 151 218 197 388 261 106 173 302 107 164 67 312 201 362 123 51 145 294 174 339 132 142 120 269 321 299 0,174
PFG_MOEA,225,4,312.55,5795.78,0 340 233 135 88 249 35 235 161 68 58 34 231 289 366 267 228 141 266 303 357 319 86 199 156 94 0,303
PFG_MOEA,225,5,312.55,5795.78,0 38 172 182 397 36 11 92 374 230 311 350 4 314 193 37 322 121 146 320 364 393 3 229 308 356 264 259 246 42 300 329 112 191 152 221 242 96 0,42 264
PFG_MOEA,225,6,312.55,5795.78,0 200 165 129 0,
PFG_MOEA,225,7,312.55,5795.78,0 304 330 395 400 394 188 301 372 21 167 291 139 149 157 63 316 387 17 43 33 71 224 260 0,
PFG_MOEA,225,8,312.55,5795.78,0 399 247 28 250 345 377 262 1 255 327 254 73 215 85 93 179 232 225 97 148 238 192 48 31 0,93
PFG_MOEA,225,9,312.55,5795.78,0 378 69 183 354 265 346 315 99 175 251 190 390 18 103 155 83 234 213 227 398 209 361 170 367 25 55 217 56 7 180 333 317 286 140 110 62 297 65 283 326 305 154 204 6 208 241 220 158 189 64 20 126 124 0,175
PFG_MOEA,225,10,312.55,5795.78,0 287 382 383 10 268 272 30 66 166 205 271 39 391 53 293 133 331 285 392 115 245 396 240 385 288 177 181 358 337 384 111 116 76 113 81 29 325 355 131 84 114 389 105 341 219 0,
PFG_MOEA,225,11,312.55,5795.78,0 91 24 212 375 14 108 169 373 8 263 292 70 318 184 284 74 279 159 162 22 134 186 89 216 47 125 9 150 163 61 365 253 206 46 54 0,
PFG_MOEA,225,12,312.55,5795.78,0 41 82 178 117 243 344 349 343 290 368 376 258 248 328 75 171 87 153 278 210 45 353 348 2 119 128 295 40 32 276 196 78 98 27 176 144 342 370 306 202 338 203 168 369 380 16 15 0,16 87 203
PFG_MOEA,226,1,759.34,4800.0,0 219 341 105 389 114 84 131 355 325 29 81 113 76 116 111 384 337 358 181 177 288 385 240 396 245 115 392 285 331 133 293 53 163 150 9 125 47 216 89 61 206 253 365 0,245
PFG_MOEA,226,2,759.34,4800.0,0 22 134 186 162 159 279 74 284 184 318 70 292 263 8 373 169 108 14 375 212 24 91 0,318
PFG_MOEA,226,3,759.34,4800.0,0 304 31 48 148 260 224 71 33 129 238 330 192 200 165 112 191 152 127 57 109 59 137 273 136 247 17 43 85 215 73 254 69 354 183 327 387 157 149 188 394 316 63 262 1 255 250 28 42 400 395 377 345 356 264 259 246 308 229 197 218 151 77 107 164 67 302 388 3 106 173 261 320 364 393 312 201 362 329 300 123 51 145 322 121 146 294 174 339 132 120 142 37 269 321 299 340 233 135 88 249 35 161 235 68 58 34 386 231 289 366 267 228 44 130 52 72 303 357 319 266 141 86 92 199 156 94 230 311 374 11 36 397 350 4 314 193 182 172 13 19 226 221 242 96 80 38 0,33 106 174 200 303 311 394
PFG_MOEA,226,4,759.34,4800.0,0 378 83 155 103 18 190 251 175 99 315 346 372 301 167 21 139 291 265 390 234 0,
PFG_MOEA,226,5,759.34,4800.0,0 179 391 271 39 30 272 268 46 54 93 398 227 213 232 0,391
PFG_MOEA,226,6,759.34,4800.0,0 225 0,
PFG_MOEA,226,7,759.34,4800.0,0 97 209 361 170 367 0,
PFG_MOEA,226,8,759.34,4800.0,0 399 15 168 203 338 202 306 370 342 144 176 27 98 78 196 369 380 16 41 82 178 117 243 344 349 66 343 290 368 376 258 248 328 75 348 353 45 210 278 153 171 87 6 208 205 166 158 189 220 241 62 297 65 283 204 154 305 326 110 140 180 333 317 286 25 55 217 56 7 124 126 20 64 287 10 383 382 0,62 66 205 220 342
PFG_MOEA,226,9,759.34,4800.0,0 2 119 128 295 40 32 276 239 122 296 332 347 138 336 222 95 101 194 147 324 275 323 363 352 277 102 223 244 211 104 310 100 282 143 79 160 50 60 257 270 379 195 5 309 280 351 237 256 274 49 198 252 236 0,
PFG_MOEA,226,10,759.34,4800.0,0 381 23 90 12 207 307 0,
PFG_MOEA,226,11,759.34,4800.0,0 335 187 359 313 360 214 0,
PFG_MOEA,226,12,759.34,4800.0,0 185 118 281 26 334 298 371 0,
PFG_MOEA,227,1,314.81,5596.11,0 12 90 128 236 252 336 276 138 222 198 49 274 256 237 351 280 309 5 290 343 313 207 0,222
PFG_MOEA,227,2,314.81,5596.11,0 91 292 263 8 373 169 108 14 375 212 24 371 219 341 298 334 26 281 118 185 214 295 40 32 239 122 95 101 352 363 323 194 275 277 102 100 23 381 119 2 307 359 187 148 48 31 304 0,23
PFG_MOEA,227,3,314.81,5596.11,0 260 224 71 33 127 152 191 112 165 200 129 238 330 192 0,33
PFG_MOEA,227,4,314.81,5596.11,0 57 67 302 173 106 3 388 164 107 77 151 218 197 229 308 246 259 264 356 345 377 395 400 42 28 250 255 1 262 63 316 394 188 149 157 387 327 183 354 69 254 73 215 85 43 17 247 136 273 137 59 109 0,
PFG_MOEA,227,5,314.81,5596.11,0 329 300 362 123 51 145 322 121 146 201 261 320 364 393 312 294 174 339 132 206 253 365 360 335 0,362 393
PFG_MOEA,227,6,314.81,5596.11,0 61 358 181 177 288 385 240 396 245 115 392 285 331 133 293 53 163 150 9 125 47 216 89 0,
PFG_MOEA,227,7,314.81,5596.11,0 80 13 19 226 35 161 235 58 34 386 231 289 366 267 228 44 130 52 72 318 70 184 284 74 279 159 162 389 114 355 325 384 337 111 116 76 113 81 29 131 84 105 186 134 22 0,
PFG_MOEA,227,8,314.81,5596.11,0 38 96 242 221 172 182 397 350 311 4 314 193 230 94 156 374 36 11 92 319 357 303 266 141 86 199 68 135 88 249 233 340 299 321 269 120 142 37 301 21 139 291 167 372 346 315 99 175 251 0,182
PFG_MOEA,227,9,314.81,5596.11,0 97 225 232 179 391 271 158 241 62 297 65 283 204 154 305 326 110 140 286 317 333 180 220 126 124 7 56 217 55 25 367 170 361 209 227 234 213 190 390 265 18 103 155 83 378 398 93 54 46 268 272 30 39 0,65 154
PFG_MOEA,227,10,314.81,5596.11,0 399 15 16 380 41 82 178 117 243 344 349 20 189 64 166 205 208 6 87 171 153 278 210 353 258 376 368 66 287 10 383 382 0,243
PFG_MOEA,227,11,314.81,5596.11,0 369 338 203 168 0,
PFG_MOEA,227,12,314.81,5596.11,0 202 306 370 342 144 176 27 98 78 196 296 347 332 324 147 211 244 223 104 310 282 143 79 160 50 60 257 270 379 195 45 348 75 328 248 0,370
PFG_MOEA,228,1,411.21,4974.5,0 12 90 381 23 32 276 239 336 138 222 198 49 274 256 237 351 280 252 236 128 119 2 0,23
PFG_MOEA,228,2,411.21,4974.5,0 22 118 185 214 295 40 122 392 285 331 133 293 53 101 352 363 323 194 275 277 102 100 95 163 61 89 207 307 313 359 365 253 206 187 0,22 100
PFG_MOEA,228,3,411.21,4974.5,0 115 0,
PFG_MOEA,228,4,411.21,4974.5,0 245 396 240 385 288 177 181 358 337 384 111 116 76 113 81 29 325 355 0,
PFG_MOEA,228,5,411.21,4974.5,0 281 26 334 298 341 134 186 131 84 114 389 105 219 371 162 159 74 279 91 24 212 375 284 14 184 318 70 292 263 8 373 169 108 72 52 130 44 386 362 201 312 67 164 107 302 173 106 261 388 197 218 151 77 273 136 137 59 109 127 57 226 19 13 80 0,77 106 284
PFG_MOEA,228,6,411.21,4974.5,0 38 172 182 319 303 357 266 141 86 199 228 267 366 289 231 34 58 68 161 235 35 249 88 135 233 156 94 230 374 92 11 36 397 350 311 4 314 193 340 299 321 269 120 142 37 51 123 145 132 339 322 121 146 294 174 320 364 393 3 229 308 356 264 259 246 42 300 329 112 221 242 96 0,51 174 229 246 299
PFG_MOEA,228,7,411.21,4974.5,0 399 200 165 191 152 247 255 1 262 250 28 345 377 395 400 394 188 301 372 21 167 291 139 149 157 63 316 387 327 17 43 85 215 73 254 183 354 69 265 346 315 99 175 251 190 390 18 103 155 83 378 213 234 227 398 93 224 179 232 225 97 71 33 260 148 238 129 330 192 48 31 304 0,93
PFG_MOEA,228,8,411.21,4974.5,0 382 383 10 391 271 39 46 54 268 272 30 66 166 205 208 6 204 154 305 326 283 65 297 62 241 110 140 286 317 333 180 220 158 189 64 20 126 124 7 56 217 55 25 367 170 361 209 287 0,55 62 66 220
PFG_MOEA,228,9,411.21,4974.5,0 380 0,
PFG_MOEA,228,10,411.21,4974.5,0 16 369 15 0,
PFG_MOEA,228,11,411.21,4974.5,0 168 203 178 82 41 0,178
PFG_MOEA,228,12,411.21,4974.5,0 335 360 338 202 306 370 342 144 176 27 98 78 196 296 347 332 216 47 125 9 150 147 324 211 244 223 104 310 282 143 309 5 195 379 79 160 50 60 270 257 210 45 153 278 87 171 353 348 75 328 248 258 376 368 290 343 349 344 243 117 0,
PFG_MOEA,229,1,312.55,5795.78,0 336 138 239 122 296 347 332 324 275 277 104 211 244 223 102 352 363 323 194 147 101 95 222 0,122 211 222 277
PFG_MOEA,229,2,312.55,5795.78,0 335 360 207 307 313 359 187 100 310 282 143 79 160 50 60 257 270 379 195 5 309 280 351 237 256 274 49 198 252 236 381 23 90 12 214 185 118 281 26 334 298 371 72 52 130 44 386 80 0,5 307
PFG_MOEA,229,3,312.55,5795.78,0 13 19 226 57 127 109 59 137 136 273 77 151 218 197 388 261 106 173 302 107 164 67 312 201 362 123 51 145 294 174 339 132 142 120 269 321 299 0,174
PFG_MOEA,229,4,312.55,5795.78,0 340 233 135 88 249 35 235 161 68 58 34 231 289 366 267 228 141 266 303 357 319 86 199 156 94 0,303
PFG_MOEA,229,5,312.55,5795.78,0 38 172 182 397 36 11 92 374 230 311 350 4 314 193 37 322 121 146 320 364 393 3 229 308 356 264 259 246 42 300 329 112 191 152 221 242 96 0,42 264
PFG_MOEA,229,6,312.55,5795.78,0 200 165 129 0,
PFG_MOEA,229,7,312.55,5795.78,0 304 330 395 400 394 188 301 372 21 167 291 139 149 157 63 316 387 17 43 33 71 224 260 0,
PFG_MOEA,229,8,312.55,5795.78,0 399 247 28 250 345 377 262 1 255 327 254 73 215 85 93 179 232 225 97 148 238 192 48 31 0,93
PFG_MOEA,229,9,312.55,5795.78,0 378 69 183 354 265 346 315 99 175 251 190 390 18 103 155 83 234 213 227 398 209 361 170 367 25 55 217 56 7 180 333 317 286 140 110 62 297 65 283 326 305 154 204 6 208 241 220 158 189 64 20 126 124 0,175
PFG_MOEA,229,10,312.55,5795.78,0 287 382 383 10 268 272 30 66 166 205 271 39 391 53 293 133 331 285 392 115 245 396 240 385 288 177 181 358 337 384 111 116 76 113 81 29 325 355 131 84 114 389 105 341 219 0,
PFG_MOEA,229,11,312.55,5795.78,0 91 24 212 375 14 108 169 373 8 263 292 70 318 184 284 74 279 159 162 22 134 186 89 216 47 125 9 150 163 61 365 253 206 46 54 0,
PFG_MOEA,229,12,312.55,5795.78,0 41 82 178 117 243 344 349 343 290 368 376 258 248 328 75 171 87 153 278 210 45 353 348 2 119 128 295 40 32 276 196 78 98 27 176 144 342 370 306 202 338 203 168 369 380 16 15 0,16 87 203
PFG_MOEA,230,1,759.34,4800.0,0 219 341 105 389 114 84 131 355 325 29 81 113 76 116 111 384 337 358 181 177 288 385 240 396 245 115 392 285 331 133 293 53 163 150 9 125 47 216 89 61 206 253 365 0,245
PFG_MOEA,230,2,759.34,4800.0,0 22 134 186 162 159 279 74 284 184 318 70 292 263 8 373 169 108 14 375 212 24 91 0,318
PFG_MOEA,230,3,759.34,4800.0,0 304 31 48 148 260 224 71 33 129 238 330 192 200 165 112 191 152 127 57 109 59 137 273 136 247 17 43 85 215 73 254 69 354 183 327 387 157 149 188 394 316 63 262 1 255 250 28 42 400 395 377 345 356 264 259 246 308 229 197 218 151 77 107 164 67 302 388 3 106 173 261 320 364 393 312 201 362 329 300 123 51 145 322 121 146 294 174 339 132 120 142 37 269 321 299 340 233 135 88 249 35 161 235 68 58 34 386 231 289 366 267 228 44 130 52 72 303 357 319 266 141 86 92 199 156 94 230 311 374 11 36 397 350 4 314 193 182 172 13 19 226 221 242 96 80 38 0,33 106 174 200 303 311 394
PFG_MOEA,230,4,759.34,4800.0,0 378 83 155 103 18 190 251 175 99 315 346 372 301 167 21 139 291 265 390 234 0,
PFG_MOEA,230,5,759.34,4800.0,0 179 391 271 39 30 272 268 46 54 93 398 227 213 232 0,391
PFG_MOEA,230,6,759.34,4800.0,0 225 0,
PFG_MOEA,230,7,759.34,4800.0,0 97 209 361 170 367 0,
PFG_MOEA,230,8,759.34,4800.0,0 399 15 168 203 338 202 306 370 342 144 176 27 98 78 196 369 380 16 41 82 178 117 243 344 349 66 343 290 368 376 258 248 328 75 348 353 45 210 278 153 171 87 6 208 205 166 158 189 220 241 62 297 65 283 204 154 305 326 110 140 180 333 317 286 25 55 217 56 7 124 126 20 64 287 10 383 382 0,62 66 205 220 342
PFG_MOEA,230,9,759.34,4800.0,0 2 119 128 295 40 32 276 239 122 296 332 347 138 336 222 95 101 194 147 324 275 323 363 352 277 102 223 244 211 104 310 100 282 143 79 160 50 60 257 270 379 195 5 309 280 351 237 256 274 49 198 252 236 0,
PFG_MOEA,230,10,759.34,4800.0,0 381 23 90 12 207 307 0,
PFG_MOEA,230,11,759.34,4800.0,0 335 187 359 313 360 214 0,
PFG_MOEA,230,12,759.34,4800.0,0 185 118 281 26 334 298 371 0,
PFG_MOEA,231,1,314.81,5596.11,0 12 90 128 236 252 336 276 138 222 198 49 274 256 237 351 280 309 5 290 343 313 207 0,222
PFG_MOEA,231,2,314.81,5596.11,0 91 292 263 8 373 169 108 14 375 212 24 371 219 341 298 334 26 281 118 185 214 295 40 32 239 122 95 101 352 363 323 194 275 277 102 100 23 381 119 2 307 359 187 148 48 31 304 0,23
PFG_MOEA,231,3,314.81,5596.11,0 260 224 71 33 127 152 191 112 165 200 129 238 330 192 0,33
PFG_MOEA,231,4,314.81,5596.11,0 57 67 302 173 106 3 388 164 107 77 151 218 197 229 308 246 259 264 356 345 377 395 400 42 28 250 255 1 262 63 316 394 188 149 157 387 327 183 354 69 254 73 215 85 43 17 247 136 273 137 59 109 0,
PFG_MOEA,231,5,314.81,5596.11,0 329 300 362 123 51 145 322 121 146 201 261 320 364 393 312 294 174 339 132 206 253 365 360 335 0,362 393
PFG_MOEA,231,6,314.81,5596.11,0 61 358 181 177 288 385 240 396 245 115 392 285 331 133 293 53 163 150 9 125 47 216 89 0,
PFG_MOEA,231,7,314.81,5596.11,0 80 13 19 226 35 161 235 58 34 386 231 289 366 267 228 44 130 52 72 318 70 184 284 74 279 159 162 389 114 355 325 384 337 111 116 76 113 81 29 131 84 105 186 134 22 0,
PFG_MOEA,231,8,314.81,5596.11,0 38 96 242 221 172 182 397 350 311 4 314 193 230 94 156 374 36 11 92 319 357 303 266 141 86 199 68 135 88 249 233 340 299 321 269 120 142 37 301 21 139 291 167 372 346 315 99 175 251 0,182
PFG_MOEA,231,9,314.81,5596.11,0 97 225 232 179 391 271 158 241 62 297 65 283 204 154 305 326 110 140 286 317 333 180 220 126 124 7 56 217 55 25 367 170 361 209 227 234 213 190 390 265 18 103 155 83 378 398 93 54 46 268 272 30 39 0,65 154
PFG_MOEA,231,10,314.81,5596.11,0 399 15 16 380 41 82 178 117 243 344 349 20 189 64 166 205 208 6 87 171 153 278 210 353 258 376 368 66 287 10 383 382 0,243
PFG_MOEA,231,11,314.81,5596.11,0 369 338 203 168 0,
PFG_MOEA,231,12,314.81,5596.11,0 202 306 370 342 144 176 27 98 78 196 296 347 332 324 147 211 244 223 104 310 282 143 79 160 50 60 257 270 379 195 45 348 75 328 248 0,370
PFG_MOEA,232,1,411.21,4974.5,0 12 90 381 23 32 276 239 336 138 222 198 49 274 256 237 351 280 252 236 128 119 2 0,23
PFG_MOEA,232,2,411.21,4974.5,0 22 118 185 214 295 40 122 392 285 331 133 293 53 101 352 363 323 194 275 277 102 100 95 163 61 89 207 307 313 359 365 253 206 187 0,22 100
PFG_MOEA,232,3,411.21,4974.5,0 115 0,
PFG_MOEA,232,4,411.21,4974.5,0 245 396 240 385 288 177 181 358 337 384 111 116 76 113 81 29 325 355 0,
PFG_MOEA,232,5,411.21,4974.5,0 281 26 334 298 341 134 186 131 84 114 389 105 219 371 162 159 74 279 91 24 212 375 284 14 184 318 70 292 263 8 373 169 108 72 52 130 44 386 362 201 312 67 164 107 302 173 106 261 388 197 218 151 77 273 136 137 59 109 127 57 226 19 13 80 0,77 106 284
PFG_MOEA,232,6,411.21,4974.5,0 38 172 182 319 303 357 266 141 86 199 228 267 366 289 231 34 58 68 161 235 35 249 88 135 233 156 94 230 374 92 11 36 397 350 311 4 314 193 340 299 321 269 120 142 37 51 123 145 132 339 322 121 146 294 174 320 364 393 3 229 308 356 264 259 246 42 300 329 112 221 242 96 0,51 174 229 246 299
PFG_MOEA,232,7,411.21,4974.5,0 399 200 165 191 152 247 255 1 262 250 28 345 377 395 400 394 188 301 372 21 167 291 139 149 157 63 316 387 327 17 43 85 215 73 254 183 354 69 265 346 315 99 175 251 190 390 18 103 155 83 378 213 234 227 398 93 224 179 232 225 97 71 33 260 148 238 129 330 192 48 31 304 0,93
PFG_MOEA,232,8,411.21,4974.5,0 382 383 10 391 271 39 46 54 268 272 30 66 166 205 208 6 204 154 305 326 283 65 297 62 241 110 140 286 317 333 180 220 158 189 64 20 126 124 7 56 217 55 25 367 170 361 209 287 0,55 62 66 220
PFG_MOEA,232,9,411.21,4974.5,0 380 0,
PFG_MOEA,232,10,411.21,4974.5,0 16 369 15 0,
PFG_MOEA,232,11,411.21,4974.5,0 168 203 178 82 41 0,178
PFG_MOEA,232,12,411.21,4974.5,0 335 360 338 202 306 370 342 144 176 27 98 78 196 296 347 332 216 47 125 9 150 147 324 211 244 223 104 310 282 143 309 5 195 379 79 160 50 60 270 257 210 45 153 278 87 171 353 348 75 328 248 258 376 368 290 343 349 344 243 117 0,
PFG_MOEA,233,1,312.55,5795.78,0 336 138 239 122 296 347 332 324 275 277 104 211 244 223 102 352 363 323 194 147 101 95 222 0,122 211 222 277
PFG_MOEA,233,2,312.55,5795.78,0 335 360 207 307 313 359 187 100 310 282 143 79 160 50 60 257 270 379 195 5 309 280 351 237 256 274 49 198 252 236 381 23 90 12 214 185 118 281 26 334 298 371 72 52 130 44 386 80 0,5 307
PFG_MOEA,233,3,312.55,5795.78,0 13 19 226 57 127 109 59 137 136 273 77 151 218 197 388 261 106 173 302 107 164 67 312 201 362 123 51 145 294 174 339 132 142 120 269 321 299 0,174
PFG_MOEA,233,4,312.55,5795.78,0 340 233 135 88 249 35 235 161 68 58 34 231 289 366 267 228 141 266 303 357 319 86 199 156 94 0,303
PFG_MOEA,233,5,312.55,5795.78,0 38 172 182 397 36 11 92 374 230 311 350 4 314 193 37 322 121 146 320 364 393 3 229 308 356 264 259 246 42 300 329 112 191 152 221 242 96 0,42 264
PFG_MOEA,233,6,312.55,5795.78,0 200 165 129 0,
PFG_MOEA,233,7,312.55,5795.78,0 304 330 395 400 394 188 301 372 21 167 291 139 149 157 63 316 387 17 43 33 71 224 260 0,
PFG_MOEA,233,8,312.55,5795.78,0 399 247 28 250 345 377 262 1 255 327 254 73 215 85 93 179 232 225 97 148 238 192 48 31 0,93
PFG_MOEA,233,9,312.55,5795.78,0 378 69 183 354 265 346 315 99 175 251 190 390 18 103 155 83 234 213 227 398 209 361 170 367 25 55 217 56 7 180 333 317 286 140 110 62 297 65 283 326 305 154 204 6 208 241 220 158 189 64 20 126 124 0,175
PFG_MOEA,233,10,312.55,5795.78,0 287 382 383 10 268 272 30 66 166 205 271 39 391 53 293 133 331 285 392 115 245 396 240 385 288 177 181 358 337 384 111 116 76 113 81 29 325 355 131 84 114 389 105 341 219 0,
PFG_MOEA,233,11,312.55,5795.78,0 91 24 212 375 14 108 169 373 8 263 292 70 318 184 284 74 279 159 162 22 134 186 89 216 47 125 9 150 163 61 365 253 206 46 54 0,
PFG_MOEA,233,12,312.55,5795.78,0 41 82 178 117 243 344 349 343 290 368 376 258 248 328 75 171 87 153 278 210 45 353 348 2 119 128 295 40 32 276 196 78 98 27 176 144 342 370 306 202 338 203 168 369 380 16 15 0,16 87 203
PFG_MOEA,234,1,759.34,4800.0,0 219 341 105 389 114 84 131 355 325 29 81 113 76 116 111 384 337 358 181 177 288 385 240 396 245 115 392 285 331 133 293 53 163 150 9 125 47 216 89 61 206 253 365 0,245
PFG_MOEA,234,2,759.34,4800.0,0 22 134 186 162 159 279 74 284 184 318 70 292 263 8 373 169 108 14 375 212 24 91 0,318
PFG_MOEA,234,3,759.34,4800.0,0 304 31 48 148 260 224 71 33 129 238 330 192 200 165 112 191 152 127 57 109 59 137 273 136 247 17 43 85 215 73 254 69 354 183 327 387 157 149 188 394 316 63 262 1 255 250 28 42 400 395 377 345 356 264 259 246 308 229 197 218 151 77 107 164 67 302 388 3 106 173 261 320 364 393 312 201 362 329 300 123 51 145 322 121 146 294 174 339 132 120 142 37 269 321 299 340 233 135 88 249 35 161 235 68 58 34 386 231 289 366 267 228 44 130 52 72 303 357 319 266 141 86 92 199 156 94 230 311 374 11 36 397 350 4 314 193 182 172 13 19 226 221 242 96 80 38 0,33 106 174 200 303 311 394
PFG_MOEA,234,4,759.34,4800.0,0 378 83 155 103 18 190 251 175 99 315 346 372 301 167 21 139 291 265 390 234 0,
PFG_MOEA,234,5,759.34,4800.0,0 179 391 271 39 30 272 268 46 54 93 398 227 213 232 0,391
PFG_MOEA,234,6,759.34,4800.0,0 225 0,
PFG_MOEA,234,7,759.34,4800.0,0 97 209 361 170 367 0,
PFG_MOEA,234,8,759.34,4800.0,0 399 15 168 203 338 202 306 370 342 144 176 27 98 78 196 369 380 16 41 82 178 117 243 344 349 66 343 290 368 376 258 248 328 75 348 353 45 210 278 153 171 87 6 208 205 166 158 189 220 241 62 297 65 283 204 154 305 326 110 140 180 333 317 286 25 55 217 56 7 124 126 20 64 287 10 383 382 0,62 66 205 220 342
PFG_MOEA,234,9,759.34,4800.0,0 2 119 128 295 40 32 276 239 122 296 332 347 138 336 222 95 101 194 147 324 275 323 363 352 277 102 223 244 211 104 310 100 282 143 79 160 50 60 257 270 379 195 5 309 280 351 237 256 274 49 198 252 236 0,
PFG_MOEA,234,10,759.34,4800.0,0 381 23 90 12 207 307 0,
PFG_MOEA,234,11,759.34,4800.0,0 335 187 359 313 360 214 0,
PFG_MOEA,234,12,759.34,4800.0,0 185 118 281 26 334 298 371 0,
PFG_MOEA,235,1,314.81,5596.11,0 12 90 128 236 252 336 276 138 222 198 49 274 256 237 351 280 309 5 290 343 313 207 0,222
PFG_MOEA,235,2,314.81,5596.11,0 91 292 263 8 373 169 108 14 375 212 24 371 219 341 298 334 26 281 118 185 214 295 40 32 239 122 95 101 352 363 323 194 275 277 102 100 23 381 119 2 307 359 187 148 48 31 304 0,23
PFG_MOEA,235,3,314.81,5596.11,0 260 224 71 33 127 152 191 112 165 200 129 238 330 192 0,33
PFG_MOEA,235,4,314.81,5596.11,0 57 67 302 173 106 3 388 164 107 77 151 218 197 229 308 246 259 264 356 345 377 395 400 42 28 250 255 1 262 63 316 394 188 149 157 387 327 183 354 69 254 73 215 85 43 17 247 136 273 137 59 109 0,
PFG_MOEA,235,5,314.81,5596.11,0 329 300 362 123 51 145 322 121 146 201 261 320 364 393 312 294 174 339 132 206 253 365 360 335 0,362 393
PFG_MOEA,235,6,314.81,5596.11,0 61 358 181 177 288 385 240 396 245 115 392 285 331 133 293 53 163 150 9 125 47 216 89 0,
PFG_MOEA,235,7,314.81,5596.11,0 80 13 19 226 35 161 235 58 34 386 231 289 366 267 228 44 130 52 72 318 70 184 284 74 279 159 162 389 114 355 325 384 337 111 116 76 113 81 29 131 84 105 186 134 22 0,
PFG_MOEA,235,8,314.81,5596.11,0 38 96 242 221 172 182 397 350 311 4 314 193 230 94 156 374 36 11 92 319 357 303 266 141 86 199 68 135 88 249 233 340 299 321 269 120 142 37 301 21 139 291 167 372 346 315 99 175 251 0,182
PFG_MOEA,235,9,314.81,5596.11,0 97 225 232 179 391 271 158 241 62 297 65 283 204 154 305 326 110 140 286 317 333 180 220 126 124 7 56 217 55 25 367 170 361 209 227 234 213 190 390 265 18 103 155 83 378 398 93 54 46 268 272 30 39 0,65 154
PFG_MOEA,235,10,314.81,5596.11,0 399 15 16 380 41 82 178 117 243 344 349 20 189 64 166 205 208 6 87 171 153 278 210 353 258 376 368 66 287 10 383 382 0,243
PFG_MOEA,235,11,314.81,5596.11,0 369 338 203 168 0,
PFG_MOEA,235,12,314.81,5596.11,0 202 306 370 342 144 176 27 98 78 196 296 347 332 324 147 211 244 223 104 310 282 143 79 160 50 60 257 270 379 195 45 348 75 328 248 0,370
PFG_MOEA,236,1,411.21,4974.5,0 12 90 381 23 32 276 239 336 138 222 198 49 274 256 237 351 280 252 236 128 119 2 0,23
PFG_MOEA,236,2,411.21,4974.5,0 22 118 185 214 295 40 122 392 285 331 133 293 53 101 352 363 323 194 275 277 102 100 95 163 61 89 207 307 313 359 365 253 206 187 0,22 100
PFG_MOEA,236,3,411.21,4974.5,0 115 0,
PFG_MOEA,236,4,411.21,4974.5,0 245 396 240 385 288 177 181 358 337 384 111 116 76 113 81 29 325 355 0,
PFG_MOEA,236,5,411.21,4974.5,0 281 26 334 298 341 134 186 131 84 114 389 105 219 371 162 159 74 279 91 24 212 375 284 14 184 318 70 292 263 8 373 169 108 72 52 130 44 386 362 201 312 67 164 107 302 173 106 261 388 197 218 151 77 273 136 137 59 109 127 57 226 19 13 80 0,77 106 284
PFG_MOEA,236,6,411.21,4974.5,0 38 172 182 319 303 357 266 141 86 199 228 267 366 289 231 34 58 68 161 235 35 249 88 135 233 156 94 230 374 92 11 36 397 350 311 4 314 193 340 299 321 269 120 142 37 51 123 145 132 339 322 121 146 294 174 320 364 393 3 229 308 356 264 259 246 42 300 329 112 221 242 96 0,51 174 229 246 299
PFG_MOEA,236,7,411.21,4974.5,0 399 200 165 191 152 247 255 1 262 250 28 345 377 395 400 394 188 301 372 21 167 291 139 149 157 63 316 387 327 17 43 85 215 73 254 183 354 69 265 346 315 99 175 251 190 390 18 103 155 83 378 213 234 227 398 93 224 179 232 225 97 71 33 260 148 238 129 330 192 48 31 304 0,93
PFG_MOEA,236,8,411.21,4974.5,0 382 383 10 391 271 39 46 54 268 272 30 66 166 205 208 6 204 154 305 326 283 65 297 62 241 110 140 286 317 333 180 220 158 189 64 20 126 124 7 56 217 55 25 367 170 361 209 287 0,55 62 66 220
PFG_MOEA,236,9,411.21,4974.5,0 380 0,
PFG_MOEA,236,10,411.21,4974.5,0 16 369 15 0,
PFG_MOEA,236,11,411.21,4974.5,0 168 203 178 82 41 0,178
PFG_MOEA,236,12,411.21,4974.5,0 335 360 338 202 306 370 342 144 176 27 98 78 196 296 347 332 216 47 125 9 150 147 324 211 244 223 104 310 282 143 309 5 195 379 79 160 50 60 270 257 210 45 153 278 87 171 353 348 75 328 248 258 376 368 290 343 349 344 243 117 0,
PFG_MOEA,237,1,312.55,5795.78,0 336 138 239 122 296 347 332 324 275 277 104 211 244 223 102 352 363 323 194 147 101 95 222 0,122 211 222 277
PFG_MOEA,237,2,312.55,5795.78,0 335 360 207 307 313 359 187 100 310 282 143 79 160 50 60 257 270 379 195 5 309 280 351 237 256 274 49 198 252 236 381 23 90 12 214 185 118 281 26 334 298 371 72 52 130 44 386 80 0,5 307
PFG_MOEA,237,3,312.55,5795.78,0 13 19 226 57 127 109 59 137 136 273 77 151 218 197 388 261 106 173 302 107 164 67 312 201 362 123 51 145 294 174 339 132 142 120 269 321 299 0,174
PFG_MOEA,237,4,312.55,5795.78,0 340 233 135 88 249 35 235 161 68 58 34 231 289 366 267 228 141 266 303 357 319 86 199 156 94 0,303
PFG_MOEA,237,5,312.55,5795.78,0 38 172 182 397 36 11 92 374 230 311 350 4 314 193 37 322 121 146 320 364 393 3 229 308 356 264 259 246 42 300 329 112 191 152 221 242 96 0,42 264
PFG_MOEA,237,6,312.55,5795.78,0 200 165 129 0,
PFG_MOEA,237,7,312.55,5795.78,0 304 330 395 400 394 188 301 372 21 167 291 139 149 157 63 316 387 17 43 33 71 224 260 0,
PFG_MOEA,237,8,312.55,5795.78,0 399 247 28 250 345 377 262 1 255 327 254 73 215 85 93 179 232 225 97 148 238 192 48 31 0,93
PFG_MOEA,237,9,312.55,5795.78,0 378 69 183 354 265 346 315 99 175 251 190 390 18 103 155 83 234 213 227 398 209 361 170 367 25 55 217 56 7 180 333 317 286 140 110 62 297 65 283 326 305 154 204 6 208 241 220 158 189 64 20 126 124 0,175
PFG_MOEA,237,10,312.55,5795.78,0 287 382 383 10 268 272 30 66 166 205 271 39 391 53 293 133 331 285 392 115 245 396 240 385 288 177 181 358 337 384 111 116 76 113 81 29 325 355 131 84 114 389 105 341 219 0,
PFG_MOEA,237,11,312.55,5795.78,0 91 24 212 375 14 108 169 373 8 263 292 70 318 184 284 74 279 159 162 22 134 186 89 216 47 125 9 150 163 61 365 253 206 46 54 0,
PFG_MOEA,237,12,312.55,5795.78,0 41 82 178 117 243 344 349 343 290 368 376 258 248 328 75 171 87 153 278 210 45 353 348 2 119 128 295 40 32 276 196 78 98 27 176 144 342 370 306 202 338 203 168 369 380 16 15 0,16 87 203
PFG_MOEA,238,1,759.34,4800.0,0 219 341 105 389 114 84 131 355 325 29 81 113 76 116 111 384 337 358 181 177 288 385 240 396 245 115 392 285 331 133 293 53 163 150 9 125 47 216 89 61 206 253 365 0,245
PFG_MOEA,238,2,759.34,4800.0,0 22 134 186 162 159 279 74 284 184 318 70 292 263 8 373 169 108 14 375 212 24 91 0,318
PFG_MOEA,238,3,759.34,4800.0,0 304 31 48 148 260 224 71 33 129 238 330 192 200 165 112 191 152 127 57 109 59 137 273 136 247 17 43 85 215 73 254 69 354 183 327 387 157 149 188 394 316 63 262 1 255 250 28 42 400 395 377 345 356 264 259 246 308 229 197 218 151 77 107 164 67 302 388 3 106 173 261 320 364 393 312 201 362 329 300 123 51 145 322 121 146 294 174 339 132 120 142 37 269 321 299 340 233 135 88 249 35 161 235 68 58 34 386 231 289 366 267 228 44 130 52 72 303 357 319 266 141 86 92 199 156 94 230 311 374 11 36 397 350 4 314 193 182 172 13 19 226 221 242 96 80 38 0,33 106 174 200 303 311 394
PFG_MOEA,238,4,759.34,4800.0,0 378 83 155 103 18 190 251 175 99 315 346 372 301 167 21 139 291 265 390 234 0,
PFG_MOEA,238,5,759.34,4800.0,0 179 391 271 39 30 272 268 46 54 93 398 227 213 232 0,391
PFG_MOEA,238,6,759.34,4800.0,0 225 0,
PFG_MOEA,238,7,759.34,4800.0,0 97 209 361 170 367 0,
PFG_MOEA,238,8,759.34,4800.0,0 399 15 168 203 338 202 306 370 342 144 176 27 98 78 196 369 380 16 41 82 178 117 243 344 349 66 343 290 368 376 258 248 328 75 348 353 45 210 278 153 171 87 6 208 205 166 158 189 220 241 62 297 65 283 204 154 305 326 110 140 180 333 317 286 25 55 217 56 7 124 126 20 64 287 10 383 382 0,62 66 205 220 342
PFG_MOEA,238,9,759.34,4800.0,0 2 119 128 295 40 32 276 239 122 296 332 347 138 336 222 95 101 194 147 324 275 323 363 352 277 102 223 244 211 104 310 100 282 143 79 160 50 60 257 270 379 195 5 309 280 351 237 256 274 49 198 252 236 0,
PFG_MOEA,238,10,759.34,4800.0,0 381 23 90 12 207 307 0,
PFG_MOEA,238,11,759.34,4800.0,0 335 187 359 313 360 214 0,
PFG_MOEA,238,12,759.34,4800.0,0 185 118 281 26 334 298 371 0,
PFG_MOEA,239,1,314.81,5596.11,0 12 90 128 236 252 336 276 138 222 198 49 274 256 237 351 280 309 5 290 343 313 207 0,222
PFG_MOEA,239,2,314.81,5596.11,0 91 292 263 8 373 169 108 14 375 212 24 371 219 341 298 334 26 281 118 185 214 295 40 32 239 122 95 101 352 363 323 194 275 277 102 100 23 381 119 2 307 359 187 148 48 31 304 0,23
PFG_MOEA,239,3,314.81,5596.11,0 260 224 71 33 127 152 191 112 165 200 129 238 330 192 0,33
PFG_MOEA,239,4,314.81,5596.11,0 57 67 302 173 106 3 388 164 107 77 151 218 197 229 308 246 259 264 356 345 377 395 400 42 28 250 255 1 262 63 316 394 188 149 157 387 327 183 354 69 254 73 215 85 43 17 247 136 273 137 59 109 0,
PFG_MOEA,239,5,314.81,5596.11,0 329 300 362 123 51 145 322 121 146 201 261 320 364 393 312 294 174 339 132 206 253 365 360 335 0,362 393
PFG_MOEA,239,6,314.81,5596.11,0 61 358 181 177 288 385 240 396 245 115 392 285 331 133 293 53 163 150 9 125 47 216 89 0,
PFG_MOEA,239,7,314.81,5596.11,0 80 13 19 226 35 161 235 58 34 386 231 289 366 267 228 44 130 52 72 318 70 184 284 74 279 159 162 389 114 355 325 384 337 111 116 76 113 81 29 131 84 105 186 134 22 0,
PFG_MOEA,239,8,314.81,5596.11,0 38 96 242 221 172 182 397 350 311 4 314 193 230 94 156 374 36 11 92 319 357 303 266 141 86 199 68 135 88 249 233 340 299 321 269 120 142 37 301 21 139 291 167 372 346 315 99 175 251 0,182
PFG_MOEA,239,9,314.81,5596.11,0 97 225 232 179 391 271 158 241 62 297 65 283 204 154 305 326 110 140 286 317 333 180 220 126 124 7 56 217 55 25 367 170 361 209 227 234 213 190 390 265 18 103 155 83 378 398 93 54 46 268 272 30 39 0,65 154
PFG_MOEA,239,10,314.81,5596.11,0 399 15 16 380 41 82 178 117 243 344 349 20 189 64 166 205 208 6 87 171 153 278 210 353 258 376 368 66 287 10 383 382 0,243
PFG_MOEA,239,11,314.81,5596.11,0 369 338 203 168 0,
PFG_MOEA,239,12,314.81,5596.11,0 202 306 370 342 144 176 27 98 78 196 296 347 332 324 147 211 244 223 104 310 282 143 79 160 50 60 257 270 379 195 45 348 75 328 248 0,370
PFG_MOEA,240,1,411.21,4974.5,0 12 90 381 23 32 276 239 336 138 222 198 49 274 256 237 351 280 252 236 128 119 2 0,23
PFG_MOEA,240,2,411.21,4974.5,0 22 118 185 214 295 40 122 392 285 331 133 293 53 101 352 363 323 194 275 277 102 100 95 163 61 89 207 307 313 359 365 253 206 187 0,22 100
PFG_MOEA,240,3,411.21,4974.5,0 115 0,
PFG_MOEA,240,4,411.21,4974.5,0 245 396 240 385 288 177 181 358 337 384 111 116 76 113 81 29 325 355 0,
PFG_MOEA,240,5,411.21,4974.5,0 281 26 334 298 341 134 186 131 84 114 389 105 219 371 162 159 74 279 91 24 212 375 284 14 184 318 70 292 263 8 373 169 108 72 52 130 44 386 362 201 312 67 164 107 302 173 106 261 388 197 218 151 77 273 136 137 59 109 127 57 226 19 13 80 0,77 106 284
PFG_MOEA,240,6,411.21,4974.5,0 38 172 182 319 303 357 266 141 86 199 228 267 366 289 231 34 58 68 161 235 35 249 88 135 233 156 94 230 374 92 11 36 397 350 311 4 314 193 340 299 321 269 120 142 37 51 123 145 132 339 322 121 146 294 174 320 364 393 3 229 308 356 264 259 246 42 300 329 112 221 242 96 0,51 174 229 246 299
PFG_MOEA,240,7,411.21,4974.5,0 399 200 165 191 152 247 255 1 262 250 28 345 377 395 400 394 188 301 372 21 167 291 139 149 157 63 316 387 327 17 43 85 215 73 254 183 354 69 265 346 315 99 175 251 190 390 18 103 155 83 378 213 234 227 398 93 224 179 232 225 97 71 33 260 148 238 129 330 192 48 31 304 0,93
PFG_MOEA,240,8,411.21,4974.5,0 382 383 10 391 271 39 46 54 268 272 30 66 166 205 208 6 204 154 305 326 283 65 297 62 241 110 140 286 317 333 180 220 158 189 64 20 126 124 7 56 217 55 25 367 170 361 209 287 0,55 62 66 220
PFG_MOEA,240,9,411.21,4974.5,0 380 0,
PFG_MOEA,240,10,411.21,4974.5,0 16 369 15 0,
PFG_MOEA,240,11,411.21,4974.5,0 168 203 178 82 41 0,178
PFG_MOEA,240,12,411.21,4974.5,0 335 360 338 202 306 370 342 144 176 27 98 78 196 296 347 332 216 47 125 9 150 147 324 211 244 223 104 310 282 143 309 5 195 379 79 160 50 60 270 257 210 45 153 278 87 171 353 348 75 328 248 258 376 368 290 343 349 344 243 117 0,
PFG_MOEA,241,1,312.55,5795.78,0 336 138 239 122 296 347 332 324 275 277 104 211 244 223 102 352 363 323 194 147 101 95 222 0,122 211 222 277
PFG_MOEA,241,2,312.55,5795.78,0 335 360 207 307 313 359 187 100 310 282 143 79 160 50 60 257 270 379 195 5 309 280 351 237 256 274 49 198 252 236 381 23 90 12 214 185 118 281 26 334 298 371 72 52 130 44 386 80 0,5 307
PFG_MOEA,241,3,312.55,5795.78,0 13 19 226 57 127 109 59 137 136 273 77 151 218 197 388 261 106 173 302 107 164 67 312 201 362 123 51 145 294 174 339 132 142 120 269 321 299 0,174
PFG_MOEA,241,4,312.55,5795.78,0 340 233 135 88 249 35 235 161 68 58 34 231 289 366 267 228 141 266 303 357 319 86 199 156 94 0,303
PFG_MOEA,241,5,312.55,5795.78,0 38 172 182 397 36 11 92 374 230 311 350 4 314 193 37 322 121 146 320 364 393 3 229 308 356 264 259 246 42 300 329 112 191 152 221 242 96 0,42 264
PFG_MOEA,241,6,312.55,5795.78,0 200 165 129 0,
PFG_MOEA,241,7,312.55,5795.78,0 304 330 395 400 394 188 301 372 21 167 291 139 149 157 63 316 387 17 43 33 71 224 260 0,
PFG_MOEA,241,8,312.55,5795.78,0 399 247 28 250 345 377 262 1 255 327 254 73 215 85 93 179 232 225 97 148 238 192 48 31 0,93
PFG_MOEA,241,9,312.55,5795.78,0 378 69 183 354 265 346 315 99 175 251 190 390 18 103 155 83 234 213 227 398 209 361 170 367 25 55 217 56 7 180 333 317 286 140 110 62 297 65 283 326 305 154 204 6 208 241 220 158 189 64 20 126 124 0,175
PFG_MOEA,241,10,312.55,5795.78,0 287 382 383 10 268 272 30 66 166 205 271 39 391 53 293 133 331 285 392 115 245 396 240 385 288 177 181 358 337 384 111 116 76 113 81 29 325 355 131 84 114 389 105 341 219 0,
PFG_MOEA,241,11,312.55,5795.78,0 91 24 212 375 14 108 169 373 8 263 292 70 318 184 284 74 279 159 162 22 134 186 89 216 47 125 9 150 163 61 365 253 206 46 54 0,
PFG_MOEA,241,12,312.55,5795.78,0 41 82 178 117 243 344 349 343 290 368 376 258 248 328 75 171 87 153 278 210 45 353 348 2 119 128 295 40 32 276 196 78 98 27 176 144 342 370 306 202 338 203 168 369 380 16 15 0,16 87 203
PFG_MOEA,242,1,759.34,4800.0,0 219 341 105 389 114 84 131 355 325 29 81 113 76 116 111 384 337 358 181 177 288 385 240 396 245 115 392 285 331 133 293 53 163 150 9 125 47 216 89 61 206 253 365 0,245
PFG_MOEA,242,2,759.34,4800.0,0 22 134 186 162 159 279 74 284 184 318 70 292 263 8 373 169 108 14 375 212 24 91 0,318
PFG_MOEA,242,3,759.34,4800.0,0 304 31 48 148 260 224 71 33 129 238 330 192 200 165 112 191 152 127 57 109 59 137 273 136 247 17 43 85 215 73 254 69 354 183 327 387 157 149 188 394 316 63 262 1 255 250 28 42 400 395 377 345 356 264 259 246 308 229 197 218 151 77 107 164 67 302 388 3 106 173 261 320 364 393 312 201 362 329 300 123 51 145 322 121 146 294 174 339 132 120 142 37 269 321 299 340 233 135 88 249 35 161 235 68 58 34 386 231 289 366 267 228 44 130 52 72 303 357 319 266 141 86 92 199 156 94 230 311 374 11 36 397 350 4 314 193 182 172 13 19 226 221 242 96 80 38 0,33 106 174 200 303 311 394
PFG_MOEA,242,4,759.34,4800.0,0 378 83 155 103 18 190 251 175 99 315 346 372 301 167 21 139 291 265 390 234 0,
PFG_MOEA,242,5,759.34,4800.0,0 179 391 271 39 30 272 268 46 54 93 398 227 213 232 0,391
PFG_MOEA,242,6,759.34,4800.0,0 225 0,
PFG_MOEA,242,7,759.34,4800.0,0 97 209 361 170 367 0,
PFG_MOEA,242,8,759.34,4800.0,0 399 15 168 203 338 202 306 370 342 144 176 27 98 78 196 369 380 16 41 82 178 117 243 344 349 66 343 290 368 376 258 248 328 75 348 353 45 210 278 153 171 87 6 208 205 166 158 189 220 241 62 297 65 283 204 154 305 326 110 140 180 333 317 286 25 55 217 56 7 124 126 20 64 287 10 383 382 0,62 66 205 220 342
PFG_MOEA,242,9,759.34,4800.0,0 2 119 128 295 40 32 276 239 122 296 332 347 138 336 222 95 101 194 147 324 275 323 363 352 277 102 223 244 211 104 310 100 282 143 79 160 50 60 257 270 379 195 5 309 280 351 237 256 274 49 198 252 236 0,
PFG_MOEA,242,10,759.34,4800.0,0 381 23 90 12 207 307 0,
PFG_MOEA,242,11,759.34,4800.0,0 335 187 359 313 360 214 0,
PFG_MOEA,242,12,759.34,4800.0,0 185 118 281 26 334 298 371 0,
PFG_MOEA,243,1,314.81,5596.11,0 12 90 128 236 252 336 276 138 222 198 49 274 256 237 351 280 309 5 290 343 313 207 0,222
PFG_MOEA,243,2,314.81,5596.11,0 91 292 263 8 373 169 108 14 375 212 24 371 219 341 298 334 26 281 118 185 214 295 40 32 239 122 95 101 352 363 323 194 275 277 102 100 23 381 119 2 307 359 187 148 48 31 304 0,23
PFG_MOEA,243,3,314.81,5596.11,0 260 224 71 33 127 152 191 112 165 200 129 238 330 192 0,33
PFG_MOEA,243,4,314.81,5596.11,0 57 67 302 173 106 3 388 164 107 77 151 218 197 229 308 246 259 264 356 345 377 395 400 42 28 250 255 1 262 63 316 394 188 149 157 387 327 183 354 69 254 73 215 85 43 17 247 136 273 137 59 109 0,
PFG_MOEA,243,5,314.81,5596.11,0 329 300 362 123 51 145 322 121 146 201 261 320 364 393 312 294 174 339 132 206 253 365 360 335 0,362 393
PFG_MOEA,243,6,314.81,5596.11,0 61 358 181 177 288 385 240 396 245 115 392 285 331 133 293 53 163 150 9 125 47 216 89 0,
PFG_MOEA,243,7,314.81,5596.11,0 80 13 19 226 35 161 235 58 34 386 231 289 366 267 228 44 130 52 72 318 70 184 284 74 279 159 162 389 114 355 325 384 337 111 116 76 113 81 29 131 84 105 186 134 22 0,
PFG_MOEA,243,8,314.81,5596.11,0 38 96 242 221 172 182 397 350 311 4 314 193 230 94 156 374 36 11 92 319 357 303 266 141 86 199 68 135 88 249 233 340 299 321 269 120 142 37 301 21 139 291 167 372 346 315 99 175 251 0,182
PFG_MOEA,243,9,314.81,5596.11,0 97 225 232 179 391 271 158 241 62 297 65 283 204 154 305 326 110 140 286 317 333 180 220 126 124 7 56 217 55 25 367 170 361 209 227 234 213 190 390 265 18 103 155 83 378 398 93 54 46 268 272 30 39 0,65 154
PFG_MOEA,243,10,314.81,5596.11,0 399 15 16 380 41 82 178 117 243 344 349 20 189 64 166 205 208 6 87 171 153 278 210 353 258 376 368 66 287 10 383 382 0,243
PFG_MOEA,243,11,314.81,5596.11,0 369 338 203 168 0,
PFG_MOEA,243,12,314.81,5596.11,0 202 306 370 342 144 176 27 98 78 196 296 347 332 324 147 211 244 223 104 310 282 143 79 160 50 60 257 270 379 195 45 348 75 328 248 0,370
PFG_MOEA,244,1,411.21,4974.5,0 12 90 381 23 32 276 239 336 138 222 198 49 274 256 237 351 280 252 236 128 119 2 0,23
PFG_MOEA,244,2,411.21,4974.5,0 22 118 185 214 295 40 122 392 285 331 133 293 53 101 352 363 323 194 275 277 102 100 95 163 61 89 207 307 313 359 365 253 206 187 0,22 100
PFG_MOEA,244,3,411.21,4974.5,0 115 0,
PFG_MOEA,244,4,411.21,4974.5,0 245 396 240 385 288 177 181 358 337 384 111 116 76 113 81 29 325 355 0,
PFG_MOEA,244,5,411.21,4974.5,0 281 26 334 298 341 134 186 131 84 114 389 105 219 371 162 159 74 279 91 24 212 375 284 14 184 318 70 292 263 8 373 169 108 72 52 130 44 386 362 201 312 67 164 107 302 173 106 261 388 197 218 151 77 273 136 137 59 109 127 57 226 19 13 80 0,77 106 284
PFG_MOEA,244,6,411.21,4974.5,0 38 172 182 319 303 357 266 141 86 199 228 267 366 289 231 34 58 68 161 235 35 249 88 135 233 156 94 230 374 92 11 36 397 350 311 4 314 193 340 299 321 269 120 142 37 51 123 145 132 339 322 121 146 294 174 320 364 393 3 229 308 356 264 259 246 42 300 329 112 221 242 96 0,51 174 229 246 299
PFG_MOEA,244,7,411.21,4974.5,0 399 200 165 191 152 247 255 1 262 250 28 345 377 395 400 394 188 301 372 21 167 291 139 149 157 63 316 387 327 17 43 85 215 73 254 183 354 69 265 346 315 99 175 251 190 390 18 103 155 83 378 213 234 227 398 93 224 179 232 225 97 71 33 260 148 238 129 330 192 48 31 304 0,93
PFG_MOEA,244,8,411.21,4974.5,0 382 383 10 391 271 39 46 54 268 272 30 66 166 205 208 6 204 154 305 326 283 65 297 62 241 110 140 286 317 333 180 220 158 189 64 20 126 124 7 56 217 55 25 367 170 361 209 287 0,55 62 66 220
PFG_MOEA,244,9,411.21,4974.5,0 380 0,
PFG_MOEA,244,10,411.21,4974.5,0 16 369 15 0,
PFG_MOEA,244,11,411.21,4974.5,0 168 203 178 82 41 0,178
PFG_MOEA,244,12,411.21,4974.5,0 335 360 338 202 306 370 342 144 176 27 98 78 196 296 347 332 216 47 125 9 150 147 324 211 244 223 104 310 282 143 309 5 195 379 79 160 50 60 270 257 210 45 153 278 87 171 353 348 75 328 248 258 376 368 290 343 349 344 243 117 0,
PFG_MOEA,245,1,312.55,5795.78,0 336 138 239 122 296 347 332 324 275 277 104 211 244 223 102 352 363 323 194 147 101 95 222 0,122 211 222 277
PFG_MOEA,245,2,312.55,5795.78,0 335 360 207 307 313 359 187 100 310 282 143 79 160 50 60 257 270 379 195 5 309 280 351 237 256 274 49 198 252 236 381 23 90 12 214 185 118 281 26 334 298 371 72 52 130 44 386 80 0,5 307
PFG_MOEA,245,3,312.55,5795.78,0 13 19 226 57 127 109 59 137 136 273 77 151 218 197 388 261 106 173 302 107 164 67 312 201 362 123 51 145 294 174 339 132 142 120 269 321 299 0,174
PFG_MOEA,245,4,312.55,5795.78,0 340 233 135 88 249 35 235 161 68 58 34 231 289 366 267 228 141 266 303 357 319 86 199 156 94 0,303
PFG_MOEA,245,5,312.55,5795.78,0 38 172 182 397 36 11 92 374 230 311 350 4 314 193 37 322 121 146 320 364 393 3 229 308 356 264 259 246 42 300 329 112 191 152 221 242 96 0,42 264
PFG_MOEA,245,6,312.55,5795.78,0 200 165 129 0,
PFG_MOEA,245,7,312.55,5795.78,0 304 330 395 400 394 188 301 372 21 167 291 139 149 157 63 316 387 17 43 33 71 224 260 0,
PFG_MOEA,245,8,312.55,5795.78,0 399 247 28 250 345 377 262 1 255 327 254 73 215 85 93 179 232 225 97 148 238 192 48 31 0,93
PFG_MOEA,245,9,312.55,5795.78,0 378 69 183 354 265 346 315 99 175 251 190 390 18 103 155 83 234 213 227 398 209 361 170 367 25 55 217 56 7 180 333 317 286 140 110 62 297 65 283 326 305 154 204 6 208 241 220 158 189 64 20 126 124 0,175
PFG_MOEA,245,10,312.55,5795.78,0 287 382 383 10 268 272 30 66 166 205 271 39 391 53 293 133 331 285 392 115 245 396 240 385 288 177 181 358 337 384 111 116 76 113 81 29 325 355 131 84 114 389 105 341 219 0,
PFG_MOEA,245,11,312.55,5795.78,0 91 24 212 375 14 108 169 373 8 263 292 70 318 184 284 74 279 159 162 22 134 186 89 216 47 125 9 150 163 61 365 253 206 46 54 0,
PFG_MOEA,245,12,312.55,5795.78,0 41 82 178 117 243 344 349 343 290 368 376 258 248 328 75 171 87 153 278 210 45 353 348 2 119 128 295 40 32 276 196 78 98 27 176 144 342 370 306 202 338 203 168 369 380 16 15 0,16 87 203
PFG_MOEA,246,1,759.34,4800.0,0 219 341 105 389 114 84 131 355 325 29 81 113 76 116 111 384 337 358 181 177 288 385 240 396 245 115 392 285 331 133 293 53 163 150 9 125 47 216 89 61 206 253 365 0,245
PFG_MOEA,246,2,759.34,4800.0,0 22 134 186 162 159 279 74 284 184 318 70 292 263 8 373 169 108 14 375 212 24 91 0,318
PFG_MOEA,246,3,759.34,4800.0,0 304 31 48 148 260 224 71 33 129 238 330 192 200 165 112 191 152 127 57 109 59 137 273 136 247 17 43 85 215 73 254 69 354 183 327 387 157 149 188 394 316 63 262 1 255 250 28 42 400 395 377 345 356 264 259 246 308 229 197 218 151 77 107 164 67 302 388 3 106 173 261 320 364 393 312 201 362 329 300 123 51 145 322 121 146 294 174 339 132 120 142 37 269 321 299 340 233 135 88 249 35 161 235 68 58 34 386 231 289 366 267 228 44 130 52 72 303 357 319 266 141 86 92 199 156 94 230 311 374 11 36 397 350 4 314 193 182 172 13 19 226 221 242 96 80 38 0,33 106 174 200 303 311 394
PFG_MOEA,246,4,759.34,4800.0,0 378 83 155 103 18 190 251 175 99 315 346 372 301 167 21 139 291 265 390 234 0,
PFG_MOEA,246,5,759.34,4800.0,0 179 391 271 39 30 272 268 46 54 93 398 227 213 232 0,391
PFG_MOEA,246,6,759.34,4800.0,0 225 0,
PFG_MOEA,246,7,759.34,4800.0,0 97 209 361 170 367 0,
PFG_MOEA,246,8,759.34,4800.0,0 399 15 168 203 338 202 306 370 342 144 176 27 98 78 196 369 380 16 41 82 178 117 243 344 349 66 343 290 368 376 258 248 328 75 348 353 45 210 278 153 171 87 6 208 205 166 158 189 220 241 62 297 65 283 204 154 305 326 110 140 180 333 317 286 25 55 217 56 7 124 126 20 64 287 10 383 382 0,62 66 205 220 342
PFG_MOEA,246,9,759.34,4800.0,0 2 119 128 295 40 32 276 239 122 296 332 347 138 336 222 95 101 194 147 324 275 323 363 352 277 102 223 244 211 104 310 100 282 143 79 160 50 60 257 270 379 195 5 309 280 351 237 256 274 49 198 252 236 0,
PFG_MOEA,246,10,759.34,4800.0,0 381 23 90 12 207 307 0,
PFG_MOEA,246,11,759.34,4800.0,0 335 187 359 313 360 214 0,
PFG_MOEA,246,12,759.34,4800.0,0 185 118 281 26 334 298 371 0,
PFG_MOEA,247,1,314.81,5596.11,0 12 90 128 236 252 336 276 138 222 198 49 274 256 237 351 280 309 5 290 343 313 207 0,222
PFG_MOEA,247,2,314.81,5596.11,0 91 292 263 8 373 169 108 14 375 212 24 371 219 341 298 334 26 281 118 185 214 295 40 32 239 122 95 101 352 363 323 194 275 277 102 100 23 381 119 2 307 359 187 148 48 31 304 0,23
PFG_MOEA,247,3,314.81,5596.11,0 260 224 71 33 127 152 191 112 165 200 129 238 330 192 0,33
PFG_MOEA,247,4,314.81,5596.11,0 57 67 302 173 106 3 388 164 107 77 151 218 197 229 308 246 259 264 356 345 377 395 400 42 28 250 255 1 262 63 316 394 188 149 157 387 327 183 354 69 254 73 215 85 43 17 247 136 273 137 59 109 0,
PFG_MOEA,247,5,314.81,5596.11,0 329 300 362 123 51 145 322 121 146 201 261 320 364 393 312 294 174 339 132 206 253 365 360 335 0,362 393
PFG_MOEA,247,6,314.81,5596.11,0 61 358 181 177 288 385 240 396 245 115 392 285 331 133 293 53 163 150 9 125 47 216 89 0,
PFG_MOEA,247,7,314.81,5596.11,0 80 13 19 226 35 161 235 58 34 386 231 289 366 267 228 44 130 52 72 318 70 184 284 74 279 159 162 389 114 355 325 384 337 111 116 76 113 81 29 131 84 105 186 134 22 0,
PFG_MOEA,247,8,314.81,5596.11,0 38 96 242 221 172 182 397 350 311 4 314 193 230 94 156 374 36 11 92 319 357 303 266 141 86 199 68 135 88 249 233 340 299 321 269 120 142 37 301 21 139 291 167 372 346 315 99 175 251 0,182
PFG_MOEA,247,9,314.81,5596.11,0 97 225 232 179 391 271 158 241 62 297 65 283 204 154 305 326 110 140 286 317 333 180 220 126 124 7 56 217 55 25 367 170 361 209 227 234 213 190 390 265 18 103 155 83 378 398 93 54 46 268 272 30 39 0,65 154
PFG_MOEA,247,10,314.81,5596.11,0 399 15 16 380 41 82 178 117 243 344 349 20 189 64 166 205 208 6 87 171 153 278 210 353 258 376 368 66 287 10 383 382 0,243
PFG_MOEA,247,11,314.81,5596.11,0 369 338 203 168 0,
PFG_MOEA,247,12,314.81,5596.11,0 202 306 370 342 144 176 27 98 78 196 296 347 332 324 147 211 244 223 104 310 282 143 79 160 50 60 257 270 379 195 45 348 75 328 248 0,370
PFG_MOEA,248,1,411.21,4974.5,0 12 90 381 23 32 276 239 336 138 222 198 49 274 256 237 351 280 252 236 128 119 2 0,23
PFG_MOEA,248,2,411.21,4974.5,0 22 118 185 214 295 40 122 392 285 331 133 293 53 101 352 363 323 194 275 277 102 100 95 163 61 89 207 307 313 359 365 253 206 187 0,22 100
PFG_MOEA,248,3,411.21,4974.5,0 115 0,
PFG_MOEA,248,4,411.21,4974.5,0 245 396 240 385 288 177 181 358 337 384 111 116 76 113 81 29 325 355 0,
PFG_MOEA,248,5,411.21,4974.5,0 281 26 334 298 341 134 186 131 84 114 389 105 219 371 162 159 74 279 91 24 212 375 284 14 184 318 70 292 263 8 373 169 108 72 52 130 44 386 362 201 312 67 164 107 302 173 106 261 388 197 218 151 77 273 136 137 59 109 127 57 226 19 13 80 0,77 106 284
PFG_MOEA,248,6,411.21,4974.5,0 38 172 182 319 303 357 266 141 86 199 228 267 366 289 231 34 58 68 161 235 35 249 88 135 233 156 94 230 374 92 11 36 397 350 311 4 314 193 340 299 321 269 120 142 37 51 123 145 132 339 322 121 146 294 174 320 364 393 3 229 308 356 264 259 246 42 300 329 112 221 242 96 0,51 174 229 246 299
PFG_MOEA,248,7,411.21,4974.5,0 399 200 165 191 152 247 255 1 262 250 28 345 377 395 400 394 188 301 372 21 167 291 139 149 157 63 316 387 327 17 43 85 215 73 254 183 354 69 265 346 315 99 175 251 190 390 18 103 155 83 378 213 234 227 398 93 224 179 232 225 97 71 33 260 148 238 129 330 192 48 31 304 0,93
PFG_MOEA,248,8,411.21,4974.5,0 382 383 10 391 271 39 46 54 268 272 30 66 166 205 208 6 204 154 305 326 283 65 297 62 241 110 140 286 317 333 180 220 158 189 64 20 126 124 7 56 217 55 25 367 170 361 209 287 0,55 62 66 220
PFG_MOEA,248,9,411.21,4974.5,0 380 0,
PFG_MOEA,248,10,411.21,4974.5,0 16 369 15 0,
PFG_MOEA,248,11,411.21,4974.5,0 168 203 178 82 41 0,178
PFG_MOEA,248,12,411.21,4974.5,0 335 360 338 202 306 370 342 144 176 27 98 78 196 296 347 332 216 47 125 9 150 147 324 211 244 223 104 310 282 143 309 5 195 379 79 160 50 60 270 257 210 45 153 278 87 171 353 348 75 328 248 258 376 368 290 343 349 344 243 117 0,
PFG_MOEA,249,1,312.55,5795.78,0 336 138 239 122 296 347 332 324 275 277 104 211 244 223 102 352 363 323 194 147 101 95 222 0,122 211 222 277
PFG_MOEA,249,2,312.55,5795.78,0 335 360 207 307 313 359 187 100 310 282 143 79 160 50 60 257 270 379 195 5 309 280 351 237 256 274 49 198 252 236 381 23 90 12 214 185 118 281 26 334 298 371 72 52 130 44 386 80 0,5 307
PFG_MOEA,249,3,312.55,5795.78,0 13 19 226 57 127 109 59 137 136 273 77 151 218 197 388 261 106 173 302 107 164 67 312 201 362 123 51 145 294 174 339 132 142 120 269 321 299 0,174
PFG_MOEA,249,4,312.55,5795.78,0 340 233 135 88 249 35 235 161 68 58 34 231 289 366 267 228 141 266 303 357 319 86 199 156 94 0,303
PFG_MOEA,249,5,312.55,5795.78,0 38 172 182 397 36 11 92 374 230 311 350 4 314 193 37 322 121 146 320 364 393 3 229 308 356 264 259 246 42 300 329 112 191 152 221 242 96 0,42 264
PFG_MOEA,249,6,312.55,5795.78,0 200 165 129 0,
PFG_MOEA,249,7,312.55,5795.78,0 304 330 395 400 394 188 301 372 21 167 291 139 149 157 63 316 387 17 43 33 71 224 260 0,
PFG_MOEA,249,8,312.55,5795.78,0 399 247 28 250 345 377 262 1 255 327 254 73 215 85 93 179 232 225 97 148 238 192 48 31 0,93
PFG_MOEA,249,9,312.55,5795.78,0 378 69 183 354 265 346 315 99 175 251 190 390 18 103 155 83 234 213 227 398 209 361 170 367 25 55 217 56 7 180 333 317 286 140 110 62 297 65 283 326 305 154 204 6 208 241 220 158 189 64 20 126 124 0,175
PFG_MOEA,249,10,312.55,5795.78,0 287 382 383 10 268 272 30 66 166 205 271 39 391 53 293 133 331 285 392 115 245 396 240 385 288 177 181 358 337 384 111 116 76 113 81 29 325 355 131 84 114 389 105 341 219 0,
PFG_MOEA,249,11,312.55,5795.78,0 91 24 212 375 14 108 169 373 8 263 292 70 318 184 284 74 279 159 162 22 134 186 89 216 47 125 9 150 163 61 365 253 206 46 54 0,
PFG_MOEA,249,12,312.55,5795.78,0 41 82 178 117 243 344 349 343 290 368 376 258 248 328 75 171 87 153 278 210 45 353 348 2 119 128 295 40 32 276 196 78 98 27 176 144 342 370 306 202 338 203 168 369 380 16 15 0,16 87 203
PFG_MOEA,250,1,759.34,4800.0,0 219 341 105 389 114 84 131 355 325 29 81 113 76 116 111 384 337 358 181 177 288 385 240 396 245 115 392 285 331 133 293 53 163 150 9 125 47 216 89 61 206 253 365 0,245
PFG_MOEA,250,2,759.34,4800.0,0 22 134 186 162 159 279 74 284 184 318 70 292 263 8 373 169 108 14 375 212 24 91 0,318
PFG_MOEA,250,3,759.34,4800.0,0 304 31 48 148 260 224 71 33 129 238 330 192 200 165 112 191 152 127 57 109 59 137 273 136 247 17 43 85 215 73 254 69 354 183 327 387 157 149 188 394 316 63 262 1 255 250 28 42 400 395 377 345 356 264 259 246 308 229 197 218 151 77 107 164 67 302 388 3 106 173 261 320 364 393 312 201 362 329 300 123 51 145 322 121 146 294 174 339 132 120 142 37 269 321 299 340 233 135 88 249 35 161 235 68 58 34 386 231 289 366 267 228 44 130 52 72 303 357 319 266 141 86 92 199 156 94 230 311 374 11 36 397 350 4 314 193 182 172 13 19 226 221 242 96 80 38 0,33 106 174 200 303 311 394
PFG_MOEA,250,4,759.34,4800.0,0 378 83 155 103 18 190 251 175 99 315 346 372 301 167 21 139 291 265 390 234 0,
PFG_MOEA,250,5,759.34,4800.0,0 179 391 271 39 30 272 268 46 54 93 398 227 213 232 0,391
PFG_MOEA,250,6,759.34,4800.0,0 225 0,
PFG_MOEA,250,7,759.34,4800.0,0 97 209 361 170 367 0,
PFG_MOEA,250,8,759.34,4800.0,0 399 15 168 203 338 202 306 370 342 144 176 27 98 78 196 369 380 16 41 82 178 117 243 344 349 66 343 290 368 376 258 248 328 75 348 353 45 210 278 153 171 87 6 208 205 166 158 189 220 241 62 297 65 283 204 154 305 326 110 140 180 333 317 286 25 55 217 56 7 124 126 20 64 287 10 383 382 0,62 66 205 220 342
PFG_MOEA,250,9,759.34,4800.0,0 2 119 128 295 40 32 276 239 122 296 332 347 138 336 222 95 101 194 147 324 275 323 363 352 277 102 223 244 211 104 310 100 282 143 79 160 50 60 257 270 379 195 5 309 280 351 237 256 274 49 198 252 236 0,
PFG_MOEA,250,10,759.34,4800.0,0 381 23 90 12 207 307 0,
PFG_MOEA,250,11,759.34,4800.0,0 335 187 359 313 360 214 0,
PFG_MOEA,250,12,759.34,4800.0,0 185 118 281 26 334 298 371 0,
PFG_MOEA,251,1,314.81,5596.11,0 12 90 128 236 252 336 276 138 222 198 49 274 256 237 351 280 309 5 290 343 313 207 0,222
PFG_MOEA,251,2,314.81,5596.11,0 91 292 263 8 373 169 108 14 375 212 24 371 219 341 298 334 26 281 118 185 214 295 40 32 239 122 95 101 352 363 323 194 275 277 102 100 23 381 119 2 307 359 187 148 48 31 304 0,23
PFG_MOEA,251,3,314.81,5596.11,0 260 224 71 33 127 152 191 112 165 200 129 238 330 192 0,33
PFG_MOEA,251,4,314.81,5596.11,0 57 67 302 173 106 3 388 164 107 77 151 218 197 229 308 246 259 264 356 345 377 395 400 42 28 250 255 1 262 63 316 394 188 149 157 387 327 183 354 69 254 73 215 85 43 17 247 136 273 137 59 109 0,
PFG_MOEA,251,5,314.81,5596.11,0 329 300 362 123 51 145 322 121 146 201 261 320 364 393 312 294 174 339 132 206 253 365 360 335 0,362 393
PFG_MOEA,251,6,314.81,5596.11,0 61 358 181 177 288 385 240 396 245 115 392 285 331 133 293 53 163 150 9 125 47 216 89 0,
PFG_MOEA,251,7,314.81,5596.11,0 80 13 19 226 35 161 235 58 34 386 231 289 366 267 228 44 130 52 72 318 70 184 284 74 279 159 162 389 114 355 325 384 337 111 116 76 113 81 29 131 84 105 186 134 22 0,
PFG_MOEA,251,8,314.81,5596.11,0 38 96 242 221 172 182 397 350 311 4 314 193 230 94 156 374 36 11 92 319 357 303 266 141 86 199 68 135 88 249 233 340 299 321 269 120 142 37 301 21 139 291 167 372 346 315 99 175 251 0,182
PFG_MOEA,251,9,314.81,5596.11,0 97 225 232 179 391 271 158 241 62 297 65 283 204 154 305 326 110 140 286 317 333 180 220 126 124 7 56 217 55 25 367 170 361 209 227 234 213 190 390 265 18 103 155 83 378 398 93 54 46 268 272 30 39 0,65 154
PFG_MOEA,251,10,314.81,5596.11,0 399 15 16 380 41 82 178 117 243 344 349 20 189 64 166 205 208 6 87 171 153 278 210 353 258 376 368 66 287 10 383 382 0,243
PFG_MOEA,251,11,314.81,5596.11,0 369 338 203 168 0,
PFG_MOEA,251,12,314.81,5596.11,0 202 306 370 342 144 176 27 98 78 196 296 347 332 324 147 211 244 223 104 310 282 143 79 160 50 60 257 270 379 195 45 348 75 328 248 0,370
PFG_MOEA,252,1,411.21,4974.5,0 12 90 381 23 32 276 239 336 138 222 198 49 274 256 237 351 280 252 236 128 119 2 0,23
PFG_MOEA,252,2,411.21,4974.5,0 22 118 185 214 295 40 122 392 285 331 133 293 53 101 352 363 323 194 275 277 102 100 95 163 61 89 207 307 313 359 365 253 206 187 0,22 100
PFG_MOEA,252,3,411.21,4974.5,0 115 0,
PFG_MOEA,252,4,411.21,4974.5,0 245 396 240 385 288 177 181 358 337 384 111 116 76 113 81 29 325 355 0,
PFG_MOEA,252,5,411.21,4974.5,0 281 26 334 298 341 134 186 131 84 114 389 105 219 371 162 159 74 279 91 24 212 375 284 14 184 318 70 292 263 8 373 169 108 72 52 130 44 386 362 201 312 67 164 107 302 173 106 261 388 197 218 151 77 273 136 137 59 109 127 57 226 19 13 80 0,77 106 284
PFG_MOEA,252,6,411.21,4974.5,0 38 172 182 319 303 357 266 141 86 199 228 267 366 289 231 34 58 68 161 235 35 249 88 135 233 156 94 230 374 92 11 36 397 350 311 4 314 193 340 299 321 269 120 142 37 51 123 145 132 339 322 121 146 294 174 320 364 393 3 229 308 356 264 259 246 42 300 329 112 221 242 96 0,51 174 229 246 299
PFG_MOEA,252,7,411.21,4974.5,0 399 200 165 191 152 247 255 1 262 250 28 345 377 395 400 394 188 301 372 21 167 291 139 149 157 63 316 387 327 17 43 85 215 73 254 183 354 69 265 346 315 99 175 251 190 390 18 103 155 83 378 213 234 227 398 93 224 179 232 225 97 71 33 260 148 238 129 330 192 48 31 304 0,93
PFG_MOEA,252,8,411.21,4974.5,0 382 383 10 391 271 39 46 54 268 272 30 66 166 205 208 6 204 154 305 326 283 65 297 62 241 110 140 286 317 333 180 220 158 189 64 20 126 124 7 56 217 55 25 367 170 361 209 287 0,55 62 66 220
PFG_MOEA,252,9,411.21,4974.5,0 380 0,
PFG_MOEA,252,10,411.21,4974.5,0 16 369 15 0,
PFG_MOEA,252,11,411.21,4974.5,0 168 203 178 82 41 0,178
PFG_MOEA,252,12,411.21,4974.5,0 335 360 338 202 306 370 342 144 176 27 98 78 196 296 347 332 216 47 125 9 150 147 324 211 244 223 104 310 282 143 309 5 195 379 79 160 50 60 270 257 210 45 153 278 87 171 353 348 75 328 248 258 376 368 290 343 349 344 243 117 0,
PFG_MOEA,253,1,312.55,5795.78,0 336 138 239 122 296 347 332 324 275 277 104 211 244 223 102 352 363 323 194 147 101 95 222 0,122 211 222 277
PFG_MOEA,253,2,312.55,5795.78,0 335 360 207 307 313 359 187 100 310 282 143 79 160 50 60 257 270 379 195 5 309 280 351 237 256 274 49 198 252 236 381 23 90 12 214 185 118 281 26 334 298 371 72 52 130 44 386 80 0,5 307
PFG_MOEA,253,3,312.55,5795.78,0 13 19 226 57 127 109 59 137 136 273 77 151 218 197 388 261 106 173 302 107 164 67 312 201 362 123 51 145 294 174 339 132 142 120 269 321 299 0,174
PFG_MOEA,253,4,312.55,5795.78,0 340 233 135 88 249 35 235 161 68 58 34 231 289 366 267 228 141 266 303 357 319 86 199 156 94 0,303
PFG_MOEA,253,5,312.55,5795.78,0 38 172 182 397 36 11 92 374 230 311 350 4 314 193 37 322 121 146 320 364 393 3 229 308 356 264 259 246 42 300 329 112 191 152 221 242 96 0,42 264
PFG_MOEA,253,6,312.55,5795.78,0 200 165 129 0,
PFG_MOEA,253,7,312.55,5795.78,0 304 330 395 400 394 188 301 372 21 167 291 139 149 157 63 316 387 17 43 33 71 224 260 0,
PFG_MOEA,253,8,312.55,5795.78,0 399 247 28 250 345 377 262 1 255 327 254 73 215 85 93 179 232 225 97 148 238 192 48 31 0,93
PFG_MOEA,253,9,312.55,5795.78,0 378 69 183 354 265 346 315 99 175 251 190 390 18 103 155 83 234 213 227 398 209 361 170 367 25 55 217 56 7 180 333 317 286 140 110 62 297 65 283 326 305 154 204 6 208 241 220 158 189 64 20 126 124 0,175
PFG_MOEA,253,10,312.55,5795.78,0 287 382 383 10 268 272 30 66 166 205 271 39 391 53 293 133 331 285 392 115 245 396 240 385 288 177 181 358 337 384 111 116 76 113 81 29 325 355 131 84 114 389 105 341 219 0,
PFG_MOEA,253,11,312.55,5795.78,0 91 24 212 375 14 108 169 373 8 263 292 70 318 184 284 74 279 159 162 22 134 186 89 216 47 125 9 150 163 61 365 253 206 46 54 0,
PFG_MOEA,253,12,312.55,5795.78,0 41 82 178 117 243 344 349 343 290 368 376 258 248 328 75 171 87 153 278 210 45 353 348 2 119 128 295 40 32 276 196 78 98 27 176 144 342 370 306 202 338 203 168 369 380 16 15 0,16 87 203
PFG_MOEA,254,1,759.34,4800.0,0 219 341 105 389 114 84 131 355 325 29 81 113 76 116 111 384 337 358 181 177 288 385 240 396 245 115 392 285 331 133 293 53 163 150 9 125 47 216 89 61 206 253 365 0,245
PFG_MOEA,254,2,759.34,4800.0,0 22 134 186 162 159 279 74 284 184 318 70 292 263 8 373 169 108 14 375 212 24 91 0,318
PFG_MOEA,254,3,759.34,4800.0,0 304 31 48 148 260 224 71 33 129 238 330 192 200 165 112 191 152 127 57 109 59 137 273 136 247 17 43 85 215 73 254 69 354 183 327 387 157 149 188 394 316 63 262 1 255 250 28 42 400 395 377 345 356 264 259 246 308 229 197 218 151 77 107 164 67 302 388 3 106 173 261 320 364 393 312 201 362 329 300 123 51 145 322 121 146 294 174 339 132 120 142 37 269 321 299 340 233 135 88 249 35 161 235 68 58 34 386 231 289 366 267 228 44 130 52 72 303 357 319 266 141 86 92 199 156 94 230 311 374 11 36 397 350 4 314 193 182 172 13 19 226 221 242 96 80 38 0,33 106 174 200 303 311 394
PFG_MOEA,254,4,759.34,4800.0,0 378 83 155 103 18 190 251 175 99 315 346 372 301 167 21 139 291 265 390 234 0,
PFG_MOEA,254,5,759.34,4800.0,0 179 391 271 39 30 272 268 46 54 93 398 227 213 232 0,391
PFG_MOEA,254,6,759.34,4800.0,0 225 0,
PFG_MOEA,254,7,759.34,4800.0,0 97 209 361 170 367 0,
PFG_MOEA,254,8,759.34,4800.0,0 399 15 168 203 338 202 306 370 342 144 176 27 98 78 196 369 380 16 41 82 178 117 243 344 349 66 343 290 368 376 258 248 328 75 348 353 45 210 278 153 171 87 6 208 205 166 158 189 220 241 62 297 65 283 204 154 305 326 110 140 180 333 317 286 25 55 217 56 7 124 126 20 64 287 10 383 382 0,62 66 205 220 342
PFG_MOEA,254,9,759.34,4800.0,0 2 119 128 295 40 32 276 239 122 296 332 347 138 336 222 95 101 194 147 324 275 323 363 352 277 102 223 244 211 104 310 100 282 143 79 160 50 60 257 270 379 195 5 309 280 351 237 256 274 49 198 252 236 0,
PFG_MOEA,254,10,759.34,4800.0,0 381 23 90 12 207 307 0,
PFG_MOEA,254,11,759.34,4800.0,0 335 187 359 313 360 214 0,
PFG_MOEA,254,12,759.34,4800.0,0 185 118 281 26 334 298 371 0,
PFG_MOEA,255,1,314.81,5596.11,0 12 90 128 236 252 336 276 138 222 198 49 274 256 237 351 280 309 5 290 343 313 207 0,222
PFG_MOEA,255,2,314.81,5596.11,0 91 292 263 8 373 169 108 14 375 212 24 371 219 341 298 334 26 281 118 185 214 295 40 32 239 122 95 101 352 363 323 194 275 277 102 100 23 381 119 2 307 359 187 148 48 31 304 0,23
PFG_MOEA,255,3,314.81,5596.11,0 260 224 71 33 127 152 191 112 165 200 129 238 330 192 0,33
PFG_MOEA,255,4,314.81,5596.11,0 57 67 302 173 106 3 388 164 107 77 151 218 197 229 308 246 259 264 356 345 377 395 400 42 28 250 255 1 262 63 316 394 188 149 157 387 327 183 354 69 254 73 215 85 43 17 247 136 273 137 59 109 0,
PFG_MOEA,255,5,314.81,5596.11,0 329 300 362 123 51 145 322 121 146 201 261 320 364 393 312 294 174 339 132 206 253 365 360 335 0,362 393
PFG_MOEA,255,6,314.81,5596.11,0 61 358 181 177 288 385 240 396 245 115 392 285 331 133 293 53 163 150 9 125 47 216 89 0,
PFG_MOEA,255,7,314.81,5596.11,0 80 13 19 226 35 161 235 58 34 386 231 289 366 267 228 44 130 52 72 318 70 184 284 74 279 159 162 389 114 355 325 384 337 111 116 76 113 81 29 131 84 105 186 134 22 0,
PFG_MOEA,255,8,314.81,5596.11,0 38 96 242 221 172 182 397 350 311 4 314 193 230 94 156 374 36 11 92 319 357 303 266 141 86 199 68 135 88 249 233 340 299 321 269 120 142 37 301 21 139 291 167 372 346 315 99 175 251 0,182
PFG_MOEA,255,9,314.81,5596.11,0 97 225 232 179 391 271 158 241 62 297 65 283 204 154 305 326 110 140 286 317 333 180 220 126 124 7 56 217 55 25 367 170 361 209 227 234 213 190 390 265 18 103 155 83 378 398 93 54 46 268 272 30 39 0,65 154
PFG_MOEA,255,10,314.81,5596.11,0 399 15 16 380 41 82 178 117 243 344 349 20 189 64 166 205 208 6 87 171 153 278 210 353 258 376 368 66 287 10 383 382 0,243
PFG_MOEA,255,11,314.81,5596.11,0 369 338 203 168 0,
PFG_MOEA,255,12,314.81,5596.11,0 202 306 370 342 144 176 27 98 78 196 296 347 332 324 147 211 244 223 104 310 282 143 79 160 50 60 257 270 379 195 45 348 75 328 248 0,370
PFG_MOEA,256,1,411.21,4974.5,0 12 90 381 23 32 276 239 336 138 222 198 49 274 256 237 351 280 252 236 128 119 2 0,23
PFG_MOEA,256,2,411.21,4974.5,0 22 118 185 214 295 40 122 392 285 331 133 293 53 101 352 363 323 194 275 277 102 100 95 163 61 89 207 307 313 359 365 253 206 187 0,22 100
PFG_MOEA,256,3,411.21,4974.5,0 115 0,
PFG_MOEA,256,4,411.21,4974.5,0 245 396 240 385 288 177 181 358 337 384 111 116 76 113 81 29 325 355 0,
PFG_MOEA,256,5,411.21,4974.5,0 281 26 334 298 341 134 186 131 84 114 389 105 219 371 162 159 74 279 91 24 212 375 284 14 184 318 70 292 263 8 373 169 108 72 52 130 44 386 362 201 312 67 164 107 302 173 106 261 388 197 218 151 77 273 136 137 59 109 127 57 226 19 13 80 0,77 106 284
PFG_MOEA,256,6,411.21,4974.5,0 38 172 182 319 303 357 266 141 86 199 228 267 366 289 231 34 58 68 161 235 35 249 88 135 233 156 94 230 374 92 11 36 397 350 311 4 314 193 340 299 321 269 120 142 37 51 123 145 132 339 322 121 146 294 174 320 364 393 3 229 308 356 264 259 246 42 300 329 112 221 242 96 0,51 174 229 246 299
PFG_MOEA,256,7,411.21,4974.5,0 399 200 165 191 152 247 255 1 262 250 28 345 377 395 400 394 188 301 372 21 167 291 139 149 157 63 316 387 327 17 43 85 215 73 254 183 354 69 265 346 315 99 175 251 190 390 18 103 155 83 378 213 234 227 398 93 224 179 232 225 97 71 33 260 148 238 129 330 192 48 31 304 0,93
PFG_MOEA,256,8,411.21,4974.5,0 382 383 10 391 271 39 46 54 268 272 30 66 166 205 208 6 204 154 305 326 283 65 297 62 241 110 140 286 317 333 180 220 158 189 64 20 126 124 7 56 217 55 25 367 170 361 209 287 0,55 62 66 220
PFG_MOEA,256,9,411.21,4974.5,0 380 0,
PFG_MOEA,256,10,411.21,4974.5,0 16 369 15 0,
PFG_MOEA,256,11,411.21,4974.5,0 168 203 178 82 41 0,178
PFG_MOEA,256,12,411.21,4974.5,0 335 360 338 202 306 370 342 144 176 27 98 78 196 296 347 332 216 47 125 9 150 147 324 211 244 223 104 310 282 143 309 5 195 379 79 160 50 60 270 257 210 45 153 278 87 171 353 348 75 328 248 258 376 368 290 343 349 344 243 117 0,
PFG_MOEA,257,1,312.55,5795.78,0 336 138 239 122 296 347 332 324 275 277 104 211 244 223 102 352 363 323 194 147 101 95 222 0,122 211 222 277
PFG_MOEA,257,2,312.55,5795.78,0 335 360 207 307 313 359 187 100 310 282 143 79 160 50 60 257 270 379 195 5 309 280 351 237 256 274 49 198 252 236 381 23 90 12 214 185 118 281 26 334 298 371 72 52 130 44 386 80 0,5 307
PFG_MOEA,257,3,312.55,5795.78,0 13 19 226 57 127 109 59 137 136 273 77 151 218 197 388 261 106 173 302 107 164 67 312 201 362 123 51 145 294 174 339 132 142 120 269 321 299 0,174
PFG_MOEA,257,4,312.55,5795.78,0 340 233 135 88 249 35 235 161 68 58 34 231 289 366 267 228 141 266 303 357 319 86 199 156 94 0,303
PFG_MOEA,257,5,312.55,5795.78,0 38 172 182 397 36 11 92 374 230 311 350 4 314 193 37 322 121 146 320 364 393 3 229 308 356 264 259 246 42 300 329 112 191 152 221 242 96 0,42 264
PFG_MOEA,257,6,312.55,5795.78,0 200 165 129 0,
PFG_MOEA,257,7,312.55,5795.78,0 304 330 395 400 394 188 301 372 21 167 291 139 149 157 63 316 387 17 43 33 71 224 260 0,
PFG_MOEA,257,8,312.55,5795.78,0 399 247 28 250 345 377 262 1 255 327 254 73 215 85 93 179 232 225 97 148 238 192 48 31 0,93
PFG_MOEA,257,9,312.55,5795.78,0 378 69 183 354 265 346 315 99 175 251 190 390 18 103 155 83 234 213 227 398 209 361 170 367 25 55 217 56 7 180 333 317 286 140 110 62 297 65 283 326 305 154 204 6 208 241 220 158 189 64 20 126 124 0,175
PFG_MOEA,257,10,312.55,5795.78,0 287 382 383 10 268 272 30 66 166 205 271 39 391 53 293 133 331 285 392 115 245 396 240 385 288 177 181 358 337 384 111 116 76 113 81 29 325 355 131 84 114 389 105 341 219 0,
PFG_MOEA,257,11,312.55,5795.78,0 91 24 212 375 14 108 169 373 8 263 292 70 318 184 284 74 279 159 162 22 134 186 89 216 47 125 9 150 163 61 365 253 206 46 54 0,
PFG_MOEA,257,12,312.55,5795.78,0 41 82 178 117 243 344 349 343 290 368 376 258 248 328 75 171 87 153 278 210 45 353 348 2 119 128 295 40 32 276 196 78 98 27 176 144 342 370 306 202 338 203 168 369 380 16 15 0,16 87 203
PFG_MOEA,258,1,759.34,4800.0,0 219 341 105 389 114 84 131 355 325 29 81 113 76 116 111 384 337 358 181 177 288 385 240 396 245 115 392 285 331 133 293 53 163 150 9 125 47 216 89 61 206 253 365 0,245
PFG_MOEA,258,2,759.34,4800.0,0 22 134 186 162 159 279 74 284 184 318 70 292 263 8 373 169 108 14 375 212 24 91 0,318
PFG_MOEA,258,3,759.34,4800.0,0 304 31 48 148 260 224 71 33 129 238 330 192 200 165 112 191 152 127 57 109 59 137 273 136 247 17 43 85 215 73 254 69 354 183 327 387 157 149 188 394 316 63 262 1 255 250 28 42 400 395 377 345 356 264 259 246 308 229 197 218 151 77 107 164 67 302 388 3 106 173 261 320 364 393 312 201 362 329 300 123 51 145 322 121 146 294 174 339 132 120 142 37 269 321 299 340 233 135 88 249 35 161 235 68 58 34 386 231 289 366 267 228 44 130 52 72 303 357 319 266 141 86 92 199 156 94 230 311 374 11 36 397 350 4 314 193 182 172 13 19 226 221 242 96 80 38 0,33 106 174 200 303 311 394
PFG_MOEA,258,4,759.34,4800.0,0 378 83 155 103 18 190 251 175 99 315 346 372 301 167 21 139 291 265 390 234 0,
PFG_MOEA,258,5,759.34,4800.0,0 179 391 271 39 30 272 268 46 54 93 398 227 213 232 0,391
PFG_MOEA,258,6,759.34,4800.0,0 225 0,
PFG_MOEA,258,7,759.34,4800.0,0 97 209 361 170 367 0,
PFG_MOEA,258,8,759.34,4800.0,0 399 15 168 203 338 202 306 370 342 144 176 27 98 78 196 369 380 16 41 82 178 117 243 344 349 66 343 290 368 376 258 248 328 75 348 353 45 210 278 153 171 87 6 208 205 166 158 189 220 241 62 297 65 283 204 154 305 326 110 140 180 333 317 286 25 55 217 56 7 124 126 20 64 287 10 383 382 0,62 66 205 220 342
PFG_MOEA,258,9,759.34,4800.0,0 2 119 128 295 40 32 276 239 122 296 332 347 138 336 222 95 101 194 147 324 275 323 363 352 277 102 223 244 211 104 310 100 282 143 79 160 50 60 257 270 379 195 5 309 280 351 237 256 274 49 198 252 236 0,
PFG_MOEA,258,10,759.34,4800.0,0 381 23 90 12 207 307 0,
PFG_MOEA,258,11,759.34,4800.0,0 335 187 359 313 360 214 0,
PFG_MOEA,258,12,759.34,4800.0,0 185 118 281 26 334 298 371 0,
PFG_MOEA,259,1,314.81,5596.11,0 12 90 128 236 252 336 276 138 222 198 49 274 256 237 351 280 309 5 290 343 313 207 0,222
PFG_MOEA,259,2,314.81,5596.11,0 91 292 263 8 373 169 108 14 375 212 24 371 219 341 298 334 26 281 118 185 214 295 40 32 239 122 95 101 352 363 323 194 275 277 102 100 23 381 119 2 307 359 187 148 48 31 304 0,23
PFG_MOEA,259,3,314.81,5596.11,0 260 224 71 33 127 152 191 112 165 200 129 238 330 192 0,33
PFG_MOEA,259,4,314.81,5596.11,0 57 67 302 173 106 3 388 164 107 77 151 218 197 229 308 246 259 264 356 345 377 395 400 42 28 250 255 1 262 63 316 394 188 149 157 387 327 183 354 69 254 73 215 85 43 17 247 136 273 137 59 109 0,
PFG_MOEA,259,5,314.81,5596.11,0 329 300 362 123 51 145 322 121 146 201 261 320 364 393 312 294 174 339 132 206 253 365 360 335 0,362 393
PFG_MOEA,259,6,314.81,5596.11,0 61 358 181 177 288 385 240 396 245 115 392 285 331 133 293 53 163 150 9 125 47 216 89 0,
PFG_MOEA,259,7,314.81,5596.11,0 80 13 19 226 35 161 235 58 34 386 231 289 366 267 228 44 130 52 72 318 70 184 284 74 279 159 162 389 114 355 325 384 337 111 116 76 113 81 29 131 84 105 186 134 22 0,
PFG_MOEA,259,8,314.81,5596.11,0 38 96 242 221 172 182 397 350 311 4 314 193 230 94 156 374 36 11 92 319 357 303 266 141 86 199 68 135 88 249 233 340 299 321 269 120 142 37 301 21 139 291 167 372 346 315 99 175 251 0,182
PFG_MOEA,259,9,314.81,5596.11,0 97 225 232 179 391 271 158 241 62 297 65 283 204 154 305 326 110 140 286 317 333 180 220 126 124 7 56 217 55 25 367 170 361 209 227 234 213 190 390 265 18 103 155 83 378 398 93 54 46 268 272 30 39 0,65 154
PFG_MOEA,259,10,314.81,5596.11,0 399 15 16 380 41 82 178 117 243 344 349 20 189 64 166 205 208 6 87 171 153 278 210 353 258 376 368 66 287 10 383 382 0,243
PFG_MOEA,259,11,314.81,5596.11,0 369 338 203 168 0,
PFG_MOEA,259,12,314.81,5596.11,0 202 306 370 342 144 176 27 98 78 196 296 347 332 324 147 211 244 223 104 310 282 143 79 160 50 60 257 270 379 195 45 348 75 328 248 0,370
PFG_MOEA,260,1,411.21,4974.5,0 12 90 381 23 32 276 239 336 138 222 198 49 274 256 237 351 280 252 236 128 119 2 0,23
PFG_MOEA,260,2,411.21,4974.5,0 22 118 185 214 295 40 122 392 285 331 133 293 53 101 352 363 323 194 275 277 102 100 95 163 61 89 207 307 313 359 365 253 206 187 0,22 100
PFG_MOEA,260,3,411.21,4974.5,0 115 0,
PFG_MOEA,260,4,411.21,4974.5,0 245 396 240 385 288 177 181 358 337 384 111 116 76 113 81 29 325 355 0,
PFG_MOEA,260,5,411.21,4974.5,0 281 26 334 298 341 134 186 131 84 114 389 105 219 371 162 159 74 279 91 24 212 375 284 14 184 318 70 292 263 8 373 169 108 72 52 130 44 386 362 201 312 67 164 107 302 173 106 261 388 197 218 151 77 273 136 137 59 109 127 57 226 19 13 80 0,77 106 284
PFG_MOEA,260,6,411.21,4974.5,0 38 172 182 319 303 357 266 141 86 199 228 267 366 289 231 34 58 68 161 235 35 249 88 135 233 156 94 230 374 92 11 36 397 350 311 4 314 193 340 299 321 269 120 142 37 51 123 145 132 339 322 121 146 294 174 320 364 393 3 229 308 356 264 259 246 42 300 329 112 221 242 96 0,51 174 229 246 299
PFG_MOEA,260,7,411.21,4974.5,0 399 200 165 191 152 247 255 1 262 250 28 345 377 395 400 394 188 301 372 21 167 291 139 149 157 63 316 387 327 17 43 85 215 73 254 183 354 69 265 346 315 99 175 251 190 390 18 103 155 83 378 213 234 227 398 93 224 179 232 225 97 71 33 260 148 238 129 330 192 48 31 304 0,93
PFG_MOEA,260,8,411.21,4974.5,0 382 383 10 391 271 39 46 54 268 272 30 66 166 205 208 6 204 154 305 326 283 65 297 62 241 110 140 286 317 333 180 220 158 189 64 20 126 124 7 56 217 55 25 367 170 361 209 287 0,55 62 66 220
PFG_MOEA,260,9,411.21,4974.5,0 380 0,
PFG_MOEA,260,10,411.21,4974.5,0 16 369 15 0,
PFG_MOEA,260,11,411.21,4974.5,0 168 203 178 82 41 0,178
PFG_MOEA,260,12,411.21,4974.5,0 335 360 338 202 306 370 342 144 176 27 98 78 196 296 347 332 216 47 125 9 150 147 324 211 244 223 104 310 282 143 309 5 195 379 79 160 50 60 270 257 210 45 153 278 87 171 353 348 75 328 248 258 376 368 290 343 349 344 243 117 0,
PFG_MOEA,261,1,312.55,5795.78,0 336 138 239 122 296 347 332 324 275 277 104 211 244 223 102 352 363 323 194 147 101 95 222 0,122 211 222 277
PFG_MOEA,261,2,312.55,5795.78,0 335 360 207 307 313 359 187 100 310 282 143 79 160 50 60 257 270 379 195 5 309 280 351 237 256 274 49 198 252 236 381 23 90 12 214 185 118 281 26 334 298 371 72 52 130 44 386 80 0,5 307
PFG_MOEA,261,3,312.55,5795.78,0 13 19 226 57 127 109 59 137 136 273 77 151 218 197 388 261 106 173 302 107 164 67 312 201 362 123 51 145 294 174 339 132 142 120 269 321 299 0,174
PFG_MOEA,261,4,312.55,5795.78,0 340 233 135 88 249 35 235 161 68 58 34 231 289 366 267 228 141 266 303 357 319 86 199 156 94 0,303
PFG_MOEA,261,5,312.55,5795.78,0 38 172 182 397 36 11 92 374 230 311 350 4 314 193 37 322 121 146 320 364 393 3 229 308 356 264 259 246 42 300 329 112 191 152 221 242 96 0,42 264
PFG_MOEA,261,6,312.55,5795.78,0 200 165 129 0,
PFG_MOEA,261,7,312.55,5795.78,0 304 330 395 400 394 188 301 372 21 167 291 139 149 157 63 316 387 17 43 33 71 224 260 0,
PFG_MOEA,261,8,312.55,5795.78,0 399 247 28 250 345 377 262 1 255 327 254 73 215 85 93 179 232 225 97 148 238 192 48 31 0,93
PFG_MOEA,261,9,312.55,5795.78,0 378 69 183 354 265 346 315 99 175 251 190 390 18 103 155 83 234 213 227 398 209 361 170 367 25 55 217 56 7 180 333 317 286 140 110 62 297 65 283 326 305 154 204 6 208 241 220 158 189 64 20 126 124 0,175
PFG_MOEA,261,10,312.55,5795.78,0 287 382 383 10 268 272 30 66 166 205 271 39 391 53 293 133 331 285 392 115 245 396 240 385 288 177 181 358 337 384 111 116 76 113 81 29 325 355 131 84 114 389 105 341 219 0,
PFG_MOEA,261,11,312.55,5795.78,0 91 24 212 375 14 108 169 373 8 263 292 70 318 184 284 74 279 159 162 22 134 186 89 216 47 125 9 150 163 61 365 253 206 46 54 0,
PFG_MOEA,261,12,312.55,5795.78,0 41 82 178 117 243 344 349 343 290 368 376 258 248 328 75 171 87 153 278 210 45 353 348 2 119 128 295 40 32 276 196 78 98 27 176 144 342 370 306 202 338 203 168 369 380 16 15 0,16 87 203
PFG_MOEA,262,1,759.34,4800.0,0 219 341 105 389 114 84 131 355 325 29 81 113 76 116 111 384 337 358 181 177 288 385 240 396 245 115 392 285 331 133 293 53 163 150 9 125 47 216 89 61 206 253 365 0,245
PFG_MOEA,262,2,759.34,4800.0,0 22 134 186 162 159 279 74 284 184 318 70 292 263 8 373 169 108 14 375 212 24 91 0,318
PFG_MOEA,262,3,759.34,4800.0,0 304 31 48 148 260 224 71 33 129 238 330 192 200 165 112 191 152 127 57 109 59 137 273 136 247 17 43 85 215 73 254 69 354 183 327 387 157 149 188 394 316 63 262 1 255 250 28 42 400 395 377 345 356 264 259 246 308 229 197 218 151 77 107 164 67 302 388 3 106 173 261 320 364 393 312 201 362 329 300 123 51 145 322 121 146 294 174 339 132 120 142 37 269 321 299 340 233 135 88 249 35 161 235 68 58 34 386 231 289 366 267 228 44 130 52 72 303 357 319 266 141 86 92 199 156 94 230 311 374 11 36 397 350 4 314 193 182 172 13 19 226 221 242 96 80 38 0,33 106 174 200 303 311 394
PFG_MOEA,262,4,759.34,4800.0,0 378 83 155 103 18 190 251 175 99 315 346 372 301 167 21 139 291 265 390 234 0,
PFG_MOEA,262,5,759.34,4800.0,0 179 391 271 39 30 272 268 46 54 93 398 227 213 232 0,391
PFG_MOEA,262,6,759.34,4800.0,0 225 0,
PFG_MOEA,262,7,759.34,4800.0,0 97 209 361 170 367 0,
PFG_MOEA,262,8,759.34,4800.0,0 399 15 168 203 338 202 306 370 342 144 176 27 98 78 196 369 380 16 41 82 178 117 243 344 349 66 343 290 368 376 258 248 328 75 348 353 45 210 278 153 171 87 6 208 205 166 158 189 220 241 62 297 65 283 204 154 305 326 110 140 180 333 317 286 25 55 217 56 7 124 126 20 64 287 10 383 382 0,62 66 205 220 342
PFG_MOEA,262,9,759.34,4800.0,0 2 119 128 295 40 32 276 239 122 296 332 347 138 336 222 95 101 194 147 324 275 323 363 352 277 102 223 244 211 104 310 100 282 143 79 160 50 60 257 270 379 195 5 309 280 351 237 256 274 49 198 252 236 0,
PFG_MOEA,262,10,759.34,4800.0,0 381 23 90 12 207 307 0,
PFG_MOEA,262,11,759.34,4800.0,0 335 187 359 313 360 214 0,
PFG_MOEA,262,12,759.34,4800.0,0 185 118 281 26 334 298 371 0,
PFG_MOEA,263,1,314.81,5596.11,0 12 90 128 236 252 336 276 138 222 198 49 274 256 237 351 280 309 5 290 343 313 207 0,222
PFG_MOEA,263,2,314.81,5596.11,0 91 292 263 8 373 169 108 14 375 212 24 371 219 341 298 334 26 281 118 185 214 295 40 32 239 122 95 101 352 363 323 194 275 277 102 100 23 381 119 2 307 359 187 148 48 31 304 0,23
PFG_MOEA,263,3,314.81,5596.11,0 260 224 71 33 127 152 191 112 165 200 129 238 330 192 0,33
PFG_MOEA,263,4,314.81,5596.11,0 57 67 302 173 106 3 388 164 107 77 151 218 197 229 308 246 259 264 356 345 377 395 400 42 28 250 255 1 262 63 316 394 188 149 157 387 327 183 354 69 254 73 215 85 43 17 247 136 273 137 59 109 0,
PFG_MOEA,263,5,314.81,5596.11,0 329 300 362 123 51 145 322 121 146 201 261 320 364 393 312 294 174 339 132 206 253 365 360 335 0,362 393
PFG_MOEA,263,6,314.81,5596.11,0 61 358 181 177 288 385 240 396 245 115 392 285 331 133 293 53 163 150 9 125 47 216 89 0,
PFG_MOEA,263,7,314.81,5596.11,0 80 13 19 226 35 161 235 58 34 386 231 289 366 267 228 44 130 52 72 318 70 184 284 74 279 159 162 389 114 355 325 384 337 111 116 76 113 81 29 131 84 105 186 134 22 0,
PFG_MOEA,263,8,314.81,5596.11,0 38 96 242 221 172 182 397 350 311 4 314 193 230 94 156 374 36 11 92 319 357 303 266 141 86 199 68 135 88 249 233 340 299 321 269 120 142 37 301 21 139 291 167 372 346 315 99 175 251 0,182
PFG_MOEA,263,9,314.81,5596.11,0 97 225 232 179 391 271 158 241 62 297 65 283 204 154 305 326 110 140 286 317 333 180 220 126 124 7 56 217 55 25 367 170 361 209 227 234 213 190 390 265 18 103 155 83 378 398 93 54 46 268 272 30 39 0,65 154
PFG_MOEA,263,10,314.81,5596.11,0 399 15 16 380 41 82 178 117 243 344 349 20 189 64 166 205 208 6 87 171 153 278 210 353 258 376 368 66 287 10 383 382 0,243
PFG_MOEA,263,11,314.81,5596.11,0 369 338 203 168 0,
PFG_MOEA,263,12,314.81,5596.11,0 202 306 370 342 144 176 27 98 78 196 296 347 332 324 147 211 244 223 104 310 282 143 79 160 50 60 257 270 379 195 45 348 75 328 248 0,370
PFG_MOEA,264,1,411.21,4974.5,0 12 90 381 23 32 276 239 336 138 222 198 49 274 256 237 351 280 252 236 128 119 2 0,23
PFG_MOEA,264,2,411.21,4974.5,0 22 118 185 214 295 40 122 392 285 331 133 293 53 101 352 363 323 194 275 277 102 100 95 163 61 89 207 307 313 359 365 253 206 187 0,22 100
PFG_MOEA,264,3,411.21,4974.5,0 115 0,
PFG_MOEA,264,4,411.21,4974.5,0 245 396 240 385 288 177 181 358 337 384 111 116 76 113 81 29 325 355 0,
PFG_MOEA,264,5,411.21,4974.5,0 281 26 334 298 341 134 186 131 84 114 389 105 219 371 162 159 74 279 91 24 212 375 284 14 184 318 70 292 263 8 373 169 108 72 52 130 44 386 362 201 312 67 164 107 302 173 106 261 388 197 218 151 77 273 136 137 59 109 127 57 226 19 13 80 0,77 106 284
PFG_MOEA,264,6,411.21,4974.5,0 38 172 182 319 303 357 266 141 86 199 228 267 366 289 231 34 58 68 161 235 35 249 88 135 233 156 94 230 374 92 11 36 397 350 311 4 314 193 340 299 321 269 120 142 37 51 123 145 132 339 322 121 146 294 174 320 364 393 3 229 308 356 264 259 246 42 300 329 112 221 242 96 0,51 174 229 246 299
PFG_MOEA,264,7,411.21,4974.5,0 399 200 165 191 152 247 255 1 262 250 28 345 377 395 400 394 188 301 372 21 167 291 139 149 157 63 316 387 327 17 43 85 215 73 254 183 354 69 265 346 315 99 175 251 190 390 18 103 155 83 378 213 234 227 398 93 224 179 232 225 97 71 33 260 148 238 129 330 192 48 31 304 0,93
PFG_MOEA,264,8,411.21,4974.5,0 382 383 10 391 271 39 46 54 268 272 30 66 166 205 208 6 204 154 305 326 283 65 297 62 241 110 140 286 317 333 180 220 158 189 64 20 126 124 7 56 217 55 25 367 170 361 209 287 0,55 62 66 220
PFG_MOEA,264,9,411.21,4974.5,0 380 0,
PFG_MOEA,264,10,411.21,4974.5,0 16 369 15 0,
PFG_MOEA,264,11,411.21,4974.5,0 168 203 178 82 41 0,178
PFG_MOEA,264,12,411.21,4974.5,0 335 360 338 202 306 370 342 144 176 27 98 78 196 296 347 332 216 47 125 9 150 147 324 211 244 223 104 310 282 143 309 5 195 379 79 160 50 60 270 257 210 45 153 278 87 171 353 348 75 328 248 258 376 368 290 343 349 344 243 117 0,
PFG_MOEA,265,1,312.55,5795.78,0 336 138 239 122 296 347 332 324 275 277 104 211 244 223 102 352 363 323 194 147 101 95 222 0,122 211 222 277
PFG_MOEA,265,2,312.55,5795.78,0 335 360 207 307 313 359 187 100 310 282 143 79 160 50 60 257 270 379 195 5 309 280 351 237 256 274 49 198 252 236 381 23 90 12 214 185 118 281 26 334 298 371 72 52 130 44 386 80 0,5 307
PFG_MOEA,265,3,312.55,5795.78,0 13 19 226 57 127 109 59 137 136 273 77 151 218 197 388 261 106 173 302 107 164 67 312 201 362 123 51 145 294 174 339 132 142 120 269 321 299 0,174
PFG_MOEA,265,4,312.55,5795.78,0 340 233 135 88 249 35 235 161 68 58 34 231 289 366 267 228 141 266 303 357 319 86 199 156 94 0,303
PFG_MOEA,265,5,312.55,5795.78,0 38 172 182 397 36 11 92 374 230 311 350 4 314 193 37 322 121 146 320 364 393 3 229 308 356 264 259 246 42 300 329 112 191 152 221 242 96 0,42 264
PFG_MOEA,265,6,312.55,5795.78,0 200 165 129 0,
PFG_MOEA,265,7,312.55,5795.78,0 304 330 395 400 394 188 301 372 21 167 291 139 149 157 63 316 387 17 43 33 71 224 260 0,
PFG_MOEA,265,8,312.55,5795.78,0 399 247 28 250 345 377 262 1 255 327 254 73 215 85 93 179 232 225 97 148 238 192 48 31 0,93
PFG_MOEA,265,9,312.55,5795.78,0 378 69 183 354 265 346 315 99 175 251 190 390 18 103 155 83 234 213 227 398 209 361 170 367 25 55 217 56 7 180 333 317 286 140 110 62 297 65 283 326 305 154 204 6 208 241 220 158 189 64 20 126 124 0,175
PFG_MOEA,265,10,312.55,5795.78,0 287 382 383 10 268 272 30 66 166 205 271 39 391 53 293 133 331 285 392 115 245 396 240 385 288 177 181 358 337 384 111 116 76 113 81 29 325 355 131 84 114 389 105 341 219 0,
PFG_MOEA,265,11,312.55,5795.78,0 91 24 212 375 14 108 169 373 8 263 292 70 318 184 284 74 279 159 162 22 134 186 89 216 47 125 9 150 163 61 365 253 206 46 54 0,
PFG_MOEA,265,12,312.55,5795.78,0 41 82 178 117 243 344 349 343 290 368 376 258 248 328 75 171 87 153 278 210 45 353 348 2 119 128 295 40 32 276 196 78 98 27 176 144 342 370 306 202 338 203 168 369 380 16 15 0,16 87 203
PFG_MOEA,266,1,759.34,4800.0,0 219 341 105 389 114 84 131 355 325 29 81 113 76 116 111 384 337 358 181 177 288 385 240 396 245 115 392 285 331 133 293 53 163 150 9 125 47 216 89 61 206 253 365 0,245
PFG_MOEA,266,2,759.34,4800.0,0 22 134 186 162 159 279 74 284 184 318 70 292 263 8 373 169 108 14 375 212 24 91 0,318
PFG_MOEA,266,3,759.34,4800.0,0 304 31 48 148 260 224 71 33 129 238 330 192 200 165 112 191 152 127 57 109 59 137 273 136 247 17 43 85 215 73 254 69 354 183 327 387 157 149 188 394 316 63 262 1 255 250 28 42 400 395 377 345 356 264 259 246 308 229 197 218 151 77 107 164 67 302 388 3 106 173 261 320 364 393 312 201 362 329 300 123 51 145 322 121 146 294 174 339 132 120 142 37 269 321 299 340 233 135 88 249 35 161 235 68 58 34 386 231 289 366 267 228 44 130 52 72 303 357 319 266 141 86 92 199 156 94 230 311 374 11 36 397 350 4 314 193 182 172 13 19 226 221 242 96 80 38 0,33 106 174 200 303 311 394
PFG_MOEA,266,4,759.34,4800.0,0 378 83 155 103 18 190 251 175 99 315 346 372 301 167 21 139 291 265 390 234 0,
PFG_MOEA,266,5,759.34,4800.0,0 179 391 271 39 30 272 268 46 54 93 398 227 213 232 0,391
PFG_MOEA,266,6,759.34,4800.0,0 225 0,
PFG_MOEA,266,7,759.34,4800.0,0 97 209 361 170 367 0,
PFG_MOEA,266,8,759.34,4800.0,0 399 15 168 203 338 202 306 370 342 144 176 27 98 78 196 369 380 16 41 82 178 117 243 344 349 66 343 290 368 376 258 248 328 75 348 353 45 210 278 153 171 87 6 208 205 166 158 189 220 241 62 297 65 283 204 154 305 326 110 140 180 333 317 286 25 55 217 56 7 124 126 20 64 287 10 383 382 0,62 66 205 220 342
PFG_MOEA,266,9,759.34,4800.0,0 2 119 128 295 40 32 276 239 122 296 332 347 138 336 222 95 101 194 147 324 275 323 363 352 277 102 223 244 211 104 310 100 282 143 79 160 50 60 257 270 379 195 5 309 280 351 237 256 274 49 198 252 236 0,
PFG_MOEA,266,10,759.34,4800.0,0 381 23 90 12 207 307 0,
PFG_MOEA,266,11,759.34,4800.0,0 335 187 359 313 360 214 0,
PFG_MOEA,266,12,759.34,4800.0,0 185 118 281 26 334 298 371 0,
PFG_MOEA,267,1,314.81,5596.11,0 12 90 128 236 252 336 276 138 222 198 49 274 256 237 351 280 309 5 290 343 313 207 0,222
PFG_MOEA,267,2,314.81,5596.11,0 91 292 263 8 373 169 108 14 375 212 24 371 219 341 298 334 26 281 118 185 214 295 40 32 239 122 95 101 352 363 323 194 275 277 102 100 23 381 119 2 307 359 187 148 48 31 304 0,23
PFG_MOEA,267,3,314.81,5596.11,0 260 224 71 33 127 152 191 112 165 200 129 238 330 192 0,33
PFG_MOEA,267,4,314.81,5596.11,0 57 67 302 173 106 3 388 164 107 77 151 218 197 229 308 246 259 264 356 345 377 395 400 42 28 250 255 1 262 63 316 394 188 149 157 387 327 183 354 69 254 73 215 85 43 17 247 136 273 137 59 109 0,
PFG_MOEA,267,5,314.81,5596.11,0 329 300 362 123 51 145 322 121 146 201 261 320 364 393 312 294 174 339 132 206 253 365 360 335 0,362 393
PFG_MOEA,267,6,314.81,5596.11,0 61 358 181 177 288 385 240 396 245 115 392 285 331 133 293 53 163 150 9 125 47 216 89 0,
PFG_MOEA,267,7,314.81,5596.11,0 80 13 19 226 35 161 235 58 34 386 231 289 366 267 228 44 130 52 72 318 70 184 284 74 279 159 162 389 114 355 325 384 337 111 116 76 113 81 29 131 84 105 186 134 22 0,
PFG_MOEA,267,8,314.81,5596.11,0 38 96 242 221 172 182 397 350 311 4 314 193 230 94 156 374 36 11 92 319 357 303 266 141 86 199 68 135 88 249 233 340 299 321 269 120 142 37 301 21 139 291 167 372 346 315 99 175 251 0,182
PFG_MOEA,267,9,314.81,5596.11,0 97 225 232 179 391 271 158 241 62 297 65 283 204 154 305 326 110 140 286 317 333 180 220 126 124 7 56 217 55 25 367 170 361 209 227 234 213 190 390 265 18 103 155 83 378 398 93 54 46 268 272 30 39 0,65 154
PFG_MOEA,267,10,314.81,5596.11,0 399 15 16 380 41 82 178 117 243 344 349 20 189 64 166 205 208 6 87 171 153 278 210 353 258 376 368 66 287 10 383 382 0,243
PFG_MOEA,267,11,314.81,5596.11,0 369 338 203 168 0,
PFG_MOEA,267,12,314.81,5596.11,0 202 306 370 342 144 176 27 98 78 196 296 347 332 324 147 211 244 223 104 310 282 143 79 160 50 60 257 270 379 195 45 348 75 328 248 0,370
PFG_MOEA,268,1,411.21,4974.5,0 12 90 381 23 32 276 239 336 138 222 198 49 274 256 237 351 280 252 236 128 119 2 0,23
PFG_MOEA,268,2,411.21,4974.5,0 22 118 185 214 295 40 122 392 285 331 133 293 53 101 352 363 323 194 275 277 102 100 95 163 61 89 207 307 313 359 365 253 206 187 0,22 100
PFG_MOEA,268,3,411.21,4974.5,0 115 0,
PFG_MOEA,268,4,411.21,4974.5,0 245 396 240 385 288 177 181 358 337 384 111 116 76 113 81 29 325 355 0,
PFG_MOEA,268,5,411.21,4974.5,0 281 26 334 298 341 134 186 131 84 114 389 105 219 371 162 159 74 279 91 24 212 375 284 14 184 318 70 292 263 8 373 169 108 72 52 130 44 386 362 201 312 67 164 107 302 173 106 261 388 197 218 151 77 273 136 137 59 109 127 57 226 19 13 80 0,77 106 284
PFG_MOEA,268,6,411.21,4974.5,0 38 172 182 319 303 357 266 141 86 199 228 267 366 289 231 34 58 68 161 235 35 249 88 135 233 156 94 230 374 92 11 36 397 350 311 4 314 193 340 299 321 269 120 142 37 51 123 145 132 339 322 121 146 294 174 320 364 393 3 229 308 356 264 259 246 42 300 329 112 221 242 96 0,51 174 229 246 299
PFG_MOEA,268,7,411.21,4974.5,0 399 200 165 191 152 247 255 1 262 250 28 345 377 395 400 394 188 301 372 21 167 291 139 149 157 63 316 387 327 17 43 85 215 73 254 183 354 69 265 346 315 99 175 251 190 390 18 103 155 83 378 213 234 227 398 93 224 179 232 225 97 71 33 260 148 238 129 330 192 48 31 304 0,93
PFG_MOEA,268,8,411.21,4974.5,0 382 383 10 391 271 39 46 54 268 272 30 66 166 205 208 6 204 154 305 326 283 65 297 62 241 110 140 286 317 333 180 220 158 189 64 20 126 124 7 56 217 55 25 367 170 361 209 287 0,55 62 66 220
PFG_MOEA,268,9,411.21,4974.5,0 380 0,
PFG_MOEA,268,10,411.21,4974.5,0 16 369 15 0,
PFG_MOEA,268,11,411.21,4974.5,0 168 203 178 82 41 0,178
PFG_MOEA,268,12,411.21,4974.5,0 335 360 338 202 306 370 342 144 176 27 98 78 196 296 347 332 216 47 125 9 150 147 324 211 244 223 104 310 282 143 309 5 195 379 79 160 50 60 270 257 210 45 153 278 87 171 353 348 75 328 248 258 376 368 290 343 349 344 243 117 0,
PFG_MOEA,269,1,312.55,5795.78,0 336 138 239 122 296 347 332 324 275 277 104 211 244 223 102 352 363 323 194 147 101 95 222 0,122 211 222 277
PFG_MOEA,269,2,312.55,5795.78,0 335 360 207 307 313 359 187 100 310 282 143 79 160 50 60 257 270 379 195 5 309 280 351 237 256 274 49 198 252 236 381 23 90 12 214 185 118 281 26 334 298 371 72 52 130 44 386 80 0,5 307
PFG_MOEA,269,3,312.55,5795.78,0 13 19 226 57 127 109 59 137 136 273 77 151 218 197 388 261 106 173 302 107 164 67 312 201 362 123 51 145 294 174 339 132 142 120 269 321 299 0,174
PFG_MOEA,269,4,312.55,5795.78,0 340 233 135 88 249 35 235 161 68 58 34 231 289 366 267 228 141 266 303 357 319 86 199 156 94 0,303
PFG_MOEA,269,5,312.55,5795.78,0 38 172 182 397 36 11 92 374 230 311 350 4 314 193 37 322 121 146 320 364 393 3 229 308 356 264 259 246 42 300 329 112 191 152 221 242 96 0,42 264
PFG_MOEA,269,6,312.55,5795.78,0 200 165 129 0,
PFG_MOEA,269,7,312.55,5795.78,0 304 330 395 400 394 188 301 372 21 167 291 139 149 157 63 316 387 17 43 33 71 224 260 0,
PFG_MOEA,269,8,312.55,5795.78,0 399 247 28 250 345 377 262 1 255 327 254 73 215 85 93 179 232 225 97 148 238 192 48 31 0,93
PFG_MOEA,269,9,312.55,5795.78,0 378 69 183 354 265 346 315 99 175 251 190 390 18 103 155 83 234 213 227 398 209 361 170 367 25 55 217 56 7 180 333 317 286 140 110 62 297 65 283 326 305 154 204 6 208 241 220 158 189 64 20 126 124 0,175
PFG_MOEA,269,10,312.55,5795.78,0 287 382 383 10 268 272 30 66 166 205 271 39 391 53 293 133 331 285 392 115 245 396 240 385 288 177 181 358 337 384 111 116 76 113 81 29 325 355 131 84 114 389 105 341 219 0,
PFG_MOEA,269,11,312.55,5795.78,0 91 24 212 375 14 108 169 373 8 263 292 70 318 184 284 74 279 159 162 22 134 186 89 216 47 125 9 150 163 61 365 253 206 46 54 0,
PFG_MOEA,269,12,312.55,5795.78,0 41 82 178 117 243 344 349 343 290 368 376 258 248 328 75 171 87 153 278 210 45 353 348 2 119 128 295 40 32 276 196 78 98 27 176 144 342 370 306 202 338 203 168 369 380 16 15 0,16 87 203
PFG_MOEA,270,1,759.34,4800.0,0 219 341 105 389 114 84 131 355 325 29 81 113 76 116 111 384 337 358 181 177 288 385 240 396 245 115 392 285 331 133 293 53 163 150 9 125 47 216 89 61 206 253 365 0,245
PFG_MOEA,270,2,759.34,4800.0,0 22 134 186 162 159 279 74 284 184 318 70 292 263 8 373 169 108 14 375 212 24 91 0,318
PFG_MOEA,270,3,759.34,4800.0,0 304 31 48 148 260 224 71 33 129 238 330 192 200 165 112 191 152 127 57 109 59 137 273 136 247 17 43 85 215 73 254 69 354 183 327 387 157 149 188 394 316 63 262 1 255 250 28 42 400 395 377 345 356 264 259 246 308 229 197 218 151 77 107 164 67 302 388 3 106 173 261 320 364 393 312 201 362 329 300 123 51 145 322 121 146 294 174 339 132 120 142 37 269 321 299 340 233 135 88 249 35 161 235 68 58 34 386 231 289 366 267 228 44 130 52 72 303 357 319 266 141 86 92 199 156 94 230 311 374 11 36 397 350 4 314 193 182 172 13 19 226 221 242 96 80 38 0,33 106 174 200 303 311 394
PFG_MOEA,270,4,759.34,4800.0,0 378 83 155 103 18 190 251 175 99 315 346 372 301 167 21 139 291 265 390 234 0,
PFG_MOEA,270,5,759.34,4800.0,0 179 391 271 39 30 272 268 46 54 93 398 227 213 232 0,391
PFG_MOEA,270,6,759.34,4800.0,0 225 0,
PFG_MOEA,270,7,759.34,4800.0,0 97 209 361 170 367 0,
PFG_MOEA,270,8,759.34,4800.0,0 399 15 168 203 338 202 306 370 342 144 176 27 98 78 196 369 380 16 41 82 178 117 243 344 349 66 343 290 368 376 258 248 328 75 348 353 45 210 278 153 171 87 6 208 205 166 158 189 220 241 62 297 65 283 204 154 305 326 110 140 180 333 317 286 25 55 217 56 7 124 126 20 64 287 10 383 382 0,62 66 205 220 342
PFG_MOEA,270,9,759.34,4800.0,0 2 119 128 295 40 32 276 239 122 296 332 347 138 336 222 95 101 194 147 324 275 323 363 352 277 102 223 244 211 104 310 100 282 143 79 160 50 60 257 270 379 195 5 309 280 351 237 256 274 49 198 252 236 0,
PFG_MOEA,270,10,759.34,4800.0,0 381 23 90 12 207 307 0,
PFG_MOEA,270,11,759.34,4800.0,0 335 187 359 313 360 214 0,
PFG_MOEA,270,12,759.34,4800.0,0 185 118 281 26 334 298 371 0,
PFG_MOEA,271,1,314.81,5596.11,0 12 90 128 236 252 336 276 138 222 198 49 274 256 237 351 280 309 5 290 343 313 207 0,222
PFG_MOEA,271,2,314.81,5596.11,0 91 292 263 8 373 169 108 14 375 212 24 371 219 341 298 334 26 281 118 185 214 295 40 32 239 122 95 101 352 363 323 194 275 277 102 100 23 381 119 2 307 359 187 148 48 31 304 0,23
PFG_MOEA,271,3,314.81,5596.11,0 260 224 71 33 127 152 191 112 165 200 129 238 330 192 0,33
PFG_MOEA,271,4,314.81,5596.11,0 57 67 302 173 106 3 388 164 107 77 151 218 197 229 308 246 259 264 356 345 377 395 400 42 28 250 255 1 262 63 316 394 188 149 157 387 327 183 354 69 254 73 215 85 43 17 247 136 273 137 59 109 0,
PFG_MOEA,271,5,314.81,5596.11,0 329 300 362 123 51 145 322 121 146 201 261 320 364 393 312 294 174 339 132 206 253 365 360 335 0,362 393
PFG_MOEA,271,6,314.81,5596.11,0 61 358 181 177 288 385 240 396 245 115 392 285 331 133 293 53 163 150 9 125 47 216 89 0,
PFG_MOEA,271,7,314.81,5596.11,0 80 13 19 226 35 161 235 58 34 386 231 289 366 267 228 44 130 52 72 318 70 184 284 74 279 159 162 389 114 355 325 384 337 111 116 76 113 81 29 131 84 105 186 134 22 0,
PFG_MOEA,271,8,314.81,5596.11,0 38 96 242 221 172 182 397 350 311 4 314 193 230 94 156 374 36 11 92 319 357 303 266 141 86 199 68 135 88 249 233 340 299 321 269 120 142 37 301 21 139 291 167 372 346 315 99 175 251 0,182
PFG_MOEA,271,9,314.81,5596.11,0 97 225 232 179 391 271 158 241 62 297 65 283 204 154 305 326 110 140 286 317 333 180 220 126 124 7 56 217 55 25 367 170 361 209 227 234 213 190 390 265 18 103 155 83 378 398 93 54 46 268 272 30 39 0,65 154
PFG_MOEA,271,10,314.81,5596.11,0 399 15 16 380 41 82 178 117 243 344 349 20 189 64 166 205 208 6 87 171 153 278 210 353 258 376 368 66 287 10 383 382 0,243
PFG_MOEA,271,11,314.81,5596.11,0 369 338 203 168 0,
PFG_MOEA,271,12,314.81,5596.11,0 202 306 370 342 144 176 27 98 78 196 296 347 332 324 147 211 244 223 104 310 282 143 79 160 50 60 257 270 379 195 45 348 75 328 248 0,370
PFG_MOEA,272,1,411.21,4974.5,0 12 90 381 23 32 276 239 336 138 222 198 49 274 256 237 351 280 252 236 128 119 2 0,23
PFG_MOEA,272,2,411.21,4974.5,0 22 118 185 214 295 40 122 392 285 331 133 293 53 101 352 363 323 194 275 277 102 100 95 163 61 89 207 307 313 359 365 253 206 187 0,22 100
PFG_MOEA,272,3,411.21,4974.5,0 115 0,
PFG_MOEA,272,4,411.21,4974.5,0 245 396 240 385 288 177 181 358 337 384 111 116 76 113 81 29 325 355 0,
PFG_MOEA,272,5,411.21,4974.5,0 281 26 334 298 341 134 186 131 84 114 389 105 219 371 162 159 74 279 91 24 212 375 284 14 184 318 70 292 263 8 373 169 108 72 52 130 44 386 362 201 312 67 164 107 302 173 106 261 388 197 218 151 77 273 136 137 59 109 127 57 226 19 13 80 0,77 106 284
PFG_MOEA,272,6,411.21,4974.5,0 38 172 182 319 303 357 266 141 86 199 228 267 366 289 231 34 58 68 161 235 35 249 88 135 233 156 94 230 374 92 11 36 397 350 311 4 314 193 340 299 321 269 120 142 37 51 123 145 132 339 322 121 146 294 174 320 364 393 3 229 308 356 264 259 246 42 300 329 112 221 242 96 0,51 174 229 246 299
PFG_MOEA,272,7,411.21,4974.5,0 399 200 165 191 152 247 255 1 262 250 28 345 377 395 400 394 188 301 372 21 167 291 139 149 157 63 316 387 327 17 43 85 215 73 254 183 354 69 265 346 315 99 175 251 190 390 18 103 155 83 378 213 234 227 398 93 224 179 232 225 97 71 33 260 148 238 129 330 192 48 31 304 0,93
PFG_MOEA,272,8,411.21,4974.5,0 382 383 10 391 271 39 46 54 268 272 30 66 166 205 208 6 204 154 305 326 283 65 297 62 241 110 140 286 317 333 180 220 158 189 64 20 126 124 7 56 217 55 25 367 170 361 209 287 0,55 62 66 220
PFG_MOEA,272,9,411.21,4974.5,0 380 0,
PFG_MOEA,272,10,411.21,4974.5,0 16 369 15 0,
PFG_MOEA,272,11,411.21,4974.5,0 168 203 178 82 41 0,178
PFG_MOEA,272,12,411.21,4974.5,0 335 360 338 202 306 370 342 144 176 27 98 78 196 296 347 332 216 47 125 9 150 147 324 211 244 223 104 310 282 143 309 5 195 379 79 160 50 60 270 257 210 45 153 278 87 171 353 348 75 328 248 258 376 368 290 343 349 344 243 117 0,
PFG_MOEA,273,1,312.55,5795.78,0 336 138 239 122 296 347 332 324 275 277 104 211 244 223 102 352 363 323 194 147 101 95 222 0,122 211 222 277
PFG_MOEA,273,2,312.55,5795.78,0 335 360 207 307 313 359 187 100 310 282 143 79 160 50 60 257 270 379 195 5 309 280 351 237 256 274 49 198 252 236 381 23 90 12 214 185 118 281 26 334 298 371 72 52 130 44 386 80 0,5 307
PFG_MOEA,273,3,312.55,5795.78,0 13 19 226 57 127 109 59 137 136 273 77 151 218 197 388 261 106 173 302 107 164 67 312 201 362 123 51 145 294 174 339 132 142 120 269 321 299 0,174
PFG_MOEA,273,4,312.55,5795.78,0 340 233 135 88 249 35 235 161 68 58 34 231 289 366 267 228 141 266 303 357 319 86 199 156 94 0,303
PFG_MOEA,273,5,312.55,5795.78,0 38 172 182 397 36 11 92 374 230 311 350 4 314 193 37 322 121 146 320 364 393 3 229 308 356 264 259 246 42 300 329 112 191 152 221 242 96 0,42 264
PFG_MOEA,273,6,312.55,5795.78,0 200 165 129 0,
PFG_MOEA,273,7,312.55,5795.78,0 304 330 395 400 394 188 301 372 21 167 291 139 149 157 63 316 387 17 43 33 71 224 260 0,
PFG_MOEA,273,8,312.55,5795.78,0 399 247 28 250 345 377 262 1 255 327 254 73 215 85 93 179 232 225 97 148 238 192 48 31 0,93
PFG_MOEA,273,9,312.55,5795.78,0 378 69 183 354 265 346 315 99 175 251 190 390 18 103 155 83 234 213 227 398 209 361 170 367 25 55 217 56 7 180 333 317 286 140 110 62 297 65 283 326 305 154 204 6 208 241 220 158 189 64 20 126 124 0,175
PFG_MOEA,273,10,312.55,5795.78,0 287 382 383 10 268 272 30 66 166 205 271 39 391 53 293 133 331 285 392 115 245 396 240 385 288 177 181 358 337 384 111 116 76 113 81 29 325 355 131 84 114 389 105 341 219 0,
PFG_MOEA,273,11,312.55,5795.78,0 91 24 212 375 14 108 169 373 8 263 292 70 318 184 284 74 279 159 162 22 134 186 89 216 47 125 9 150 163 61 365 253 206 46 54 0,
PFG_MOEA,273,12,312.55,5795.78,0 41 82 178 117 243 344 349 343 290 368 376 258 248 328 75 171 87 153 278 210 45 353 348 2 119 128 295 40 32 276 196 78 98 27 176 144 342 370 306 202 338 203 168 369 380 16 15 0,16 87 203
PFG_MOEA,274,1,759.34,4800.0,0 219 341 105 389 114 84 131 355 325 29 81 113 76 116 111 384 337 358 181 177 288 385 240 396 245 115 392 285 331 133 293 53 163 150 9 125 47 216 89 61 206 253 365 0,245
PFG_MOEA,274,2,759.34,4800.0,0 22 134 186 162 159 279 74 284 184 318 70 292 263 8 373 169 108 14 375 212 24 91 0,318
PFG_MOEA,274,3,759.34,4800.0,0 304 31 48 148 260 224 71 33 129 238 330 192 200 165 112 191 152 127 57 109 59 137 273 136 247 17 43 85 215 73 254 69 354 183 327 387 157 149 188 394 316 63 262 1 255 250 28 42 400 395 377 345 356 264 259 246 308 229 197 218 151 77 107 164 67 302 388 3 106 173 261 320 364 393 312 201 362 329 300 123 51 145 322 121 146 294 174 339 132 120 142 37 269 321 299 340 233 135 88 249 35 161 235 68 58 34 386 231 289 366 267 228 44 130 52 72 303 357 319 266 141 86 92 199 156 94 230 311 374 11 36 397 350 4 314 193 182 172 13 19 226 221 242 96 80 38 0,33 106 174 200 303 311 394
PFG_MOEA,274,4,759.34,4800.0,0 378 83 155 103 18 190 251 175 99 315 346 372 301 167 21 139 291 265 390 234 0,
PFG_MOEA,274,5,759.34,4800.0,0 179 391 271 39 30 272 268 46 54 93 398 227 213 232 0,391
PFG_MOEA,274,6,759.34,4800.0,0 225 0,
PFG_MOEA,274,7,759.34,4800.0,0 97 209 361 170 367 0,
PFG_MOEA,274,8,759.34,4800.0,0 399 15 168 203 338 202 306 370 342 144 176 27 98 78 196 369 380 16 41 82 178 117 243 344 349 66 343 290 368 376 258 248 328 75 348 353 45 210 278 153 171 87 6 208 205 166 158 189 220 241 62 297 65 283 204 154 305 326 110 140 180 333 317 286 25 55 217 56 7 124 126 20 64 287 10 383 382 0,62 66 205 220 342
PFG_MOEA,274,9,759.34,4800.0,0 2 119 128 295 40 32 276 239 122 296 332 347 138 336 222 95 101 194 147 324 275 323 363 352 277 102 223 244 211 104 310 100 282 143 79 160 50 60 257 270 379 195 5 309 280 351 237 256 274 49 198 252 236 0,
PFG_MOEA,274,10,759.34,4800.0,0 381 23 90 12 207 307 0,
PFG_MOEA,274,11,759.34,4800.0,0 335 187 359 313 360 214 0,
PFG_MOEA,274,12,759.34,4800.0,0 185 118 281 26 334 298 371 0,
PFG_MOEA,275,1,314.81,5596.11,0 12 90 128 236 252 336 276 138 222 198 49 274 256 237 351 280 309 5 290 343 313 207 0,222
PFG_MOEA,275,2,314.81,5596.11,0 91 292 263 8 373 169 108 14 375 212 24 371 219 341 298 334 26 281 118 185 214 295 40 32 239 122 95 101 352 363 323 194 275 277 102 100 23 381 119 2 307 359 187 148 48 31 304 0,23
PFG_MOEA,275,3,314.81,5596.11,0 260 224 71 33 127 152 191 112 165 200 129 238 330 192 0,33
PFG_MOEA,275,4,314.81,5596.11,0 57 67 302 173 106 3 388 164 107 77 151 218 197 229 308 246 259 264 356 345 377 395 400 42 28 250 255 1 262 63 316 394 188 149 157 387 327 183 354 69 254 73 215 85 43 17 247 136 273 137 59 109 0,
PFG_MOEA,275,5,314.81,5596.11,0 329 300 362 123 51 145 322 121 146 201 261 320 364 393 312 294 174 339 132 206 253 365 360 335 0,362 393
PFG_MOEA,275,6,314.81,5596.11,0 61 358 181 177 288 385 240 396 245 115 392 285 331 133 293 53 163 150 9 125 47 216 89 0,
PFG_MOEA,275,7,314.81,5596.11,0 80 13 19 226 35 161 235 58 34 386 231 289 366 267 228 44 130 52 72 318 70 184 284 74 279 159 162 389 114 355 325 384 337 111 116 76 113 81 29 131 84 105 186 134 22 0,
PFG_MOEA,275,8,314.81,5596.11,0 38 96 242 221 172 182 397 350 311 4 314 193 230 94 156 374 36 11 92 319 357 303 266 141 86 199 68 135 88 249 233 340 299 321 269 120 142 37 301 21 139 291 167 372 346 315 99 175 251 0,182
PFG_MOEA,275,9,314.81,5596.11,0 97 225 232 179 391 271 158 241 62 297 65 283 204 154 305 326 110 140 286 317 333 180 220 126 124 7 56 217 55 25 367 170 361 209 227 234 213 190 390 265 18 103 155 83 378 398 93 54 46 268 272 30 39 0,65 154
PFG_MOEA,275,10,314.81,5596.11,0 399 15 16 380 41 82 178 117 243 344 349 20 189 64 166 205 208 6 87 171 153 278 210 353 258 376 368 66 287 10 383 382 0,243
PFG_MOEA,275,11,314.81,5596.11,0 369 338 203 168 0,
PFG_MOEA,275,12,314.81,5596.11,0 202 306 370 342 144 176 27 98 78 196 296 347 332 324 147 211 244 223 104 310 282 143 79 160 50 60 257 270 379 195 45 348 75 328 248 0,370
PFG_MOEA,276,1,411.21,4974.5,0 12 90 381 23 32 276 239 336 138 222 198 49 274 256 237 351 280 252 236 128 119 2 0,23
PFG_MOEA,276,2,411.21,4974.5,0 22 118 185 214 295 40 122 392 285 331 133 293 53 101 352 363 323 194 275 277 102 100 95 163 61 89 207 307 313 359 365 253 206 187 0,22 100
PFG_MOEA,276,3,411.21,4974.5,0 115 0,
PFG_MOEA,276,4,411.21,4974.5,0 245 396 240 385 288 177 181 358 337 384 111 116 76 113 81 29 325 355 0,
PFG_MOEA,276,5,411.21,4974.5,0 281 26 334 298 341 134 186 131 84 114 389 105 219 371 162 159 74 279 91 24 212 375 284 14 184 318 70 292 263 8 373 169 108 72 52 130 44 386 362 201 312 67 164 107 302 173 106 261 388 197 218 151 77 273 136 137 59 109 127 57 226 19 13 80 0,77 106 284
PFG_MOEA,276,6,411.21,4974.5,0 38 172 182 319 303 357 266 141 86 199 228 267 366 289 231 34 58 68 161 235 35 249 88 135 233 156 94 230 374 92 11 36 397 350 311 4 314 193 340 299 321 269 120 142 37 51 123 145 132 339 322 121 146 294 174 320 364 393 3 229 308 356 264 259 246 42 300 329 112 221 242 96 0,51 174 229 246 299
PFG_MOEA,276,7,411.21,4974.5,0 399 200 165 191 152 247 255 1 262 250 28 345 377 395 400 394 188 301 372 21 167 291 139 149 157 63 316 387 327 17 43 85 215 73 254 183 354 69 265 346 315 99 175 251 190 390 18 103 155 83 378 213 234 227 398 93 224 179 232 225 97 71 33 260 148 238 129 330 192 48 31 304 0,93
PFG_MOEA,276,8,411.21,4974.5,0 382 383 10 391 271 39 46 54 268 272 30 66 166 205 208 6 204 154 305 326 283 65 297 62 241 110 140 286 317 333 180 220 158 189 64 20 126 124 7 56 217 55 25 367 170 361 209 287 0,55 62 66 220
PFG_MOEA,276,9,411.21,4974.5,0 380 0,
PFG_MOEA,276,10,411.21,4974.5,0 16 369 15 0,
PFG_MOEA,276,11,411.21,4974.5,0 168 203 178 82 41 0,178
PFG_MOEA,276,12,411.21,4974.5,0 335 360 338 202 306 370 342 144 176 27 98 78 196 296 347 332 216 47 125 9 150 147 324 211 244 223 104 310 282 143 309 5 195 379 79 160 50 60 270 257 210 45 153 278 87 171 353 348 75 328 248 258 376 368 290 343 349 344 243 117 0,
PFG_MOEA,277,1,312.55,5795.78,0 336 138 239 122 296 347 332 324 275 277 104 211 244 223 102 352 363 323 194 147 101 95 222 0,122 211 222 277
PFG_MOEA,277,2,312.55,5795.78,0 335 360 207 307 313 359 187 100 310 282 143 79 160 50 60 257 270 379 195 5 309 280 351 237 256 274 49 198 252 236 381 23 90 12 214 185 118 281 26 334 298 371 72 52 130 44 386 80 0,5 307
PFG_MOEA,277,3,312.55,5795.78,0 13 19 226 57 127 109 59 137 136 273 77 151 218 197 388 261 106 173 302 107 164 67 312 201 362 123 51 145 294 174 339 132 142 120 269 321 299 0,174
PFG_MOEA,277,4,312.55,5795.78,0 340 233 135 88 249 35 235 161 68 58 34 231 289 366 267 228 141 266 303 357 319 86 199 156 94 0,303
PFG_MOEA,277,5,312.55,5795.78,0 38 172 182 397 36 11 92 374 230 311 350 4 314 193 37 322 121 146 320 364 393 3 229 308 356 264 259 246 42 300 329 112 191 152 221 242 96 0,42 264
PFG_MOEA,277,6,312.55,5795.78,0 200 165 129 0,
PFG_MOEA,277,7,312.55,5795.78,0 304 330 395 400 394 188 301 372 21 167 291 139 149 157 63 316 387 17 43 33 71 224 260 0,
PFG_MOEA,277,8,312.55,5795.78,0 399 247 28 250 345 377 262 1 255 327 254 73 215 85 93 179 232 225 97 148 238 192 48 31 0,93
PFG_MOEA,277,9,312.55,5795.78,0 378 69 183 354 265 346 315 99 175 251 190 390 18 103 155 83 234 213 227 398 209 361 170 367 25 55 217 56 7 180 333 317 286 140 110 62 297 65 283 326 305 154 204 6 208 241 220 158 189 64 20 126 124 0,175
PFG_MOEA,277,10,312.55,5795.78,0 287 382 383 10 268 272 30 66 166 205 271 39 391 53 293 133 331 285 392 115 245 396 240 385 288 177 181 358 337 384 111 116 76 113 81 29 325 355 131 84 114 389 105 341 219 0,
PFG_MOEA,277,11,312.55,5795.78,0 91 24 212 375 14 108 169 373 8 263 292 70 318 184 284 74 279 159 162 22 134 186 89 216 47 125 9 150 163 61 365 253 206 46 54 0,
PFG_MOEA,277,12,312.55,5795.78,0 41 82 178 117 243 344 349 343 290 368 376 258 248 328 75 171 87 153 278 210 45 353 348 2 119 128 295 40 32 276 196 78 98 27 176 144 342 370 306 202 338 203 168 369 380 16 15 0,16 87 203
PFG_MOEA,278,1,759.34,4800.0,0 219 341 105 389 114 84 131 355 325 29 81 113 76 116 111 384 337 358 181 177 288 385 240 396 245 115 392 285 331 133 293 53 163 150 9 125 47 216 89 61 206 253 365 0,245
PFG_MOEA,278,2,759.34,4800.0,0 22 134 186 162 159 279 74 284 184 318 70 292 263 8 373 169 108 14 375 212 24 91 0,318
PFG_MOEA,278,3,759.34,4800.0,0 304 31 48 148 260 224 71 33 129 238 330 192 200 165 112 191 152 127 57 109 59 137 273 136 247 17 43 85 215 73 254 69 354 183 327 387 157 149 188 394 316 63 262 1 255 250 28 42 400 395 377 345 356 264 259 246 308 229 197 218 151 77 107 164 67 302 388 3 106 173 261 320 364 393 312 201 362 329 300 123 51 145 322 121 146 294 174 339 132 120 142 37 269 321 299 340 233 135 88 249 35 161 235 68 58 34 386 231 289 366 267 228 44 130 52 72 303 357 319 266 141 86 92 199 156 94 230 311 374 11 36 397 350 4 314 193 182 172 13 19 226 221 242 96 80 38 0,33 106 174 200 303 311 394
PFG_MOEA,278,4,759.34,4800.0,0 378 83 155 103 18 190 251 175 99 315 346 372 301 167 21 139 291 265 390 234 0,
PFG_MOEA,278,5,759.34,4800.0,0 179 391 271 39 30 272 268 46 54 93 398 227 213 232 0,391
PFG_MOEA,278,6,759.34,4800.0,0 225 0,
PFG_MOEA,278,7,759.34,4800.0,0 97 209 361 170 367 0,
PFG_MOEA,278,8,759.34,4800.0,0 399 15 168 203 338 202 306 370 342 144 176 27 98 78 196 369 380 16 41 82 178 117 243 344 349 66 343 290 368 376 258 248 328 75 348 353 45 210 278 153 171 87 6 208 205 166 158 189 220 241 62 297 65 283 204 154 305 326 110 140 180 333 317 286 25 55 217 56 7 124 126 20 64 287 10 383 382 0,62 66 205 220 342
PFG_MOEA,278,9,759.34,4800.0,0 2 119 128 295 40 32 276 239 122 296 332 347 138 336 222 95 101 194 147 324 275 323 363 352 277 102 223 244 211 104 310 100 282 143 79 160 50 60 257 270 379 195 5 309 280 351 237 256 274 49 198 252 236 0,
PFG_MOEA,278,10,759.34,4800.0,0 381 23 90 12 207 307 0,
PFG_MOEA,278,11,759.34,4800.0,0 335 187 359 313 360 214 0,
PFG_MOEA,278,12,759.34,4800.0,0 185 118 281 26 334 298 371 0,
PFG_MOEA,279,1,314.81,5596.11,0 12 90 128 236 252 336 276 138 222 198 49 274 256 237 351 280 309 5 290 343 313 207 0,222
PFG_MOEA,279,2,314.81,5596.11,0 91 292 263 8 373 169 108 14 375 212 24 371 219 341 298 334 26 281 118 185 214 295 40 32 239 122 95 101 352 363 323 194 275 277 102 100 23 381 119 2 307 359 187 148 48 31 304 0,23
PFG_MOEA,279,3,314.81,5596.11,0 260 224 71 33 127 152 191 112 165 200 129 238 330 192 0,33
PFG_MOEA,279,4,314.81,5596.11,0 57 67 302 173 106 3 388 164 107 77 151 218 197 229 308 246 259 264 356 345 377 395 400 42 28 250 255 1 262 63 316 394 188 149 157 387 327 183 354 69 254 73 215 85 43 17 247 136 273 137 59 109 0,
PFG_MOEA,279,5,314.81,5596.11,0 329 300 362 123 51 145 322 121 146 201 261 320 364 393 312 294 174 339 132 206 253 365 360 335 0,362 393
PFG_MOEA,279,6,314.81,5596.11,0 61 358 181 177 288 385 240 396 245 115 392 285 331 133 293 53 163 150 9 125 47 216 89 0,
PFG_MOEA,279,7,314.81,5596.11,0 80 13 19 226 35 161 235 58 34 386 231 289 366 267 228 44 130 52 72 318 70 184 284 74 279 159 162 389 114 355 325 384 337 111 116 76 113 81 29 131 84 105 186 134 22 0,
PFG_MOEA,279,8,314.81,5596.11,0 38 96 242 221 172 182 397 350 311 4 314 193 230 94 156 374 36 11 92 319 357 303 266 141 86 199 68 135 88 249 233 340 299 321 269 120 142 37 301 21 139 291 167 372 346 315 99 175 251 0,182
PFG_MOEA,279,9,314.81,5596.11,0 97 225 232 179 391 271 158 241 62 297 65 283 204 154 305 326 110 140 286 317 333 180 220 126 124 7 56 217 55 25 367 170 361 209 227 234 213 190 390 265 18 103 155 83 378 398 93 54 46 268 272 30 39 0,65 154
PFG_MOEA,279,10,314.81,5596.11,0 399 15 16 380 41 82 178 117 243 344 349 20 189 64 166 205 208 6 87 171 153 278 210 353 258 376 368 66 287 10 383 382 0,243
PFG_MOEA,279,11,314.81,5596.11,0 369 338 203 168 0,
PFG_MOEA,279,12,314.81,5596.11,0 202 306 370 342 144 176 27 98 78 196 296 347 332 324 147 211 244 223 104 310 282 143 79 160 50 60 257 270 379 195 45 348 75 328 248 0,370
PFG_MOEA,280,1,411.21,4974.5,0 12 90 381 23 32 276 239 336 138 222 198 49 274 256 237 351 280 252 236 128 119 2 0,23
PFG_MOEA,280,2,411.21,4974.5,0 22 118 185 214 295 40 122 392 285 331 133 293 53 101 352 363 323 194 275 277 102 100 95 163 61 89 207 307 313 359 365 253 206 187 0,22 100
PFG_MOEA,280,3,411.21,4974.5,0 115 0,
PFG_MOEA,280,4,411.21,4974.5,0 245 396 240 385 288 177 181 358 337 384 111 116 76 113 81 29 325 355 0,
PFG_MOEA,280,5,411.21,4974.5,0 281 26 334 298 341 134 186 131 84 114 389 105 219 371 162 159 74 279 91 24 212 375 284 14 184 318 70 292 263 8 373 169 108 72 52 130 44 386 362 201 312 67 164 107 302 173 106 261 388 197 218 151 77 273 136 137 59 109 127 57 226 19 13 80 0,77 106 284
PFG_MOEA,280,6,411.21,4974.5,0 38 172 182 319 303 357 266 141 86 199 228 267 366 289 231 34 58 68 161 235 35 249 88 135 233 156 94 230 374 92 11 36 397 350 311 4 314 193 340 299 321 269 120 142 37 51 123 145 132 339 322 121 146 294 174 320 364 393 3 229 308 356 264 259 246 42 300 329 112 221 242 96 0,51 174 229 246 299
PFG_MOEA,280,7,411.21,4974.5,0 399 200 165 191 152 247 255 1 262 250 28 345 377 395 400 394 188 301 372 21 167 291 139 149 157 63 316 387 327 17 43 85 215 73 254 183 354 69 265 346 315 99 175 251 190 390 18 103 155 83 378 213 234 227 398 93 224 179 232 225 97 71 33 260 148 238 129 330 192 48 31 304 0,93
PFG_MOEA,280,8,411.21,4974.5,0 382 383 10 391 271 39 46 54 268 272 30 66 166 205 208 6 204 154 305 326 283 65 297 62 241 110 140 286 317 333 180 220 158 189 64 20 126 124 7 56 217 55 25 367 170 361 209 287 0,55 62 66 220
PFG_MOEA,280,9,411.21,4974.5,0 380 0,
PFG_MOEA,280,10,411.21,4974.5,0 16 369 15 0,
PFG_MOEA,280,11,411.21,4974.5,0 168 203 178 82 41 0,178
PFG_MOEA,280,12,411.21,4974.5,0 335 360 338 202 306 370 342 144 176 27 98 78 196 296 347 332 216 47 125 9 150 147 324 211 244 223 104 310 282 143 309 5 195 379 79 160 50 60 270 257 210 45 153 278 87 171 353 348 75 328 248 258 376 368 290 343 349 344 243 117 0,
PFG_MOEA,281,1,312.55,5795.78,0 336 138 239 122 296 347 332 324 275 277 104 211 244 223 102 352 363 323 194 147 101 95 222 0,122 211 222 277
PFG_MOEA,281,2,312.55,5795.78,0 335 360 207 307 313 359 187 100 310 282 143 79 160 50 60 257 270 379 195 5 309 280 351 237 256 274 49 198 252 236 381 23 90 12 214 185 118 281 26 334 298 371 72 52 130 44 386 80 0,5 307
PFG_MOEA,281,3,312.55,5795.78,0 13 19 226 57 127 109 59 137 136 273 77 151 218 197 388 261 106 173 302 107 164 67 312 201 362 123 51 145 294 174 339 132 142 120 269 321 299 0,174
PFG_MOEA,281,4,312.55,5795.78,0 340 233 135 88 249 35 235 161 68 58 34 231 289 366 267 228 141 266 303 357 319 86 199 156 94 0,303
PFG_MOEA,281,5,312.55,5795.78,0 38 172 182 397 36 11 92 374 230 311 350 4 314 193 37 322 121 146 320 364 393 3 229 308 356 264 259 246 42 300 329 112 191 152 221 242 96 0,42 264
PFG_MOEA,281,6,312.55,5795.78,0 200 165 129 0,
PFG_MOEA,281,7,312.55,5795.78,0 304 330 395 400 394 188 301 372 21 167 291 139 149 157 63 316 387 17 43 33 71 224 260 0,
PFG_MOEA,281,8,312.55,5795.78,0 399 247 28 250 345 377 262 1 255 327 254 73 215 85 93 179 232 225 97 148 238 192 48 31 0,93
PFG_MOEA,281,9,312.55,5795.78,0 378 69 183 354 265 346 315 99 175 251 190 390 18 103 155 83 234 213 227 398 209 361 170 367 25 55 217 56 7 180 333 317 286 140 110 62 297 65 283 326 305 154 204 6 208 241 220 158 189 64 20 126 124 0,175
PFG_MOEA,281,10,312.55,5795.78,0 287 382 383 10 268 272 30 66 166 205 271 39 391 53 293 133 331 285 392 115 245 396 240 385 288 177 181 358 337 384 111 116 76 113 81 29 325 355 131 84 114 389 105 341 219 0,
PFG_MOEA,281,11,312.55,5795.78,0 91 24 212 375 14 108 169 373 8 263 292 70 318 184 284 74 279 159 162 22 134 186 89 216 47 125 9 150 163 61 365 253 206 46 54 0,
PFG_MOEA,281,12,312.55,5795.78,0 41 82 178 117 243 344 349 343 290 368 376 258 248 328 75 171 87 153 278 210 45 353 348 2 119 128 295 40 32 276 196 78 98 27 176 144 342 370 306 202 338 203 168 369 380 16 15 0,16 87 203
PFG_MOEA,282,1,759.34,4800.0,0 219 341 105 389 114 84 131 355 325 29 81 113 76 116 111 384 337 358 181 177 288 385 240 396 245 115 392 285 331 133 293 53 163 150 9 125 47 216 89 61 206 253 365 0,245
PFG_MOEA,282,2,759.34,4800.0,0 22 134 186 162 159 279 74 284 184 318 70 292 263 8 373 169 108 14 375 212 24 91 0,318
PFG_MOEA,282,3,759.34,4800.0,0 304 31 48 148 260 224 71 33 129 238 330 192 200 165 112 191 152 127 57 109 59 137 273 136 247 17 43 85 215 73 254 69 354 183 327 387 157 149 188 394 316 63 262 1 255 250 28 42 400 395 377 345 356 264 259 246 308 229 197 218 151 77 107 164 67 302 388 3 106 173 261 320 364 393 312 201 362 329 300 123 51 145 322 121 146 294 174 339 132 120 142 37 269 321 299 340 233 135 88 249 35 161 235 68 58 34 386 231 289 366 267 228 44 130 52 72 303 357 319 266 141 86 92 199 156 94 230 311 374 11 36 397 350 4 314 193 182 172 13 19 226 221 242 96 80 38 0,33 106 174 200 303 311 394
PFG_MOEA,282,4,759.34,4800.0,0 378 83 155 103 18 190 251 175 99 315 346 372 301 167 21 139 291 265 390 234 0,
PFG_MOEA,282,5,759.34,4800.0,0 179 391 271 39 30 272 268 46 54 93 398 227 213 232 0,391
PFG_MOEA,282,6,759.34,4800.0,0 225 0,
PFG_MOEA,282,7,759.34,4800.0,0 97 209 361 170 367 0,
PFG_MOEA,282,8,759.34,4800.0,0 399 15 168 203 338 202 306 370 342 144 176 27 98 78 196 369 380 16 41 82 178 117 243 344 349 66 343 290 368 376 258 248 328 75 348 353 45 210 278 153 171 87 6 208 205 166 158 189 220 241 62 297 65 283 204 154 305 326 110 140 180 333 317 286 25 55 217 56 7 124 126 20 64 287 10 383 382 0,62 66 205 220 342
PFG_MOEA,282,9,759.34,4800.0,0 2 119 128 295 40 32 276 239 122 296 332 347 138 336 222 95 101 194 147 324 275 323 363 352 277 102 223 244 211 104 310 100 282 143 79 160 50 60 257 270 379 195 5 309 280 351 237 256 274 49 198 252 236 0,
PFG_MOEA,282,10,759.34,4800.0,0 381 23 90 12 207 307 0,
PFG_MOEA,282,11,759.34,4800.0,0 335 187 359 313 360 214 0,
PFG_MOEA,282,12,759.34,4800.0,0 185 118 281 26 334 298 371 0,
PFG_MOEA,283,1,314.81,5596.11,0 12 90 128 236 252 336 276 138 222 198 49 274 256 237 351 280 309 5 290 343 313 207 0,222
PFG_MOEA,283,2,314.81,5596.11,0 91 292 263 8 373 169 108 14 375 212 24 371 219 341 298 334 26 281 118 185 214 295 40 32 239 122 95 101 352 363 323 194 275 277 102 100 23 381 119 2 307 359 187 148 48 31 304 0,23
PFG_MOEA,283,3,314.81,5596.11,0 260 224 71 33 127 152 191 112 165 200 129 238 330 192 0,33
PFG_MOEA,283,4,314.81,5596.11,0 57 67 302 173 106 3 388 164 107 77 151 218 197 229 308 246 259 264 356 345 377 395 400 42 28 250 255 1 262 63 316 394 188 149 157 387 327 183 354 69 254 73 215 85 43 17 247 136 273 137 59 109 0,
PFG_MOEA,283,5,314.81,5596.11,0 329 300 362 123 51 145 322 121 146 201 261 320 364 393 312 294 174 339 132 206 253 365 360 335 0,362 393
PFG_MOEA,283,6,314.81,5596.11,0 61 358 181 177 288 385 240 396 245 115 392 285 331 133 293 53 163 150 9 125 47 216 89 0,
PFG_MOEA,283,7,314.81,5596.11,0 80 13 19 226 35 161 235 58 34 386 231 289 366 267 228 44 130 52 72 318 70 184 284 74 279 159 162 389 114 355 325 384 337 111 116 76 113 81 29 131 84 105 186 134 22 0,
PFG_MOEA,283,8,314.81,5596.11,0 38 96 242 221 172 182 397 350 311 4 314 193 230 94 156 374 36 11 92 319 357 303 266 141 86 199 68 135 88 249 233 340 299 321 269 120 142 37 301 21 139 291 167 372 346 315 99 175 251 0,182
PFG_MOEA,283,9,314.81,5596.11,0 97 225 232 179 391 271 158 241 62 297 65 283 204 154 305 326 110 140 286 317 333 180 220 126 124 7 56 217 55 25 367 170 361 209 227 234 213 190 390 265 18 103 155 83 378 398 93 54 46 268 272 30 39 0,65 154
PFG_MOEA,283,10,314.81,5596.11,0 399 15 16 380 41 82 178 117 243 344 349 20 189 64 166 205 208 6 87 171 153 278 210 353 258 376 368 66 287 10 383 382 0,243
PFG_MOEA,283,11,314.81,5596.11,0 369 338 203 168 0,
PFG_MOEA,283,12,314.81,5596.11,0 202 306 370 342 144 176 27 98 78 196 296 347 332 324 147 211 244 223 104 310 282 143 79 160 50 60 257 270 379 195 45 348 75 328 248 0,370
PFG_MOEA,284,1,411.21,4974.5,0 12 90 381 23 32 276 239 336 138 222 198 49 274 256 237 351 280 252 236 128 119 2 0,23
PFG_MOEA,284,2,411.21,4974.5,0 22 118 185 214 295 40 122 392 285 331 133 293 53 101 352 363 323 194 275 277 102 100 95 163 61 89 207 307 313 359 365 253 206 187 0,22 100
PFG_MOEA,284,3,411.21,4974.5,0 115 0,
PFG_MOEA,284,4,411.21,4974.5,0 245 396 240 385 288 177 181 358 337 384 111 116 76 113 81 29 325 355 0,
PFG_MOEA,284,5,411.21,4974.5,0 281 26 334 298 341 134 186 131 84 114 389 105 219 371 162 159 74 279 91 24 212 375 284 14 184 318 70 292 263 8 373 169 108 72 52 130 44 386 362 201 312 67 164 107 302 173 106 261 388 197 218 151 77 273 136 137 59 109 127 57 226 19 13 80 0,77 106 284
PFG_MOEA,284,6,411.21,4974.5,0 38 172 182 319 303 357 266 141 86 199 228 267 366 289 231 34 58 68 161 235 35 249 88 135 233 156 94 230 374 92 11 36 397 350 311 4 314 193 340 299 321 269 120 142 37 51 123 145 132 339 322 121 146 294 174 320 364 393 3 229 308 356 264 259 246 42 300 329 112 221 242 96 0,51 174 229 246 299
PFG_MOEA,284,7,411.21,4974.5,0 399 200 165 191 152 247 255 1 262 250 28 345 377 395 400 394 188 301 372 21 167 291 139 149 157 63 316 387 327 17 43 85 215 73 254 183 354 69 265 346 315 99 175 251 190 390 18 103 155 83 378 213 234 227 398 93 224 179 232 225 97 71 33 260 148 238 129 330 192 48 31 304 0,93
PFG_MOEA,284,8,411.21,4974.5,0 382 383 10 391 271 39 46 54 268 272 30 66 166 205 208 6 204 154 305 326 283 65 297 62 241 110 140 286 317 333 180 220 158 189 64 20 126 124 7 56 217 55 25 367 170 361 209 287 0,55 62 66 220
PFG_MOEA,284,9,411.21,4974.5,0 380 0,
PFG_MOEA,284,10,411.21,4974.5,0 16 369 15 0,
PFG_MOEA,284,11,411.21,4974.5,0 168 203 178 82 41 0,178
PFG_MOEA,284,12,411.21,4974.5,0 335 360 338 202 306 370 342 144 176 27 98 78 196 296 347 332 216 47 125 9 150 147 324 211 244 223 104 310 282 143 309 5 195 379 79 160 50 60 270 257 210 45 153 278 87 171 353 348 75 328 248 258 376 368 290 343 349 344 243 117 0,
PFG_MOEA,285,1,312.55,5795.78,0 336 138 239 122 296 347 332 324 275 277 104 211 244 223 102 352 363 323 194 147 101 95 222 0,122 211 222 277
PFG_MOEA,285,2,312.55,5795.78,0 335 360 207 307 313 359 187 100 310 282 143 79 160 50 60 257 270 379 195 5 309 280 351 237 256 274 49 198 252 236 381 23 90 12 214 185 118 281 26 334 298 371 72 52 130 44 386 80 0,5 307
PFG_MOEA,285,3,312.55,5795.78,0 13 19 226 57 127 109 59 137 136 273 77 151 218 197 388 261 106 173 302 107 164 67 312 201 362 123 51 145 294 174 339 132 142 120 269 321 299 0,174
PFG_MOEA,285,4,312.55,5795.78,0 340 233 135 88 249 35 235 161 68 58 34 231 289 366 267 228 141 266 303 357 319 86 199 156 94 0,303
PFG_MOEA,285,5,312.55,5795.78,0 38 172 182 397 36 11 92 374 230 311 350 4 314 193 37 322 121 146 320 364 393 3 229 308 356 264 259 246 42 300 329 112 191 152 221 242 96 0,42 264
PFG_MOEA,285,6,312.55,5795.78,0 200 165 129 0,
PFG_MOEA,285,7,312.55,5795.78,0 304 330 395 400 394 188 301 372 21 167 291 139 149 157 63 316 387 17 43 33 71 224 260 0,
PFG_MOEA,285,8,312.55,5795.78,0 399 247 28 250 345 377 262 1 255 327 254 73 215 85 93 179 232 225 97 148 238 192 48 31 0,93
PFG_MOEA,285,9,312.55,5795.78,0 378 69 183 354 265 346 315 99 175 251 190 390 18 103 155 83 234 213 227 398 209 361 170 367 25 55 217 56 7 180 333 317 286 140 110 62 297 65 283 326 305 154 204 6 208 241 220 158 189 64 20 126 124 0,175
PFG_MOEA,285,10,312.55,5795.78,0 287 382 383 10 268 272 30 66 166 205 271 39 391 53 293 133 331 285 392 115 245 396 240 385 288 177 181 358 337 384 111 116 76 113 81 29 325 355 131 84 114 389 105 341 219 0,
PFG_MOEA,285,11,312.55,5795.78,0 91 24 212 375 14 108 169 373 8 263 292 70 318 184 284 74 279 159 162 22 134 186 89 216 47 125 9 150 163 61 365 253 206 46 54 0,
PFG_MOEA,285,12,312.55,5795.78,0 41 82 178 117 243 344 349 343 290 368 376 258 248 328 75 171 87 153 278 210 45 353 348 2 119 128 295 40 32 276 196 78 98 27 176 144 342 370 306 202 338 203 168 369 380 16 15 0,16 87 203
PFG_MOEA,286,1,759.34,4800.0,0 219 341 105 389 114 84 131 355 325 29 81 113 76 116 111 384 337 358 181 177 288 385 240 396 245 115 392 285 331 133 293 53 163 150 9 125 47 216 89 61 206 253 365 0,245
PFG_MOEA,286,2,759.34,4800.0,0 22 134 186 162 159 279 74 284 184 318 70 292 263 8 373 169 108 14 375 212 24 91 0,318
PFG_MOEA,286,3,759.34,4800.0,0 304 31 48 148 260 224 71 33 129 238 330 192 200 165 112 191 152 127 57 109 59 137 273 136 247 17 43 85 215 73 254 69 354 183 327 387 157 149 188 394 316 63 262 1 255 250 28 42 400 395 377 345 356 264 259 246 308 229 197 218 151 77 107 164 67 302 388 3 106 173 261 320 364 393 312 201 362 329 300 123 51 145 322 121 146 294 174 339 132 120 142 37 269 321 299 340 233 135 88 249 35 161 235 68 58 34 386 231 289 366 267 228 44 130 52 72 303 357 319 266 141 86 92 199 156 94 230 311 374 11 36 397 350 4 314 193 182 172 13 19 226 221 242 96 80 38 0,33 106 174 200 303 311 394
PFG_MOEA,286,4,759.34,4800.0,0 378 83 155 103 18 190 251 175 99 315 346 372 301 167 21 139 291 265 390 234 0,
PFG_MOEA,286,5,759.34,4800.0,0 179 391 271 39 30 272 268 46 54 93 398 227 213 232 0,391
PFG_MOEA,286,6,759.34,4800.0,0 225 0,
PFG_MOEA,286,7,759.34,4800.0,0 97 209 361 170 367 0,
PFG_MOEA,286,8,759.34,4800.0,0 399 15 168 203 338 202 306 370 342 144 176 27 98 78 196 369 380 16 41 82 178 117 243 344 349 66 343 290 368 376 258 248 328 75 348 353 45 210 278 153 171 87 6 208 205 166 158 189 220 241 62 297 65 283 204 154 305 326 110 140 180 333 317 286 25 55 217 56 7 124 126 20 64 287 10 383 382 0,62 66 205 220 342
PFG_MOEA,286,9,759.34,4800.0,0 2 119 128 295 40 32 276 239 122 296 332 347 138 336 222 95 101 194 147 324 275 323 363 352 277 102 223 244 211 104 310 100 282 143 79 160 50 60 257 270 379 195 5 309 280 351 237 256 274 49 198 252 236 0,
PFG_MOEA,286,10,759.34,4800.0,0 381 23 90 12 207 307 0,
PFG_MOEA,286,11,759.34,4800.0,0 335 187 359 313 360 214 0,
PFG_MOEA,286,12,759.34,4800.0,0 185 118 281 26 334 298 371 0,
PFG_MOEA,287,1,314.81,5596.11,0 12 90 128 236 252 336 276 138 222 198 49 274 256 237 351 280 309 5 290 343 313 207 0,222
PFG_MOEA,287,2,314.81,5596.11,0 91 292 263 8 373 169 108 14 375 212 24 371 219 341 298 334 26 281 118 185 214 295 40 32 239 122 95 101 352 363 323 194 275 277 102 100 23 381 119 2 307 359 187 148 48 31 304 0,23
PFG_MOEA,287,3,314.81,5596.11,0 260 224 71 33 127 152 191 112 165 200 129 238 330 192 0,33
PFG_MOEA,287,4,314.81,5596.11,0 57 67 302 173 106 3 388 164 107 77 151 218 197 229 308 246 259 264 356 345 377 395 400 42 28 250 255 1 262 63 316 394 188 149 157 387 327 183 354 69 254 73 215 85 43 17 247 136 273 137 59 109 0,
PFG_MOEA,287,5,314.81,5596.11,0 329 300 362 123 51 145 322 121 146 201 261 320 364 393 312 294 174 339 132 206 253 365 360 335 0,362 393
PFG_MOEA,287,6,314.81,5596.11,0 61 358 181 177 288 385 240 396 245 115 392 285 331 133 293 53 163 150 9 125 47 216 89 0,
PFG_MOEA,287,7,314.81,5596.11,0 80 13 19 226 35 161 235 58 34 386 231 289 366 267 228 44 130 52 72 318 70 184 284 74 279 159 162 389 114 355 325 384 337 111 116 76 113 81 29 131 84 105 186 134 22 0,
PFG_MOEA,287,8,314.81,5596.11,0 38 96 242 221 172 182 397 350 311 4 314 193 230 94 156 374 36 11 92 319 357 303 266 141 86 199 68 135 88 249 233 340 299 321 269 120 142 37 301 21 139 291 167 372 346 315 99 175 251 0,182
PFG_MOEA,287,9,314.81,5596.11,0 97 225 232 179 391 271 158 241 62 297 65 283 204 154 305 326 110 140 286 317 333 180 220 126 124 7 56 217 55 25 367 170 361 209 227 234 213 190 390 265 18 103 155 83 378 398 93 54 46 268 272 30 39 0,65 154
PFG_MOEA,287,10,314.81,5596.11,0 399 15 16 380 41 82 178 117 243 344 349 20 189 64 166 205 208 6 87 171 153 278 210 353 258 376 368 66 287 10 383 382 0,243
PFG_MOEA,287,11,314.81,5596.11,0 369 338 203 168 0,
PFG_MOEA,287,12,314.81,5596.11,0 202 306 370 342 144 176 27 98 78 196 296 347 332 324 147 211 244 223 104 310 282 143 79 160 50 60 257 270 379 195 45 348 75 328 248 0,370
PFG_MOEA,288,1,411.21,4974.5,0 12 90 381 23 32 276 239 336 138 222 198 49 274 256 237 351 280 252 236 128 119 2 0,23
PFG_MOEA,288,2,411.21,4974.5,0 22 118 185 214 295 40 122 392 285 331 133 293 53 101 352 363 323 194 275 277 102 100 95 163 61 89 207 307 313 359 365 253 206 187 0,22 100
PFG_MOEA,288,3,411.21,4974.5,0 115 0,
PFG_MOEA,288,4,411.21,4974.5,0 245 396 240 385 288 177 181 358 337 384 111 116 76 113 81 29 325 355 0,
PFG_MOEA,288,5,411.21,4974.5,0 281 26 334 298 341 134 186 131 84 114 389 105 219 371 162 159 74 279 91 24 212 375 284 14 184 318 70 292 263 8 373 169 108 72 52 130 44 386 362 201 312 67 164 107 302 173 106 261 388 197 218 151 77 273 136 137 59 109 127 57 226 19 13 80 0,77 106 284
PFG_MOEA,288,6,411.21,4974.5,0 38 172 182 319 303 357 266 141 86 199 228 267 366 289 231 34 58 68 161 235 35 249 88 135 233 156 94 230 374 92 11 36 397 350 311 4 314 193 340 299 321 269 120 142 37 51 123 145 132 339 322 121 146 294 174 320 364 393 3 229 308 356 264 259 246 42 300 329 112 221 242 96 0,51 174 229 246 299
PFG_MOEA,288,7,411.21,4974.5,0 399 200 165 191 152 247 255 1 262 250 28 345 377 395 400 394 188 301 372 21 167 291 139 149 157 63 316 387 327 17 43 85 215 73 254 183 354 69 265 346 315 99 175 251 190 390 18 103 155 83 378 213 234 227 398 93 224 179 232 225 97 71 33 260 148 238 129 330 192 48 31 304 0,93
PFG_MOEA,288,8,411.21,4974.5,0 382 383 10 391 271 39 46 54 268 272 30 66 166 205 208 6 204 154 305 326 283 65 297 62 241 110 140 286 317 333 180 220 158 189 64 20 126 124 7 56 217 55 25 367 170 361 209 287 0,55 62 66 220
PFG_MOEA,288,9,411.21,4974.5,0 380 0,
PFG_MOEA,288,10,411.21,4974.5,0 16 369 15 0,
PFG_MOEA,288,11,411.21,4974.5,0 168 203 178 82 41 0,178
PFG_MOEA,288,12,411.21,4974.5,0 335 360 338 202 306 370 342 144 176 27 98 78 196 296 347 332 216 47 125 9 150 147 324 211 244 223 104 310 282 143 309 5 195 379 79 160 50 60 270 257 210 45 153 278 87 171 353 348 75 328 248 258 376 368 290 343 349 344 243 117 0,
PFG_MOEA,289,1,312.55,5795.78,0 336 138 239 122 296 347 332 324 275 277 104 211 244 223 102 352 363 323 194 147 101 95 222 0,122 211 222 277
PFG_MOEA,289,2,312.55,5795.78,0 335 360 207 307 313 359 187 100 310 282 143 79 160 50 60 257 270 379 195 5 309 280 351 237 256 274 49 198 252 236 381 23 90 12 214 185 118 281 26 334 298 371 72 52 130 44 386 80 0,5 307
PFG_MOEA,289,3,312.55,5795.78,0 13 19 226 57 127 109 59 137 136 273 77 151 218 197 388 261 106 173 302 107 164 67 312 201 362 123 51 145 294 174 339 132 142 120 269 321 299 0,174
PFG_MOEA,289,4,312.55,5795.78,0 340 233 135 88 249 35 235 161 68 58 34 231 289 366 267 228 141 266 303 357 319 86 199 156 94 0,303
PFG_MOEA,289,5,312.55,5795.78,0 38 172 182 397 36 11 92 374 230 311 350 4 314 193 37 322 121 146 320 364 393 3 229 308 356 264 259 246 42 300 329 112 191 152 221 242 96 0,42 264
PFG_MOEA,289,6,312.55,5795.78,0 200 165 129 0,
PFG_MOEA,289,7,312.55,5795.78,0 304 330 395 400 394 188 301 372 21 167 291 139 149 157 63 316 387 17 43 33 71 224 260 0,
PFG_MOEA,289,8,312.55,5795.78,0 399 247 28 250 345 377 262 1 255 327 254 73 215 85 93 179 232 225 97 148 238 192 48 31 0,93
PFG_MOEA,289,9,312.55,5795.78,0 378 69 183 354 265 346 315 99 175 251 190 390 18 103 155 83 234 213 227 398 209 361 170 367 25 55 217 56 7 180 333 317 286 140 110 62 297 65 283 326 305 154 204 6 208 241 220 158 189 64 20 126 124 0,175
PFG_MOEA,289,10,312.55,5795.78,0 287 382 383 10 268 272 30 66 166 205 271 39 391 53 293 133 331 285 392 115 245 396 240 385 288 177 181 358 337 384 111 116 76 113 81 29 325 355 131 84 114 389 105 341 219 0,
PFG_MOEA,289,11,312.55,5795.78,0 91 24 212 375 14 108 169 373 8 263 292 70 318 184 284 74 279 159 162 22 134 186 89 216 47 125 9 150 163 61 365 253 206 46 54 0,
PFG_MOEA,289,12,312.55,5795.78,0 41 82 178 117 243 344 349 343 290 368 376 258 248 328 75 171 87 153 278 210 45 353 348 2 119 128 295 40 32 276 196 78 98 27 176 144 342 370 306 202 338 203 168 369 380 16 15 0,16 87 203
PFG_MOEA,290,1,759.34,4800.0,0 219 341 105 389 114 84 131 355 325 29 81 113 76 116 111 384 337 358 181 177 288 385 240 396 245 115 392 285 331 133 293 53 163 150 9 125 47 216 89 61 206 253 365 0,245
PFG_MOEA,290,2,759.34,4800.0,0 22 134 186 162 159 279 74 284 184 318 70 292 263 8 373 169 108 14 375 212 24 91 0,318
PFG_MOEA,290,3,759.34,4800.0,0 304 31 48 148 260 224 71 33 129 238 330 192 200 165 112 191 152 127 57 109 59 137 273 136 247 17 43 85 215 73 254 69 354 183 327 387 157 149 188 394 316 63 262 1 255 250 28 42 400 395 377 345 356 264 259 246 308 229 197 218 151 77 107 164 67 302 388 3 106 173 261 320 364 393 312 201 362 329 300 123 51 145 322 121 146 294 174 339 132 120 142 37 269 321 299 340 233 135 88 249 35 161 235 68 58 34 386 231 289 366 267 228 44 130 52 72 303 357 319 266 141 86 92 199 156 94 230 311 374 11 36 397 350 4 314 193 182 172 13 19 226 221 242 96 80 38 0,33 106 174 200 303 311 394
PFG_MOEA,290,4,759.34,4800.0,0 378 83 155 103 18 190 251 175 99 315 346 372 301 167 21 139 291 265 390 234 0,
PFG_MOEA,290,5,759.34,4800.0,0 179 391 271 39 30 272 268 46 54 93 398 227 213 232 0,391
PFG_MOEA,290,6,759.34,4800.0,0 225 0,
PFG_MOEA,290,7,759.34,4800.0,0 97 209 361 170 367 0,
PFG_MOEA,290,8,759.34,4800.0,0 399 15 168 203 338 202 306 370 342 144 176 27 98 78 196 369 380 16 41 82 178 117 243 344 349 66 343 290 368 376 258 248 328 75 348 353 45 210 278 153 171 87 6 208 205 166 158 189 220 241 62 297 65 283 204 154 305 326 110 140 180 333 317 286 25 55 217 56 7 124 126 20 64 287 10 383 382 0,62 66 205 220 342
PFG_MOEA,290,9,759.34,4800.0,0 2 119 128 295 40 32 276 239 122 296 332 347 138 336 222 95 101 194 147 324 275 323 363 352 277 102 223 244 211 104 310 100 282 143 79 160 50 60 257 270 379 195 5 309 280 351 237 256 274 49 198 252 236 0,
PFG_MOEA,290,10,759.34,4800.0,0 381 23 90 12 207 307 0,
PFG_MOEA,290,11,759.34,4800.0,0 335 187 359 313 360 214 0,
PFG_MOEA,290,12,759.34,4800.0,0 185 118 281 26 334 298 371 0,
PFG_MOEA,291,1,314.81,5596.11,0 12 90 128 236 252 336 276 138 222 198 49 274 256 237 351 280 309 5 290 343 313 207 0,222
PFG_MOEA,291,2,314.81,5596.11,0 91 292 263 8 373 169 108 14 375 212 24 371 219 341 298 334 26 281 118 185 214 295 40 32 239 122 95 101 352 363 323 194 275 277 102 100 23 381 119 2 307 359 187 148 48 31 304 0,23
PFG_MOEA,291,3,314.81,5596.11,0 260 224 71 33 127 152 191 112 165 200 129 238 330 192 0,33
PFG_MOEA,291,4,314.81,5596.11,0 57 67 302 173 106 3 388 164 107 77 151 218 197 229 308 246 259 264 356 345 377 395 400 42 28 250 255 1 262 63 316 394 188 149 157 387 327 183 354 69 254 73 215 85 43 17 247 136 273 137 59 109 0,
PFG_MOEA,291,5,314.81,5596.11,0 329 300 362 123 51 145 322 121 146 201 261 320 364 393 312 294 174 339 132 206 253 365 360 335 0,362 393
PFG_MOEA,291,6,314.81,5596.11,0 61 358 181 177 288 385 240 396 245 115 392 285 331 133 293 53 163 150 9 125 47 216 89 0,
PFG_MOEA,291,7,314.81,5596.11,0 80 13 19 226 35 161 235 58 34 386 231 289 366 267 228 44 130 52 72 318 70 184 284 74 279 159 162 389 114 355 325 384 337 111 116 76 113 81 29 131 84 105 186 134 22 0,
PFG_MOEA,291,8,314.81,5596.11,0 38 96 242 221 172 182 397 350 311 4 314 193 230 94 156 374 36 11 92 319 357 303 266 141 86 199 68 135 88 249 233 340 299 321 269 120 142 37 301 21 139 291 167 372 346 315 99 175 251 0,182
PFG_MOEA,291,9,314.81,5596.11,0 97 225 232 179 391 271 158 241 62 297 65 283 204 154 305 326 110 140 286 317 333 180 220 126 124 7 56 217 55 25 367 170 361 209 227 234 213 190 390 265 18 103 155 83 378 398 93 54 46 268 272 30 39 0,65 154
PFG_MOEA,291,10,314.81,5596.11,0 399 15 16 380 41 82 178 117 243 344 349 20 189 64 166 205 208 6 87 171 153 278 210 353 258 376 368 66 287 10 383 382 0,243
PFG_MOEA,291,11,314.81,5596.11,0 369 338 203 168 0,
PFG_MOEA,291,12,314.81,5596.11,0 202 306 370 342 144 176 27 98 78 196 296 347 332 324 147 211 244 223 104 310 282 143 79 160 50 60 257 270 379 195 45 348 75 328 248 0,370
PFG_MOEA,292,1,411.21,4974.5,0 12 90 381 23 32 276 239 336 138 222 198 49 274 256 237 351 280 252 236 128 119 2 0,23
PFG_MOEA,292,2,411.21,4974.5,0 22 118 185 214 295 40 122 392 285 331 133 293 53 101 352 363 323 194 275 277 102 100 95 163 61 89 207 307 313 359 365 253 206 187 0,22 100
PFG_MOEA,292,3,411.21,4974.5,0 115 0,
PFG_MOEA,292,4,411.21,4974.5,0 245 396 240 385 288 177 181 358 337 384 111 116 76 113 81 29 325 355 0,
PFG_MOEA,292,5,411.21,4974.5,0 281 26 334 298 341 134 186 131 84 114 389 105 219 371 162 159 74 279 91 24 212 375 284 14 184 318 70 292 263 8 373 169 108 72 52 130 44 386 362 201 312 67 164 107 302 173 106 261 388 197 218 151 77 273 136 137 59 109 127 57 226 19 13 80 0,77 106 284
PFG_MOEA,292,6,411.21,4974.5,0 38 172 182 319 303 357 266 141 86 199 228 267 366 289 231 34 58 68 161 235 35 249 88 135 233 156 94 230 374 92 11 36 397 350 311 4 314 193 340 299 321 269 120 142 37 51 123 145 132 339 322 121 146 294 174 320 364 393 3 229 308 356 264 259 246 42 300 329 112 221 242 96 0,51 174 229 246 299
PFG_MOEA,292,7,411.21,4974.5,0 399 200 165 191 152 247 255 1 262 250 28 345 377 395 400 394 188 301 372 21 167 291 139 149 157 63 316 387 327 17 43 85 215 73 254 183 354 69 265 346 315 99 175 251 190 390 18 103 155 83 378 213 234 227 398 93 224 179 232 225 97 71 33 260 148 238 129 330 192 48 31 304 0,93
PFG_MOEA,292,8,411.21,4974.5,0 382 383 10 391 271 39 46 54 268 272 30 66 166 205 208 6 204 154 305 326 283 65 297 62 241 110 140 286 317 333 180 220 158 189 64 20 126 124 7 56 217 55 25 367 170 361 209 287 0,55 62 66 220
PFG_MOEA,292,9,411.21,4974.5,0 380 0,
PFG_MOEA,292,10,411.21,4974.5,0 16 369 15 0,
PFG_MOEA,292,11,411.21,4974.5,0 168 203 178 82 41 0,178
PFG_MOEA,292,12,411.21,4974.5,0 335 360 338 202 306 370 342 144 176 27 98 78 196 296 347 332 216 47 125 9 150 147 324 211 244 223 104 310 282 143 309 5 195 379 79 160 50 60 270 257 210 45 153 278 87 171 353 348 75 328 248 258 376 368 290 343 349 344 243 117 0,
PFG_MOEA,293,1,312.55,5795.78,0 336 138 239 122 296 347 332 324 275 277 104 211 244 223 102 352 363 323 194 147 101 95 222 0,122 211 222 277
PFG_MOEA,293,2,312.55,5795.78,0 335 360 207 307 313 359 187 100 310 282 143 79 160 50 60 257 270 379 195 5 309 280 351 237 256 274 49 198 252 236 381 23 90 12 214 185 118 281 26 334 298 371 72 52 130 44 386 80 0,5 307
PFG_MOEA,293,3,312.55,5795.78,0 13 19 226 57 127 109 59 137 136 273 77 151 218 197 388 261 106 173 302 107 164 67 312 201 362 123 51 145 294 174 339 132 142 120 269 321 299 0,174
PFG_MOEA,293,4,312.55,5795.78,0 340 233 135 88 249 35 235 161 68 58 34 231 289 366 267 228 141 266 303 357 319 86 199 156 94 0,303
PFG_MOEA,293,5,312.55,5795.78,0 38 172 182 397 36 11 92 374 230 311 350 4 314 193 37 322 121 146 320 364 393 3 229 308 356 264 259 246 42 300 329 112 191 152 221 242 96 0,42 264
PFG_MOEA,293,6,312.55,5795.78,0 200 165 129 0,
PFG_MOEA,293,7,312.55,5795.78,0 304 330 395 400 394 188 301 372 21 167 291 139 149 157 63 316 387 17 43 33 71 224 260 0,
PFG_MOEA,293,8,312.55,5795.78,0 399 247 28 250 345 377 262 1 255 327 254 73 215 85 93 179 232 225 97 148 238 192 48 31 0,93
PFG_MOEA,293,9,312.55,5795.78,0 378 69 183 354 265 346 315 99 175 251 190 390 18 103 155 83 234 213 227 398 209 361 170 367 25 55 217 56 7 180 333 317 286 140 110 62 297 65 283 326 305 154 204 6 208 241 220 158 189 64 20 126 124 0,175
PFG_MOEA,293,10,312.55,5795.78,0 287 382 383 10 268 272 30 66 166 205 271 39 391 53 293 133 331 285 392 115 245 396 240 385 288 177 181 358 337 384 111 116 76 113 81 29 325 355 131 84 114 389 105 341 219 0,
PFG_MOEA,293,11,312.55,5795.78,0 91 24 212 375 14 108 169 373 8 263 292 70 318 184 284 74 279 159 162 22 134 186 89 216 47 125 9 150 163 61 365 253 206 46 54 0,
PFG_MOEA,293,12,312.55,5795.78,0 41 82 178 117 243 344 349 343 290 368 376 258 248 328 75 171 87 153 278 210 45 353 348 2 119 128 295 40 32 276 196 78 98 27 176 144 342 370 306 202 338 203 168 369 380 16 15 0,16 87 203
PFG_MOEA,294,1,759.34,4800.0,0 219 341 105 389 114 84 131 355 325 29 81 113 76 116 111 384 337 358 181 177 288 385 240 396 245 115 392 285 331 133 293 53 163 150 9 125 47 216 89 61 206 253 365 0,245
PFG_MOEA,294,2,759.34,4800.0,0 22 134 186 162 159 279 74 284 184 318 70 292 263 8 373 169 108 14 375 212 24 91 0,318
PFG_MOEA,294,3,759.34,4800.0,0 304 31 48 148 260 224 71 33 129 238 330 192 200 165 112 191 152 127 57 109 59 137 273 136 247 17 43 85 215 73 254 69 354 183 327 387 157 149 188 394 316 63 262 1 255 250 28 42 400 395 377 345 356 264 259 246 308 229 197 218 151 77 107 164 67 302 388 3 106 173 261 320 364 393 312 201 362 329 300 123 51 145 322 121 146 294 174 339 132 120 142 37 269 321 299 340 233 135 88 249 35 161 235 68 58 34 386 231 289 366 267 228 44 130 52 72 303 357 319 266 141 86 92 199 156 94 230 311 374 11 36 397 350 4 314 193 182 172 13 19 226 221 242 96 80 38 0,33 106 174 200 303 311 394
PFG_MOEA,294,4,759.34,4800.0,0 378 83 155 103 18 190 251 175 99 315 346 372 301 167 21 139 291 265 390 234 0,
PFG_MOEA,294,5,759.34,4800.0,0 179 391 271 39 30 272 268 46 54 93 398 227 213 232 0,391
PFG_MOEA,294,6,759.34,4800.0,0 225 0,
PFG_MOEA,294,7,759.34,4800.0,0 97 209 361 170 367 0,
PFG_MOEA,294,8,759.34,4800.0,0 399 15 168 203 338 202 306 370 342 144 176 27 98 78 196 369 380 16 41 82 178 117 243 344 349 66 343 290 368 376 258 248 328 75 348 353 45 210 278 153 171 87 6 208 205 166 158 189 220 241 62 297 65 283 204 154 305 326 110 140 180 333 317 286 25 55 217 56 7 124 126 20 64 287 10 383 382 0,62 66 205 220 342
PFG_MOEA,294,9,759.34,4800.0,0 2 119 128 295 40 32 276 239 122 296 332 347 138 336 222 95 101 194 147 324 275 323 363 352 277 102 223 244 211 104 310 100 282 143 79 160 50 60 257 270 379 195 5 309 280 351 237 256 274 49 198 252 236 0,
PFG_MOEA,294,10,759.34,4800.0,0 381 23 90 12 207 307 0,
PFG_MOEA,294,11,759.34,4800.0,0 335 187 359 313 360 214 0,
PFG_MOEA,294,12,759.34,4800.0,0 185 118 281 26 334 298 371 0,
PFG_MOEA,295,1,314.81,5596.11,0 12 90 128 236 252 336 276 138 222 198 49 274 256 237 351 280 309 5 290 343 313 207 0,222
PFG_MOEA,295,2,314.81,5596.11,0 91 292 263 8 373 169 108 14 375 212 24 371 219 341 298 334 26 281 118 185 214 295 40 32 239 122 95 101 352 363 323 194 275 277 102 100 23 381 119 2 307 359 187 148 48 31 304 0,23
PFG_MOEA,295,3,314.81,5596.11,0 260 224 71 33 127 152 191 112 165 200 129 238 330 192 0,33
PFG_MOEA,295,4,314.81,5596.11,0 57 67 302 173 106 3 388 164 107 77 151 218 197 229 308 246 259 264 356 345 377 395 400 42 28 250 255 1 262 63 316 394 188 149 157 387 327 183 354 69 254 73 215 85 43 17 247 136 273 137 59 109 0,
PFG_MOEA,295,5,314.81,5596.11,0 329 300 362 123 51 145 322 121 146 201 261 320 364 393 312 294 174 339 132 206 253 365 360 335 0,362 393
PFG_MOEA,295,6,314.81,5596.11,0 61 358 181 177 288 385 240 396 245 115 392 285 331 133 293 53 163 150 9 125 47 216 89 0,
PFG_MOEA,295,7,314.81,5596.11,0 80 13 19 226 35 161 235 58 34 386 231 289 366 267 228 44 130 52 72 318 70 184 284 74 279 159 162 389 114 355 325 384 337 111 116 76 113 81 29 131 84 105 186 134 22 0,
PFG_MOEA,295,8,314.81,5596.11,0 38 96 242 221 172 182 397 350 311 4 314 193 230 94 156 374 36 11 92 319 357 303 266 141 86 199 68 135 88 249 233 340 299 321 269 120 142 37 301 21 139 291 167 372 346 315 99 175 251 0,182
PFG_MOEA,295,9,314.81,5596.11,0 97 225 232 179 391 271 158 241 62 297 65 283 204 154 305 326 110 140 286 317 333 180 220 126 124 7 56 217 55 25 367 170 361 209 227 234 213 190 390 265 18 103 155 83 378 398 93 54 46 268 272 30 39 0,65 154
PFG_MOEA,295,10,314.81,5596.11,0 399 15 16 380 41 82 178 117 243 344 349 20 189 64 166 205 208 6 87 171 153 278 210 353 258 376 368 66 287 10 383 382 0,243
PFG_MOEA,295,11,314.81,5596.11,0 369 338 203 168 0,
PFG_MOEA,295,12,314.81,5596.11,0 202 306 370 342 144 176 27 98 78 196 296 347 332 324 147 211 244 223 104 310 282 143 79 160 50 60 257 270 379 195 45 348 75 328 248 0,370
PFG_MOEA,296,1,411.21,4974.5,0 12 90 381 23 32 276 239 336 138 222 198 49 274 256 237 351 280 252 236 128 119 2 0,23
PFG_MOEA,296,2,411.21,4974.5,0 22 118 185 214 295 40 122 392 285 331 133 293 53 101 352 363 323 194 275 277 102 100 95 163 61 89 207 307 313 359 365 253 206 187 0,22 100
PFG_MOEA,296,3,411.21,4974.5,0 115 0,
PFG_MOEA,296,4,411.21,4974.5,0 245 396 240 385 288 177 181 358 337 384 111 116 76 113 81 29 325 355 0,
PFG_MOEA,296,5,411.21,4974.5,0 281 26 334 298 341 134 186 131 84 114 389 105 219 371 162 159 74 279 91 24 212 375 284 14 184 318 70 292 263 8 373 169 108 72 52 130 44 386 362 201 312 67 164 107 302 173 106 261 388 197 218 151 77 273 136 137 59 109 127 57 226 19 13 80 0,77 106 284
PFG_MOEA,296,6,411.21,4974.5,0 38 172 182 319 303 357 266 141 86 199 228 267 366 289 231 34 58 68 161 235 35 249 88 135 233 156 94 230 374 92 11 36 397 350 311 4 314 193 340 299 321 269 120 142 37 51 123 145 132 339 322 121 146 294 174 320 364 393 3 229 308 356 264 259 246 42 300 329 112 221 242 96 0,51 174 229 246 299
PFG_MOEA,296,7,411.21,4974.5,0 399 200 165 191 152 247 255 1 262 250 28 345 377 395 400 394 188 301 372 21 167 291 139 149 157 63 316 387 327 17 43 85 215 73 254 183 354 69 265 346 315 99 175 251 190 390 18 103 155 83 378 213 234 227 398 93 224 179 232 225 97 71 33 260 148 238 129 330 192 48 31 304 0,93
PFG_MOEA,296,8,411.21,4974.5,0 382 383 10 391 271 39 46 54 268 272 30 66 166 205 208 6 204 154 305 326 283 65 297 62 241 110 140 286 317 333 180 220 158 189 64 20 126 124 7 56 217 55 25 367 170 361 209 287 0,55 62 66 220
PFG_MOEA,296,9,411.21,4974.5,0 380 0,
PFG_MOEA,296,10,411.21,4974.5,0 16 369 15 0,
PFG_MOEA,296,11,411.21,4974.5,0 168 203 178 82 41 0,178
PFG_MOEA,296,12,411.21,4974.5,0 335 360 338 202 306 370 342 144 176 27 98 78 196 296 347 332 216 47 125 9 150 147 324 211 244 223 104 310 282 143 309 5 195 379 79 160 50 60 270 257 210 45 153 278 87 171 353 348 75 328 248 258 376 368 290 343 349 344 243 117 0,
PFG_MOEA,297,1,312.55,5795.78,0 336 138 239 122 296 347 332 324 275 277 104 211 244 223 102 352 363 323 194 147 101 95 222 0,122 211 222 277
PFG_MOEA,297,2,312.55,5795.78,0 335 360 207 307 313 359 187 100 310 282 143 79 160 50 60 257 270 379 195 5 309 280 351 237 256 274 49 198 252 236 381 23 90 12 214 185 118 281 26 334 298 371 72 52 130 44 386 80 0,5 307
PFG_MOEA,297,3,312.55,5795.78,0 13 19 226 57 127 109 59 137 136 273 77 151 218 197 388 261 106 173 302 107 164 67 312 201 362 123 51 145 294 174 339 132 142 120 269 321 299 0,174
PFG_MOEA,297,4,312.55,5795.78,0 340 233 135 88 249 35 235 161 68 58 34 231 289 366 267 228 141 266 303 357 319 86 199 156 94 0,303
PFG_MOEA,297,5,312.55,5795.78,0 38 172 182 397 36 11 92 374 230 311 350 4 314 193 37 322 121 146 320 364 393 3 229 308 356 264 259 246 42 300 329 112 191 152 221 242 96 0,42 264
PFG_MOEA,297,6,312.55,5795.78,0 200 165 129 0,
PFG_MOEA,297,7,312.55,5795.78,0 304 330 395 400 394 188 301 372 21 167 291 139 149 157 63 316 387 17 43 33 71 224 260 0,
PFG_MOEA,297,8,312.55,5795.78,0 399 247 28 250 345 377 262 1 255 327 254 73 215 85 93 179 232 225 97 148 238 192 48 31 0,93
PFG_MOEA,297,9,312.55,5795.78,0 378 69 183 354 265 346 315 99 175 251 190 390 18 103 155 83 234 213 227 398 209 361 170 367 25 55 217 56 7 180 333 317 286 140 110 62 297 65 283 326 305 154 204 6 208 241 220 158 189 64 20 126 124 0,175
PFG_MOEA,297,10,312.55,5795.78,0 287 382 383 10 268 272 30 66 166 205 271 39 391 53 293 133 331 285 392 115 245 396 240 385 288 177 181 358 337 384 111 116 76 113 81 29 325 355 131 84 114 389 105 341 219 0,
PFG_MOEA,297,11,312.55,5795.78,0 91 24 212 375 14 108 169 373 8 263 292 70 318 184 284 74 279 159 162 22 134 186 89 216 47 125 9 150 163 61 365 253 206 46 54 0,
PFG_MOEA,297,12,312.55,5795.78,0 41 82 178 117 243 344 349 343 290 368 376 258 248 328 75 171 87 153 278 210 45 353 348 2 119 128 295 40 32 276 196 78 98 27 176 144 342 370 306 202 338 203 168 369 380 16 15 0,16 87 203
PFG_MOEA,298,1,759.34,4800.0,0 219 341 105 389 114 84 131 355 325 29 81 113 76 116 111 384 337 358 181 177 288 385 240 396 245 115 392 285 331 133 293 53 163 150 9 125 47 216 89 61 206 253 365 0,245
PFG_MOEA,298,2,759.34,4800.0,0 22 134 186 162 159 279 74 284 184 318 70 292 263 8 373 169 108 14 375 212 24 91 0,318
PFG_MOEA,298,3,759.34,4800.0,0 304 31 48 148 260 224 71 33 129 238 330 192 200 165 112 191 152 127 57 109 59 137 273 136 247 17 43 85 215 73 254 69 354 183 327 387 157 149 188 394 316 63 262 1 255 250 28 42 400 395 377 345 356 264 259 246 308 229 197 218 151 77 107 164 67 302 388 3 106 173 261 320 364 393 312 201 362 329 300 123 51 145 322 121 146 294 174 339 132 120 142 37 269 321 299 340 233 135 88 249 35 161 235 68 58 34 386 231 289 366 267 228 44 130 52 72 303 357 319 266 141 86 92 199 156 94 230 311 374 11 36 397 350 4 314 193 182 172 13 19 226 221 242 96 80 38 0,33 106 174 200 303 311 394
PFG_MOEA,298,4,759.34,4800.0,0 378 83 155 103 18 190 251 175 99 315 346 372 301 167 21 139 291 265 390 234 0,
PFG_MOEA,298,5,759.34,4800.0,0 179 391 271 39 30 272 268 46 54 93 398 227 213 232 0,391
PFG_MOEA,298,6,759.34,4800.0,0 225 0,
PFG_MOEA,298,7,759.34,4800.0,0 97 209 361 170 367 0,
PFG_MOEA,298,8,759.34,4800.0,0 399 15 168 203 338 202 306 370 342 144 176 27 98 78 196 369 380 16 41 82 178 117 243 344 349 66 343 290 368 376 258 248 328 75 348 353 45 210 278 153 171 87 6 208 205 166 158 189 220 241 62 297 65 283 204 154 305 326 110 140 180 333 317 286 25 55 217 56 7 124 126 20 64 287 10 383 382 0,62 66 205 220 342
PFG_MOEA,298,9,759.34,4800.0,0 2 119 128 295 40 32 276 239 122 296 332 347 138 336 222 95 101 194 147 324 275 323 363 352 277 102 223 244 211 104 310 100 282 143 79 160 50 60 257 270 379 195 5 309 280 351 237 256 274 49 198 252 236 0,
PFG_MOEA,298,10,759.34,4800.0,0 381 23 90 12 207 307 0,
PFG_MOEA,298,11,759.34,4800.0,0 335 187 359 313 360 214 0,
PFG_MOEA,298,12,759.34,4800.0,0 185 118 281 26 334 298 371 0,
PFG_MOEA,299,1,314.81,5596.11,0 12 90 128 236 252 336 276 138 222 198 49 274 256 237 351 280 309 5 290 343 313 207 0,222
PFG_MOEA,299,2,314.81,5596.11,0 91 292 263 8 373 169 108 14 375 212 24 371 219 341 298 334 26 281 118 185 214 295 40 32 239 122 95 101 352 363 323 194 275 277 102 100 23 381 119 2 307 359 187 148 48 31 304 0,23
PFG_MOEA,299,3,314.81,5596.11,0 260 224 71 33 127 152 191 112 165 200 129 238 330 192 0,33
PFG_MOEA,299,4,314.81,5596.11,0 57 67 302 173 106 3 388 164 107 77 151 218 197 229 308 246 259 264 356 345 377 395 400 42 28 250 255 1 262 63 316 394 188 149 157 387 327 183 354 69 254 73 215 85 43 17 247 136 273 137 59 109 0,
PFG_MOEA,299,5,314.81,5596.11,0 329 300 362 123 51 145 322 121 146 201 261 320 364 393 312 294 174 339 132 206 253 365 360 335 0,362 393
PFG_MOEA,299,6,314.81,5596.11,0 61 358 181 177 288 385 240 396 245 115 392 285 331 133 293 53 163 150 9 125 47 216 89 0,
PFG_MOEA,299,7,314.81,5596.11,0 80 13 19 226 35 161 235 58 34 386 231 289 366 267 228 44 130 52 72 318 70 184 284 74 279 159 162 389 114 355 325 384 337 111 116 76 113 81 29 131 84 105 186 134 22 0,
PFG_MOEA,299,8,314.81,5596.11,0 38 96 242 221 172 182 397 350 311 4 314 193 230 94 156 374 36 11 92 319 357 303 266 141 86 199 68 135 88 249 233 340 299 321 269 120 142 37 301 21 139 291 167 372 346 315 99 175 251 0,182
PFG_MOEA,299,9,314.81,5596.11,0 97 225 232 179 391 271 158 241 62 297 65 283 204 154 305 326 110 140 286 317 333 180 220 126 124 7 56 217 55 25 367 170 361 209 227 234 213 190 390 265 18 103 155 83 378 398 93 54 46 268 272 30 39 0,65 154
PFG_MOEA,299,10,314.81,5596.11,0 399 15 16 380 41 82 178 117 243 344 349 20 189 64 166 205 208 6 87 171 153 278 210 353 258 376 368 66 287 10 383 382 0,243
PFG_MOEA,299,11,314.81,5596.11,0 369 338 203 168 0,
PFG_MOEA,299,12,314.81,5596.11,0 202 306 370 342 144 176 27 98 78 196 296 347 332 324 147 211 244 223 104 310 282 143 79 160 50 60 257 270 379 195 45 348 75 328 248 0,370
PFG_MOEA,300,1,411.21,4974.5,0 12 90 381 23 32 276 239 336 138 222 198 49 274 256 237 351 280 252 236 128 119 2 0,23
PFG_MOEA,300,2,411.21,4974.5,0 22 118 185 214 295 40 122 392 285 331 133 293 53 101 352 363 323 194 275 277 102 100 95 163 61 89 207 307 313 359 365 253 206 187 0,22 100
PFG_MOEA,300,3,411.21,4974.5,0 115 0,
PFG_MOEA,300,4,411.21,4974.5,0 245 396 240 385 288 177 181 358 337 384 111 116 76 113 81 29 325 355 0,
PFG_MOEA,300,5,411.21,4974.5,0 281 26 334 298 341 134 186 131 84 114 389 105 219 371 162 159 74 279 91 24 212 375 284 14 184 318 70 292 263 8 373 169 108 72 52 130 44 386 362 201 312 67 164 107 302 173 106 261 388 197 218 151 77 273 136 137 59 109 127 57 226 19 13 80 0,77 106 284
PFG_MOEA,300,6,411.21,4974.5,0 38 172 182 319 303 357 266 141 86 199 228 267 366 289 231 34 58 68 161 235 35 249 88 135 233 156 94 230 374 92 11 36 397 350 311 4 314 193 340 299 321 269 120 142 37 51 123 145 132 339 322 121 146 294 174 320 364 393 3 229 308 356 264 259 246 42 300 329 112 221 242 96 0,51 174 229 246 299
PFG_MOEA,300,7,411.21,4974.5,0 399 200 165 191 152 247 255 1 262 250 28 345 377 395 400 394 188 301 372 21 167 291 139 149 157 63 316 387 327 17 43 85 215 73 254 183 354 69 265 346 315 99 175 251 190 390 18 103 155 83 378 213 234 227 398 93 224 179 232 225 97 71 33 260 148 238 129 330 192 48 31 304 0,93
PFG_MOEA,300,8,411.21,4974.5,0 382 383 10 391 271 39 46 54 268 272 30 66 166 205 208 6 204 154 305 326 283 65 297 62 241 110 140 286 317 333 180 220 158 189 64 20 126 124 7 56 217 55 25 367 170 361 209 287 0,55 62 66 220
PFG_MOEA,300,9,411.21,4974.5,0 380 0,
PFG_MOEA,300,10,411.21,4974.5,0 16 369 15 0,
PFG_MOEA,300,11,411.21,4974.5,0 168 203 178 82 41 0,178
PFG_MOEA,300,12,411.21,4974.5,0 335 360 338 202 306 370 342 144 176 27 98 78 196 296 347 332 216 47 125 9 150 147 324 211 244 223 104 310 282 143 309 5 195 379 79 160 50 60 270 257 210 45 153 278 87 171 353 348 75 328 248 258 376 368 290 343 349 344 243 117 0,
PFG_MOEA,301,1,312.55,5795.78,0 336 138 239 122 296 347 332 324 275 277 104 211 244 223 102 352 363 323 194 147 101 95 222 0,122 211 222 277
PFG_MOEA,301,2,312.55,5795.78,0 335 360 207 307 313 359 187 100 310 282 143 79 160 50 60 257 270 379 195 5 309 280 351 237 256 274 49 198 252 236 381 23 90 12 214 185 118 281 26 334 298 371 72 52 130 44 386 80 0,5 307
PFG_MOEA,301,3,312.55,5795.78,0 13 19 226 57 127 109 59 137 136 273 77 151 218 197 388 261 106 173 302 107 164 67 312 201 362 123 51 145 294 174 339 132 142 120 269 321 299 0,174
PFG_MOEA,301,4,312.55,5795.78,0 340 233 135 88 249 35 235 161 68 58 34 231 289 366 267 228 141 266 303 357 319 86 199 156 94 0,303
PFG_MOEA,301,5,312.55,5795.78,0 38 172 182 397 36 11 92 374 230 311 350 4 314 193 37 322 121 146 320 364 393 3 229 308 356 264 259 246 42 300 329 112 191 152 221 242 96 0,42 264
PFG_MOEA,301,6,312.55,5795.78,0 200 165 129 0,
PFG_MOEA,301,7,312.55,5795.78,0 304 330 395 400 394 188 301 372 21 167 291 139 149 157 63 316 387 17 43 33 71 224 260 0,
PFG_MOEA,301,8,312.55,5795.78,0 399 247 28 250 345 377 262 1 255 327 254 73 215 85 93 179 232 225 97 148 238 192 48 31 0,93
PFG_MOEA,301,9,312.55,5795.78,0 378 69 183 354 265 346 315 99 175 251 190 390 18 103 155 83 234 213 227 398 209 361 170 367 25 55 217 56 7 180 333 317 286 140 110 62 297 65 283 326 305 154 204 6 208 241 220 158 189 64 20 126 124 0,175
PFG_MOEA,301,10,312.55,5795.78,0 287 382 383 10 268 272 30 66 166 205 271 39 391 53 293 133 331 285 392 115 245 396 240 385 288 177 181 358 337 384 111 116 76 113 81 29 325 355 131 84 114 389 105 341 219 0,
PFG_MOEA,301,11,312.55,5795.78,0 91 24 212 375 14 108 169 373 8 263 292 70 318 184 284 74 279 159 162 22 134 186 89 216 47 125 9 150 163 61 365 253 206 46 54 0,
PFG_MOEA,301,12,312.55,5795.78,0 41 82 178 117 243 344 349 343 290 368 376 258 248 328 75 171 87 153 278 210 45 353 348 2 119 128 295 40 32 276 196 78 98 27 176 144 342 370 306 202 338 203 168 369 380 16 15 0,16 87 203
PFG_MOEA,302,1,759.34,4800.0,0 219 341 105 389 114 84 131 355 325 29 81 113 76 116 111 384 337 358 181 177 288 385 240 396 245 115 392 285 331 133 293 53 163 150 9 125 47 216 89 61 206 253 365 0,245
PFG_MOEA,302,2,759.34,4800.0,0 22 134 186 162 159 279 74 284 184 318 70 292 263 8 373 169 108 14 375 212 24 91 0,318
PFG_MOEA,302,3,759.34,4800.0,0 304 31 48 148 260 224 71 33 129 238 330 192 200 165 112 191 152 127 57 109 59 137 273 136 247 17 43 85 215 73 254 69 354 183 327 387 157 149 188 394 316 63 262 1 255 250 28 42 400 395 377 345 356 264 259 246 308 229 197 218 151 77 107 164 67 302 388 3 106 173 261 320 364 393 312 201 362 329 300 123 51 145 322 121 146 294 174 339 132 120 142 37 269 321 299 340 233 135 88 249 35 161 235 68 58 34 386 231 289 366 267 228 44 130 52 72 303 357 319 266 141 86 92 199 156 94 230 311 374 11 36 397 350 4 314 193 182 172 13 19 226 221 242 96 80 38 0,33 106 174 200 303 311 394
PFG_MOEA,302,4,759.34,4800.0,0 378 83 155 103 18 190 251 175 99 315 346 372 301 167 21 139 291 265 390 234 0,
PFG_MOEA,302,5,759.34,4800.0,0 179 391 271 39 30 272 268 46 54 93 398 227 213 232 0,391
PFG_MOEA,302,6,759.34,4800.0,0 225 0,
PFG_MOEA,302,7,759.34,4800.0,0 97 209 361 170 367 0,
PFG_MOEA,302,8,759.34,4800.0,0 399 15 168 203 338 202 306 370 342 144 176 27 98 78 196 369 380 16 41 82 178 117 243 344 349 66 343 290 368 376 258 248 328 75 348 353 45 210 278 153 171 87 6 208 205 166 158 189 220 241 62 297 65 283 204 154 305 326 110 140 180 333 317 286 25 55 217 56 7 124 126 20 64 287 10 383 382 0,62 66 205 220 342
PFG_MOEA,302,9,759.34,4800.0,0 2 119 128 295 40 32 276 239 122 296 332 347 138 336 222 95 101 194 147 324 275 323 363 352 277 102 223 244 211 104 310 100 282 143 79 160 50 60 257 270 379 195 5 309 280 351 237 256 274 49 198 252 236 0,
PFG_MOEA,302,10,759.34,4800.0,0 381 23 90 12 207 307 0,
PFG_MOEA,302,11,759.34,4800.0,0 335 187 359 313 360 214 0,
PFG_MOEA,302,12,759.34,4800.0,0 185 118 281 26 334 298 371 0,
PFG_MOEA,303,1,314.81,5596.11,0 12 90 128 236 252 336 276 138 222 198 49 274 256 237 351 280 309 5 290 343 313 207 0,222
PFG_MOEA,303,2,314.81,5596.11,0 91 292 263 8 373 169 108 14 375 212 24 371 219 341 298 334 26 281 118 185 214 295 40 32 239 122 95 101 352 363 323 194 275 277 102 100 23 381 119 2 307 359 187 148 48 31 304 0,23
PFG_MOEA,303,3,314.81,5596.11,0 260 224 71 33 127 152 191 112 165 200 129 238 330 192 0,33
PFG_MOEA,303,4,314.81,5596.11,0 57 67 302 173 106 3 388 164 107 77 151 218 197 229 308 246 259 264 356 345 377 395 400 42 28 250 255 1 262 63 316 394 188 149 157 387 327 183 354 69 254 73 215 85 43 17 247 136 273 137 59 109 0,
PFG_MOEA,303,5,314.81,5596.11,0 329 300 362 123 51 145 322 121 146 201 261 320 364 393 312 294 174 339 132 206 253 365 360 335 0,362 393
PFG_MOEA,303,6,314.81,5596.11,0 61 358 181 177 288 385 240 396 245 115 392 285 331 133 293 53 163 150 9 125 47 216 89 0,
PFG_MOEA,303,7,314.81,5596.11,0 80 13 19 226 35 161 235 58 34 386 231 289 366 267 228 44 130 52 72 318 70 184 284 74 279 159 162 389 114 355 325 384 337 111 116 76 113 81 29 131 84 105 186 134 22 0,
PFG_MOEA,303,8,314.81,5596.11,0 38 96 242 221 172 182 397 350 311 4 314 193 230 94 156 374 36 11 92 319 357 303 266 141 86 199 68 135 88 249 233 340 299 321 269 120 142 37 301 21 139 291 167 372 346 315 99 175 251 0,182
PFG_MOEA,303,9,314.81,5596.11,0 97 225 232 179 391 271 158 241 62 297 65 283 204 154 305 326 110 140 286 317 333 180 220 126 124 7 56 217 55 25 367 170 361 209 227 234 213 190 390 265 18 103 155 83 378 398 93 54 46 268 272 30 39 0,65 154
PFG_MOEA,303,10,314.81,5596.11,0 399 15 16 380 41 82 178 117 243 344 349 20 189 64 166 205 208 6 87 171 153 278 210 353 258 376 368 66 287 10 383 382 0,243
PFG_MOEA,303,11,314.81,5596.11,0 369 338 203 168 0,
PFG_MOEA,303,12,314.81,5596.11,0 202 306 370 342 144 176 27 98 78 196 296 347 332 324 147 211 244 223 104 310 282 143 79 160 50 60 257 270 379 195 45 348 75 328 248 0,370
PFG_MOEA,304,1,411.21,4974.5,0 12 90 381 23 32 276 239 336 138 222 198 49 274 256 237 351 280 252 236 128 119 2 0,23
PFG_MOEA,304,2,411.21,4974.5,0 22 118 185 214 295 40 122 392 285 331 133 293 53 101 352 363 323 194 275 277 102 100 95 163 61 89 207 307 313 359 365 253 206 187 0,22 100
PFG_MOEA,304,3,411.21,4974.5,0 115 0,
PFG_MOEA,304,4,411.21,4974.5,0 245 396 240 385 288 177 181 358 337 384 111 116 76 113 81 29 325 355 0,
PFG_MOEA,304,5,411.21,4974.5,0 281 26 334 298 341 134 186 131 84 114 389 105 219 371 162 159 74 279 91 24 212 375 284 14 184 318 70 292 263 8 373 169 108 72 52 130 44 386 362 201 312 67 164 107 302 173 106 261 388 197 218 151 77 273 136 137 59 109 127 57 226 19 13 80 0,77 106 284
PFG_MOEA,304,6,411.21,4974.5,0 38 172 182 319 303 357 266 141 86 199 228 267 366 289 231 34 58 68 161 235 35 249 88 135 233 156 94 230 374 92 11 36 397 350 311 4 314 193 340 299 321 269 120 142 37 51 123 145 132 339 322 121 146 294 174 320 364 393 3 229 308 356 264 259 246 42 300 329 112 221 242 96 0,51 174 229 246 299
PFG_MOEA,304,7,411.21,4974.5,0 399 200 165 191 152 247 255 1 262 250 28 345 377 395 400 394 188 301 372 21 167 291 139 149 157 63 316 387 327 17 43 85 215 73 254 183 354 69 265 346 315 99 175 251 190 390 18 103 155 83 378 213 234 227 398 93 224 179 232 225 97 71 33 260 148 238 129 330 192 48 31 304 0,93
PFG_MOEA,304,8,411.21,4974.5,0 382 383 10 391 271 39 46 54 268 272 30 66 166 205 208 6 204 154 305 326 283 65 297 62 241 110 140 286 317 333 180 220 158 189 64 20 126 124 7 56 217 55 25 367 170 361 209 287 0,55 62 66 220
PFG_MOEA,304,9,411.21,4974.5,0 380 0,
PFG_MOEA,304,10,411.21,4974.5,0 16 369 15 0,
PFG_MOEA,304,11,411.21,4974.5,0 168 203 178 82 41 0,178
PFG_MOEA,304,12,411.21,4974.5,0 335 360 338 202 306 370 342 144 176 27 98 78 196 296 347 332 216 47 125 9 150 147 324 211 244 223 104 310 282 143 309 5 195 379 79 160 50 60 270 257 210 45 153 278 87 171 353 348 75 328 248 258 376 368 290 343 349 344 243 117 0,
PFG_MOEA,305,1,312.55,5795.78,0 336 138 239 122 296 347 332 324 275 277 104 211 244 223 102 352 363 323 194 147 101 95 222 0,122 211 222 277
PFG_MOEA,305,2,312.55,5795.78,0 335 360 207 307 313 359 187 100 310 282 143 79 160 50 60 257 270 379 195 5 309 280 351 237 256 274 49 198 252 236 381 23 90 12 214 185 118 281 26 334 298 371 72 52 130 44 386 80 0,5 307
PFG_MOEA,305,3,312.55,5795.78,0 13 19 226 57 127 109 59 137 136 273 77 151 218 197 388 261 106 173 302 107 164 67 312 201 362 123 51 145 294 174 339 132 142 120 269 321 299 0,174
PFG_MOEA,305,4,312.55,5795.78,0 340 233 135 88 249 35 235 161 68 58 34 231 289 366 267 228 141 266 303 357 319 86 199 156 94 0,303
PFG_MOEA,305,5,312.55,5795.78,0 38 172 182 397 36 11 92 374 230 311 350 4 314 193 37 322 121 146 320 364 393 3 229 308 356 264 259 246 42 300 329 112 191 152 221 242 96 0,42 264
PFG_MOEA,305,6,312.55,5795.78,0 200 165 129 0,
PFG_MOEA,305,7,312.55,5795.78,0 304 330 395 400 394 188 301 372 21 167 291 139 149 157 63 316 387 17 43 33 71 224 260 0,
PFG_MOEA,305,8,312.55,5795.78,0 399 247 28 250 345 377 262 1 255 327 254 73 215 85 93 179 232 225 97 148 238 192 48 31 0,93
PFG_MOEA,305,9,312.55,5795.78,0 378 69 183 354 265 346 315 99 175 251 190 390 18 103 155 83 234 213 227 398 209 361 170 367 25 55 217 56 7 180 333 317 286 140 110 62 297 65 283 326 305 154 204 6 208 241 220 158 189 64 20 126 124 0,175
PFG_MOEA,305,10,312.55,5795.78,0 287 382 383 10 268 272 30 66 166 205 271 39 391 53 293 133 331 285 392 115 245 396 240 385 288 177 181 358 337 384 111 116 76 113 81 29 325 355 131 84 114 389 105 341 219 0,
PFG_MOEA,305,11,312.55,5795.78,0 91 24 212 375 14 108 169 373 8 263 292 70 318 184 284 74 279 159 162 22 134 186 89 216 47 125 9 150 163 61 365 253 206 46 54 0,
PFG_MOEA,305,12,312.55,5795.78,0 41 82 178 117 243 344 349 343 290 368 376 258 248 328 75 171 87 153 278 210 45 353 348 2 119 128 295 40 32 276 196 78 98 27 176 144 342 370 306 202 338 203 168 369 380 16 15 0,16 87 203
PFG_MOEA,306,1,759.34,4800.0,0 219 341 105 389 114 84 131 355 325 29 81 113 76 116 111 384 337 358 181 177 288 385 240 396 245 115 392 285 331 133 293 53 163 150 9 125 47 216 89 61 206 253 365 0,245
PFG_MOEA,306,2,759.34,4800.0,0 22 134 186 162 159 279 74 284 184 318 70 292 263 8 373 169 108 14 375 212 24 91 0,318
PFG_MOEA,306,3,759.34,4800.0,0 304 31 48 148 260 224 71 33 129 238 330 192 200 165 112 191 152 127 57 109 59 137 273 136 247 17 43 85 215 73 254 69 354 183 327 387 157 149 188 394 316 63 262 1 255 250 28 42 400 395 377 345 356 264 259 246 308 229 197 218 151 77 107 164 67 302 388 3 106 173 261 320 364 393 312 201 362 329 300 123 51 145 322 121 146 294 174 339 132 120 142 37 269 321 299 340 233 135 88 249 35 161 235 68 58 34 386 231 289 366 267 228 44 130 52 72 303 357 319 266 141 86 92 199 156 94 230 311 374 11 36 397 350 4 314 193 182 172 13 19 226 221 242 96 80 38 0,33 106 174 200 303 311 394
PFG_MOEA,306,4,759.34,4800.0,0 378 83 155 103 18 190 251 175 99 315 346 372 301 167 21 139 291 265 390 234 0,
PFG_MOEA,306,5,759.34,4800.0,0 179 391 271 39 30 272 268 46 54 93 398 227 213 232 0,391
PFG_MOEA,306,6,759.34,4800.0,0 225 0,
PFG_MOEA,306,7,759.34,4800.0,0 97 209 361 170 367 0,
PFG_MOEA,306,8,759.34,4800.0,0 399 15 168 203 338 202 306 370 342 144 176 27 98 78 196 369 380 16 41 82 178 117 243 344 349 66 343 290 368 376 258 248 328 75 348 353 45 210 278 153 171 87 6 208 205 166 158 189 220 241 62 297 65 283 204 154 305 326 110 140 180 333 317 286 25 55 217 56 7 124 126 20 64 287 10 383 382 0,62 66 205 220 342
PFG_MOEA,306,9,759.34,4800.0,0 2 119 128 295 40 32 276 239 122 296 332 347 138 336 222 95 101 194 147 324 275 323 363 352 277 102 223 244 211 104 310 100 282 143 79 160 50 60 257 270 379 195 5 309 280 351 237 256 274 49 198 252 236 0,
PFG_MOEA,306,10,759.34,4800.0,0 381 23 90 12 207 307 0,
PFG_MOEA,306,11,759.34,4800.0,0 335 187 359 313 360 214 0,
PFG_MOEA,306,12,759.34,4800.0,0 185 118 281 26 334 298 371 0,
PFG_MOEA,307,1,314.81,5596.11,0 12 90 128 236 252 336 276 138 222 198 49 274 256 237 351 280 309 5 290 343 313 207 0,222
PFG_MOEA,307,2,314.81,5596.11,0 91 292 263 8 373 169 108 14 375 212 24 371 219 341 298 334 26 281 118 185 214 295 40 32 239 122 95 101 352 363 323 194 275 277 102 100 23 381 119 2 307 359 187 148 48 31 304 0,23
PFG_MOEA,307,3,314.81,5596.11,0 260 224 71 33 127 152 191 112 165 200 129 238 330 192 0,33
PFG_MOEA,307,4,314.81,5596.11,0 57 67 302 173 106 3 388 164 107 77 151 218 197 229 308 246 259 264 356 345 377 395 400 42 28 250 255 1 262 63 316 394 188 149 157 387 327 183 354 69 254 73 215 85 43 17 247 136 273 137 59 109 0,
PFG_MOEA,307,5,314.81,5596.11,0 329 300 362 123 51 145 322 121 146 201 261 320 364 393 312 294 174 339 132 206 253 365 360 335 0,362 393
PFG_MOEA,307,6,314.81,5596.11,0 61 358 181 177 288 385 240 396 245 115 392 285 331 133 293 53 163 150 9 125 47 216 89 0,
PFG_MOEA,307,7,314.81,5596.11,0 80 13 19 226 35 161 235 58 34 386 231 289 366 267 228 44 130 52 72 318 70 184 284 74 279 159 162 389 114 355 325 384 337 111 116 76 113 81 29 131 84 105 186 134 22 0,
PFG_MOEA,307,8,314.81,5596.11,0 38 96 242 221 172 182 397 350 311 4 314 193 230 94 156 374 36 11 92 319 357 303 266 141 86 199 68 135 88 249 233 340 299 321 269 120 142 37 301 21 139 291 167 372 346 315 99 175 251 0,182
PFG_MOEA,307,9,314.81,5596.11,0 97 225 232 179 391 271 158 241 62 297 65 283 204 154 305 326 110 140 286 317 333 180 220 126 124 7 56 217 55 25 367 170 361 209 227 234 213 190 390 265 18 103 155 83 378 398 93 54 46 268 272 30 39 0,65 154
PFG_MOEA,307,10,314.81,5596.11,0 399 15 16 380 41 82 178 117 243 344 349 20 189 64 166 205 208 6 87 171 153 278 210 353 258 376 368 66 287 10 383 382 0,243
PFG_MOEA,307,11,314.81,5596.11,0 369 338 203 168 0,
PFG_MOEA,307,12,314.81,5596.11,0 202 306 370 342 144 176 27 98 78 196 296 347 332 324 147 211 244 223 104 310 282 143 79 160 50 60 257 270 379 195 45 348 75 328 248 0,370
PFG_MOEA,308,1,411.21,4974.5,0 12 90 381 23 32 276 239 336 138 222 198 49 274 256 237 351 280 252 236 128 119 2 0,23
PFG_MOEA,308,2,411.21,4974.5,0 22 118 185 214 295 40 122 392 285 331 133 293 53 101 352 363 323 194 275 277 102 100 95 163 61 89 207 307 313 359 365 253 206 187 0,22 100
PFG_MOEA,308,3,411.21,4974.5,0 115 0,
PFG_MOEA,308,4,411.21,4974.5,0 245 396 240 385 288 177 181 358 337 384 111 116 76 113 81 29 325 355 0,
PFG_MOEA,308,5,411.21,4974.5,0 281 26 334 298 341 134 186 131 84 114 389 105 219 371 162 159 74 279 91 24 212 375 284 14 184 318 70 292 263 8 373 169 108 72 52 130 44 386 362 201 312 67 164 107 302 173 106 261 388 197 218 151 77 273 136 137 59 109 127 57 226 19 13 80 0,77 106 284
PFG_MOEA,308,6,411.21,4974.5,0 38 172 182 319 303 357 266 141 86 199 228 267 366 289 231 34 58 68 161 235 35 249 88 135 233 156 94 230 374 92 11 36 397 350 311 4 314 193 340 299 321 269 120 142 37 51 123 145 132 339 322 121 146 294 174 320 364 393 3 229 308 356 264 259 246 42 300 329 112 221 242 96 0,51 174 229 246 299
PFG_MOEA,308,7,411.21,4974.5,0 399 200 165 191 152 247 255 1 262 250 28 345 377 395 400 394 188 301 372 21 167 291 139 149 157 63 316 387 327 17 43 85 215 73 254 183 354 69 265 346 315 99 175 251 190 390 18 103 155 83 378 213 234 227 398 93 224 179 232 225 97 71 33 260 148 238 129 330 192 48 31 304 0,93
PFG_MOEA,308,8,411.21,4974.5,0 382 383 10 391 271 39 46 54 268 272 30 66 166 205 208 6 204 154 305 326 283 65 297 62 241 110 140 286 317 333 180 220 158 189 64 20 126 124 7 56 217 55 25 367 170 361 209 287 0,55 62 66 220
PFG_MOEA,308,9,411.21,4974.5,0 380 0,
PFG_MOEA,308,10,411.21,4974.5,0 16 369 15 0,
PFG_MOEA,308,11,411.21,4974.5,0 168 203 178 82 41 0,178
PFG_MOEA,308,12,411.21,4974.5,0 335 360 338 202 306 370 342 144 176 27 98 78 196 296 347 332 216 47 125 9 150 147 324 211 244 223 104 310 282 143 309 5 195 379 79 160 50 60 270 257 210 45 153 278 87 171 353 348 75 328 248 258 376 368 290 343 349 344 243 117 0,
PFG_MOEA,309,1,312.55,5795.78,0 336 138 239 122 296 347 332 324 275 277 104 211 244 223 102 352 363 323 194 147 101 95 222 0,122 211 222 277
PFG_MOEA,309,2,312.55,5795.78,0 335 360 207 307 313 359 187 100 310 282 143 79 160 50 60 257 270 379 195 5 309 280 351 237 256 274 49 198 252 236 381 23 90 12 214 185 118 281 26 334 298 371 72 52 130 44 386 80 0,5 307
PFG_MOEA,309,3,312.55,5795.78,0 13 19 226 57 127 109 59 137 136 273 77 151 218 197 388 261 106 173 302 107 164 67 312 201 362 123 51 145 294 174 339 132 142 120 269 321 299 0,174
PFG_MOEA,309,4,312.55,5795.78,0 340 233 135 88 249 35 235 161 68 58 34 231 289 366 267 228 141 266 303 357 319 86 199 156 94 0,303
PFG_MOEA,309,5,312.55,5795.78,0 38 172 182 397 36 11 92 374 230 311 350 4 314 193 37 322 121 146 320 364 393 3 229 308 356 264 259 246 42 300 329 112 191 152 221 242 96 0,42 264
PFG_MOEA,309,6,312.55,5795.78,0 200 165 129 0,
PFG_MOEA,309,7,312.55,5795.78,0 304 330 395 400 394 188 301 372 21 167 291 139 149 157 63 316 387 17 43 33 71 224 260 0,
PFG_MOEA,309,8,312.55,5795.78,0 399 247 28 250 345 377 262 1 255 327 254 73 215 85 93 179 232 225 97 148 238 192 48 31 0,93
PFG_MOEA,309,9,312.55,5795.78,0 378 69 183 354 265 346 315 99 175 251 190 390 18 103 155 83 234 213 227 398 209 361 170 367 25 55 217 56 7 180 333 317 286 140 110 62 297 65 283 326 305 154 204 6 208 241 220 158 189 64 20 126 124 0,175
PFG_MOEA,309,10,312.55,5795.78,0 287 382 383 10 268 272 30 66 166 205 271 39 391 53 293 133 331 285 392 115 245 396 240 385 288 177 181 358 337 384 111 116 76 113 81 29 325 355 131 84 114 389 105 341 219 0,
PFG_MOEA,309,11,312.55,5795.78,0 91 24 212 375 14 108 169 373 8 263 292 70 318 184 284 74 279 159 162 22 134 186 89 216 47 125 9 150 163 61 365 253 206 46 54 0,
PFG_MOEA,309,12,312.55,5795.78,0 41 82 178 117 243 344 349 343 290 368 376 258 248 328 75 171 87 153 278 210 45 353 348 2 119 128 295 40 32 276 196 78 98 27 176 144 342 370 306 202 338 203 168 369 380 16 15 0,16 87 203
PFG_MOEA,310,1,759.34,4800.0,0 219 341 105 389 114 84 131 355 325 29 81 113 76 116 111 384 337 358 181 177 288 385 240 396 245 115 392 285 331 133 293 53 163 150 9 125 47 216 89 61 206 253 365 0,245
PFG_MOEA,310,2,759.34,4800.0,0 22 134 186 162 159 279 74 284 184 318 70 292 263 8 373 169 108 14 375 212 24 91 0,318
PFG_MOEA,310,3,759.34,4800.0,0 304 31 48 148 260 224 71 33 129 238 330 192 200 165 112 191 152 127 57 109 59 137 273 136 247 17 43 85 215 73 254 69 354 183 327 387 157 149 188 394 316 63 262 1 255 250 28 42 400 395 377 345 356 264 259 246 308 229 197 218 151 77 107 164 67 302 388 3 106 173 261 320 364 393 312 201 362 329 300 123 51 145 322 121 146 294 174 339 132 120 142 37 269 321 299 340 233 135 88 249 35 161 235 68 58 34 386 231 289 366 267 228 44 130 52 72 303 357 319 266 141 86 92 199 156 94 230 311 374 11 36 397 350 4 314 193 182 172 13 19 226 221 242 96 80 38 0,33 106 174 200 303 311 394
PFG_MOEA,310,4,759.34,4800.0,0 378 83 155 103 18 190 251 175 99 315 346 372 301 167 21 139 291 265 390 234 0,
PFG_MOEA,310,5,759.34,4800.0,0 179 391 271 39 30 272 268 46 54 93 398 227 213 232 0,391
PFG_MOEA,310,6,759.34,4800.0,0 225 0,
PFG_MOEA,310,7,759.34,4800.0,0 97 209 361 170 367 0,
PFG_MOEA,310,8,759.34,4800.0,0 399 15 168 203 338 202 306 370 342 144 176 27 98 78 196 369 380 16 41 82 178 117 243 344 349 66 343 290 368 376 258 248 328 75 348 353 45 210 278 153 171 87 6 208 205 166 158 189 220 241 62 297 65 283 204 154 305 326 110 140 180 333 317 286 25 55 217 56 7 124 126 20 64 287 10 383 382 0,62 66 205 220 342
PFG_MOEA,310,9,759.34,4800.0,0 2 119 128 295 40 32 276 239 122 296 332 347 138 336 222 95 101 194 147 324 275 323 363 352 277 102 223 244 211 104 310 100 282 143 79 160 50 60 257 270 379 195 5 309 280 351 237 256 274 49 198 252 236 0,
PFG_MOEA,310,10,759.34,4800.0,0 381 23 90 12 207 307 0,
PFG_MOEA,310,11,759.34,4800.0,0 335 187 359 313 360 214 0,
PFG_MOEA,310,12,759.34,4800.0,0 185 118 281 26 334 298 371 0,
PFG_MOEA,311,1,314.81,5596.11,0 12 90 128 236 252 336 276 138 222 198 49 274 256 237 351 280 309 5 290 343 313 207 0,222
PFG_MOEA,311,2,314.81,5596.11,0 91 292 263 8 373 169 108 14 375 212 24 371 219 341 298 334 26 281 118 185 214 295 40 32 239 122 95 101 352 363 323 194 275 277 102 100 23 381 119 2 307 359 187 148 48 31 304 0,23
PFG_MOEA,311,3,314.81,5596.11,0 260 224 71 33 127 152 191 112 165 200 129 238 330 192 0,33
PFG_MOEA,311,4,314.81,5596.11,0 57 67 302 173 106 3 388 164 107 77 151 218 197 229 308 246 259 264 356 345 377 395 400 42 28 250 255 1 262 63 316 394 188 149 157 387 327 183 354 69 254 73 215 85 43 17 247 136 273 137 59 109 0,
PFG_MOEA,311,5,314.81,5596.11,0 329 300 362 123 51 145 322 121 146 201 261 320 364 393 312 294 174 339 132 206 253 365 360 335 0,362 393
PFG_MOEA,311,6,314.81,5596.11,0 61 358 181 177 288 385 240 396 245 115 392 285 331 133 293 53 163 150 9 125 47 216 89 0,
PFG_MOEA,311,7,314.81,5596.11,0 80 13 19 226 35 161 235 58 34 386 231 289 366 267 228 44 130 52 72 318 70 184 284 74 279 159 162 389 114 355 325 384 337 111 116 76 113 81 29 131 84 105 186 134 22 0,
PFG_MOEA,311,8,314.81,5596.11,0 38 96 242 221 172 182 397 350 311 4 314 193 230 94 156 374 36 11 92 319 357 303 266 141 86 199 68 135 88 249 233 340 299 321 269 120 142 37 301 21 139 291 167 372 346 315 99 175 251 0,182
PFG_MOEA,311,9,314.81,5596.11,0 97 225 232 179 391 271 158 241 62 297 65 283 204 154 305 326 110 140 286 317 333 180 220 126 124 7 56 217 55 25 367 170 361 209 227 234 213 190 390 265 18 103 155 83 378 398 93 54 46 268 272 30 39 0,65 154
PFG_MOEA,311,10,314.81,5596.11,0 399 15 16 380 41 82 178 117 243 344 349 20 189 64 166 205 208 6 87 171 153 278 210 353 258 376 368 66 287 10 383 382 0,243
PFG_MOEA,311,11,314.81,5596.11,0 369 338 203 168 0,
PFG_MOEA,311,12,314.81,5596.11,0 202 306 370 342 144 176 27 98 78 196 296 347 332 324 147 211 244 223 104 310 282 143 79 160 50 60 257 270 379 195 45 348 75 328 248 0,370
PFG_MOEA,312,1,411.21,4974.5,0 12 90 381 23 32 276 239 336 138 222 198 49 274 256 237 351 280 252 236 128 119 2 0,23
PFG_MOEA,312,2,411.21,4974.5,0 22 118 185 214 295 40 122 392 285 331 133 293 53 101 352 363 323 194 275 277 102 100 95 163 61 89 207 307 313 359 365 253 206 187 0,22 100
PFG_MOEA,312,3,411.21,4974.5,0 115 0,
PFG_MOEA,312,4,411.21,4974.5,0 245 396 240 385 288 177 181 358 337 384 111 116 76 113 81 29 325 355 0,
PFG_MOEA,312,5,411.21,4974.5,0 281 26 334 298 341 134 186 131 84 114 389 105 219 371 162 159 74 279 91 24 212 375 284 14 184 318 70 292 263 8 373 169 108 72 52 130 44 386 362 201 312 67 164 107 302 173 106 261 388 197 218 151 77 273 136 137 59 109 127 57 226 19 13 80 0,77 106 284
PFG_MOEA,312,6,411.21,4974.5,0 38 172 182 319 303 357 266 141 86 199 228 267 366 289 231 34 58 68 161 235 35 249 88 135 233 156 94 230 374 92 11 36 397 350 311 4 314 193 340 299 321 269 120 142 37 51 123 145 132 339 322 121 146 294 174 320 364 393 3 229 308 356 264 259 246 42 300 329 112 221 242 96 0,51 174 229 246 299
PFG_MOEA,312,7,411.21,4974.5,0 399 200 165 191 152 247 255 1 262 250 28 345 377 395 400 394 188 301 372 21 167 291 139 149 157 63 316 387 327 17 43 85 215 73 254 183 354 69 265 346 315 99 175 251 190 390 18 103 155 83 378 213 234 227 398 93 224 179 232 225 97 71 33 260 148 238 129 330 192 48 31 304 0,93
PFG_MOEA,312,8,411.21,4974.5,0 382 383 10 391 271 39 46 54 268 272 30 66 166 205 208 6 204 154 305 326 283 65 297 62 241 110 140 286 317 333 180 220 158 189 64 20 126 124 7 56 217 55 25 367 170 361 209 287 0,55 62 66 220
PFG_MOEA,312,9,411.21,4974.5,0 380 0,
PFG_MOEA,312,10,411.21,4974.5,0 16 369 15 0,
PFG_MOEA,312,11,411.21,4974.5,0 168 203 178 82 41 0,178
PFG_MOEA,312,12,411.21,4974.5,0 335 360 338 202 306 370 342 144 176 27 98 78 196 296 347 332 216 47 125 9 150 147 324 211 244 223 104 310 282 143 309 5 195 379 79 160 50 60 270 257 210 45 153 278 87 171 353 348 75 328 248 258 376 368 290 343 349 344 243 117 0,
PFG_MOEA,313,1,312.55,5795.78,0 336 138 239 122 296 347 332 324 275 277 104 211 244 223 102 352 363 323 194 147 101 95 222 0,122 211 222 277
PFG_MOEA,313,2,312.55,5795.78,0 335 360 207 307 313 359 187 100 310 282 143 79 160 50 60 257 270 379 195 5 309 280 351 237 256 274 49 198 252 236 381 23 90 12 214 185 118 281 26 334 298 371 72 52 130 44 386 80 0,5 307
PFG_MOEA,313,3,312.55,5795.78,0 13 19 226 57 127 109 59 137 136 273 77 151 218 197 388 261 106 173 302 107 164 67 312 201 362 123 51 145 294 174 339 132 142 120 269 321 299 0,174
PFG_MOEA,313,4,312.55,5795.78,0 340 233 135 88 249 35 235 161 68 58 34 231 289 366 267 228 141 266 303 357 319 86 199 156 94 0,303
PFG_MOEA,313,5,312.55,5795.78,0 38 172 182 397 36 11 92 374 230 311 350 4 314 193 37 322 121 146 320 364 393 3 229 308 356 264 259 246 42 300 329 112 191 152 221 242 96 0,42 264
PFG_MOEA,313,6,312.55,5795.78,0 200 165 129 0,
PFG_MOEA,313,7,312.55,5795.78,0 304 330 395 400 394 188 301 372 21 167 291 139 149 157 63 316 387 17 43 33 71 224 260 0,
PFG_MOEA,313,8,312.55,5795.78,0 399 247 28 250 345 377 262 1 255 327 254 73 215 85 93 179 232 225 97 148 238 192 48 31 0,93
PFG_MOEA,313,9,312.55,5795.78,0 378 69 183 354 265 346 315 99 175 251 190 390 18 103 155 83 234 213 227 398 209 361 170 367 25 55 217 56 7 180 333 317 286 140 110 62 297 65 283 326 305 154 204 6 208 241 220 158 189 64 20 126 124 0,175
PFG_MOEA,313,10,312.55,5795.78,0 287 382 383 10 268 272 30 66 166 205 271 39 391 53 293 133 331 285 392 115 245 396 240 385 288 177 181 358 337 384 111 116 76 113 81 29 325 355 131 84 114 389 105 341 219 0,
PFG_MOEA,313,11,312.55,5795.78,0 91 24 212 375 14 108 169 373 8 263 292 70 318 184 284 74 279 159 162 22 134 186 89 216 47 125 9 150 163 61 365 253 206 46 54 0,
PFG_MOEA,313,12,312.55,5795.78,0 41 82 178 117 243 344 349 343 290 368 376 258 248 328 75 171 87 153 278 210 45 353 348 2 119 128 295 40 32 276 196 78 98 27 176 144 342 370 306 202 338 203 168 369 380 16 15 0,16 87 203
PFG_MOEA,314,1,759.34,4800.0,0 219 341 105 389 114 84 131 355 325 29 81 113 76 116 111 384 337 358 181 177 288 385 240 396 245 115 392 285 331 133 293 53 163 150 9 125 47 216 89 61 206 253 365 0,245
PFG_MOEA,314,2,759.34,4800.0,0 22 134 186 162 159 279 74 284 184 318 70 292 263 8 373 169 108 14 375 212 24 91 0,318
PFG_MOEA,314,3,759.34,4800.0,0 304 31 48 148 260 224 71 33 129 238 330 192 200 165 112 191 152 127 57 109 59 137 273 136 247 17 43 85 215 73 254 69 354 183 327 387 157 149 188 394 316 63 262 1 255 250 28 42 400 395 377 345 356 264 259 246 308 229 197 218 151 77 107 164 67 302 388 3 106 173 261 320 364 393 312 201 362 329 300 123 51 145 322 121 146 294 174 339 132 120 142 37 269 321 299 340 233 135 88 249 35 161 235 68 58 34 386 231 289 366 267 228 44 130 52 72 303 357 319 266 141 86 92 199 156 94 230 311 374 11 36 397 350 4 314 193 182 172 13 19 226 221 242 96 80 38 0,33 106 174 200 303 311 394
PFG_MOEA,314,4,759.34,4800.0,0 378 83 155 103 18 190 251 175 99 315 346 372 301 167 21 139 291 265 390 234 0,
PFG_MOEA,314,5,759.34,4800.0,0 179 391 271 39 30 272 268 46 54 93 398 227 213 232 0,391
PFG_MOEA,314,6,759.34,4800.0,0 225 0,
PFG_MOEA,314,7,759.34,4800.0,0 97 209 361 170 367 0,
PFG_MOEA,314,8,759.34,4800.0,0 399 15 168 203 338 202 306 370 342 144 176 27 98 78 196 369 380 16 41 82 178 117 243 344 349 66 343 290 368 376 258 248 328 75 348 353 45 210 278 153 171 87 6 208 205 166 158 189 220 241 62 297 65 283 204 154 305 326 110 140 180 333 317 286 25 55 217 56 7 124 126 20 64 287 10 383 382 0,62 66 205 220 342
PFG_MOEA,314,9,759.34,4800.0,0 2 119 128 295 40 32 276 239 122 296 332 347 138 336 222 95 101 194 147 324 275 323 363 352 277 102 223 244 211 104 310 100 282 143 79 160 50 60 257 270 379 195 5 309 280 351 237 256 274 49 198 252 236 0,
PFG_MOEA,314,10,759.34,4800.0,0 381 23 90 12 207 307 0,
PFG_MOEA,314,11,759.34,4800.0,0 335 187 359 313 360 214 0,
PFG_MOEA,314,12,759.34,4800.0,0 185 118 281 26 334 298 371 0,
PFG_MOEA,315,1,314.81,5596.11,0 12 90 128 236 252 336 276 138 222 198 49 274 256 237 351 280 309 5 290 343 313 207 0,222
PFG_MOEA,315,2,314.81,5596.11,0 91 292 263 8 373 169 108 14 375 212 24 371 219 341 298 334 26 281 118 185 214 295 40 32 239 122 95 101 352 363 323 194 275 277 102 100 23 381 119 2 307 359 187 148 48 31 304 0,23
PFG_MOEA,315,3,314.81,5596.11,0 260 224 71 33 127 152 191 112 165 200 129 238 330 192 0,33
PFG_MOEA,315,4,314.81,5596.11,0 57 67 302 173 106 3 388 164 107 77 151 218 197 229 308 246 259 264 356 345 377 395 400 42 28 250 255 1 262 63 316 394 188 149 157 387 327 183 354 69 254 73 215 85 43 17 247 136 273 137 59 109 0,
PFG_MOEA,315,5,314.81,5596.11,0 329 300 362 123 51 145 322 121 146 201 261 320 364 393 312 294 174 339 132 206 253 365 360 335 0,362 393
PFG_MOEA,315,6,314.81,5596.11,0 61 358 181 177 288 385 240 396 245 115 392 285 331 133 293 53 163 150 9 125 47 216 89 0,
PFG_MOEA,315,7,314.81,5596.11,0 80 13 19 226 35 161 235 58 34 386 231 289 366 267 228 44 130 52 72 318 70 184 284 74 279 159 162 389 114 355 325 384 337 111 116 76 113 81 29 131 84 105 186 134 22 0,
PFG_MOEA,315,8,314.81,5596.11,0 38 96 242 221 172 182 397 350 311 4 314 193 230 94 156 374 36 11 92 319 357 303 266 141 86 199 68 135 88 249 233 340 299 321 269 120 142 37 301 21 139 291 167 372 346 315 99 175 251 0,182
PFG_MOEA,315,9,314.81,5596.11,0 97 225 232 179 391 271 158 241 62 297 65 283 204 154 305 326 110 140 286 317 333 180 220 126 124 7 56 217 55 25 367 170 361 209 227 234 213 190 390 265 18 103 155 83 378 398 93 54 46 268 272 30 39 0,65 154
PFG_MOEA,315,10,314.81,5596.11,0 399 15 16 380 41 82 178 117 243 344 349 20 189 64 166 205 208 6 87 171 153 278 210 353 258 376 368 66 287 10 383 382 0,243
PFG_MOEA,315,11,314.81,5596.11,0 369 338 203 168 0,
PFG_MOEA,315,12,314.81,5596.11,0 202 306 370 342 144 176 27 98 78 196 296 347 332 324 147 211 244 223 104 310 282 143 79 160 50 60 257 270 379 195 45 348 75 328 248 0,370
PFG_MOEA,316,1,411.21,4974.5,0 12 90 381 23 32 276 239 336 138 222 198 49 274 256 237 351 280 252 236 128 119 2 0,23
PFG_MOEA,316,2,411.21,4974.5,0 22 118 185 214 295 40 122 392 285 331 133 293 53 101 352 363 323 194 275 277 102 100 95 163 61 89 207 307 313 359 365 253 206 187 0,22 100
PFG_MOEA,316,3,411.21,4974.5,0 115 0,
PFG_MOEA,316,4,411.21,4974.5,0 245 396 240 385 288 177 181 358 337 384 111 116 76 113 81 29 325 355 0,
PFG_MOEA,316,5,411.21,4974.5,0 281 26 334 298 341 134 186 131 84 114 389 105 219 371 162 159 74 279 91 24 212 375 284 14 184 318 70 292 263 8 373 169 108 72 52 130 44 386 362 201 312 67 164 107 302 173 106 261 388 197 218 151 77 273 136 137 59 109 127 57 226 19 13 80 0,77 106 284
PFG_MOEA,316,6,411.21,4974.5,0 38 172 182 319 303 357 266 141 86 199 228 267 366 289 231 34 58 68 161 235 35 249 88 135 233 156 94 230 374 92 11 36 397 350 311 4 314 193 340 299 321 269 120 142 37 51 123 145 132 339 322 121 146 294 174 320 364 393 3 229 308 356 264 259 246 42 300 329 112 221 242 96 0,51 174 229 246 299
PFG_MOEA,316,7,411.21,4974.5,0 399 200 165 191 152 247 255 1 262 250 28 345 377 395 400 394 188 301 372 21 167 291 139 149 157 63 316 387 327 17 43 85 215 73 254 183 354 69 265 346 315 99 175 251 190 390 18 103 155 83 378 213 234 227 398 93 224 179 232 225 97 71 33 260 148 238 129 330 192 48 31 304 0,93
PFG_MOEA,316,8,411.21,4974.5,0 382 383 10 391 271 39 46 54 268 272 30 66 166 205 208 6 204 154 305 326 283 65 297 62 241 110 140 286 317 333 180 220 158 189 64 20 126 124 7 56 217 55 25 367 170 361 209 287 0,55 62 66 220
PFG_MOEA,316,9,411.21,4974.5,0 380 0,
PFG_MOEA,316,10,411.21,4974.5,0 16 369 15 0,
PFG_MOEA,316,11,411.21,4974.5,0 168 203 178 82 41 0,178
PFG_MOEA,316,12,411.21,4974.5,0 335 360 338 202 306 370 342 144 176 27 98 78 196 296 347 332 216 47 125 9 150 147 324 211 244 223 104 310 282 143 309 5 195 379 79 160 50 60 270 257 210 45 153 278 87 171 353 348 75 328 248 258 376 368 290 343 349 344 243 117 0,
PFG_MOEA,317,1,312.55,5795.78,0 336 138 239 122 296 347 332 324 275 277 104 211 244 223 102 352 363 323 194 147 101 95 222 0,122 211 222 277
PFG_MOEA,317,2,312.55,5795.78,0 335 360 207 307 313 359 187 100 310 282 143 79 160 50 60 257 270 379 195 5 309 280 351 237 256 274 49 198 252 236 381 23 90 12 214 185 118 281 26 334 298 371 72 52 130 44 386 80 0,5 307
PFG_MOEA,317,3,312.55,5795.78,0 13 19 226 57 127 109 59 137 136 273 77 151 218 197 388 261 106 173 302 107 164 67 312 201 362 123 51 145 294 174 339 132 142 120 269 321 299 0,174
PFG_MOEA,317,4,312.55,5795.78,0 340 233 135 88 249 35 235 161 68 58 34 231 289 366 267 228 141 266 303 357 319 86 199 156 94 0,303
PFG_MOEA,317,5,312.55,5795.78,0 38 172 182 397 36 11 92 374 230 311 350 4 314 193 37 322 121 146 320 364 393 3 229 308 356 264 259 246 42 300 329 112 191 152 221 242 96 0,42 264
PFG_MOEA,317,6,312.55,5795.78,0 200 165 129 0,
PFG_MOEA,317,7,312.55,5795.78,0 304 330 395 400 394 188 301 372 21 167 291 139 149 157 63 316 387 17 43 33 71 224 260 0,
PFG_MOEA,317,8,312.55,5795.78,0 399 247 28 250 345 377 262 1 255 327 254 73 215 85 93 179 232 225 97 148 238 192 48 31 0,93
PFG_MOEA,317,9,312.55,5795.78,0 378 69 183 354 265 346 315 99 175 251 190 390 18 103 155 83 234 213 227 398 209 361 170 367 25 55 217 56 7 180 333 317 286 140 110 62 297 65 283 326 305 154 204 6 208 241 220 158 189 64 20 126 124 0,175
PFG_MOEA,317,10,312.55,5795.78,0 287 382 383 10 268 272 30 66 166 205 271 39 391 53 293 133 331 285 392 115 245 396 240 385 288 177 181 358 337 384 111 116 76 113 81 29 325 355 131 84 114 389 105 341 219 0,
PFG_MOEA,317,11,312.55,5795.78,0 91 24 212 375 14 108 169 373 8 263 292 70 318 184 284 74 279 159 162 22 134 186 89 216 47 125 9 150 163 61 365 253 206 46 54 0,
PFG_MOEA,317,12,312.55,5795.78,0 41 82 178 117 243 344 349 343 290 368 376 258 248 328 75 171 87 153 278 210 45 353 348 2 119 128 295 40 32 276 196 78 98 27 176 144 342 370 306 202 338 203 168 369 380 16 15 0,16 87 203
PFG_MOEA,318,1,759.34,4800.0,0 219 341 105 389 114 84 131 355 325 29 81 113 76 116 111 384 337 358 181 177 288 385 240 396 245 115 392 285 331 133 293 53 163 150 9 125 47 216 89 61 206 253 365 0,245
PFG_MOEA,318,2,759.34,4800.0,0 22 134 186 162 159 279 74 284 184 318 70 292 263 8 373 169 108 14 375 212 24 91 0,318
PFG_MOEA,318,3,759.34,4800.0,0 304 31 48 148 260 224 71 33 129 238 330 192 200 165 112 191 152 127 57 109 59 137 273 136 247 17 43 85 215 73 254 69 354 183 327 387 157 149 188 394 316 63 262 1 255 250 28 42 400 395 377 345 356 264 259 246 308 229 197 218 151 77 107 164 67 302 388 3 106 173 261 320 364 393 312 201 362 329 300 123 51 145 322 121 146 294 174 339 132 120 142 37 269 321 299 340 233 135 88 249 35 161 235 68 58 34 386 231 289 366 267 228 44 130 52 72 303 357 319 266 141 86 92 199 156 94 230 311 374 11 36 397 350 4 314 193 182 172 13 19 226 221 242 96 80 38 0,33 106 174 200 303 311 394
PFG_MOEA,318,4,759.34,4800.0,0 378 83 155 103 18 190 251 175 99 315 346 372 301 167 21 139 291 265 390 234 0,
PFG_MOEA,318,5,759.34,4800.0,0 179 391 271 39 30 272 268 46 54 93 398 227 213 232 0,391
PFG_MOEA,318,6,759.34,4800.0,0 225 0,
PFG_MOEA,318,7,759.34,4800.0,0 97 209 361 170 367 0,
PFG_MOEA,318,8,759.34,4800.0,0 399 15 168 203 338 202 306 370 342 144 176 27 98 78 196 369 380 16 41 82 178 117 243 344 349 66 343 290 368 376 258 248 328 75 348 353 45 210 278 153 171 87 6 208 205 166 158 189 220 241 62 297 65 283 204 154 305 326 110 140 180 333 317 286 25 55 217 56 7 124 126 20 64 287 10 383 382 0,62 66 205 220 342
PFG_MOEA,318,9,759.34,4800.0,0 2 119 128 295 40 32 276 239 122 296 332 347 138 336 222 95 101 194 147 324 275 323 363 352 277 102 223 244 211 104 310 100 282 143 79 160 50 60 257 270 379 195 5 309 280 351 237 256 274 49 198 252 236 0,
PFG_MOEA,318,10,759.34,4800.0,0 381 23 90 12 207 307 0,
PFG_MOEA,318,11,759.34,4800.0,0 335 187 359 313 360 214 0,
PFG_MOEA,318,12,759.34,4800.0,0 185 118 281 26 334 298 371 0,
PFG_MOEA,319,1,314.81,5596.11,0 12 90 128 236 252 336 276 138 222 198 49 274 256 237 351 280 309 5 290 343 313 207 0,222
PFG_MOEA,319,2,314.81,5596.11,0 91 292 263 8 373 169 108 14 375 212 24 371 219 341 298 334 26 281 118 185 214 295 40 32 239 122 95 101 352 363 323 194 275 277 102 100 23 381 119 2 307 359 187 148 48 31 304 0,23
PFG_MOEA,319,3,314.81,5596.11,0 260 224 71 33 127 152 191 112 165 200 129 238 330 192 0,33
PFG_MOEA,319,4,314.81,5596.11,0 57 67 302 173 106 3 388 164 107 77 151 218 197 229 308 246 259 264 356 345 377 395 400 42 28 250 255 1 262 63 316 394 188 149 157 387 327 183 354 69 254 73 215 85 43 17 247 136 273 137 59 109 0,
PFG_MOEA,319,5,314.81,5596.11,0 329 300 362 123 51 145 322 121 146 201 261 320 364 393 312 294 174 339 132 206 253 365 360 335 0,362 393
PFG_MOEA,319,6,314.81,5596.11,0 61 358 181 177 288 385 240 396 245 115 392 285 331 133 293 53 163 150 9 125 47 216 89 0,
PFG_MOEA,319,7,314.81,5596.11,0 80 13 19 226 35 161 235 58 34 386 231 289 366 267 228 44 130 52 72 318 70 184 284 74 279 159 162 389 114 355 325 384 337 111 116 76 113 81 29 131 84 105 186 134 22 0,
PFG_MOEA,319,8,314.81,5596.11,0 38 96 242 221 172 182 397 350 311 4 314 193 230 94 156 374 36 11 92 319 357 303 266 141 86 199 68 135 88 249 233 340 299 321 269 120 142 37 301 21 139 291 167 372 346 315 99 175 251 0,182
PFG_MOEA,319,9,314.81,5596.11,0 97 225 232 179 391 271 158 241 62 297 65 283 204 154 305 326 110 140 286 317 333 180 220 126 124 7 56 217 55 25 367 170 361 209 227 234 213 190 390 265 18 103 155 83 378 398 93 54 46 268 272 30 39 0,65 154
PFG_MOEA,319,10,314.81,5596.11,0 399 15 16 380 41 82 178 117 243 344 349 20 189 64 166 205 208 6 87 171 153 278 210 353 258 376 368 66 287 10 383 382 0,243
PFG_MOEA,319,11,314.81,5596.11,0 369 338 203 168 0,
PFG_MOEA,319,12,314.81,5596.11,0 202 306 370 342 144 176 27 98 78 196 296 347 332 324 147 211 244 223 104 310 282 143 79 160 50 60 257 270 379 195 45 348 75 328 248 0,370
PFG_MOEA,320,1,411.21,4974.5,0 12 90 381 23 32 276 239 336 138 222 198 49 274 256 237 351 280 252 236 128 119 2 0,23
PFG_MOEA,320,2,411.21,4974.5,0 22 118 185 214 295 40 122 392 285 331 133 293 53 101 352 363 323 194 275 277 102 100 95 163 61 89 207 307 313 359 365 253 206 187 0,22 100
PFG_MOEA,320,3,411.21,4974.5,0 115 0,
PFG_MOEA,320,4,411.21,4974.5,0 245 396 240 385 288 177 181 358 337 384 111 116 76 113 81 29 325 355 0,
PFG_MOEA,320,5,411.21,4974.5,0 281 26 334 298 341 134 186 131 84 114 389 105 219 371 162 159 74 279 91 24 212 375 284 14 184 318 70 292 263 8 373 169 108 72 52 130 44 386 362 201 312 67 164 107 302 173 106 261 388 197 218 151 77 273 136 137 59 109 127 57 226 19 13 80 0,77 106 284
PFG_MOEA,320,6,411.21,4974.5,0 38 172 182 319 303 357 266 141 86 199 228 267 366 289 231 34 58 68 161 235 35 249 88 135 233 156 94 230 374 92 11 36 397 350 311 4 314 193 340 299 321 269 120 142 37 51 123 145 132 339 322 121 146 294 174 320 364 393 3 229 308 356 264 259 246 42 300 329 112 221 242 96 0,51 174 229 246 299
PFG_MOEA,320,7,411.21,4974.5,0 399 200 165 191 152 247 255 1 262 250 28 345 377 395 400 394 188 301 372 21 167 291 139 149 157 63 316 387 327 17 43 85 215 73 254 183 354 69 265 346 315 99 175 251 190 390 18 103 155 83 378 213 234 227 398 93 224 179 232 225 97 71 33 260 148 238 129 330 192 48 31 304 0,93
PFG_MOEA,320,8,411.21,4974.5,0 382 383 10 391 271 39 46 54 268 272 30 66 166 205 208 6 204 154 305 326 283 65 297 62 241 110 140 286 317 333 180 220 158 189 64 20 126 124 7 56 217 55 25 367 170 361 209 287 0,55 62 66 220
PFG_MOEA,320,9,411.21,4974.5,0 380 0,
PFG_MOEA,320,10,411.21,4974.5,0 16 369 15 0,
PFG_MOEA,320,11,411.21,4974.5,0 168 203 178 82 41 0,178
PFG_MOEA,320,12,411.21,4974.5,0 335 360 338 202 306 370 342 144 176 27 98 78 196 296 347 332 216 47 125 9 150 147 324 211 244 223 104 310 282 143 309 5 195 379 79 160 50 60 270 257 210 45 153 278 87 171 353 348 75 328 248 258 376 368 290 343 349 344 243 117 0,
PFG_MOEA,321,1,312.55,5795.78,0 336 138 239 122 296 347 332 324 275 277 104 211 244 223 102 352 363 323 194 147 101 95 222 0,122 211 222 277
PFG_MOEA,321,2,312.55,5795.78,0 335 360 207 307 313 359 187 100 310 282 143 79 160 50 60 257 270 379 195 5 309 280 351 237 256 274 49 198 252 236 381 23 90 12 214 185 118 281 26 334 298 371 72 52 130 44 386 80 0,5 307
PFG_MOEA,321,3,312.55,5795.78,0 13 19 226 57 127 109 59 137 136 273 77 151 218 197 388 261 106 173 302 107 164 67 312 201 362 123 51 145 294 174 339 132 142 120 269 321 299 0,174
PFG_MOEA,321,4,312.55,5795.78,0 340 233 135 88 249 35 235 161 68 58 34 231 289 366 267 228 141 266 303 357 319 86 199 156 94 0,303
PFG_MOEA,321,5,312.55,5795.78,0 38 172 182 397 36 11 92 374 230 311 350 4 314 193 37 322 121 146 320 364 393 3 229 308 356 264 259 246 42 300 329 112 191 152 221 242 96 0,42 264
PFG_MOEA,321,6,312.55,5795.78,0 200 165 129 0,
PFG_MOEA,321,7,312.55,5795.78,0 304 330 395 400 394 188 301 372 21 167 291 139 149 157 63 316 387 17 43 33 71 224 260 0,
PFG_MOEA,321,8,312.55,5795.78,0 399 247 28 250 345 377 262 1 255 327 254 73 215 85 93 179 232 225 97 148 238 192 48 31 0,93
PFG_MOEA,321,9,312.55,5795.78,0 378 69 183 354 265 346 315 99 175 251 190 390 18 103 155 83 234 213 227 398 209 361 170 367 25 55 217 56 7 180 333 317 286 140 110 62 297 65 283 326 305 154 204 6 208 241 220 158 189 64 20 126 124 0,175
PFG_MOEA,321,10,312.55,5795.78,0 287 382 383 10 268 272 30 66 166 205 271 39 391 53 293 133 331 285 392 115 245 396 240 385 288 177 181 358 337 384 111 116 76 113 81 29 325 355 131 84 114 389 105 341 219 0,
PFG_MOEA,321,11,312.55,5795.78,0 91 24 212 375 14 108 169 373 8 263 292 70 318 184 284 74 279 159 162 22 134 186 89 216 47 125 9 150 163 61 365 253 206 46 54 0,
PFG_MOEA,321,12,312.55,5795.78,0 41 82 178 117 243 344 349 343 290 368 376 258 248 328 75 171 87 153 278 210 45 353 348 2 119 128 295 40 32 276 196 78 98 27 176 144 342 370 306 202 338 203 168 369 380 16 15 0,16 87 203
PFG_MOEA,322,1,759.34,4800.0,0 219 341 105 389 114 84 131 355 325 29 81 113 76 116 111 384 337 358 181 177 288 385 240 396 245 115 392 285 331 133 293 53 163 150 9 125 47 216 89 61 206 253 365 0,245
PFG_MOEA,322,2,759.34,4800.0,0 22 134 186 162 159 279 74 284 184 318 70 292 263 8 373 169 108 14 375 212 24 91 0,318
PFG_MOEA,322,3,759.34,4800.0,0 304 31 48 148 260 224 71 33 129 238 330 192 200 165 112 191 152 127 57 109 59 137 273 136 247 17 43 85 215 73 254 69 354 183 327 387 157 149 188 394 316 63 262 1 255 250 28 42 400 395 377 345 356 264 259 246 308 229 197 218 151 77 107 164 67 302 388 3 106 173 261 320 364 393 312 201 362 329 300 123 51 145 322 121 146 294 174 339 132 120 142 37 269 321 299 340 233 135 88 249 35 161 235 68 58 34 386 231 289 366 267 228 44 130 52 72 303 357 319 266 141 86 92 199 156 94 230 311 374 11 36 397 350 4 314 193 182 172 13 19 226 221 242 96 80 38 0,33 106 174 200 303 311 394
PFG_MOEA,322,4,759.34,4800.0,0 378 83 155 103 18 190 251 175 99 315 346 372 301 167 21 139 291 265 390 234 0,
PFG_MOEA,322,5,759.34,4800.0,0 179 391 271 39 30 272 268 46 54 93 398 227 213 232 0,391
PFG_MOEA,322,6,759.34,4800.0,0 225 0,
PFG_MOEA,322,7,759.34,4800.0,0 97 209 361 170 367 0,
PFG_MOEA,322,8,759.34,4800.0,0 399 15 168 203 338 202 306 370 342 144 176 27 98 78 196 369 380 16 41 82 178 117 243 344 349 66 343 290 368 376 258 248 328 75 348 353 45 210 278 153 171 87 6 208 205 166 158 189 220 241 62 297 65 283 204 154 305 326 110 140 180 333 317 286 25 55 217 56 7 124 126 20 64 287 10 383 382 0,62 66 205 220 342
PFG_MOEA,322,9,759.34,4800.0,0 2 119 128 295 40 32 276 239 122 296 332 347 138 336 222 95 101 194 147 324 275 323 363 352 277 102 223 244 211 104 310 100 282 143 79 160 50 60 257 270 379 195 5 309 280 351 237 256 274 49 198 252 236 0,
PFG_MOEA,322,10,759.34,4800.0,0 381 23 90 12 207 307 0,
PFG_MOEA,322,11,759.34,4800.0,0 335 187 359 313 360 214 0,
PFG_MOEA,322,12,759.34,4800.0,0 185 118 281 26 334 298 371 0,
PFG_MOEA,323,1,314.81,5596.11,0 12 90 128 236 252 336 276 138 222 198 49 274 256 237 351 280 309 5 290 343 313 207 0,222
PFG_MOEA,323,2,314.81,5596.11,0 91 292 263 8 373 169 108 14 375 212 24 371 219 341 298 334 26 281 118 185 214 295 40 32 239 122 95 101 352 363 323 194 275 277 102 100 23 381 119 2 307 359 187 148 48 31 304 0,23
PFG_MOEA,323,3,314.81,5596.11,0 260 224 71 33 127 152 191 112 165 200 129 238 330 192 0,33
PFG_MOEA,323,4,314.81,5596.11,0 57 67 302 173 106 3 388 164 107 77 151 218 197 229 308 246 259 264 356 345 377 395 400 42 28 250 255 1 262 63 316 394 188 149 157 387 327 183 354 69 254 73 215 85 43 17 247 136 273 137 59 109 0,
PFG_MOEA,323,5,314.81,5596.11,0 329 300 362 123 51 145 322 121 146 201 261 320 364 393 312 294 174 339 132 206 253 365 360 335 0,362 393
PFG_MOEA,323,6,314.81,5596.11,0 61 358 181 177 288 385 240 396 245 115 392 285 331 133 293 53 163 150 9 125 47 216 89 0,
PFG_MOEA,323,7,314.81,5596.11,0 80 13 19 226 35 161 235 58 34 386 231 289 366 267 228 44 130 52 72 318 70 184 284 74 279 159 162 389 114 355 325 384 337 111 116 76 113 81 29 131 84 105 186 134 22 0,
PFG_MOEA,323,8,314.81,5596.11,0 38 96 242 221 172 182 397 350 311 4 314 193 230 94 156 374 36 11 92 319 357 303 266 141 86 199 68 135 88 249 233 340 299 321 269 120 142 37 301 21 139 291 167 372 346 315 99 175 251 0,182
PFG_MOEA,323,9,314.81,5596.11,0 97 225 232 179 391 271 158 241 62 297 65 283 204 154 305 326 110 140 286 317 333 180 220 126 124 7 56 217 55 25 367 170 361 209 227 234 213 190 390 265 18 103 155 83 378 398 93 54 46 268 272 30 39 0,65 154
PFG_MOEA,323,10,314.81,5596.11,0 399 15 16 380 41 82 178 117 243 344 349 20 189 64 166 205 208 6 87 171 153 278 210 353 258 376 368 66 287 10 383 382 0,243
PFG_MOEA,323,11,314.81,5596.11,0 369 338 203 168 0,
PFG_MOEA,323,12,314.81,5596.11,0 202 306 370 342 144 176 27 98 78 196 296 347 332 324 147 211 244 223 104 310 282 143 79 160 50 60 257 270 379 195 45 348 75 328 248 0,370
PFG_MOEA,324,1,411.21,4974.5,0 12 90 381 23 32 276 239 336 138 222 198 49 274 256 237 351 280 252 236 128 119 2 0,23
PFG_MOEA,324,2,411.21,4974.5,0 22 118 185 214 295 40 122 392 285 331 133 293 53 101 352 363 323 194 275 277 102 100 95 163 61 89 207 307 313 359 365 253 206 187 0,22 100
PFG_MOEA,324,3,411.21,4974.5,0 115 0,
PFG_MOEA,324,4,411.21,4974.5,0 245 396 240 385 288 177 181 358 337 384 111 116 76 113 81 29 325 355 0,
PFG_MOEA,324,5,411.21,4974.5,0 281 26 334 298 341 134 186 131 84 114 389 105 219 371 162 159 74 279 91 24 212 375 284 14 184 318 70 292 263 8 373 169 108 72 52 130 44 386 362 201 312 67 164 107 302 173 106 261 388 197 218 151 77 273 136 137 59 109 127 57 226 19 13 80 0,77 106 284
PFG_MOEA,324,6,411.21,4974.5,0 38 172 182 319 303 357 266 141 86 199 228 267 366 289 231 34 58 68 161 235 35 249 88 135 233 156 94 230 374 92 11 36 397 350 311 4 314 193 340 299 321 269 120 142 37 51 123 145 132 339 322 121 146 294 174 320 364 393 3 229 308 356 264 259 246 42 300 329 112 221 242 96 0,51 174 229 246 299
PFG_MOEA,324,7,411.21,4974.5,0 399 200 165 191 152 247 255 1 262 250 28 345 377 395 400 394 188 301 372 21 167 291 139 149 157 63 316 387 327 17 43 85 215 73 254 183 354 69 265 346 315 99 175 251 190 390 18 103 155 83 378 213 234 227 398 93 224 179 232 225 97 71 33 260 148 238 129 330 192 48 31 304 0,93
PFG_MOEA,324,8,411.21,4974.5,0 382 383 10 391 271 39 46 54 268 272 30 66 166 205 208 6 204 154 305 326 283 65 297 62 241 110 140 286 317 333 180 220 158 189 64 20 126 124 7 56 217 55 25 367 170 361 209 287 0,55 62 66 220
PFG_MOEA,324,9,411.21,4974.5,0 380 0,
PFG_MOEA,324,10,411.21,4974.5,0 16 369 15 0,
PFG_MOEA,324,11,411.21,4974.5,0 168 203 178 82 41 0,178
PFG_MOEA,324,12,411.21,4974.5,0 335 360 338 202 306 370 342 144 176 27 98 78 196 296 347 332 216 47 125 9 150 147 324 211 244 223 104 310 282 143 309 5 195 379 79 160 50 60 270 257 210 45 153 278 87 171 353 348 75 328 248 258 376 368 290 343 349 344 243 117 0,
PFG_MOEA,325,1,312.55,5795.78,0 336 138 239 122 296 347 332 324 275 277 104 211 244 223 102 352 363 323 194 147 101 95 222 0,122 211 222 277
PFG_MOEA,325,2,312.55,5795.78,0 335 360 207 307 313 359 187 100 310 282 143 79 160 50 60 257 270 379 195 5 309 280 351 237 256 274 49 198 252 236 381 23 90 12 214 185 118 281 26 334 298 371 72 52 130 44 386 80 0,5 307
PFG_MOEA,325,3,312.55,5795.78,0 13 19 226 57 127 109 59 137 136 273 77 151 218 197 388 261 106 173 302 107 164 67 312 201 362 123 51 145 294 174 339 132 142 120 269 321 299 0,174
PFG_MOEA,325,4,312.55,5795.78,0 340 233 135 88 249 35 235 161 68 58 34 231 289 366 267 228 141 266 303 357 319 86 199 156 94 0,303
PFG_MOEA,325,5,312.55,5795.78,0 38 172 182 397 36 11 92 374 230 311 350 4 314 193 37 322 121 146 320 364 393 3 229 308 356 264 259 246 42 300 329 112 191 152 221 242 96 0,42 264
PFG_MOEA,325,6,312.55,5795.78,0 200 165 129 0,
PFG_MOEA,325,7,312.55,5795.78,0 304 330 395 400 394 188 301 372 21 167 291 139 149 157 63 316 387 17 43 33 71 224 260 0,
PFG_MOEA,325,8,312.55,5795.78,0 399 247 28 250 345 377 262 1 255 327 254 73 215 85 93 179 232 225 97 148 238 192 48 31 0,93
PFG_MOEA,325,9,312.55,5795.78,0 378 69 183 354 265 346 315 99 175 251 190 390 18 103 155 83 234 213 227 398 209 361 170 367 25 55 217 56 7 180 333 317 286 140 110 62 297 65 283 326 305 154 204 6 208 241 220 158 189 64 20 126 124 0,175
PFG_MOEA,325,10,312.55,5795.78,0 287 382 383 10 268 272 30 66 166 205 271 39 391 53 293 133 331 285 392 115 245 396 240 385 288 177 181 358 337 384 111 116 76 113 81 29 325 355 131 84 114 389 105 341 219 0,
PFG_MOEA,325,11,312.55,5795.78,0 91 24 212 375 14 108 169 373 8 263 292 70 318 184 284 74 279 159 162 22 134 186 89 216 47 125 9 150 163 61 365 253 206 46 54 0,
PFG_MOEA,325,12,312.55,5795.78,0 41 82 178 117 243 344 349 343 290 368 376 258 248 328 75 171 87 153 278 210 45 353 348 2 119 128 295 40 32 276 196 78 98 27 176 144 342 370 306 202 338 203 168 369 380 16 15 0,16 87 203
PFG_MOEA,326,1,759.34,4800.0,0 219 341 105 389 114 84 131 355 325 29 81 113 76 116 111 384 337 358 181 177 288 385 240 396 245 115 392 285 331 133 293 53 163 150 9 125 47 216 89 61 206 253 365 0,245
PFG_MOEA,326,2,759.34,4800.0,0 22 134 186 162 159 279 74 284 184 318 70 292 263 8 373 169 108 14 375 212 24 91 0,318
PFG_MOEA,326,3,759.34,4800.0,0 304 31 48 148 260 224 71 33 129 238 330 192 200 165 112 191 152 127 57 109 59 137 273 136 247 17 43 85 215 73 254 69 354 183 327 387 157 149 188 394 316 63 262 1 255 250 28 42 400 395 377 345 356 264 259 246 308 229 197 218 151 77 107 164 67 302 388 3 106 173 261 320 364 393 312 201 362 329 300 123 51 145 322 121 146 294 174 339 132 120 142 37 269 321 299 340 233 135 88 249 35 161 235 68 58 34 386 231 289 366 267 228 44 130 52 72 303 357 319 266 141 86 92 199 156 94 230 311 374 11 36 397 350 4 314 193 182 172 13 19 226 221 242 96 80 38 0,33 106 174 200 303 311 394
PFG_MOEA,326,4,759.34,4800.0,0 378 83 155 103 18 190 251 175 99 315 346 372 301 167 21 139 291 265 390 234 0,
PFG_MOEA,326,5,759.34,4800.0,0 179 391 271 39 30 272 268 46 54 93 398 227 213 232 0,391
PFG_MOEA,326,6,759.34,4800.0,0 225 0,
PFG_MOEA,326,7,759.34,4800.0,0 97 209 361 170 367 0,
PFG_MOEA,326,8,759.34,4800.0,0 399 15 168 203 338 202 306 370 342 144 176 27 98 78 196 369 380 16 41 82 178 117 243 344 349 66 343 290 368 376 258 248 328 75 348 353 45 210 278 153 171 87 6 208 205 166 158 189 220 241 62 297 65 283 204 154 305 326 110 140 180 333 317 286 25 55 217 56 7 124 126 20 64 287 10 383 382 0,62 66 205 220 342
PFG_MOEA,326,9,759.34,4800.0,0 2 119 128 295 40 32 276 239 122 296 332 347 138 336 222 95 101 194 147 324 275 323 363 352 277 102 223 244 211 104 310 100 282 143 79 160 50 60 257 270 379 195 5 309 280 351 237 256 274 49 198 252 236 0,
PFG_MOEA,326,10,759.34,4800.0,0 381 23 90 12 207 307 0,
PFG_MOEA,326,11,759.34,4800.0,0 335 187 359 313 360 214 0,
PFG_MOEA,326,12,759.34,4800.0,0 185 118 281 26 334 298 371 0,
PFG_MOEA,327,1,314.81,5596.11,0 12 90 128 236 252 336 276 138 222 198 49 274 256 237 351 280 309 5 290 343 313 207 0,222
PFG_MOEA,327,2,314.81,5596.11,0 91 292 263 8 373 169 108 14 375 212 24 371 219 341 298 334 26 281 118 185 214 295 40 32 239 122 95 101 352 363 323 194 275 277 102 100 23 381 119 2 307 359 187 148 48 31 304 0,23
PFG_MOEA,327,3,314.81,5596.11,0 260 224 71 33 127 152 191 112 165 200 129 238 330 192 0,33
PFG_MOEA,327,4,314.81,5596.11,0 57 67 302 173 106 3 388 164 107 77 151 218 197 229 308 246 259 264 356 345 377 395 400 42 28 250 255 1 262 63 316 394 188 149 157 387 327 183 354 69 254 73 215 85 43 17 247 136 273 137 59 109 0,
PFG_MOEA,327,5,314.81,5596.11,0 329 300 362 123 51 145 322 121 146 201 261 320 364 393 312 294 174 339 132 206 253 365 360 335 0,362 393
PFG_MOEA,327,6,314.81,5596.11,0 61 358 181 177 288 385 240 396 245 115 392 285 331 133 293 53 163 150 9 125 47 216 89 0,
PFG_MOEA,327,7,314.81,5596.11,0 80 13 19 226 35 161 235 58 34 386 231 289 366 267 228 44 130 52 72 318 70 184 284 74 279 159 162 389 114 355 325 384 337 111 116 76 113 81 29 131 84 105 186 134 22 0,
PFG_MOEA,327,8,314.81,5596.11,0 38 96 242 221 172 182 397 350 311 4 314 193 230 94 156 374 36 11 92 319 357 303 266 141 86 199 68 135 88 249 233 340 299 321 269 120 142 37 301 21 139 291 167 372 346 315 99 175 251 0,182
PFG_MOEA,327,9,314.81,5596.11,0 97 225 232 179 391 271 158 241 62 297 65 283 204 154 305 326 110 140 286 317 333 180 220 126 124 7 56 217 55 25 367 170 361 209 227 234 213 190 390 265 18 103 155 83 378 398 93 54 46 268 272 30 39 0,65 154
PFG_MOEA,327,10,314.81,5596.11,0 399 15 16 380 41 82 178 117 243 344 349 20 189 64 166 205 208 6 87 171 153 278 210 353 258 376 368 66 287 10 383 382 0,243
PFG_MOEA,327,11,314.81,5596.11,0 369 338 203 168 0,
PFG_MOEA,327,12,314.81,5596.11,0 202 306 370 342 144 176 27 98 78 196 296 347 332 324 147 211 244 223 104 310 282 143 79 160 50 60 257 270 379 195 45 348 75 328 248 0,370
PFG_MOEA,328,1,411.21,4974.5,0 12 90 381 23 32 276 239 336 138 222 198 49 274 256 237 351 280 252 236 128 119 2 0,23
PFG_MOEA,328,2,411.21,4974.5,0 22 118 185 214 295 40 122 392 285 331 133 293 53 101 352 363 323 194 275 277 102 100 95 163 61 89 207 307 313 359 365 253 206 187 0,22 100
PFG_MOEA,328,3,411.21,4974.5,0 115 0,
PFG_MOEA,328,4,411.21,4974.5,0 245 396 240 385 288 177 181 358 337 384 111 116 76 113 81 29 325 355 0,
PFG_MOEA,328,5,411.21,4974.5,0 281 26 334 298 341 134 186 131 84 114 389 105 219 371 162 159 74 279 91 24 212 375 284 14 184 318 70 292 263 8 373 169 108 72 52 130 44 386 362 201 312 67 164 107 302 173 106 261 388 197 218 151 77 273 136 137 59 109 127 57 226 19 13 80 0,77 106 284
PFG_MOEA,328,6,411.21,4974.5,0 38 172 182 319 303 357 266 141 86 199 228 267 366 289 231 34 58 68 161 235 35 249 88 135 233 156 94 230 374 92 11 36 397 350 311 4 314 193 340 299 321 269 120 142 37 51 123 145 132 339 322 121 146 294 174 320 364 393 3 229 308 356 264 259 246 42 300 329 112 221 242 96 0,51 174 229 246 299
PFG_MOEA,328,7,411.21,4974.5,0 399 200 165 191 152 247 255 1 262 250 28 345 377 395 400 394 188 301 372 21 167 291 139 149 157 63 316 387 327 17 43 85 215 73 254 183 354 69 265 346 315 99 175 251 190 390 18 103 155 83 378 213 234 227 398 93 224 179 232 225 97 71 33 260 148 238 129 330 192 48 31 304 0,93
PFG_MOEA,328,8,411.21,4974.5,0 382 383 10 391 271 39 46 54 268 272 30 66 166 205 208 6 204 154 305 326 283 65 297 62 241 110 140 286 317 333 180 220 158 189 64 20 126 124 7 56 217 55 25 367 170 361 209 287 0,55 62 66 220
PFG_MOEA,328,9,411.21,4974.5,0 380 0,
PFG_MOEA,328,10,411.21,4974.5,0 16 369 15 0,
PFG_MOEA,328,11,411.21,4974.5,0 168 203 178 82 41 0,178
PFG_MOEA,328,12,411.21,4974.5,0 335 360 338 202 306 370 342 144 176 27 98 78 196 296 347 332 216 47 125 9 150 147 324 211 244 223 104 310 282 143 309 5 195 379 79 160 50 60 270 257 210 45 153 278 87 171 353 348 75 328 248 258 376 368 290 343 349 344 243 117 0,
PFG_MOEA,329,1,312.55,5795.78,0 336 138 239 122 296 347 332 324 275 277 104 211 244 223 102 352 363 323 194 147 101 95 222 0,122 211 222 277
PFG_MOEA,329,2,312.55,5795.78,0 335 360 207 307 313 359 187 100 310 282 143 79 160 50 60 257 270 379 195 5 309 280 351 237 256 274 49 198 252 236 381 23 90 12 214 185 118 281 26 334 298 371 72 52 130 44 386 80 0,5 307
PFG_MOEA,329,3,312.55,5795.78,0 13 19 226 57 127 109 59 137 136 273 77 151 218 197 388 261 106 173 302 107 164 67 312 201 362 123 51 145 294 174 339 132 142 120 269 321 299 0,174
PFG_MOEA,329,4,312.55,5795.78,0 340 233 135 88 249 35 235 161 68 58 34 231 289 366 267 228 141 266 303 357 319 86 199 156 94 0,303
PFG_MOEA,329,5,312.55,5795.78,0 38 172 182 397 36 11 92 374 230 311 350 4 314 193 37 322 121 146 320 364 393 3 229 308 356 264 259 246 42 300 329 112 191 152 221 242 96 0,42 264
PFG_MOEA,329,6,312.55,5795.78,0 200 165 129 0,
PFG_MOEA,329,7,312.55,5795.78,0 304 330 395 400 394 188 301 372 21 167 291 139 149 157 63 316 387 17 43 33 71 224 260 0,
PFG_MOEA,329,8,312.55,5795.78,0 399 247 28 250 345 377 262 1 255 327 254 73 215 85 93 179 232 225 97 148 238 192 48 31 0,93
PFG_MOEA,329,9,312.55,5795.78,0 378 69 183 354 265 346 315 99 175 251 190 390 18 103 155 83 234 213 227 398 209 361 170 367 25 55 217 56 7 180 333 317 286 140 110 62 297 65 283 326 305 154 204 6 208 241 220 158 189 64 20 126 124 0,175
PFG_MOEA,329,10,312.55,5795.78,0 287 382 383 10 268 272 30 66 166 205 271 39 391 53 293 133 331 285 392 115 245 396 240 385 288 177 181 358 337 384 111 116 76 113 81 29 325 355 131 84 114 389 105 341 219 0,
PFG_MOEA,329,11,312.55,5795.78,0 91 24 212 375 14 108 169 373 8 263 292 70 318 184 284 74 279 159 162 22 134 186 89 216 47 125 9 150 163 61 365 253 206 46 54 0,
PFG_MOEA,329,12,312.55,5795.78,0 41 82 178 117 243 344 349 343 290 368 376 258 248 328 75 171 87 153 278 210 45 353 348 2 119 128 295 40 32 276 196 78 98 27 176 144 342 370 306 202 338 203 168 369 380 16 15 0,16 87 203
PFG_MOEA,330,1,759.34,4800.0,0 219 341 105 389 114 84 131 355 325 29 81 113 76 116 111 384 337 358 181 177 288 385 240 396 245 115 392 285 331 133 293 53 163 150 9 125 47 216 89 61 206 253 365 0,245
PFG_MOEA,330,2,759.34,4800.0,0 22 134 186 162 159 279 74 284 184 318 70 292 263 8 373 169 108 14 375 212 24 91 0,318
PFG_MOEA,330,3,759.34,4800.0,0 304 31 48 148 260 224 71 33 129 238 330 192 200 165 112 191 152 127 57 109 59 137 273 136 247 17 43 85 215 73 254 69 354 183 327 387 157 149 188 394 316 63 262 1 255 250 28 42 400 395 377 345 356 264 259 246 308 229 197 218 151 77 107 164 67 302 388 3 106 173 261 320 364 393 312 201 362 329 300 123 51 145 322 121 146 294 174 339 132 120 142 37 269 321 299 340 233 135 88 249 35 161 235 68 58 34 386 231 289 366 267 228 44 130 52 72 303 357 319 266 141 86 92 199 156 94 230 311 374 11 36 397 350 4 314 193 182 172 13 19 226 221 242 96 80 38 0,33 106 174 200 303 311 394
PFG_MOEA,330,4,759.34,4800.0,0 378 83 155 103 18 190 251 175 99 315 346 372 301 167 21 139 291 265 390 234 0,
PFG_MOEA,330,5,759.34,4800.0,0 179 391 271 39 30 272 268 46 54 93 398 227 213 232 0,391
PFG_MOEA,330,6,759.34,4800.0,0 225 0,
PFG_MOEA,330,7,759.34,4800.0,0 97 209 361 170 367 0,
PFG_MOEA,330,8,759.34,4800.0,0 399 15 168 203 338 202 306 370 342 144 176 27 98 78 196 369 380 16 41 82 178 117 243 344 349 66 343 290 368 376 258 248 328 75 348 353 45 210 278 153 171 87 6 208 205 166 158 189 220 241 62 297 65 283 204 154 305 326 110 140 180 333 317 286 25 55 217 56 7 124 126 20 64 287 10 383 382 0,62 66 205 220 342
PFG_MOEA,330,9,759.34,4800.0,0 2 119 128 295 40 32 276 239 122 296 332 347 138 336 222 95 101 194 147 324 275 323 363 352 277 102 223 244 211 104 310 100 282 143 79 160 50 60 257 270 379 195 5 309 280 351 237 256 274 49 198 252 236 0,
PFG_MOEA,330,10,759.34,4800.0,0 381 23 90 12 207 307 0,
PFG_MOEA,330,11,759.34,4800.0,0 335 187 359 313 360 214 0,
PFG_MOEA,330,12,759.34,4800.0,0 185 118 281 26 334 298 371 0,
PFG_MOEA,331,1,314.81,5596.11,0 12 90 128 236 252 336 276 138 222 198 49 274 256 237 351 280 309 5 290 343 313 207 0,222
PFG_MOEA,331,2,314.81,5596.11,0 91 292 263 8 373 169 108 14 375 212 24 371 219 341 298 334 26 281 118 185 214 295 40 32 239 122 95 101 352 363 323 194 275 277 102 100 23 381 119 2 307 359 187 148 48 31 304 0,23
PFG_MOEA,331,3,314.81,5596.11,0 260 224 71 33 127 152 191 112 165 200 129 238 330 192 0,33
PFG_MOEA,331,4,314.81,5596.11,0 57 67 302 173 106 3 388 164 107 77 151 218 197 229 308 246 259 264 356 345 377 395 400 42 28 250 255 1 262 63 316 394 188 149 157 387 327 183 354 69 254 73 215 85 43 17 247 136 273 137 59 109 0,
PFG_MOEA,331,5,314.81,5596.11,0 329 300 362 123 51 145 322 121 146 201 261 320 364 393 312 294 174 339 132 206 253 365 360 335 0,362 393
PFG_MOEA,331,6,314.81,5596.11,0 61 358 181 177 288 385 240 396 245 115 392 285 331 133 293 53 163 150 9 125 47 216 89 0,
PFG_MOEA,331,7,314.81,5596.11,0 80 13 19 226 35 161 235 58 34 386 231 289 366 267 228 44 130 52 72 318 70 184 284 74 279 159 162 389 114 355 325 384 337 111 116 76 113 81 29 131 84 105 186 134 22 0,
PFG_MOEA,331,8,314.81,5596.11,0 38 96 242 221 172 182 397 350 311 4 314 193 230 94 156 374 36 11 92 319 357 303 266 141 86 199 68 135 88 249 233 340 299 321 269 120 142 37 301 21 139 291 167 372 346 315 99 175 251 0,182
PFG_MOEA,331,9,314.81,5596.11,0 97 225 232 179 391 271 158 241 62 297 65 283 204 154 305 326 110 140 286 317 333 180 220 126 124 7 56 217 55 25 367 170 361 209 227 234 213 190 390 265 18 103 155 83 378 398 93 54 46 268 272 30 39 0,65 154
PFG_MOEA,331,10,314.81,5596.11,0 399 15 16 380 41 82 178 117 243 344 349 20 189 64 166 205 208 6 87 171 153 278 210 353 258 376 368 66 287 10 383 382 0,243
PFG_MOEA,331,11,314.81,5596.11,0 369 338 203 168 0,
PFG_MOEA,331,12,314.81,5596.11,0 202 306 370 342 144 176 27 98 78 196 296 347 332 324 147 211 244 223 104 310 282 143 79 160 50 60 257 270 379 195 45 348 75 328 248 0,370
PFG_MOEA,332,1,411.21,4974.5,0 12 90 381 23 32 276 239 336 138 222 198 49 274 256 237 351 280 252 236 128 119 2 0,23
PFG_MOEA,332,2,411.21,4974.5,0 22 118 185 214 295 40 122 392 285 331 133 293 53 101 352 363 323 194 275 277 102 100 95 163 61 89 207 307 313 359 365 253 206 187 0,22 100
PFG_MOEA,332,3,411.21,4974.5,0 115 0,
PFG_MOEA,332,4,411.21,4974.5,0 245 396 240 385 288 177 181 358 337 384 111 116 76 113 81 29 325 355 0,
PFG_MOEA,332,5,411.21,4974.5,0 281 26 334 298 341 134 186 131 84 114 389 105 219 371 162 159 74 279 91 24 212 375 284 14 184 318 70 292 263 8 373 169 108 72 52 130 44 386 362 201 312 67 164 107 302 173 106 261 388 197 218 151 77 273 136 137 59 109 127 57 226 19 13 80 0,77 106 284
PFG_MOEA,332,6,411.21,4974.5,0 38 172 182 319 303 357 266 141 86 199 228 267 366 289 231 34 58 68 161 235 35 249 88 135 233 156 94 230 374 92 11 36 397 350 311 4 314 193 340 299 321 269 120 142 37 51 123 145 132 339 322 121 146 294 174 320 364 393 3 229 308 356 264 259 246 42 300 329 112 221 242 96 0,51 174 229 246 299
PFG_MOEA,332,7,411.21,4974.5,0 399 200 165 191 152 247 255 1 262 250 28 345 377 395 400 394 188 301 372 21 167 291 139 149 157 63 316 387 327 17 43 85 215 73 254 183 354 69 265 346 315 99 175 251 190 390 18 103 155 83 378 213 234 227 398 93 224 179 232 225 97 71 33 260 148 238 129 330 192 48 31 304 0,93
PFG_MOEA,332,8,411.21,4974.5,0 382 383 10 391 271 39 46 54 268 272 30 66 166 205 208 6 204 154 305 326 283 65 297 62 241 110 140 286 317 333 180 220 158 189 64 20 126 124 7 56 217 55 25 367 170 361 209 287 0,55 62 66 220
PFG_MOEA,332,9,411.21,4974.5,0 380 0,
PFG_MOEA,332,10,411.21,4974.5,0 16 369 15 0,
PFG_MOEA,332,11,411.21,4974.5,0 168 203 178 82 41 0,178
PFG_MOEA,332,12,411.21,4974.5,0 335 360 338 202 306 370 342 144 176 27 98 78 196 296 347 332 216 47 125 9 150 147 324 211 244 223 104 310 282 143 309 5 195 379 79 160 50 60 270 257 210 45 153 278 87 171 353 348 75 328 248 258 376 368 290 343 349 344 243 117 0,
PFG_MOEA,333,1,312.55,5795.78,0 336 138 239 122 296 347 332 324 275 277 104 211 244 223 102 352 363 323 194 147 101 95 222 0,122 211 222 277
PFG_MOEA,333,2,312.55,5795.78,0 335 360 207 307 313 359 187 100 310 282 143 79 160 50 60 257 270 379 195 5 309 280 351 237 256 274 49 198 252 236 381 23 90 12 214 185 118 281 26 334 298 371 72 52 130 44 386 80 0,5 307
PFG_MOEA,333,3,312.55,5795.78,0 13 19 226 57 127 109 59 137 136 273 77 151 218 197 388 261 106 173 302 107 164 67 312 201 362 123 51 145 294 174 339 132 142 120 269 321 299 0,174
PFG_MOEA,333,4,312.55,5795.78,0 340 233 135 88 249 35 235 161 68 58 34 231 289 366 267 228 141 266 303 357 319 86 199 156 94 0,303
PFG_MOEA,333,5,312.55,5795.78,0 38 172 182 397 36 11 92 374 230 311 350 4 314 193 37 322 121 146 320 364 393 3 229 308 356 264 259 246 42 300 329 112 191 152 221 242 96 0,42 264
PFG_MOEA,333,6,312.55,5795.78,0 200 165 129 0,
PFG_MOEA,333,7,312.55,5795.78,0 304 330 395 400 394 188 301 372 21 167 291 139 149 157 63 316 387 17 43 33 71 224 260 0,
PFG_MOEA,333,8,312.55,5795.78,0 399 247 28 250 345 377 262 1 255 327 254 73 215 85 93 179 232 225 97 148 238 192 48 31 0,93
PFG_MOEA,333,9,312.55,5795.78,0 378 69 183 354 265 346 315 99 175 251 190 390 18 103 155 83 234 213 227 398 209 361 170 367 25 55 217 56 7 180 333 317 286 140 110 62 297 65 283 326 305 154 204 6 208 241 220 158 189 64 20 126 124 0,175
PFG_MOEA,333,10,312.55,5795.78,0 287 382 383 10 268 272 30 66 166 205 271 39 391 53 293 133 331 285 392 115 245 396 240 385 288 177 181 358 337 384 111 116 76 113 81 29 325 355 131 84 114 389 105 341 219 0,
PFG_MOEA,333,11,312.55,5795.78,0 91 24 212 375 14 108 169 373 8 263 292 70 318 184 284 74 279 159 162 22 134 186 89 216 47 125 9 150 163 61 365 253 206 46 54 0,
PFG_MOEA,333,12,312.55,5795.78,0 41 82 178 117 243 344 349 343 290 368 376 258 248 328 75 171 87 153 278 210 45 353 348 2 119 128 295 40 32 276 196 78 98 27 176 144 342 370 306 202 338 203 168 369 380 16 15 0,16 87 203
PFG_MOEA,334,1,759.34,4800.0,0 219 341 105 389 114 84 131 355 325 29 81 113 76 116 111 384 337 358 181 177 288 385 240 396 245 115 392 285 331 133 293 53 163 150 9 125 47 216 89 61 206 253 365 0,245
PFG_MOEA,334,2,759.34,4800.0,0 22 134 186 162 159 279 74 284 184 318 70 292 263 8 373 169 108 14 375 212 24 91 0,318
PFG_MOEA,334,3,759.34,4800.0,0 304 31 48 148 260 224 71 33 129 238 330 192 200 165 112 191 152 127 57 109 59 137 273 136 247 17 43 85 215 73 254 69 354 183 327 387 157 149 188 394 316 63 262 1 255 250 28 42 400 395 377 345 356 264 259 246 308 229 197 218 151 77 107 164 67 302 388 3 106 173 261 320 364 393 312 201 362 329 300 123 51 145 322 121 146 294 174 339 132 120 142 37 269 321 299 340 233 135 88 249 35 161 235 68 58 34 386 231 289 366 267 228 44 130 52 72 303 357 319 266 141 86 92 199 156 94 230 311 374 11 36 397 350 4 314 193 182 172 13 19 226 221 242 96 80 38 0,33 106 174 200 303 311 394
PFG_MOEA,334,4,759.34,4800.0,0 378 83 155 103 18 190 251 175 99 315 346 372 301 167 21 139 291 265 390 234 0,
PFG_MOEA,334,5,759.34,4800.0,0 179 391 271 39 30 272 268 46 54 93 398 227 213 232 0,391
PFG_MOEA,334,6,759.34,4800.0,0 225 0,
PFG_MOEA,334,7,759.34,4800.0,0 97 209 361 170 367 0,
PFG_MOEA,334,8,759.34,4800.0,0 399 15 168 203 338 202 306 370 342 144 176 27 98 78 196 369 380 16 41 82 178 117 243 344 349 66 343 290 368 376 258 248 328 75 348 353 45 210 278 153 171 87 6 208 205 166 158 189 220 241 62 297 65 283 204 154 305 326 110 140 180 333 317 286 25 55 217 56 7 124 126 20 64 287 10 383 382 0,62 66 205 220 342
PFG_MOEA,334,9,759.34,4800.0,0 2 119 128 295 40 32 276 239 122 296 332 347 138 336 222 95 101 194 147 324 275 323 363 352 277 102 223 244 211 104 310 100 282 143 79 160 50 60 257 270 379 195 5 309 280 351 237 256 274 49 198 252 236 0,
PFG_MOEA,334,10,759.34,4800.0,0 381 23 90 12 207 307 0,
PFG_MOEA,334,11,759.34,4800.0,0 335 187 359 313 360 214 0,
PFG_MOEA,334,12,759.34,4800.0,0 185 118 281 26 334 298 371 0,
PFG_MOEA,335,1,314.81,5596.11,0 12 90 128 236 252 336 276 138 222 198 49 274 256 237 351 280 309 5 290 343 313 207 0,222
PFG_MOEA,335,2,314.81,5596.11,0 91 292 263 8 373 169 108 14 375 212 24 371 219 341 298 334 26 281 118 185 214 295 40 32 239 122 95 101 352 363 323 194 275 277 102 100 23 381 119 2 307 359 187 148 48 31 304 0,23
PFG_MOEA,335,3,314.81,5596.11,0 260 224 71 33 127 152 191 112 165 200 129 238 330 192 0,33
PFG_MOEA,335,4,314.81,5596.11,0 57 67 302 173 106 3 388 164 107 77 151 218 197 229 308 246 259 264 356 345 377 395 400 42 28 250 255 1 262 63 316 394 188 149 157 387 327 183 354 69 254 73 215 85 43 17 247 136 273 137 59 109 0,
PFG_MOEA,335,5,314.81,5596.11,0 329 300 362 123 51 145 322 121 146 201 261 320 364 393 312 294 174 339 132 206 253 365 360 335 0,362 393
PFG_MOEA,335,6,314.81,5596.11,0 61 358 181 177 288 385 240 396 245 115 392 285 331 133 293 53 163 150 9 125 47 216 89 0,
PFG_MOEA,335,7,314.81,5596.11,0 80 13 19 226 35 161 235 58 34 386 231 289 366 267 228 44 130 52 72 318 70 184 284 74 279 159 162 389 114 355 325 384 337 111 116 76 113 81 29 131 84 105 186 134 22 0,
PFG_MOEA,335,8,314.81,5596.11,0 38 96 242 221 172 182 397 350 311 4 314 193 230 94 156 374 36 11 92 319 357 303 266 141 86 199 68 135 88 249 233 340 299 321 269 120 142 37 301 21 139 291 167 372 346 315 99 175 251 0,182
PFG_MOEA,335,9,314.81,5596.11,0 97 225 232 179 391 271 158 241 62 297 65 283 204 154 305 326 110 140 286 317 333 180 220 126 124 7 56 217 55 25 367 170 361 209 227 234 213 190 390 265 18 103 155 83 378 398 93 54 46 268 272 30 39 0,65 154
PFG_MOEA,335,10,314.81,5596.11,0 399 15 16 380 41 82 178 117 243 344 349 20 189 64 166 205 208 6 87 171 153 278 210 353 258 376 368 66 287 10 383 382 0,243
PFG_MOEA,335,11,314.81,5596.11,0 369 338 203 168 0,
PFG_MOEA,335,12,314.81,5596.11,0 202 306 370 342 144 176 27 98 78 196 296 347 332 324 147 211 244 223 104 310 282 143 79 160 50 60 257 270 379 195 45 348 75 328 248 0,370
PFG_MOEA,336,1,411.21,4974.5,0 12 90 381 23 32 276 239 336 138 222 198 49 274 256 237 351 280 252 236 128 119 2 0,23
PFG_MOEA,336,2,411.21,4974.5,0 22 118 185 214 295 40 122 392 285 331 133 293 53 101 352 363 323 194 275 277 102 100 95 163 61 89 207 307 313 359 365 253 206 187 0,22 100
PFG_MOEA,336,3,411.21,4974.5,0 115 0,
PFG_MOEA,336,4,411.21,4974.5,0 245 396 240 385 288 177 181 358 337 384 111 116 76 113 81 29 325 355 0,
PFG_MOEA,336,5,411.21,4974.5,0 281 26 334 298 341 134 186 131 84 114 389 105 219 371 162 159 74 279 91 24 212 375 284 14 184 318 70 292 263 8 373 169 108 72 52 130 44 386 362 201 312 67 164 107 302 173 106 261 388 197 218 151 77 273 136 137 59 109 127 57 226 19 13 80 0,77 106 284
PFG_MOEA,336,6,411.21,4974.5,0 38 172 182 319 303 357 266 141 86 199 228 267 366 289 231 34 58 68 161 235 35 249 88 135 233 156 94 230 374 92 11 36 397 350 311 4 314 193 340 299 321 269 120 142 37 51 123 145 132 339 322 121 146 294 174 320 364 393 3 229 308 356 264 259 246 42 300 329 112 221 242 96 0,51 174 229 246 299
PFG_MOEA,336,7,411.21,4974.5,0 399 200 165 191 152 247 255 1 262 250 28 345 377 395 400 394 188 301 372 21 167 291 139 149 157 63 316 387 327 17 43 85 215 73 254 183 354 69 265 346 315 99 175 251 190 390 18 103 155 83 378 213 234 227 398 93 224 179 232 225 97 71 33 260 148 238 129 330 192 48 31 304 0,93
PFG_MOEA,336,8,411.21,4974.5,0 382 383 10 391 271 39 46 54 268 272 30 66 166 205 208 6 204 154 305 326 283 65 297 62 241 110 140 286 317 333 180 220 158 189 64 20 126 124 7 56 217 55 25 367 170 361 209 287 0,55 62 66 220
PFG_MOEA,336,9,411.21,4974.5,0 380 0,
PFG_MOEA,336,10,411.21,4974.5,0 16 369 15 0,
PFG_MOEA,336,11,411.21,4974.5,0 168 203 178 82 41 0,178
PFG_MOEA,336,12,411.21,4974.5,0 335 360 338 202 306 370 342 144 176 27 98 78 196 296 347 332 216 47 125 9 150 147 324 211 244 223 104 310 282 143 309 5 195 379 79 160 50 60 270 257 210 45 153 278 87 171 353 348 75 328 248 258 376 368 290 343 349 344 243 117 0,
PFG_MOEA,337,1,312.55,5795.78,0 336 138 239 122 296 347 332 324 275 277 104 211 244 223 102 352 363 323 194 147 101 95 222 0,122 211 222 277
PFG_MOEA,337,2,312.55,5795.78,0 335 360 207 307 313 359 187 100 310 282 143 79 160 50 60 257 270 379 195 5 309 280 351 237 256 274 49 198 252 236 381 23 90 12 214 185 118 281 26 334 298 371 72 52 130 44 386 80 0,5 307
PFG_MOEA,337,3,312.55,5795.78,0 13 19 226 57 127 109 59 137 136 273 77 151 218 197 388 261 106 173 302 107 164 67 312 201 362 123 51 145 294 174 339 132 142 120 269 321 299 0,174
PFG_MOEA,337,4,312.55,5795.78,0 340 233 135 88 249 35 235 161 68 58 34 231 289 366 267 228 141 266 303 357 319 86 199 156 94 0,303
PFG_MOEA,337,5,312.55,5795.78,0 38 172 182 397 36 11 92 374 230 311 350 4 314 193 37 322 121 146 320 364 393 3 229 308 356 264 259 246 42 300 329 112 191 152 221 242 96 0,42 264
PFG_MOEA,337,6,312.55,5795.78,0 200 165 129 0,
PFG_MOEA,337,7,312.55,5795.78,0 304 330 395 400 394 188 301 372 21 167 291 139 149 157 63 316 387 17 43 33 71 224 260 0,
PFG_MOEA,337,8,312.55,5795.78,0 399 247 28 250 345 377 262 1 255 327 254 73 215 85 93 179 232 225 97 148 238 192 48 31 0,93
PFG_MOEA,337,9,312.55,5795.78,0 378 69 183 354 265 346 315 99 175 251 190 390 18 103 155 83 234 213 227 398 209 361 170 367 25 55 217 56 7 180 333 317 286 140 110 62 297 65 283 326 305 154 204 6 208 241 220 158 189 64 20 126 124 0,175
PFG_MOEA,337,10,312.55,5795.78,0 287 382 383 10 268 272 30 66 166 205 271 39 391 53 293 133 331 285 392 115 245 396 240 385 288 177 181 358 337 384 111 116 76 113 81 29 325 355 131 84 114 389 105 341 219 0,
PFG_MOEA,337,11,312.55,5795.78,0 91 24 212 375 14 108 169 373 8 263 292 70 318 184 284 74 279 159 162 22 134 186 89 216 47 125 9 150 163 61 365 253 206 46 54 0,
PFG_MOEA,337,12,312.55,5795.78,0 41 82 178 117 243 344 349 343 290 368 376 258 248 328 75 171 87 153 278 210 45 353 348 2 119 128 295 40 32 276 196 78 98 27 176 144 342 370 306 202 338 203 168 369 380 16 15 0,16 87 203
PFG_MOEA,338,1,759.34,4800.0,0 219 341 105 389 114 84 131 355 325 29 81 113 76 116 111 384 337 358 181 177 288 385 240 396 245 115 392 285 331 133 293 53 163 150 9 125 47 216 89 61 206 253 365 0,245
PFG_MOEA,338,2,759.34,4800.0,0 22 134 186 162 159 279 74 284 184 318 70 292 263 8 373 169 108 14 375 212 24 91 0,318
PFG_MOEA,338,3,759.34,4800.0,0 304 31 48 148 260 224 71 33 129 238 330 192 200 165 112 191 152 127 57 109 59 137 273 136 247 17 43 85 215 73 254 69 354 183 327 387 157 149 188 394 316 63 262 1 255 250 28 42 400 395 377 345 356 264 259 246 308 229 197 218 151 77 107 164 67 302 388 3 106 173 261 320 364 393 312 201 362 329 300 123 51 145 322 121 146 294 174 339 132 120 142 37 269 321 299 340 233 135 88 249 35 161 235 68 58 34 386 231 289 366 267 228 44 130 52 72 303 357 319 266 141 86 92 199 156 94 230 311 374 11 36 397 350 4 314 193 182 172 13 19 226 221 242 96 80 38 0,33 106 174 200 303 311 394
PFG_MOEA,338,4,759.34,4800.0,0 378 83 155 103 18 190 251 175 99 315 346 372 301 167 21 139 291 265 390 234 0,
PFG_MOEA,338,5,759.34,4800.0,0 179 391 271 39 30 272 268 46 54 93 398 227 213 232 0,391
PFG_MOEA,338,6,759.34,4800.0,0 225 0,
PFG_MOEA,338,7,759.34,4800.0,0 97 209 361 170 367 0,
PFG_MOEA,338,8,759.34,4800.0,0 399 15 168 203 338 202 306 370 342 144 176 27 98 78 196 369 380 16 41 82 178 117 243 344 349 66 343 290 368 376 258 248 328 75 348 353 45 210 278 153 171 87 6 208 205 166 158 189 220 241 62 297 65 283 204 154 305 326 110 140 180 333 317 286 25 55 217 56 7 124 126 20 64 287 10 383 382 0,62 66 205 220 342
PFG_MOEA,338,9,759.34,4800.0,0 2 119 128 295 40 32 276 239 122 296 332 347 138 336 222 95 101 194 147 324 275 323 363 352 277 102 223 244 211 104 310 100 282 143 79 160 50 60 257 270 379 195 5 309 280 351 237 256 274 49 198 252 236 0,
PFG_MOEA,338,10,759.34,4800.0,0 381 23 90 12 207 307 0,
PFG_MOEA,338,11,759.34,4800.0,0 335 187 359 313 360 214 0,
PFG_MOEA,338,12,759.34,4800.0,0 185 118 281 26 334 298 371 0,
PFG_MOEA,339,1,314.81,5596.11,0 12 90 128 236 252 336 276 138 222 198 49 274 256 237 351 280 309 5 290 343 313 207 0,222
PFG_MOEA,339,2,314.81,5596.11,0 91 292 263 8 373 169 108 14 375 212 24 371 219 341 298 334 26 281 118 185 214 295 40 32 239 122 95 101 352 363 323 194 275 277 102 100 23 381 119 2 307 359 187 148 48 31 304 0,23
PFG_MOEA,339,3,314.81,5596.11,0 260 224 71 33 127 152 191 112 165 200 129 238 330 192 0,33
PFG_MOEA,339,4,314.81,5596.11,0 57 67 302 173 106 3 388 164 107 77 151 218 197 229 308 246 259 264 356 345 377 395 400 42 28 250 255 1 262 63 316 394 188 149 157 387 327 183 354 69 254 73 215 85 43 17 247 136 273 137 59 109 0,
PFG_MOEA,339,5,314.81,5596.11,0 329 300 362 123 51 145 322 121 146 201 261 320 364 393 312 294 174 339 132 206 253 365 360 335 0,362 393
PFG_MOEA,339,6,314.81,5596.11,0 61 358 181 177 288 385 240 396 245 115 392 285 331 133 293 53 163 150 9 125 47 216 89 0,
PFG_MOEA,339,7,314.81,5596.11,0 80 13 19 226 35 161 235 58 34 386 231 289 366 267 228 44 130 52 72 318 70 184 284 74 279 159 162 389 114 355 325 384 337 111 116 76 113 81 29 131 84 105 186 134 22 0,
PFG_MOEA,339,8,314.81,5596.11,0 38 96 242 221 172 182 397 350 311 4 314 193 230 94 156 374 36 11 92 319 357 303 266 141 86 199 68 135 88 249 233 340 299 321 269 120 142 37 301 21 139 291 167 372 346 315 99 175 251 0,182
PFG_MOEA,339,9,314.81,5596.11,0 97 225 232 179 391 271 158 241 62 297 65 283 204 154 305 326 110 140 286 317 333 180 220 126 124 7 56 217 55 25 367 170 361 209 227 234 213 190 390 265 18 103 155 83 378 398 93 54 46 268 272 30 39 0,65 154
PFG_MOEA,339,10,314.81,5596.11,0 399 15 16 380 41 82 178 117 243 344 349 20 189 64 166 205 208 6 87 171 153 278 210 353 258 376 368 66 287 10 383 382 0,243
PFG_MOEA,339,11,314.81,5596.11,0 369 338 203 168 0,
PFG_MOEA,339,12,314.81,5596.11,0 202 306 370 342 144 176 27 98 78 196 296 347 332 324 147 211 244 223 104 310 282 143 79 160 50 60 257 270 379 195 45 348 75 328 248 0,370
PFG_MOEA,340,1,411.21,4974.5,0 12 90 381 23 32 276 239 336 138 222 198 49 274 256 237 351 280 252 236 128 119 2 0,23
PFG_MOEA,340,2,411.21,4974.5,0 22 118 185 214 295 40 122 392 285 331 133 293 53 101 352 363 323 194 275 277 102 100 95 163 61 89 207 307 313 359 365 253 206 187 0,22 100
PFG_MOEA,340,3,411.21,4974.5,0 115 0,
PFG_MOEA,340,4,411.21,4974.5,0 245 396 240 385 288 177 181 358 337 384 111 116 76 113 81 29 325 355 0,
PFG_MOEA,340,5,411.21,4974.5,0 281 26 334 298 341 134 186 131 84 114 389 105 219 371 162 159 74 279 91 24 212 375 284 14 184 318 70 292 263 8 373 169 108 72 52 130 44 386 362 201 312 67 164 107 302 173 106 261 388 197 218 151 77 273 136 137 59 109 127 57 226 19 13 80 0,77 106 284
PFG_MOEA,340,6,411.21,4974.5,0 38 172 182 319 303 357 266 141 86 199 228 267 366 289 231 34 58 68 161 235 35 249 88 135 233 156 94 230 374 92 11 36 397 350 311 4 314 193 340 299 321 269 120 142 37 51 123 145 132 339 322 121 146 294 174 320 364 393 3 229 308 356 264 259 246 42 300 329 112 221 242 96 0,51 174 229 246 299
PFG_MOEA,340,7,411.21,4974.5,0 399 200 165 191 152 247 255 1 262 250 28 345 377 395 400 394 188 301 372 21 167 291 139 149 157 63 316 387 327 17 43 85 215 73 254 183 354 69 265 346 315 99 175 251 190 390 18 103 155 83 378 213 234 227 398 93 224 179 232 225 97 71 33 260 148 238 129 330 192 48 31 304 0,93
PFG_MOEA,340,8,411.21,4974.5,0 382 383 10 391 271 39 46 54 268 272 30 66 166 205 208 6 204 154 305 326 283 65 297 62 241 110 140 286 317 333 180 220 158 189 64 20 126 124 7 56 217 55 25 367 170 361 209 287 0,55 62 66 220
PFG_MOEA,340,9,411.21,4974.5,0 380 0,
PFG_MOEA,340,10,411.21,4974.5,0 16 369 15 0,
PFG_MOEA,340,11,411.21,4974.5,0 168 203 178 82 41 0,178
PFG_MOEA,340,12,411.21,4974.5,0 335 360 338 202 306 370 342 144 176 27 98 78 196 296 347 332 216 47 125 9 150 147 324 211 244 223 104 310 282 143 309 5 195 379 79 160 50 60 270 257 210 45 153 278 87 171 353 348 75 328 248 258 376 368 290 343 349 344 243 117 0,
PFG_MOEA,341,1,312.55,5795.78,0 336 138 239 122 296 347 332 324 275 277 104 211 244 223 102 352 363 323 194 147 101 95 222 0,122 211 222 277
PFG_MOEA,341,2,312.55,5795.78,0 335 360 207 307 313 359 187 100 310 282 143 79 160 50 60 257 270 379 195 5 309 280 351 237 256 274 49 198 252 236 381 23 90 12 214 185 118 281 26 334 298 371 72 52 130 44 386 80 0,5 307
PFG_MOEA,341,3,312.55,5795.78,0 13 19 226 57 127 109 59 137 136 273 77 151 218 197 388 261 106 173 302 107 164 67 312 201 362 123 51 145 294 174 339 132 142 120 269 321 299 0,174
PFG_MOEA,341,4,312.55,5795.78,0 340 233 135 88 249 35 235 161 68 58 34 231 289 366 267 228 141 266 303 357 319 86 199 156 94 0,303
PFG_MOEA,341,5,312.55,5795.78,0 38 172 182 397 36 11 92 374 230 311 350 4 314 193 37 322 121 146 320 364 393 3 229 308 356 264 259 246 42 300 329 112 191 152 221 242 96 0,42 264
PFG_MOEA,341,6,312.55,5795.78,0 200 165 129 0,
PFG_MOEA,341,7,312.55,5795.78,0 304 330 395 400 394 188 301 372 21 167 291 139 149 157 63 316 387 17 43 33 71 224 260 0,
PFG_MOEA,341,8,312.55,5795.78,0 399 247 28 250 345 377 262 1 255 327 254 73 215 85 93 179 232 225 97 148 238 192 48 31 0,93
PFG_MOEA,341,9,312.55,5795.78,0 378 69 183 354 265 346 315 99 175 251 190 390 18 103 155 83 234 213 227 398 209 361 170 367 25 55 217 56 7 180 333 317 286 140 110 62 297 65 283 326 305 154 204 6 208 241 220 158 189 64 20 126 124 0,175
PFG_MOEA,341,10,312.55,5795.78,0 287 382 383 10 268 272 30 66 166 205 271 39 391 53 293 133 331 285 392 115 245 396 240 385 288 177 181 358 337 384 111 116 76 113 81 29 325 355 131 84 114 389 105 341 219 0,
PFG_MOEA,341,11,312.55,5795.78,0 91 24 212 375 14 108 169 373 8 263 292 70 318 184 284 74 279 159 162 22 134 186 89 216 47 125 9 150 163 61 365 253 206 46 54 0,
PFG_MOEA,341,12,312.55,5795.78,0 41 82 178 117 243 344 349 343 290 368 376 258 248 328 75 171 87 153 278 210 45 353 348 2 119 128 295 40 32 276 196 78 98 27 176 144 342 370 306 202 338 203 168 369 380 16 15 0,16 87 203
PFG_MOEA,342,1,389.39,5146.42,0 163 78 53 293 133 331 285 392 98 115 245 27 396 240 385 288 177 181 358 337 384 111 116 76 113 81 29 325 355 131 84 114 389 91 279 74 159 162 371 219 298 341 22 134 186 105 118 185 0,
PFG_MOEA,342,2,389.39,5146.42,0 281 26 334 24 212 375 284 14 184 318 70 292 263 8 373 169 108 72 52 130 44 386 51 145 123 362 201 294 312 67 164 107 302 173 106 261 388 197 218 151 77 273 136 137 59 109 127 57 226 19 13 80 0,
PFG_MOEA,342,3,389.39,5146.42,0 142 339 174 132 120 269 321 299 340 233 135 88 249 35 235 161 68 58 34 231 289 366 267 228 141 266 303 357 319 86 199 156 94 230 374 92 11 36 397 350 311 4 314 193 0,88
PFG_MOEA,342,4,389.39,5146.42,0 182 172 38 0,
PFG_MOEA,342,5,389.39,5146.42,0 37 322 121 146 320 364 393 3 229 308 356 264 259 246 42 300 329 112 152 191 165 200 221 242 96 0,152 264 329
PFG_MOEA,342,6,389.39,5146.42,0 129 33 71 224 260 0,
PFG_MOEA,342,7,389.39,5146.42,0 399 247 255 1 262 250 28 345 377 395 400 394 188 301 372 21 167 291 139 149 157 63 316 387 17 43 73 254 327 183 354 69 215 85 93 179 232 225 97 148 48 238 330 192 31 304 0,395
PFG_MOEA,342,8,389.39,5146.42,0 16 15 168 203 369 380 391 271 39 268 272 30 66 166 205 208 6 204 154 305 326 283 65 297 62 241 110 140 286 317 333 180 220 158 189 64 20 126 124 7 56 217 55 25 367 170 361 209 398 227 234 213 190 251 175 99 315 346 265 390 18 103 155 83 378 54 46 287 10 383 382 41 0,7 16 20 103 272
PFG_MOEA,342,9,389.39,5146.42,0 82 178 117 243 368 376 258 353 153 171 87 278 210 143 237 256 274 49 100 282 310 104 102 277 275 194 323 363 352 101 198 95 222 138 122 276 336 252 236 128 23 381 90 119 2 12 0,
PFG_MOEA,342,10,389.39,5146.42,0 344 349 351 280 309 5 79 160 50 60 257 270 379 195 45 348 75 328 248 290 343 187 0,
PFG_MOEA,342,11,389.39,5146.42,0 214 295 40 32 239 370 342 144 176 150 47 9 125 216 89 61 207 307 313 359 206 253 365 360 335 0,176
PFG_MOEA,342,12,389.39,5146.42,0 338 202 306 196 296 347 332 324 147 211 244 223 0,
PFG_MOEA,343,1,759.34,4800.0,0 219 341 105 389 114 84 131 355 325 29 81 113 76 116 111 384 337 358 181 177 288 385 240 396 245 115 392 285 331 133 293 53 163 150 9 125 47 216 89 61 206 253 365 0,245
PFG_MOEA,343,2,759.34,4800.0,0 22 134 186 162 159 279 74 284 184 318 70 292 263 8 373 169 108 14 375 212 24 91 0,318
PFG_MOEA,343,3,759.34,4800.0,0 304 31 48 148 260 224 71 33 129 238 330 192 200 165 112 191 152 127 57 109 59 137 273 136 247 17 43 85 215 73 254 69 354 183 327 387 157 149 188 394 316 63 262 1 255 250 28 42 400 395 377 345 356 264 259 246 308 229 197 218 151 77 107 164 67 302 388 3 106 173 261 320 364 393 312 201 362 329 300 123 51 145 322 121 146 294 174 339 132 120 142 37 269 321 299 340 233 135 88 249 35 161 235 68 58 34 386 231 289 366 267 228 44 130 52 72 303 357 319 266 141 86 92 199 156 94 230 311 374 11 36 397 350 4 314 193 182 172 13 19 226 221 242 96 80 38 0,33 106 174 200 303 311 394
PFG_MOEA,343,4,759.34,4800.0,0 378 83 155 103 18 190 251 175 99 315 346 372 301 167 21 139 291 265 390 234 0,
PFG_MOEA,343,5,759.34,4800.0,0 179 391 271 39 30 272 268 46 54 93 398 227 213 232 0,391
PFG_MOEA,343,6,759.34,4800.0,0 225 0,
PFG_MOEA,343,7,759.34,4800.0,0 97 209 361 170 367 0,
PFG_MOEA,343,8,759.34,4800.0,0 399 15 168 203 338 202 306 370 342 144 176 27 98 78 196 369 380 16 41 82 178 117 243 344 349 66 343 290 368 376 258 248 328 75 348 353 45 210 278 153 171 87 6 208 205 166 158 189 220 241 62 297 65 283 204 154 305 326 110 140 180 333 317 286 25 55 217 56 7 124 126 20 64 287 10 383 382 0,62 66 205 220 342
PFG_MOEA,343,9,759.34,4800.0,0 2 119 128 295 40 32 276 239 122 296 332 347 138 336 222 95 101 194 147 324 275 323 363 352 277 102 223 244 211 104 310 100 282 143 79 160 50 60 257 270 379 195 5 309 280 351 237 256 274 49 198 252 236 0,
PFG_MOEA,343,10,759.34,4800.0,0 381 23 90 12 207 307 0,
PFG_MOEA,343,11,759.34,4800.0,0 335 187 359 313 360 214 0,
PFG_MOEA,343,12,759.34,4800.0,0 185 118 281 26 334 298 371 0,
PFG_MOEA,344,1,314.81,5596.11,0 12 90 128 236 252 336 276 138 222 198 49 274 256 237 351 280 309 5 290 343 313 207 0,222
PFG_MOEA,344,2,314.81,5596.11,0 91 292 263 8 373 169 108 14 375 212 24 371 219 341 298 334 26 281 118 185 214 295 40 32 239 122 95 101 352 363 323 194 275 277 102 100 23 381 119 2 307 359 187 148 48 31 304 0,23
PFG_MOEA,344,3,314.81,5596.11,0 260 224 71 33 127 152 191 112 165 200 129 238 330 192 0,33
PFG_MOEA,344,4,314.81,5596.11,0 57 67 302 173 106 3 388 164 107 77 151 218 197 229 308 246 259 264 356 345 377 395 400 42 28 250 255 1 262 63 316 394 188 149 157 387 327 183 354 69 254 73 215 85 43 17 247 136 273 137 59 109 0,
PFG_MOEA,344,5,314.81,5596.11,0 329 300 362 123 51 145 322 121 146 201 261 320 364 393 312 294 174 339 132 206 253 365 360 335 0,362 393
PFG_MOEA,344,6,314.81,5596.11,0 61 358 181 177 288 385 240 396 245 115 392 285 331 133 293 53 163 150 9 125 47 216 89 0,
PFG_MOEA,344,7,314.81,5596.11,0 80 13 19 226 35 161 235 58 34 386 231 289 366 267 228 44 130 52 72 318 70 184 284 74 279 159 162 389 114 355 325 384 337 111 116 76 113 81 29 131 84 105 186 134 22 0,
PFG_MOEA,344,8,314.81,5596.11,0 38 96 242 221 172 182 397 350 311 4 314 193 230 94 156 374 36 11 92 319 357 303 266 141 86 199 68 135 88 249 233 340 299 321 269 120 142 37 301 21 139 291 167 372 346 315 99 175 251 0,182
PFG_MOEA,344,9,314.81,5596.11,0 97 225 232 179 391 271 158 241 62 297 65 283 204 154 305 326 110 140 286 317 333 180 220 126 124 7 56 217 55 25 367 170 361 209 227 234 213 190 390 265 18 103 155 83 378 398 93 54 46 268 272 30 39 0,65 154
PFG_MOEA,344,10,314.81,5596.11,0 399 15 16 380 41 82 178 117 243 344 349 20 189 64 166 205 208 6 87 171 153 278 210 353 258 376 368 66 287 10 383 382 0,243
PFG_MOEA,344,11,314.81,5596.11,0 369 338 203 168 0,
PFG_MOEA,344,12,314.81,5596.11,0 202 306 370 342 144 176 27 98 78 196 296 347 332 324 147 211 244 223 104 310 282 143 79 160 50 60 257 270 379 195 45 348 75 328 248 0,370
PFG_MOEA,345,1,411.21,4974.5,0 12 90 381 23 32 276 239 336 138 222 198 49 274 256 237 351 280 252 236 128 119 2 0,23
PFG_MOEA,345,2,411.21,4974.5,0 22 118 185 214 295 40 122 392 285 331 133 293 53 101 352 363 323 194 275 277 102 100 95 163 61 89 207 307 313 359 365 253 206 187 0,22 100
PFG_MOEA,345,3,411.21,4974.5,0 115 0,
PFG_MOEA,345,4,411.21,4974.5,0 245 396 240 385 288 177 181 358 337 384 111 116 76 113 81 29 325 355 0,
PFG_MOEA,345,5,411.21,4974.5,0 281 26 334 298 341 134 186 131 84 114 389 105 219 371 162 159 74 279 91 24 212 375 284 14 184 318 70 292 263 8 373 169 108 72 52 130 44 386 362 201 312 67 164 107 302 173 106 261 388 197 218 151 77 273 136 137 59 109 127 57 226 19 13 80 0,77 106 284
PFG_MOEA,345,6,411.21,4974.5,0 38 172 182 319 303 357 266 141 86 199 228 267 366 289 231 34 58 68 161 235 35 249 88 135 233 156 94 230 374 92 11 36 397 350 311 4 314 193 340 299 321 269 120 142 37 51 123 145 132 339 322 121 146 294 174 320 364 393 3 229 308 356 264 259 246 42 300 329 112 221 242 96 0,51 174 229 246 299
PFG_MOEA,345,7,411.21,4974.5,0 399 200 165 191 152 247 255 1 262 250 28 345 377 395 400 394 188 301 372 21 167 291 139 149 157 63 316 387 327 17 43 85 215 73 254 183 354 69 265 346 315 99 175 251 190 390 18 103 155 83 378 213 234 227 398 93 224 179 232 225 97 71 33 260 148 238 129 330 192 48 31 304 0,93
PFG_MOEA,345,8,411.21,4974.5,0 382 383 10 391 271 39 46 54 268 272 30 66 166 205 208 6 204 154 305 326 283 65 297 62 241 110 140 286 317 333 180 220 158 189 64 20 126 124 7 56 217 55 25 367 170 361 209 287 0,55 62 66 220
PFG_MOEA,345,9,411.21,4974.5,0 380 0,
PFG_MOEA,345,10,411.21,4974.5,0 16 369 15 0,
PFG_MOEA,345,11,411.21,4974.5,0 168 203 178 82 41 0,178
PFG_MOEA,345,12,411.21,4974.5,0 335 360 338 202 306 370 342 144 176 27 98 78 196 296 347 332 216 47 125 9 150 147 324 211 244 223 104 310 282 143 309 5 195 379 79 160 50 60 270 257 210 45 153 278 87 171 353 348 75 328 248 258 376 368 290 343 349 344 243 117 0,
PFG_MOEA,346,1,312.55,5795.78,0 336 138 239 122 296 347 332 324 275 277 104 211 244 223 102 352 363 323 194 147 101 95 222 0,122 211 222 277
PFG_MOEA,346,2,312.55,5795.78,0 335 360 207 307 313 359 187 100 310 282 143 79 160 50 60 257 270 379 195 5 309 280 351 237 256 274 49 198 252 236 381 23 90 12 214 185 118 281 26 334 298 371 72 52 130 44 386 80 0,5 307
PFG_MOEA,346,3,312.55,5795.78,0 13 19 226 57 127 109 59 137 136 273 77 151 218 197 388 261 106 173 302 107 164 67 312 201 362 123 51 145 294 174 339 132 142 120 269 321 299 0,174
PFG_MOEA,346,4,312.55,5795.78,0 340 233 135 88 249 35 235 161 68 58 34 231 289 366 267 228 141 266 303 357 319 86 199 156 94 0,303
PFG_MOEA,346,5,312.55,5795.78,0 38 172 182 397 36 11 92 374 230 311 350 4 314 193 37 322 121 146 320 364 393 3 229 308 356 264 259 246 42 300 329 112 191 152 221 242 96 0,42 264
PFG_MOEA,346,6,312.55,5795.78,0 200 165 129 0,
PFG_MOEA,346,7,312.55,5795.78,0 304 330 395 400 394 188 301 372 21 167 291 139 149 157 63 316 387 17 43 33 71 224 260 0,
PFG_MOEA,346,8,312.55,5795.78,0 399 247 28 250 345 377 262 1 255 327 254 73 215 85 93 179 232 225 97 148 238 192 48 31 0,93
PFG_MOEA,346,9,312.55,5795.78,0 378 69 183 354 265 346 315 99 175 251 190 390 18 103 155 83 234 213 227 398 209 361 170 367 25 55 217 56 7 180 333 317 286 140 110 62 297 65 283 326 305 154 204 6 208 241 220 158 189 64 20 126 124 0,175
PFG_MOEA,346,10,312.55,5795.78,0 287 382 383 10 268 272 30 66 166 205 271 39 391 53 293 133 331 285 392 115 245 396 240 385 288 177 181 358 337 384 111 116 76 113 81 29 325 355 131 84 114 389 105 341 219 0,
PFG_MOEA,346,11,312.55,5795.78,0 91 24 212 375 14 108 169 373 8 263 292 70 318 184 284 74 279 159 162 22 134 186 89 216 47 125 9 150 163 61 365 253 206 46 54 0,
PFG_MOEA,346,12,312.55,5795.78,0 41 82 178 117 243 344 349 343 290 368 376 258 248 328 75 171 87 153 278 210 45 353 348 2 119 128 295 40 32 276 196 78 98 27 176 144 342 370 306 202 338 203 168 369 380 16 15 0,16 87 203
PFG_MOEA,347,1,389.39,5146.42,0 163 78 53 293 133 331 285 392 98 115 245 27 396 240 385 288 177 181 358 337 384 111 116 76 113 81 29 325 355 131 84 114 389 91 279 74 159 162 371 219 298 341 22 134 186 105 118 185 0,
PFG_MOEA,347,2,389.39,5146.42,0 281 26 334 24 212 375 284 14 184 318 70 292 263 8 373 169 108 72 52 130 44 386 51 145 123 362 201 294 312 67 164 107 302 173 106 261 388 197 218 151 77 273 136 137 59 109 127 57 226 19 13 80 0,
PFG_MOEA,347,3,389.39,5146.42,0 142 339 174 132 120 269 321 299 340 233 135 88 249 35 235 161 68 58 34 231 289 366 267 228 141 266 303 357 319 86 199 156 94 230 374 92 11 36 397 350 311 4 314 193 0,88
PFG_MOEA,347,4,389.39,5146.42,0 182 172 38 0,
PFG_MOEA,347,5,389.39,5146.42,0 37 322 121 146 320 364 393 3 229 308 356 264 259 246 42 300 329 112 152 191 165 200 221 242 96 0,152 264 329
PFG_MOEA,347,6,389.39,5146.42,0 129 33 71 224 260 0,
PFG_MOEA,347,7,389.39,5146.42,0 399 247 255 1 262 250 28 345 377 395 400 394 188 301 372 21 167 291 139 149 157 63 316 387 17 43 73 254 327 183 354 69 215 85 93 179 232 225 97 148 48 238 330 192 31 304 0,395
PFG_MOEA,347,8,389.39,5146.42,0 16 15 168 203 369 380 391 271 39 268 272 30 66 166 205 208 6 204 154 305 326 283 65 297 62 241 110 140 286 317 333 180 220 158 189 64 20 126 124 7 56 217 55 25 367 170 361 209 398 227 234 213 190 251 175 99 315 346 265 390 18 103 155 83 378 54 46 287 10 383 382 41 0,7 16 20 103 272
PFG_MOEA,347,9,389.39,5146.42,0 82 178 117 243 368 376 258 353 153 171 87 278 210 143 237 256 274 49 100 282 310 104 102 277 275 194 323 363 352 101 198 95 222 138 122 276 336 252 236 128 23 381 90 119 2 12 0,
PFG_MOEA,347,10,389.39,5146.42,0 344 349 351 280 309 5 79 160 50 60 257 270 379 195 45 348 75 328 248 290 343 187 0,
PFG_MOEA,347,11,389.39,5146.42,0 214 295 40 32 239 370 342 144 176 150 47 9 125 216 89 61 207 307 313 359 206 253 365 360 335 0,176
PFG_MOEA,347,12,389.39,5146.42,0 338 202 306 196 296 347 332 324 147 211 244 223 0,
PFG_MOEA,348,1,759.34,4800.0,0 219 341 105 389 114 84 131 355 325 29 81 113 76 116 111 384 337 358 181 177 288 385 240 396 245 115 392 285 331 133 293 53 163 150 9 125 47 216 89 61 206 253 365 0,245
PFG_MOEA,348,2,759.34,4800.0,0 22 134 186 162 159 279 74 284 184 318 70 292 263 8 373 169 108 14 375 212 24 91 0,318
PFG_MOEA,348,3,759.34,4800.0,0 304 31 48 148 260 224 71 33 129 238 330 192 200 165 112 191 152 127 57 109 59 137 273 136 247 17 43 85 215 73 254 69 354 183 327 387 157 149 188 394 316 63 262 1 255 250 28 42 400 395 377 345 356 264 259 246 308 229 197 218 151 77 107 164 67 302 388 3 106 173 261 320 364 393 312 201 362 329 300 123 51 145 322 121 146 294 174 339 132 120 142 37 269 321 299 340 233 135 88 249 35 161 235 68 58 34 386 231 289 366 267 228 44 130 52 72 303 357 319 266 141 86 92 199 156 94 230 311 374 11 36 397 350 4 314 193 182 172 13 19 226 221 242 96 80 38 0,33 106 174 200 303 311 394
PFG_MOEA,348,4,759.34,4800.0,0 378 83 155 103 18 190 251 175 99 315 346 372 301 167 21 139 291 265 390 234 0,
PFG_MOEA,348,5,759.34,4800.0,0 179 391 271 39 30 272 268 46 54 93 398 227 213 232 0,391
PFG_MOEA,348,6,759.34,4800.0,0 225 0,
PFG_MOEA,348,7,759.34,4800.0,0 97 209 361 170 367 0,
PFG_MOEA,348,8,759.34,4800.0,0 399 15 168 203 338 202 306 370 342 144 176 27 98 78 196 369 380 16 41 82 178 117 243 344 349 66 343 290 368 376 258 248 328 75 348 353 45 210 278 153 171 87 6 208 205 166 158 189 220 241 62 297 65 283 204 154 305 326 110 140 180 333 317 286 25 55 217 56 7 124 126 20 64 287 10 383 382 0,62 66 205 220 342
PFG_MOEA,348,9,759.34,4800.0,0 2 119 128 295 40 32 276 239 122 296 332 347 138 336 222 95 101 194 147 324 275 323 363 352 277 102 223 244 211 104 310 100 282 143 79 160 50 60 257 270 379 195 5 309 280 351 237 256 274 49 198 252 236 0,
PFG_MOEA,348,10,759.34,4800.0,0 381 23 90 12 207 307 0,
PFG_MOEA,348,11,759.34,4800.0,0 335 187 359 313 360 214 0,
PFG_MOEA,348,12,759.34,4800.0,0 185 118 281 26 334 298 371 0,
PFG_MOEA,349,1,314.81,5596.11,0 12 90 128 236 252 336 276 138 222 198 49 274 256 237 351 280 309 5 290 343 313 207 0,222
PFG_MOEA,349,2,314.81,5596.11,0 91 292 263 8 373 169 108 14 375 212 24 371 219 341 298 334 26 281 118 185 214 295 40 32 239 122 95 101 352 363 323 194 275 277 102 100 23 381 119 2 307 359 187 148 48 31 304 0,23
PFG_MOEA,349,3,314.81,5596.11,0 260 224 71 33 127 152 191 112 165 200 129 238 330 192 0,33
PFG_MOEA,349,4,314.81,5596.11,0 57 67 302 173 106 3 388 164 107 77 151 218 197 229 308 246 259 264 356 345 377 395 400 42 28 250 255 1 262 63 316 394 188 149 157 387 327 183 354 69 254 73 215 85 43 17 247 136 273 137 59 109 0,
PFG_MOEA,349,5,314.81,5596.11,0 329 300 362 123 51 145 322 121 146 201 261 320 364 393 312 294 174 339 132 206 253 365 360 335 0,362 393
PFG_MOEA,349,6,314.81,5596.11,0 61 358 181 177 288 385 240 396 245 115 392 285 331 133 293 53 163 150 9 125 47 216 89 0,
PFG_MOEA,349,7,314.81,5596.11,0 80 13 19 226 35 161 235 58 34 386 231 289 366 267 228 44 130 52 72 318 70 184 284 74 279 159 162 389 114 355 325 384 337 111 116 76 113 81 29 131 84 105 186 134 22 0,
PFG_MOEA,349,8,314.81,5596.11,0 38 96 242 221 172 182 397 350 311 4 314 193 230 94 156 374 36 11 92 319 357 303 266 141 86 199 68 135 88 249 233 340 299 321 269 120 142 37 301 21 139 291 167 372 346 315 99 175 251 0,182
PFG_MOEA,349,9,314.81,5596.11,0 97 225 232 179 391 271 158 241 62 297 65 283 204 154 305 326 110 140 286 317 333 180 220 126 124 7 56 217 55 25 367 170 361 209 227 234 213 190 390 265 18 103 155 83 378 398 93 54 46 268 272 30 39 0,65 154
PFG_MOEA,349,10,314.81,5596.11,0 399 15 16 380 41 82 178 117 243 344 349 20 189 64 166 205 208 6 87 171 153 278 210 353 258 376 368 66 287 10 383 382 0,243
PFG_MOEA,349,11,314.81,5596.11,0 369 338 203 168 0,
PFG_MOEA,349,12,314.81,5596.11,0 202 306 370 342 144 176 27 98 78 196 296 347 332 324 147 211 244 223 104 310 282 143 79 160 50 60 257 270 379 195 45 348 75 328 248 0,370
PFG_MOEA,350,1,411.21,4974.5,0 12 90 381 23 32 276 239 336 138 222 198 49 274 256 237 351 280 252 236 128 119 2 0,23
PFG_MOEA,350,2,411.21,4974.5,0 22 118 185 214 295 40 122 392 285 331 133 293 53 101 352 363 323 194 275 277 102 100 95 163 61 89 207 307 313 359 365 253 206 187 0,22 100
PFG_MOEA,350,3,411.21,4974.5,0 115 0,
PFG_MOEA,350,4,411.21,4974.5,0 245 396 240 385 288 177 181 358 337 384 111 116 76 113 81 29 325 355 0,
PFG_MOEA,350,5,411.21,4974.5,0 281 26 334 298 341 134 186 131 84 114 389 105 219 371 162 159 74 279 91 24 212 375 284 14 184 318 70 292 263 8 373 169 108 72 52 130 44 386 362 201 312 67 164 107 302 173 106 261 388 197 218 151 77 273 136 137 59 109 127 57 226 19 13 80 0,77 106 284
PFG_MOEA,350,6,411.21,4974.5,0 38 172 182 319 303 357 266 141 86 199 228 267 366 289 231 34 58 68 161 235 35 249 88 135 233 156 94 230 374 92 11 36 397 350 311 4 314 193 340 299 321 269 120 142 37 51 123 145 132 339 322 121 146 294 174 320 364 393 3 229 308 356 264 259 246 42 300 329 112 221 242 96 0,51 174 229 246 299
PFG_MOEA,350,7,411.21,4974.5,0 399 200 165 191 152 247 255 1 262 250 28 345 377 395 400 394 188 301 372 21 167 291 139 149 157 63 316 387 327 17 43 85 215 73 254 183 354 69 265 346 315 99 175 251 190 390 18 103 155 83 378 213 234 227 398 93 224 179 232 225 97 71 33 260 148 238 129 330 192 48 31 304 0,93
PFG_MOEA,350,8,411.21,4974.5,0 382 383 10 391 271 39 46 54 268 272 30 66 166 205 208 6 204 154 305 326 283 65 297 62 241 110 140 286 317 333 180 220 158 189 64 20 126 124 7 56 217 55 25 367 170 361 209 287 0,55 62 66 220
PFG_MOEA,350,9,411.21,4974.5,0 380 0,
PFG_MOEA,350,10,411.21,4974.5,0 16 369 15 0,
PFG_MOEA,350,11,411.21,4974.5,0 168 203 178 82 41 0,178
PFG_MOEA,350,12,411.21,4974.5,0 335 360 338 202 306 370 342 144 176 27 98 78 196 296 347 332 216 47 125 9 150 147 324 211 244 223 104 310 282 143 309 5 195 379 79 160 50 60 270 257 210 45 153 278 87 171 353 348 75 328 248 258 376 368 290 343 349 344 243 117 0,
PFG_MOEA,351,1,312.55,5795.78,0 336 138 239 122 296 347 332 324 275 277 104 211 244 223 102 352 363 323 194 147 101 95 222 0,122 211 222 277
PFG_MOEA,351,2,312.55,5795.78,0 335 360 207 307 313 359 187 100 310 282 143 79 160 50 60 257 270 379 195 5 309 280 351 237 256 274 49 198 252 236 381 23 90 12 214 185 118 281 26 334 298 371 72 52 130 44 386 80 0,5 307
PFG_MOEA,351,3,312.55,5795.78,0 13 19 226 57 127 109 59 137 136 273 77 151 218 197 388 261 106 173 302 107 164 67 312 201 362 123 51 145 294 174 339 132 142 120 269 321 299 0,174
PFG_MOEA,351,4,312.55,5795.78,0 340 233 135 88 249 35 235 161 68 58 34 231 289 366 267 228 141 266 303 357 319 86 199 156 94 0,303
PFG_MOEA,351,5,312.55,5795.78,0 38 172 182 397 36 11 92 374 230 311 350 4 314 193 37 322 121 146 320 364 393 3 229 308 356 264 259 246 42 300 329 112 191 152 221 242 96 0,42 264
PFG_MOEA,351,6,312.55,5795.78,0 200 165 129 0,
PFG_MOEA,351,7,312.55,5795.78,0 304 330 395 400 394 188 301 372 21 167 291 139 149 157 63 316 387 17 43 33 71 224 260 0,
PFG_MOEA,351,8,312.55,5795.78,0 399 247 28 250 345 377 262 1 255 327 254 73 215 85 93 179 232 225 97 148 238 192 48 31 0,93
PFG_MOEA,351,9,312.55,5795.78,0 378 69 183 354 265 346 315 99 175 251 190 390 18 103 155 83 234 213 227 398 209 361 170 367 25 55 217 56 7 180 333 317 286 140 110 62 297 65 283 326 305 154 204 6 208 241 220 158 189 64 20 126 124 0,175
PFG_MOEA,351,10,312.55,5795.78,0 287 382 383 10 268 272 30 66 166 205 271 39 391 53 293 133 331 285 392 115 245 396 240 385 288 177 181 358 337 384 111 116 76 113 81 29 325 355 131 84 114 389 105 341 219 0,
PFG_MOEA,351,11,312.55,5795.78,0 91 24 212 375 14 108 169 373 8 263 292 70 318 184 284 74 279 159 162 22 134 186 89 216 47 125 9 150 163 61 365 253 206 46 54 0,
PFG_MOEA,351,12,312.55,5795.78,0 41 82 178 117 243 344 349 343 290 368 376 258 248 328 75 171 87 153 278 210 45 353 348 2 119 128 295 40 32 276 196 78 98 27 176 144 342 370 306 202 338 203 168 369 380 16 15 0,16 87 203
PFG_MOEA,352,1,389.39,5146.42,0 163 78 53 293 133 331 285 392 98 115 245 27 396 240 385 288 177 181 358 337 384 111 116 76 113 81 29 325 355 131 84 114 389 91 279 74 159 162 371 219 298 341 22 134 186 105 118 185 0,
PFG_MOEA,352,2,389.39,5146.42,0 281 26 334 24 212 375 284 14 184 318 70 292 263 8 373 169 108 72 52 130 44 386 51 145 123 362 201 294 312 67 164 107 302 173 106 261 388 197 218 151 77 273 136 137 59 109 127 57 226 19 13 80 0,
PFG_MOEA,352,3,389.39,5146.42,0 142 339 174 132 120 269 321 299 340 233 135 88 249 35 235 161 68 58 34 231 289 366 267 228 141 266 303 357 319 86 199 156 94 230 374 92 11 36 397 350 311 4 314 193 0,88
PFG_MOEA,352,4,389.39,5146.42,0 182 172 38 0,
PFG_MOEA,352,5,389.39,5146.42,0 37 322 121 146 320 364 393 3 229 308 356 264 259 246 42 300 329 112 152 191 165 200 221 242 96 0,152 264 329
PFG_MOEA,352,6,389.39,5146.42,0 129 33 71 224 260 0,
PFG_MOEA,352,7,389.39,5146.42,0 399 247 255 1 262 250 28 345 377 395 400 394 188 301 372 21 167 291 139 149 157 63 316 387 17 43 73 254 327 183 354 69 215 85 93 179 232 225 97 148 48 238 330 192 31 304 0,395
PFG_MOEA,352,8,389.39,5146.42,0 16 15 168 203 369 380 391 271 39 268 272 30 66 166 205 208 6 204 154 305 326 283 65 297 62 241 110 140 286 317 333 180 220 158 189 64 20 126 124 7 56 217 55 25 367 170 361 209 398 227 234 213 190 251 175 99 315 346 265 390 18 103 155 83 378 54 46 287 10 383 382 41 0,7 16 20 103 272
PFG_MOEA,352,9,389.39,5146.42,0 82 178 117 243 368 376 258 353 153 171 87 278 210 143 237 256 274 49 100 282 310 104 102 277 275 194 323 363 352 101 198 95 222 138 122 276 336 252 236 128 23 381 90 119 2 12 0,
PFG_MOEA,352,10,389.39,5146.42,0 344 349 351 280 309 5 79 160 50 60 257 270 379 195 45 348 75 328 248 290 343 187 0,
PFG_MOEA,352,11,389.39,5146.42,0 214 295 40 32 239 370 342 144 176 150 47 9 125 216 89 61 207 307 313 359 206 253 365 360 335 0,176
PFG_MOEA,352,12,389.39,5146.42,0 338 202 306 196 296 347 332 324 147 211 244 223 0,
PFG_MOEA,353,1,759.34,4800.0,0 219 341 105 389 114 84 131 355 325 29 81 113 76 116 111 384 337 358 181 177 288 385 240 396 245 115 392 285 331 133 293 53 163 150 9 125 47 216 89 61 206 253 365 0,245
PFG_MOEA,353,2,759.34,4800.0,0 22 134 186 162 159 279 74 284 184 318 70 292 263 8 373 169 108 14 375 212 24 91 0,318
PFG_MOEA,353,3,759.34,4800.0,0 304 31 48 148 260 224 71 33 129 238 330 192 200 165 112 191 152 127 57 109 59 137 273 136 247 17 43 85 215 73 254 69 354 183 327 387 157 149 188 394 316 63 262 1 255 250 28 42 400 395 377 345 356 264 259 246 308 229 197 218 151 77 107 164 67 302 388 3 106 173 261 320 364 393 312 201 362 329 300 123 51 145 322 121 146 294 174 339 132 120 142 37 269 321 299 340 233 135 88 249 35 161 235 68 58 34 386 231 289 366 267 228 44 130 52 72 303 357 319 266 141 86 92 199 156 94 230 311 374 11 36 397 350 4 314 193 182 172 13 19 226 221 242 96 80 38 0,33 106 174 200 303 311 394
PFG_MOEA,353,4,759.34,4800.0,0 378 83 155 103 18 190 251 175 99 315 346 372 301 167 21 139 291 265 390 234 0,
PFG_MOEA,353,5,759.34,4800.0,0 179 391 271 39 30 272 268 46 54 93 398 227 213 232 0,391
PFG_MOEA,353,6,759.34,4800.0,0 225 0,
PFG_MOEA,353,7,759.34,4800.0,0 97 209 361 170 367 0,
PFG_MOEA,353,8,759.34,4800.0,0 399 15 168 203 338 202 306 370 342 144 176 27 98 78 196 369 380 16 41 82 178 117 243 344 349 66 343 290 368 376 258 248 328 75 348 353 45 210 278 153 171 87 6 208 205 166 158 189 220 241 62 297 65 283 204 154 305 326 110 140 180 333 317 286 25 55 217 56 7 124 126 20 64 287 10 383 382 0,62 66 205 220 342
PFG_MOEA,353,9,759.34,4800.0,0 2 119 128 295 40 32 276 239 122 296 332 347 138 336 222 95 101 194 147 324 275 323 363 352 277 102 223 244 211 104 310 100 282 143 79 160 50 60 257 270 379 195 5 309 280 351 237 256 274 49 198 252 236 0,
PFG_MOEA,353,10,759.34,4800.0,0 381 23 90 12 207 307 0,
PFG_MOEA,353,11,759.34,4800.0,0 335 187 359 313 360 214 0,
PFG_MOEA,353,12,759.34,4800.0,0 185 118 281 26 334 298 371 0,
PFG_MOEA,354,1,314.81,5596.11,0 12 90 128 236 252 336 276 138 222 198 49 274 256 237 351 280 309 5 290 343 313 207 0,222
PFG_MOEA,354,2,314.81,5596.11,0 91 292 263 8 373 169 108 14 375 212 24 371 219 341 298 334 26 281 118 185 214 295 40 32 239 122 95 101 352 363 323 194 275 277 102 100 23 381 119 2 307 359 187 148 48 31 304 0,23
PFG_MOEA,354,3,314.81,5596.11,0 260 224 71 33 127 152 191 112 165 200 129 238 330 192 0,33
PFG_MOEA,354,4,314.81,5596.11,0 57 67 302 173 106 3 388 164 107 77 151 218 197 229 308 246 259 264 356 345 377 395 400 42 28 250 255 1 262 63 316 394 188 149 157 387 327 183 354 69 254 73 215 85 43 17 247 136 273 137 59 109 0,
PFG_MOEA,354,5,314.81,5596.11,0 329 300 362 123 51 145 322 121 146 201 261 320 364 393 312 294 174 339 132 206 253 365 360 335 0,362 393
PFG_MOEA,354,6,314.81,5596.11,0 61 358 181 177 288 385 240 396 245 115 392 285 331 133 293 53 163 150 9 125 47 216 89 0,
PFG_MOEA,354,7,314.81,5596.11,0 80 13 19 226 35 161 235 58 34 386 231 289 366 267 228 44 130 52 72 318 70 184 284 74 279 159 162 389 114 355 325 384 337 111 116 76 113 81 29 131 84 105 186 134 22 0,
PFG_MOEA,354,8,314.81,5596.11,0 38 96 242 221 172 182 397 350 311 4 314 193 230 94 156 374 36 11 92 319 357 303 266 141 86 199 68 135 88 249 233 340 299 321 269 120 142 37 301 21 139 291 167 372 346 315 99 175 251 0,182
PFG_MOEA,354,9,314.81,5596.11,0 97 225 232 179 391 271 158 241 62 297 65 283 204 154 305 326 110 140 286 317 333 180 220 126 124 7 56 217 55 25 367 170 361 209 227 234 213 190 390 265 18 103 155 83 378 398 93 54 46 268 272 30 39 0,65 154
PFG_MOEA,354,10,314.81,5596.11,0 399 15 16 380 41 82 178 117 243 344 349 20 189 64 166 205 208 6 87 171 153 278 210 353 258 376 368 66 287 10 383 382 0,243
PFG_MOEA,354,11,314.81,5596.11,0 369 338 203 168 0,
PFG_MOEA,354,12,314.81,5596.11,0 202 306 370 342 144 176 27 98 78 196 296 347 332 324 147 211 244 223 104 310 282 143 79 160 50 60 257 270 379 195 45 348 75 328 248 0,370
PFG_MOEA,355,1,411.21,4974.5,0 12 90 381 23 32 276 239 336 138 222 198 49 274 256 237 351 280 252 236 128 119 2 0,23
PFG_MOEA,355,2,411.21,4974.5,0 22 118 185 214 295 40 122 392 285 331 133 293 53 101 352 363 323 194 275 277 102 100 95 163 61 89 207 307 313 359 365 253 206 187 0,22 100
PFG_MOEA,355,3,411.21,4974.5,0 115 0,
PFG_MOEA,355,4,411.21,4974.5,0 245 396 240 385 288 177 181 358 337 384 111 116 76 113 81 29 325 355 0,
PFG_MOEA,355,5,411.21,4974.5,0 281 26 334 298 341 134 186 131 84 114 389 105 219 371 162 159 74 279 91 24 212 375 284 14 184 318 70 292 263 8 373 169 108 72 52 130 44 386 362 201 312 67 164 107 302 173 106 261 388 197 218 151 77 273 136 137 59 109 127 57 226 19 13 80 0,77 106 284
PFG_MOEA,355,6,411.21,4974.5,0 38 172 182 319 303 357 266 141 86 199 228 267 366 289 231 34 58 68 161 235 35 249 88 135 233 156 94 230 374 92 11 36 397 350 311 4 314 193 340 299 321 269 120 142 37 51 123 145 132 339 322 121 146 294 174 320 364 393 3 229 308 356 264 259 246 42 300 329 112 221 242 96 0,51 174 229 246 299
PFG_MOEA,355,7,411.21,4974.5,0 399 200 165 191 152 247 255 1 262 250 28 345 377 395 400 394 188 301 372 21 167 291 139 149 157 63 316 387 327 17 43 85 215 73 254 183 354 69 265 346 315 99 175 251 190 390 18 103 155 83 378 213 234 227 398 93 224 179 232 225 97 71 33 260 148 238 129 330 192 48 31 304 0,93
PFG_MOEA,355,8,411.21,4974.5,0 382 383 10 391 271 39 46 54 268 272 30 66 166 205 208 6 204 154 305 326 283 65 297 62 241 110 140 286 317 333 180 220 158 189 64 20 126 124 7 56 217 55 25 367 170 361 209 287 0,55 62 66 220
PFG_MOEA,355,9,411.21,4974.5,0 380 0,
PFG_MOEA,355,10,411.21,4974.5,0 16 369 15 0,
PFG_MOEA,355,11,411.21,4974.5,0 168 203 178 82 41 0,178
PFG_MOEA,355,12,411.21,4974.5,0 335 360 338 202 306 370 342 144 176 27 98 78 196 296 347 332 216 47 125 9 150 147 324 211 244 223 104 310 282 143 309 5 195 379 79 160 50 60 270 257 210 45 153 278 87 171 353 348 75 328 248 258 376 368 290 343 349 344 243 117 0,
PFG_MOEA,356,1,312.55,5795.78,0 336 138 239 122 296 347 332 324 275 277 104 211 244 223 102 352 363 323 194 147 101 95 222 0,122 211 222 277
PFG_MOEA,356,2,312.55,5795.78,0 335 360 207 307 313 359 187 100 310 282 143 79 160 50 60 257 270 379 195 5 309 280 351 237 256 274 49 198 252 236 381 23 90 12 214 185 118 281 26 334 298 371 72 52 130 44 386 80 0,5 307
PFG_MOEA,356,3,312.55,5795.78,0 13 19 226 57 127 109 59 137 136 273 77 151 218 197 388 261 106 173 302 107 164 67 312 201 362 123 51 145 294 174 339 132 142 120 269 321 299 0,174
PFG_MOEA,356,4,312.55,5795.78,0 340 233 135 88 249 35 235 161 68 58 34 231 289 366 267 228 141 266 303 357 319 86 199 156 94 0,303
PFG_MOEA,356,5,312.55,5795.78,0 38 172 182 397 36 11 92 374 230 311 350 4 314 193 37 322 121 146 320 364 393 3 229 308 356 264 259 246 42 300 329 112 191 152 221 242 96 0,42 264
PFG_MOEA,356,6,312.55,5795.78,0 200 165 129 0,
PFG_MOEA,356,7,312.55,5795.78,0 304 330 395 400 394 188 301 372 21 167 291 139 149 157 63 316 387 17 43 33 71 224 260 0,
PFG_MOEA,356,8,312.55,5795.78,0 399 247 28 250 345 377 262 1 255 327 254 73 215 85 93 179 232 225 97 148 238 192 48 31 0,93
PFG_MOEA,356,9,312.55,5795.78,0 378 69 183 354 265 346 315 99 175 251 190 390 18 103 155 83 234 213 227 398 209 361 170 367 25 55 217 56 7 180 333 317 286 140 110 62 297 65 283 326 305 154 204 6 208 241 220 158 189 64 20 126 124 0,175
PFG_MOEA,356,10,312.55,5795.78,0 287 382 383 10 268 272 30 66 166 205 271 39 391 53 293 133 331 285 392 115 245 396 240 385 288 177 181 358 337 384 111 116 76 113 81 29 325 355 131 84 114 389 105 341 219 0,
PFG_MOEA,356,11,312.55,5795.78,0 91 24 212 375 14 108 169 373 8 263 292 70 318 184 284 74 279 159 162 22 134 186 89 216 47 125 9 150 163 61 365 253 206 46 54 0,
PFG_MOEA,356,12,312.55,5795.78,0 41 82 178 117 243 344 349 343 290 368 376 258 248 328 75 171 87 153 278 210 45 353 348 2 119 128 295 40 32 276 196 78 98 27 176 144 342 370 306 202 338 203 168 369 380 16 15 0,16 87 203
PFG_MOEA,357,1,389.39,5146.42,0 163 78 53 293 133 331 285 392 98 115 245 27 396 240 385 288 177 181 358 337 384 111 116 76 113 81 29 325 355 131 84 114 389 91 279 74 159 162 371 219 298 341 22 134 186 105 118 185 0,
PFG_MOEA,357,2,389.39,5146.42,0 281 26 334 24 212 375 284 14 184 318 70 292 263 8 373 169 108 72 52 130 44 386 51 145 123 362 201 294 312 67 164 107 302 173 106 261 388 197 218 151 77 273 136 137 59 109 127 57 226 19 13 80 0,
PFG_MOEA,357,3,389.39,5146.42,0 142 339 174 132 120 269 321 299 340 233 135 88 249 35 235 161 68 58 34 231 289 366 267 228 141 266 303 357 319 86 199 156 94 230 374 92 11 36 397 350 311 4 314 193 0,88
PFG_MOEA,357,4,389.39,5146.42,0 182 172 38 0,
PFG_MOEA,357,5,389.39,5146.42,0 37 322 121 146 320 364 393 3 229 308 356 264 259 246 42 300 329 112 152 191 165 200 221 242 96 0,152 264 329
PFG_MOEA,357,6,389.39,5146.42,0 129 33 71 224 260 0,
PFG_MOEA,357,7,389.39,5146.42,0 399 247 255 1 262 250 28 345 377 395 400 394 188 301 372 21 167 291 139 149 157 63 316 387 17 43 73 254 327 183 354 69 215 85 93 179 232 225 97 148 48 238 330 192 31 304 0,395
PFG_MOEA,357,8,389.39,5146.42,0 16 15 168 203 369 380 391 271 39 268 272 30 66 166 205 208 6 204 154 305 326 283 65 297 62 241 110 140 286 317 333 180 220 158 189 64 20 126 124 7 56 217 55 25 367 170 361 209 398 227 234 213 190 251 175 99 315 346 265 390 18 103 155 83 378 54 46 287 10 383 382 41 0,7 16 20 103 272
PFG_MOEA,357,9,389.39,5146.42,0 82 178 117 243 368 376 258 353 153 171 87 278 210 143 237 256 274 49 100 282 310 104 102 277 275 194 323 363 352 101 198 95 222 138 122 276 336 252 236 128 23 381 90 119 2 12 0,
PFG_MOEA,357,10,389.39,5146.42,0 344 349 351 280 309 5 79 160 50 60 257 270 379 195 45 348 75 328 248 290 343 187 0,
PFG_MOEA,357,11,389.39,5146.42,0 214 295 40 32 239 370 342 144 176 150 47 9 125 216 89 61 207 307 313 359 206 253 365 360 335 0,176
PFG_MOEA,357,12,389.39,5146.42,0 338 202 306 196 296 347 332 324 147 211 244 223 0,
PFG_MOEA,358,1,759.34,4800.0,0 219 341 105 389 114 84 131 355 325 29 81 113 76 116 111 384 337 358 181 177 288 385 240 396 245 115 392 285 331 133 293 53 163 150 9 125 47 216 89 61 206 253 365 0,245
PFG_MOEA,358,2,759.34,4800.0,0 22 134 186 162 159 279 74 284 184 318 70 292 263 8 373 169 108 14 375 212 24 91 0,318
PFG_MOEA,358,3,759.34,4800.0,0 304 31 48 148 260 224 71 33 129 238 330 192 200 165 112 191 152 127 57 109 59 137 273 136 247 17 43 85 215 73 254 69 354 183 327 387 157 149 188 394 316 63 262 1 255 250 28 42 400 395 377 345 356 264 259 246 308 229 197 218 151 77 107 164 67 302 388 3 106 173 261 320 364 393 312 201 362 329 300 123 51 145 322 121 146 294 174 339 132 120 142 37 269 321 299 340 233 135 88 249 35 161 235 68 58 34 386 231 289 366 267 228 44 130 52 72 303 357 319 266 141 86 92 199 156 94 230 311 374 11 36 397 350 4 314 193 182 172 13 19 226 221 242 96 80 38 0,33 106 174 200 303 311 394
PFG_MOEA,358,4,759.34,4800.0,0 378 83 155 103 18 190 251 175 99 315 346 372 301 167 21 139 291 265 390 234 0,
PFG_MOEA,358,5,759.34,4800.0,0 179 391 271 39 30 272 268 46 54 93 398 227 213 232 0,391
PFG_MOEA,358,6,759.34,4800.0,0 225 0,
PFG_MOEA,358,7,759.34,4800.0,0 97 209 361 170 367 0,
PFG_MOEA,358,8,759.34,4800.0,0 399 15 168 203 338 202 306 370 342 144 176 27 98 78 196 369 380 16 41 82 178 117 243 344 349 66 343 290 368 376 258 248 328 75 348 353 45 210 278 153 171 87 6 208 205 166 158 189 220 241 62 297 65 283 204 154 305 326 110 140 180 333 317 286 25 55 217 56 7 124 126 20 64 287 10 383 382 0,62 66 205 220 342
PFG_MOEA,358,9,759.34,4800.0,0 2 119 128 295 40 32 276 239 122 296 332 347 138 336 222 95 101 194 147 324 275 323 363 352 277 102 223 244 211 104 310 100 282 143 79 160 50 60 257 270 379 195 5 309 280 351 237 256 274 49 198 252 236 0,
PFG_MOEA,358,10,759.34,4800.0,0 381 23 90 12 207 307 0,
PFG_MOEA,358,11,759.34,4800.0,0 335 187 359 313 360 214 0,
PFG_MOEA,358,12,759.34,4800.0,0 185 118 281 26 334 298 371 0,
PFG_MOEA,359,1,314.81,5596.11,0 12 90 128 236 252 336 276 138 222 198 49 274 256 237 351 280 309 5 290 343 313 207 0,222
PFG_MOEA,359,2,314.81,5596.11,0 91 292 263 8 373 169 108 14 375 212 24 371 219 341 298 334 26 281 118 185 214 295 40 32 239 122 95 101 352 363 323 194 275 277 102 100 23 381 119 2 307 359 187 148 48 31 304 0,23
PFG_MOEA,359,3,314.81,5596.11,0 260 224 71 33 127 152 191 112 165 200 129 238 330 192 0,33
PFG_MOEA,359,4,314.81,5596.11,0 57 67 302 173 106 3 388 164 107 77 151 218 197 229 308 246 259 264 356 345 377 395 400 42 28 250 255 1 262 63 316 394 188 149 157 387 327 183 354 69 254 73 215 85 43 17 247 136 273 137 59 109 0,
PFG_MOEA,359,5,314.81,5596.11,0 329 300 362 123 51 145 322 121 146 201 261 320 364 393 312 294 174 339 132 206 253 365 360 335 0,362 393
PFG_MOEA,359,6,314.81,5596.11,0 61 358 181 177 288 385 240 396 245 115 392 285 331 133 293 53 163 150 9 125 47 216 89 0,
PFG_MOEA,359,7,314.81,5596.11,0 80 13 19 226 35 161 235 58 34 386 231 289 366 267 228 44 130 52 72 318 70 184 284 74 279 159 162 389 114 355 325 384 337 111 116 76 113 81 29 131 84 105 186 134 22 0,
PFG_MOEA,359,8,314.81,5596.11,0 38 96 242 221 172 182 397 350 311 4 314 193 230 94 156 374 36 11 92 319 357 303 266 141 86 199 68 135 88 249 233 340 299 321 269 120 142 37 301 21 139 291 167 372 346 315 99 175 251 0,182
PFG_MOEA,359,9,314.81,5596.11,0 97 225 232 179 391 271 158 241 62 297 65 283 204 154 305 326 110 140 286 317 333 180 220 126 124 7 56 217 55 25 367 170 361 209 227 234 213 190 390 265 18 103 155 83 378 398 93 54 46 268 272 30 39 0,65 154
PFG_MOEA,359,10,314.81,5596.11,0 399 15 16 380 41 82 178 117 243 344 349 20 189 64 166 205 208 6 87 171 153 278 210 353 258 376 368 66 287 10 383 382 0,243
PFG_MOEA,359,11,314.81,5596.11,0 369 338 203 168 0,
PFG_MOEA,359,12,314.81,5596.11,0 202 306 370 342 144 176 27 98 78 196 296 347 332 324 147 211 244 223 104 310 282 143 79 160 50 60 257 270 379 195 45 348 75 328 248 0,370
PFG_MOEA,360,1,411.21,4974.5,0 12 90 381 23 32 276 239 336 138 222 198 49 274 256 237 351 280 252 236 128 119 2 0,23
PFG_MOEA,360,2,411.21,4974.5,0 22 118 185 214 295 40 122 392 285 331 133 293 53 101 352 363 323 194 275 277 102 100 95 163 61 89 207 307 313 359 365 253 206 187 0,22 100
PFG_MOEA,360,3,411.21,4974.5,0 115 0,
PFG_MOEA,360,4,411.21,4974.5,0 245 396 240 385 288 177 181 358 337 384 111 116 76 113 81 29 325 355 0,
PFG_MOEA,360,5,411.21,4974.5,0 281 26 334 298 341 134 186 131 84 114 389 105 219 371 162 159 74 279 91 24 212 375 284 14 184 318 70 292 263 8 373 169 108 72 52 130 44 386 362 201 312 67 164 107 302 173 106 261 388 197 218 151 77 273 136 137 59 109 127 57 226 19 13 80 0,77 106 284
PFG_MOEA,360,6,411.21,4974.5,0 38 172 182 319 303 357 266 141 86 199 228 267 366 289 231 34 58 68 161 235 35 249 88 135 233 156 94 230 374 92 11 36 397 350 311 4 314 193 340 299 321 269 120 142 37 51 123 145 132 339 322 121 146 294 174 320 364 393 3 229 308 356 264 259 246 42 300 329 112 221 242 96 0,51 174 229 246 299
PFG_MOEA,360,7,411.21,4974.5,0 399 200 165 191 152 247 255 1 262 250 28 345 377 395 400 394 188 301 372 21 167 291 139 149 157 63 316 387 327 17 43 85 215 73 254 183 354 69 265 346 315 99 175 251 190 390 18 103 155 83 378 213 234 227 398 93 224 179 232 225 97 71 33 260 148 238 129 330 192 48 31 304 0,93
PFG_MOEA,360,8,411.21,4974.5,0 382 383 10 391 271 39 46 54 268 272 30 66 166 205 208 6 204 154 305 326 283 65 297 62 241 110 140 286 317 333 180 220 158 189 64 20 126 124 7 56 217 55 25 367 170 361 209 287 0,55 62 66 220
PFG_MOEA,360,9,411.21,4974.5,0 380 0,
PFG_MOEA,360,10,411.21,4974.5,0 16 369 15 0,
PFG_MOEA,360,11,411.21,4974.5,0 168 203 178 82 41 0,178
PFG_MOEA,360,12,411.21,4974.5,0 335 360 338 202 306 370 342 144 176 27 98 78 196 296 347 332 216 47 125 9 150 147 324 211 244 223 104 310 282 143 309 5 195 379 79 160 50 60 270 257 210 45 153 278 87 171 353 348 75 328 248 258 376 368 290 343 349 344 243 117 0,
PFG_MOEA,361,1,312.55,5795.78,0 336 138 239 122 296 347 332 324 275 277 104 211 244 223 102 352 363 323 194 147 101 95 222 0,122 211 222 277
PFG_MOEA,361,2,312.55,5795.78,0 335 360 207 307 313 359 187 100 310 282 143 79 160 50 60 257 270 379 195 5 309 280 351 237 256 274 49 198 252 236 381 23 90 12 214 185 118 281 26 334 298 371 72 52 130 44 386 80 0,5 307
PFG_MOEA,361,3,312.55,5795.78,0 13 19 226 57 127 109 59 137 136 273 77 151 218 197 388 261 106 173 302 107 164 67 312 201 362 123 51 145 294 174 339 132 142 120 269 321 299 0,174
PFG_MOEA,361,4,312.55,5795.78,0 340 233 135 88 249 35 235 161 68 58 34 231 289 366 267 228 141 266 303 357 319 86 199 156 94 0,303
PFG_MOEA,361,5,312.55,5795.78,0 38 172 182 397 36 11 92 374 230 311 350 4 314 193 37 322 121 146 320 364 393 3 229 308 356 264 259 246 42 300 329 112 191 152 221 242 96 0,42 264
PFG_MOEA,361,6,312.55,5795.78,0 200 165 129 0,
PFG_MOEA,361,7,312.55,5795.78,0 304 330 395 400 394 188 301 372 21 167 291 139 149 157 63 316 387 17 43 33 71 224 260 0,
PFG_MOEA,361,8,312.55,5795.78,0 399 247 28 250 345 377 262 1 255 327 254 73 215 85 93 179 232 225 97 148 238 192 48 31 0,93
PFG_MOEA,361,9,312.55,5795.78,0 378 69 183 354 265 346 315 99 175 251 190 390 18 103 155 83 234 213 227 398 209 361 170 367 25 55 217 56 7 180 333 317 286 140 110 62 297 65 283 326 305 154 204 6 208 241 220 158 189 64 20 126 124 0,175
PFG_MOEA,361,10,312.55,5795.78,0 287 382 383 10 268 272 30 66 166 205 271 39 391 53 293 133 331 285 392 115 245 396 240 385 288 177 181 358 337 384 111 116 76 113 81 29 325 355 131 84 114 389 105 341 219 0,
PFG_MOEA,361,11,312.55,5795.78,0 91 24 212 375 14 108 169 373 8 263 292 70 318 184 284 74 279 159 162 22 134 186 89 216 47 125 9 150 163 61 365 253 206 46 54 0,
PFG_MOEA,361,12,312.55,5795.78,0 41 82 178 117 243 344 349 343 290 368 376 258 248 328 75 171 87 153 278 210 45 353 348 2 119 128 295 40 32 276 196 78 98 27 176 144 342 370 306 202 338 203 168 369 380 16 15 0,16 87 203
PFG_MOEA,362,1,389.39,5146.42,0 163 78 53 293 133 331 285 392 98 115 245 27 396 240 385 288 177 181 358 337 384 111 116 76 113 81 29 325 355 131 84 114 389 91 279 74 159 162 371 219 298 341 22 134 186 105 118 185 0,
PFG_MOEA,362,2,389.39,5146.42,0 281 26 334 24 212 375 284 14 184 318 70 292 263 8 373 169 108 72 52 130 44 386 51 145 123 362 201 294 312 67 164 107 302 173 106 261 388 197 218 151 77 273 136 137 59 109 127 57 226 19 13 80 0,
PFG_MOEA,362,3,389.39,5146.42,0 142 339 174 132 120 269 321 299 340 233 135 88 249 35 235 161 68 58 34 231 289 366 267 228 141 266 303 357 319 86 199 156 94 230 374 92 11 36 397 350 311 4 314 193 0,88
PFG_MOEA,362,4,389.39,5146.42,0 182 172 38 0,
PFG_MOEA,362,5,389.39,5146.42,0 37 322 121 146 320 364 393 3 229 308 356 264 259 246 42 300 329 112 152 191 165 200 221 242 96 0,152 264 329
PFG_MOEA,362,6,389.39,5146.42,0 129 33 71 224 260 0,
PFG_MOEA,362,7,389.39,5146.42,0 399 247 255 1 262 250 28 345 377 395 400 394 188 301 372 21 167 291 139 149 157 63 316 387 17 43 73 254 327 183 354 69 215 85 93 179 232 225 97 148 48 238 330 192 31 304 0,395
PFG_MOEA,362,8,389.39,5146.42,0 16 15 168 203 369 380 391 271 39 268 272 30 66 166 205 208 6 204 154 305 326 283 65 297 62 241 110 140 286 317 333 180 220 158 189 64 20 126 124 7 56 217 55 25 367 170 361 209 398 227 234 213 190 251 175 99 315 346 265 390 18 103 155 83 378 54 46 287 10 383 382 41 0,7 16 20 103 272
PFG_MOEA,362,9,389.39,5146.42,0 82 178 117 243 368 376 258 353 153 171 87 278 210 143 237 256 274 49 100 282 310 104 102 277 275 194 323 363 352 101 198 95 222 138 122 276 336 252 236 128 23 381 90 119 2 12 0,
PFG_MOEA,362,10,389.39,5146.42,0 344 349 351 280 309 5 79 160 50 60 257 270 379 195 45 348 75 328 248 290 343 187 0,
PFG_MOEA,362,11,389.39,5146.42,0 214 295 40 32 239 370 342 144 176 150 47 9 125 216 89 61 207 307 313 359 206 253 365 360 335 0,176
PFG_MOEA,362,12,389.39,5146.42,0 338 202 306 196 296 347 332 324 147 211 244 223 0,
PFG_MOEA,363,1,759.34,4800.0,0 219 341 105 389 114 84 131 355 325 29 81 113 76 116 111 384 337 358 181 177 288 385 240 396 245 115 392 285 331 133 293 53 163 150 9 125 47 216 89 61 206 253 365 0,245
PFG_MOEA,363,2,759.34,4800.0,0 22 134 186 162 159 279 74 284 184 318 70 292 263 8 373 169 108 14 375 212 24 91 0,318
PFG_MOEA,363,3,759.34,4800.0,0 304 31 48 148 260 224 71 33 129 238 330 192 200 165 112 191 152 127 57 109 59 137 273 136 247 17 43 85 215 73 254 69 354 183 327 387 157 149 188 394 316 63 262 1 255 250 28 42 400 395 377 345 356 264 259 246 308 229 197 218 151 77 107 164 67 302 388 3 106 173 261 320 364 393 312 201 362 329 300 123 51 145 322 121 146 294 174 339 132 120 142 37 269 321 299 340 233 135 88 249 35 161 235 68 58 34 386 231 289 366 267 228 44 130 52 72 303 357 319 266 141 86 92 199 156 94 230 311 374 11 36 397 350 4 314 193 182 172 13 19 226 221 242 96 80 38 0,33 106 174 200 303 311 394
PFG_MOEA,363,4,759.34,4800.0,0 378 83 155 103 18 190 251 175 99 315 346 372 301 167 21 139 291 265 390 234 0,
PFG_MOEA,363,5,759.34,4800.0,0 179 391 271 39 30 272 268 46 54 93 398 227 213 232 0,391
PFG_MOEA,363,6,759.34,4800.0,0 225 0,
PFG_MOEA,363,7,759.34,4800.0,0 97 209 361 170 367 0,
PFG_MOEA,363,8,759.34,4800.0,0 399 15 168 203 338 202 306 370 342 144 176 27 98 78 196 369 380 16 41 82 178 117 243 344 349 66 343 290 368 376 258 248 328 75 348 353 45 210 278 153 171 87 6 208 205 166 158 189 220 241 62 297 65 283 204 154 305 326 110 140 180 333 317 286 25 55 217 56 7 124 126 20 64 287 10 383 382 0,62 66 205 220 342
PFG_MOEA,363,9,759.34,4800.0,0 2 119 128 295 40 32 276 239 122 296 332 347 138 336 222 95 101 194 147 324 275 323 363 352 277 102 223 244 211 104 310 100 282 143 79 160 50 60 257 270 379 195 5 309 280 351 237 256 274 49 198 252 236 0,
PFG_MOEA,363,10,759.34,4800.0,0 381 23 90 12 207 307 0,
PFG_MOEA,363,11,759.34,4800.0,0 335 187 359 313 360 214 0,
PFG_MOEA,363,12,759.34,4800.0,0 185 118 281 26 334 298 371 0,
PFG_MOEA,364,1,314.81,5596.11,0 12 90 128 236 252 336 276 138 222 198 49 274 256 237 351 280 309 5 290 343 313 207 0,222
PFG_MOEA,364,2,314.81,5596.11,0 91 292 263 8 373 169 108 14 375 212 24 371 219 341 298 334 26 281 118 185 214 295 40 32 239 122 95 101 352 363 323 194 275 277 102 100 23 381 119 2 307 359 187 148 48 31 304 0,23
PFG_MOEA,364,3,314.81,5596.11,0 260 224 71 33 127 152 191 112 165 200 129 238 330 192 0,33
PFG_MOEA,364,4,314.81,5596.11,0 57 67 302 173 106 3 388 164 107 77 151 218 197 229 308 246 259 264 356 345 377 395 400 42 28 250 255 1 262 63 316 394 188 149 157 387 327 183 354 69 254 73 215 85 43 17 247 136 273 137 59 109 0,
PFG_MOEA,364,5,314.81,5596.11,0 329 300 362 123 51 145 322 121 146 201 261 320 364 393 312 294 174 339 132 206 253 365 360 335 0,362 393
PFG_MOEA,364,6,314.81,5596.11,0 61 358 181 177 288 385 240 396 245 115 392 285 331 133 293 53 163 150 9 125 47 216 89 0,
PFG_MOEA,364,7,314.81,5596.11,0 80 13 19 226 35 161 235 58 34 386 231 289 366 267 228 44 130 52 72 318 70 184 284 74 279 159 162 389 114 355 325 384 337 111 116 76 113 81 29 131 84 105 186 134 22 0,
PFG_MOEA,364,8,314.81,5596.11,0 38 96 242 221 172 182 397 350 311 4 314 193 230 94 156 374 36 11 92 319 357 303 266 141 86 199 68 135 88 249 233 340 299 321 269 120 142 37 301 21 139 291 167 372 346 315 99 175 251 0,182
PFG_MOEA,364,9,314.81,5596.11,0 97 225 232 179 391 271 158 241 62 297 65 283 204 154 305 326 110 140 286 317 333 180 220 126 124 7 56 217 55 25 367 170 361 209 227 234 213 190 390 265 18 103 155 83 378 398 93 54 46 268 272 30 39 0,65 154
PFG_MOEA,364,10,314.81,5596.11,0 399 15 16 380 41 82 178 117 243 344 349 20 189 64 166 205 208 6 87 171 153 278 210 353 258 376 368 66 287 10 383 382 0,243
PFG_MOEA,364,11,314.81,5596.11,0 369 338 203 168 0,
PFG_MOEA,364,12,314.81,5596.11,0 202 306 370 342 144 176 27 98 78 196 296 347 332 324 147 211 244 223 104 310 282 143 79 160 50 60 257 270 379 195 45 348 75 328 248 0,370
PFG_MOEA,365,1,411.21,4974.5,0 12 90 381 23 32 276 239 336 138 222 198 49 274 256 237 351 280 252 236 128 119 2 0,23
PFG_MOEA,365,2,411.21,4974.5,0 22 118 185 214 295 40 122 392 285 331 133 293 53 101 352 363 323 194 275 277 102 100 95 163 61 89 207 307 313 359 365 253 206 187 0,22 100
PFG_MOEA,365,3,411.21,4974.5,0 115 0,
PFG_MOEA,365,4,411.21,4974.5,0 245 396 240 385 288 177 181 358 337 384 111 116 76 113 81 29 325 355 0,
PFG_MOEA,365,5,411.21,4974.5,0 281 26 334 298 341 134 186 131 84 114 389 105 219 371 162 159 74 279 91 24 212 375 284 14 184 318 70 292 263 8 373 169 108 72 52 130 44 386 362 201 312 67 164 107 302 173 106 261 388 197 218 151 77 273 136 137 59 109 127 57 226 19 13 80 0,77 106 284
PFG_MOEA,365,6,411.21,4974.5,0 38 172 182 319 303 357 266 141 86 199 228 267 366 289 231 34 58 68 161 235 35 249 88 135 233 156 94 230 374 92 11 36 397 350 311 4 314 193 340 299 321 269 120 142 37 51 123 145 132 339 322 121 146 294 174 320 364 393 3 229 308 356 264 259 246 42 300 329 112 221 242 96 0,51 174 229 246 299
PFG_MOEA,365,7,411.21,4974.5,0 399 200 165 191 152 247 255 1 262 250 28 345 377 395 400 394 188 301 372 21 167 291 139 149 157 63 316 387 327 17 43 85 215 73 254 183 354 69 265 346 315 99 175 251 190 390 18 103 155 83 378 213 234 227 398 93 224 179 232 225 97 71 33 260 148 238 129 330 192 48 31 304 0,93
PFG_MOEA,365,8,411.21,4974.5,0 382 383 10 391 271 39 46 54 268 272 30 66 166 205 208 6 204 154 305 326 283 65 297 62 241 110 140 286 317 333 180 220 158 189 64 20 126 124 7 56 217 55 25 367 170 361 209 287 0,55 62 66 220
PFG_MOEA,365,9,411.21,4974.5,0 380 0,
PFG_MOEA,365,10,411.21,4974.5,0 16 369 15 0,
PFG_MOEA,365,11,411.21,4974.5,0 168 203 178 82 41 0,178
PFG_MOEA,365,12,411.21,4974.5,0 335 360 338 202 306 370 342 144 176 27 98 78 196 296 347 332 216 47 125 9 150 147 324 211 244 223 104 310 282 143 309 5 195 379 79 160 50 60 270 257 210 45 153 278 87 171 353 348 75 328 248 258 376 368 290 343 349 344 243 117 0,
PFG_MOEA,366,1,312.55,5795.78,0 336 138 239 122 296 347 332 324 275 277 104 211 244 223 102 352 363 323 194 147 101 95 222 0,122 211 222 277
PFG_MOEA,366,2,312.55,5795.78,0 335 360 207 307 313 359 187 100 310 282 143 79 160 50 60 257 270 379 195 5 309 280 351 237 256 274 49 198 252 236 381 23 90 12 214 185 118 281 26 334 298 371 72 52 130 44 386 80 0,5 307
PFG_MOEA,366,3,312.55,5795.78,0 13 19 226 57 127 109 59 137 136 273 77 151 218 197 388 261 106 173 302 107 164 67 312 201 362 123 51 145 294 174 339 132 142 120 269 321 299 0,174
PFG_MOEA,366,4,312.55,5795.78,0 340 233 135 88 249 35 235 161 68 58 34 231 289 366 267 228 141 266 303 357 319 86 199 156 94 0,303
PFG_MOEA,366,5,312.55,5795.78,0 38 172 182 397 36 11 92 374 230 311 350 4 314 193 37 322 121 146 320 364 393 3 229 308 356 264 259 246 42 300 329 112 191 152 221 242 96 0,42 264
PFG_MOEA,366,6,312.55,5795.78,0 200 165 129 0,
PFG_MOEA,366,7,312.55,5795.78,0 304 330 395 400 394 188 301 372 21 167 291 139 149 157 63 316 387 17 43 33 71 224 260 0,
PFG_MOEA,366,8,312.55,5795.78,0 399 247 28 250 345 377 262 1 255 327 254 73 215 85 93 179 232 225 97 148 238 192 48 31 0,93
PFG_MOEA,366,9,312.55,5795.78,0 378 69 183 354 265 346 315 99 175 251 190 390 18 103 155 83 234 213 227 398 209 361 170 367 25 55 217 56 7 180 333 317 286 140 110 62 297 65 283 326 305 154 204 6 208 241 220 158 189 64 20 126 124 0,175
PFG_MOEA,366,10,312.55,5795.78,0 287 382 383 10 268 272 30 66 166 205 271 39 391 53 293 133 331 285 392 115 245 396 240 385 288 177 181 358 337 384 111 116 76 113 81 29 325 355 131 84 114 389 105 341 219 0,
PFG_MOEA,366,11,312.55,5795.78,0 91 24 212 375 14 108 169 373 8 263 292 70 318 184 284 74 279 159 162 22 134 186 89 216 47 125 9 150 163 61 365 253 206 46 54 0,
PFG_MOEA,366,12,312.55,5795.78,0 41 82 178 117 243 344 349 343 290 368 376 258 248 328 75 171 87 153 278 210 45 353 348 2 119 128 295 40 32 276 196 78 98 27 176 144 342 370 306 202 338 203 168 369 380 16 15 0,16 87 203
PFG_MOEA,367,1,389.39,5146.42,0 163 78 53 293 133 331 285 392 98 115 245 27 396 240 385 288 177 181 358 337 384 111 116 76 113 81 29 325 355 131 84 114 389 91 279 74 159 162 371 219 298 341 22 134 186 105 118 185 0,
PFG_MOEA,367,2,389.39,5146.42,0 281 26 334 24 212 375 284 14 184 318 70 292 263 8 373 169 108 72 52 130 44 386 51 145 123 362 201 294 312 67 164 107 302 173 106 261 388 197 218 151 77 273 136 137 59 109 127 57 226 19 13 80 0,
PFG_MOEA,367,3,389.39,5146.42,0 142 339 174 132 120 269 321 299 340 233 135 88 249 35 235 161 68 58 34 231 289 366 267 228 141 266 303 357 319 86 199 156 94 230 374 92 11 36 397 350 311 4 314 193 0,88
PFG_MOEA,367,4,389.39,5146.42,0 182 172 38 0,
PFG_MOEA,367,5,389.39,5146.42,0 37 322 121 146 320 364 393 3 229 308 356 264 259 246 42 300 329 112 152 191 165 200 221 242 96 0,152 264 329
PFG_MOEA,367,6,389.39,5146.42,0 129 33 71 224 260 0,
PFG_MOEA,367,7,389.39,5146.42,0 399 247 255 1 262 250 28 345 377 395 400 394 188 301 372 21 167 291 139 149 157 63 316 387 17 43 73 254 327 183 354 69 215 85 93 179 232 225 97 148 48 238 330 192 31 304 0,395
PFG_MOEA,367,8,389.39,5146.42,0 16 15 168 203 369 380 391 271 39 268 272 30 66 166 205 208 6 204 154 305 326 283 65 297 62 241 110 140 286 317 333 180 220 158 189 64 20 126 124 7 56 217 55 25 367 170 361 209 398 227 234 213 190 251 175 99 315 346 265 390 18 103 155 83 378 54 46 287 10 383 382 41 0,7 16 20 103 272
PFG_MOEA,367,9,389.39,5146.42,0 82 178 117 243 368 376 258 353 153 171 87 278 210 143 237 256 274 49 100 282 310 104 102 277 275 194 323 363 352 101 198 95 222 138 122 276 336 252 236 128 23 381 90 119 2 12 0,
PFG_MOEA,367,10,389.39,5146.42,0 344 349 351 280 309 5 79 160 50 60 257 270 379 195 45 348 75 328 248 290 343 187 0,
PFG_MOEA,367,11,389.39,5146.42,0 214 295 40 32 239 370 342 144 176 150 47 9 125 216 89 61 207 307 313 359 206 253 365 360 335 0,176
PFG_MOEA,367,12,389.39,5146.42,0 338 202 306 196 296 347 332 324 147 211 244 223 0,
PFG_MOEA,368,1,759.34,4800.0,0 219 341 105 389 114 84 131 355 325 29 81 113 76 116 111 384 337 358 181 177 288 385 240 396 245 115 392 285 331 133 293 53 163 150 9 125 47 216 89 61 206 253 365 0,245
PFG_MOEA,368,2,759.34,4800.0,0 22 134 186 162 159 279 74 284 184 318 70 292 263 8 373 169 108 14 375 212 24 91 0,318
PFG_MOEA,368,3,759.34,4800.0,0 304 31 48 148 260 224 71 33 129 238 330 192 200 165 112 191 152 127 57 109 59 137 273 136 247 17 43 85 215 73 254 69 354 183 327 387 157 149 188 394 316 63 262 1 255 250 28 42 400 395 377 345 356 264 259 246 308 229 197 218 151 77 107 164 67 302 388 3 106 173 261 320 364 393 312 201 362 329 300 123 51 145 322 121 146 294 174 339 132 120 142 37 269 321 299 340 233 135 88 249 35 161 235 68 58 34 386 231 289 366 267 228 44 130 52 72 303 357 319 266 141 86 92 199 156 94 230 311 374 11 36 397 350 4 314 193 182 172 13 19 226 221 242 96 80 38 0,33 106 174 200 303 311 394
PFG_MOEA,368,4,759.34,4800.0,0 378 83 155 103 18 190 251 175 99 315 346 372 301 167 21 139 291 265 390 234 0,
PFG_MOEA,368,5,759.34,4800.0,0 179 391 271 39 30 272 268 46 54 93 398 227 213 232 0,391
PFG_MOEA,368,6,759.34,4800.0,0 225 0,
PFG_MOEA,368,7,759.34,4800.0,0 97 209 361 170 367 0,
PFG_MOEA,368,8,759.34,4800.0,0 399 15 168 203 338 202 306 370 342 144 176 27 98 78 196 369 380 16 41 82 178 117 243 344 349 66 343 290 368 376 258 248 328 75 348 353 45 210 278 153 171 87 6 208 205 166 158 189 220 241 62 297 65 283 204 154 305 326 110 140 180 333 317 286 25 55 217 56 7 124 126 20 64 287 10 383 382 0,62 66 205 220 342
PFG_MOEA,368,9,759.34,4800.0,0 2 119 128 295 40 32 276 239 122 296 332 347 138 336 222 95 101 194 147 324 275 323 363 352 277 102 223 244 211 104 310 100 282 143 79 160 50 60 257 270 379 195 5 309 280 351 237 256 274 49 198 252 236 0,
PFG_MOEA,368,10,759.34,4800.0,0 381 23 90 12 207 307 0,
PFG_MOEA,368,11,759.34,4800.0,0 335 187 359 313 360 214 0,
PFG_MOEA,368,12,759.34,4800.0,0 185 118 281 26 334 298 371 0,
PFG_MOEA,369,1,314.81,5596.11,0 12 90 128 236 252 336 276 138 222 198 49 274 256 237 351 280 309 5 290 343 313 207 0,222
PFG_MOEA,369,2,314.81,5596.11,0 91 292 263 8 373 169 108 14 375 212 24 371 219 341 298 334 26 281 118 185 214 295 40 32 239 122 95 101 352 363 323 194 275 277 102 100 23 381 119 2 307 359 187 148 48 31 304 0,23
PFG_MOEA,369,3,314.81,5596.11,0 260 224 71 33 127 152 191 112 165 200 129 238 330 192 0,33
PFG_MOEA,369,4,314.81,5596.11,0 57 67 302 173 106 3 388 164 107 77 151 218 197 229 308 246 259 264 356 345 377 395 400 42 28 250 255 1 262 63 316 394 188 149 157 387 327 183 354 69 254 73 215 85 43 17 247 136 273 137 59 109 0,
PFG_MOEA,369,5,314.81,5596.11,0 329 300 362 123 51 145 322 121 146 201 261 320 364 393 312 294 174 339 132 206 253 365 360 335 0,362 393
PFG_MOEA,369,6,314.81,5596.11,0 61 358 181 177 288 385 240 396 245 115 392 285 331 133 293 53 163 150 9 125 47 216 89 0,
PFG_MOEA,369,7,314.81,5596.11,0 80 13 19 226 35 161 235 58 34 386 231 289 366 267 228 44 130 52 72 318 70 184 284 74 279 159 162 389 114 355 325 384 337 111 116 76 113 81 29 131 84 105 186 134 22 0,
PFG_MOEA,369,8,314.81,5596.11,0 38 96 242 221 172 182 397 350 311 4 314 193 230 94 156 374 36 11 92 319 357 303 266 141 86 199 68 135 88 249 233 340 299 321 269 120 142 37 301 21 139 291 167 372 346 315 99 175 251 0,182
PFG_MOEA,369,9,314.81,5596.11,0 97 225 232 179 391 271 158 241 62 297 65 283 204 154 305 326 110 140 286 317 333 180 220 126 124 7 56 217 55 25 367 170 361 209 227 234 213 190 390 265 18 103 155 83 378 398 93 54 46 268 272 30 39 0,65 154
PFG_MOEA,369,10,314.81,5596.11,0 399 15 16 380 41 82 178 117 243 344 349 20 189 64 166 205 208 6 87 171 153 278 210 353 258 376 368 66 287 10 383 382 0,243
PFG_MOEA,369,11,314.81,5596.11,0 369 338 203 168 0,
PFG_MOEA,369,12,314.81,5596.11,0 202 306 370 342 144 176 27 98 78 196 296 347 332 324 147 211 244 223 104 310 282 143 79 160 50 60 257 270 379 195 45 348 75 328 248 0,370
PFG_MOEA,370,1,411.21,4974.5,0 12 90 381 23 32 276 239 336 138 222 198 49 274 256 237 351 280 252 236 128 119 2 0,23
PFG_MOEA,370,2,411.21,4974.5,0 22 118 185 214 295 40 122 392 285 331 133 293 53 101 352 363 323 194 275 277 102 100 95 163 61 89 207 307 313 359 365 253 206 187 0,22 100
PFG_MOEA,370,3,411.21,4974.5,0 115 0,
PFG_MOEA,370,4,411.21,4974.5,0 245 396 240 385 288 177 181 358 337 384 111 116 76 113 81 29 325 355 0,
PFG_MOEA,370,5,411.21,4974.5,0 281 26 334 298 341 134 186 131 84 114 389 105 219 371 162 159 74 279 91 24 212 375 284 14 184 318 70 292 263 8 373 169 108 72 52 130 44 386 362 201 312 67 164 107 302 173 106 261 388 197 218 151 77 273 136 137 59 109 127 57 226 19 13 80 0,77 106 284
PFG_MOEA,370,6,411.21,4974.5,0 38 172 182 319 303 357 266 141 86 199 228 267 366 289 231 34 58 68 161 235 35 249 88 135 233 156 94 230 374 92 11 36 397 350 311 4 314 193 340 299 321 269 120 142 37 51 123 145 132 339 322 121 146 294 174 320 364 393 3 229 308 356 264 259 246 42 300 329 112 221 242 96 0,51 174 229 246 299
PFG_MOEA,370,7,411.21,4974.5,0 399 200 165 191 152 247 255 1 262 250 28 345 377 395 400 394 188 301 372 21 167 291 139 149 157 63 316 387 327 17 43 85 215 73 254 183 354 69 265 346 315 99 175 251 190 390 18 103 155 83 378 213 234 227 398 93 224 179 232 225 97 71 33 260 148 238 129 330 192 48 31 304 0,93
PFG_MOEA,370,8,411.21,4974.5,0 382 383 10 391 271 39 46 54 268 272 30 66 166 205 208 6 204 154 305 326 283 65 297 62 241 110 140 286 317 333 180 220 158 189 64 20 126 124 7 56 217 55 25 367 170 361 209 287 0,55 62 66 220
PFG_MOEA,370,9,411.21,4974.5,0 380 0,
PFG_MOEA,370,10,411.21,4974.5,0 16 369 15 0,
PFG_MOEA,370,11,411.21,4974.5,0 168 203 178 82 41 0,178
PFG_MOEA,370,12,411.21,4974.5,0 335 360 338 202 306 370 342 144 176 27 98 78 196 296 347 332 216 47 125 9 150 147 324 211 244 223 104 310 282 143 309 5 195 379 79 160 50 60 270 257 210 45 153 278 87 171 353 348 75 328 248 258 376 368 290 343 349 344 243 117 0,
PFG_MOEA,371,1,312.55,5795.78,0 336 138 239 122 296 347 332 324 275 277 104 211 244 223 102 352 363 323 194 147 101 95 222 0,122 211 222 277
PFG_MOEA,371,2,312.55,5795.78,0 335 360 207 307 313 359 187 100 310 282 143 79 160 50 60 257 270 379 195 5 309 280 351 237 256 274 49 198 252 236 381 23 90 12 214 185 118 281 26 334 298 371 72 52 130 44 386 80 0,5 307
PFG_MOEA,371,3,312.55,5795.78,0 13 19 226 57 127 109 59 137 136 273 77 151 218 197 388 261 106 173 302 107 164 67 312 201 362 123 51 145 294 174 339 132 142 120 269 321 299 0,174
PFG_MOEA,371,4,312.55,5795.78,0 340 233 135 88 249 35 235 161 68 58 34 231 289 366 267 228 141 266 303 357 319 86 199 156 94 0,303
PFG_MOEA,371,5,312.55,5795.78,0 38 172 182 397 36 11 92 374 230 311 350 4 314 193 37 322 121 146 320 364 393 3 229 308 356 264 259 246 42 300 329 112 191 152 221 242 96 0,42 264
PFG_MOEA,371,6,312.55,5795.78,0 200 165 129 0,
PFG_MOEA,371,7,312.55,5795.78,0 304 330 395 400 394 188 301 372 21 167 291 139 149 157 63 316 387 17 43 33 71 224 260 0,
PFG_MOEA,371,8,312.55,5795.78,0 399 247 28 250 345 377 262 1 255 327 254 73 215 85 93 179 232 225 97 148 238 192 48 31 0,93
PFG_MOEA,371,9,312.55,5795.78,0 378 69 183 354 265 346 315 99 175 251 190 390 18 103 155 83 234 213 227 398 209 361 170 367 25 55 217 56 7 180 333 317 286 140 110 62 297 65 283 326 305 154 204 6 208 241 220 158 189 64 20 126 124 0,175
PFG_MOEA,371,10,312.55,5795.78,0 287 382 383 10 268 272 30 66 166 205 271 39 391 53 293 133 331 285 392 115 245 396 240 385 288 177 181 358 337 384 111 116 76 113 81 29 325 355 131 84 114 389 105 341 219 0,
PFG_MOEA,371,11,312.55,5795.78,0 91 24 212 375 14 108 169 373 8 263 292 70 318 184 284 74 279 159 162 22 134 186 89 216 47 125 9 150 163 61 365 253 206 46 54 0,
PFG_MOEA,371,12,312.55,5795.78,0 41 82 178 117 243 344 349 343 290 368 376 258 248 328 75 171 87 153 278 210 45 353 348 2 119 128 295 40 32 276 196 78 98 27 176 144 342 370 306 202 338 203 168 369 380 16 15 0,16 87 203
PFG_MOEA,372,1,389.39,5146.42,0 163 78 53 293 133 331 285 392 98 115 245 27 396 240 385 288 177 181 358 337 384 111 116 76 113 81 29 325 355 131 84 114 389 91 279 74 159 162 371 219 298 341 22 134 186 105 118 185 0,
PFG_MOEA,372,2,389.39,5146.42,0 281 26 334 24 212 375 284 14 184 318 70 292 263 8 373 169 108 72 52 130 44 386 51 145 123 362 201 294 312 67 164 107 302 173 106 261 388 197 218 151 77 273 136 137 59 109 127 57 226 19 13 80 0,
PFG_MOEA,372,3,389.39,5146.42,0 142 339 174 132 120 269 321 299 340 233 135 88 249 35 235 161 68 58 34 231 289 366 267 228 141 266 303 357 319 86 199 156 94 230 374 92 11 36 397 350 311 4 314 193 0,88
PFG_MOEA,372,4,389.39,5146.42,0 182 172 38 0,
PFG_MOEA,372,5,389.39,5146.42,0 37 322 121 146 320 364 393 3 229 308 356 264 259 246 42 300 329 112 152 191 165 200 221 242 96 0,152 264 329
PFG_MOEA,372,6,389.39,5146.42,0 129 33 71 224 260 0,
PFG_MOEA,372,7,389.39,5146.42,0 399 247 255 1 262 250 28 345 377 395 400 394 188 301 372 21 167 291 139 149 157 63 316 387 17 43 73 254 327 183 354 69 215 85 93 179 232 225 97 148 48 238 330 192 31 304 0,395
PFG_MOEA,372,8,389.39,5146.42,0 16 15 168 203 369 380 391 271 39 268 272 30 66 166 205 208 6 204 154 305 326 283 65 297 62 241 110 140 286 317 333 180 220 158 189 64 20 126 124 7 56 217 55 25 367 170 361 209 398 227 234 213 190 251 175 99 315 346 265 390 18 103 155 83 378 54 46 287 10 383 382 41 0,7 16 20 103 272
PFG_MOEA,372,9,389.39,5146.42,0 82 178 117 243 368 376 258 353 153 171 87 278 210 143 237 256 274 49 100 282 310 104 102 277 275 194 323 363 352 101 198 95 222 138 122 276 336 252 236 128 23 381 90 119 2 12 0,
PFG_MOEA,372,10,389.39,5146.42,0 344 349 351 280 309 5 79 160 50 60 257 270 379 195 45 348 75 328 248 290 343 187 0,
PFG_MOEA,372,11,389.39,5146.42,0 214 295 40 32 239 370 342 144 176 150 47 9 125 216 89 61 207 307 313 359 206 253 365 360 335 0,176
PFG_MOEA,372,12,389.39,5146.42,0 338 202 306 196 296 347 332 324 147 211 244 223 0,
PFG_MOEA,373,1,759.34,4800.0,0 219 341 105 389 114 84 131 355 325 29 81 113 76 116 111 384 337 358 181 177 288 385 240 396 245 115 392 285 331 133 293 53 163 150 9 125 47 216 89 61 206 253 365 0,245
PFG_MOEA,373,2,759.34,4800.0,0 22 134 186 162 159 279 74 284 184 318 70 292 263 8 373 169 108 14 375 212 24 91 0,318
PFG_MOEA,373,3,759.34,4800.0,0 304 31 48 148 260 224 71 33 129 238 330 192 200 165 112 191 152 127 57 109 59 137 273 136 247 17 43 85 215 73 254 69 354 183 327 387 157 149 188 394 316 63 262 1 255 250 28 42 400 395 377 345 356 264 259 246 308 229 197 218 151 77 107 164 67 302 388 3 106 173 261 320 364 393 312 201 362 329 300 123 51 145 322 121 146 294 174 339 132 120 142 37 269 321 299 340 233 135 88 249 35 161 235 68 58 34 386 231 289 366 267 228 44 130 52 72 303 357 319 266 141 86 92 199 156 94 230 311 374 11 36 397 350 4 314 193 182 172 13 19 226 221 242 96 80 38 0,33 106 174 200 303 311 394
PFG_MOEA,373,4,759.34,4800.0,0 378 83 155 103 18 190 251 175 99 315 346 372 301 167 21 139 291 265 390 234 0,
PFG_MOEA,373,5,759.34,4800.0,0 179 391 271 39 30 272 268 46 54 93 398 227 213 232 0,391
PFG_MOEA,373,6,759.34,4800.0,0 225 0,
PFG_MOEA,373,7,759.34,4800.0,0 97 209 361 170 367 0,
PFG_MOEA,373,8,759.34,4800.0,0 399 15 168 203 338 202 306 370 342 144 176 27 98 78 196 369 380 16 41 82 178 117 243 344 349 66 343 290 368 376 258 248 328 75 348 353 45 210 278 153 171 87 6 208 205 166 158 189 220 241 62 297 65 283 204 154 305 326 110 140 180 333 317 286 25 55 217 56 7 124 126 20 64 287 10 383 382 0,62 66 205 220 342
PFG_MOEA,373,9,759.34,4800.0,0 2 119 128 295 40 32 276 239 122 296 332 347 138 336 222 95 101 194 147 324 275 323 363 352 277 102 223 244 211 104 310 100 282 143 79 160 50 60 257 270 379 195 5 309 280 351 237 256 274 49 198 252 236 0,
PFG_MOEA,373,10,759.34,4800.0,0 381 23 90 12 207 307 0,
PFG_MOEA,373,11,759.34,4800.0,0 335 187 359 313 360 214 0,
PFG_MOEA,373,12,759.34,4800.0,0 185 118 281 26 334 298 371 0,
PFG_MOEA,374,1,314.81,5596.11,0 12 90 128 236 252 336 276 138 222 198 49 274 256 237 351 280 309 5 290 343 313 207 0,222
PFG_MOEA,374,2,314.81,5596.11,0 91 292 263 8 373 169 108 14 375 212 24 371 219 341 298 334 26 281 118 185 214 295 40 32 239 122 95 101 352 363 323 194 275 277 102 100 23 381 119 2 307 359 187 148 48 31 304 0,23
PFG_MOEA,374,3,314.81,5596.11,0 260 224 71 33 127 152 191 112 165 200 129 238 330 192 0,33
PFG_MOEA,374,4,314.81,5596.11,0 57 67 302 173 106 3 388 164 107 77 151 218 197 229 308 246 259 264 356 345 377 395 400 42 28 250 255 1 262 63 316 394 188 149 157 387 327 183 354 69 254 73 215 85 43 17 247 136 273 137 59 109 0,
PFG_MOEA,374,5,314.81,5596.11,0 329 300 362 123 51 145 322 121 146 201 261 320 364 393 312 294 174 339 132 206 253 365 360 335 0,362 393
PFG_MOEA,374,6,314.81,5596.11,0 61 358 181 177 288 385 240 396 245 115 392 285 331 133 293 53 163 150 9 125 47 216 89 0,
PFG_MOEA,374,7,314.81,5596.11,0 80 13 19 226 35 161 235 58 34 386 231 289 366 267 228 44 130 52 72 318 70 184 284 74 279 159 162 389 114 355 325 384 337 111 116 76 113 81 29 131 84 105 186 134 22 0,
PFG_MOEA,374,8,314.81,5596.11,0 38 96 242 221 172 182 397 350 311 4 314 193 230 94 156 374 36 11 92 319 357 303 266 141 86 199 68 135 88 249 233 340 299 321 269 120 142 37 301 21 139 291 167 372 346 315 99 175 251 0,182
PFG_MOEA,374,9,314.81,5596.11,0 97 225 232 179 391 271 158 241 62 297 65 283 204 154 305 326 110 140 286 317 333 180 220 126 124 7 56 217 55 25 367 170 361 209 227 234 213 190 390 265 18 103 155 83 378 398 93 54 46 268 272 30 39 0,65 154
PFG_MOEA,374,10,314.81,5596.11,0 399 15 16 380 41 82 178 117 243 344 349 20 189 64 166 205 208 6 87 171 153 278 210 353 258 376 368 66 287 10 383 382 0,243
PFG_MOEA,374,11,314.81,5596.11,0 369 338 203 168 0,
PFG_MOEA,374,12,314.81,5596.11,0 202 306 370 342 144 176 27 98 78 196 296 347 332 324 147 211 244 223 104 310 282 143 79 160 50 60 257 270 379 195 45 348 75 328 248 0,370
PFG_MOEA,375,1,411.21,4974.5,0 12 90 381 23 32 276 239 336 138 222 198 49 274 256 237 351 280 252 236 128 119 2 0,23
PFG_MOEA,375,2,411.21,4974.5,0 22 118 185 214 295 40 122 392 285 331 133 293 53 101 352 363 323 194 275 277 102 100 95 163 61 89 207 307 313 359 365 253 206 187 0,22 100
PFG_MOEA,375,3,411.21,4974.5,0 115 0,
PFG_MOEA,375,4,411.21,4974.5,0 245 396 240 385 288 177 181 358 337 384 111 116 76 113 81 29 325 355 0,
PFG_MOEA,375,5,411.21,4974.5,0 281 26 334 298 341 134 186 131 84 114 389 105 219 371 162 159 74 279 91 24 212 375 284 14 184 318 70 292 263 8 373 169 108 72 52 130 44 386 362 201 312 67 164 107 302 173 106 261 388 197 218 151 77 273 136 137 59 109 127 57 226 19 13 80 0,77 106 284
PFG_MOEA,375,6,411.21,4974.5,0 38 172 182 319 303 357 266 141 86 199 228 267 366 289 231 34 58 68 161 235 35 249 88 135 233 156 94 230 374 92 11 36 397 350 311 4 314 193 340 299 321 269 120 142 37 51 123 145 132 339 322 121 146 294 174 320 364 393 3 229 308 356 264 259 246 42 300 329 112 221 242 96 0,51 174 229 246 299
PFG_MOEA,375,7,411.21,4974.5,0 399 200 165 191 152 247 255 1 262 250 28 345 377 395 400 394 188 301 372 21 167 291 139 149 157 63 316 387 327 17 43 85 215 73 254 183 354 69 265 346 315 99 175 251 190 390 18 103 155 83 378 213 234 227 398 93 224 179 232 225 97 71 33 260 148 238 129 330 192 48 31 304 0,93
PFG_MOEA,375,8,411.21,4974.5,0 382 383 10 391 271 39 46 54 268 272 30 66 166 205 208 6 204 154 305 326 283 65 297 62 241 110 140 286 317 333 180 220 158 189 64 20 126 124 7 56 217 55 25 367 170 361 209 287 0,55 62 66 220
PFG_MOEA,375,9,411.21,4974.5,0 380 0,
PFG_MOEA,375,10,411.21,4974.5,0 16 369 15 0,
PFG_MOEA,375,11,411.21,4974.5,0 168 203 178 82 41 0,178
PFG_MOEA,375,12,411.21,4974.5,0 335 360 338 202 306 370 342 144 176 27 98 78 196 296 347 332 216 47 125 9 150 147 324 211 244 223 104 310 282 143 309 5 195 379 79 160 50 60 270 257 210 45 153 278 87 171 353 348 75 328 248 258 376 368 290 343 349 344 243 117 0,
PFG_MOEA,376,1,312.55,5795.78,0 336 138 239 122 296 347 332 324 275 277 104 211 244 223 102 352 363 323 194 147 101 95 222 0,122 211 222 277
PFG_MOEA,376,2,312.55,5795.78,0 335 360 207 307 313 359 187 100 310 282 143 79 160 50 60 257 270 379 195 5 309 280 351 237 256 274 49 198 252 236 381 23 90 12 214 185 118 281 26 334 298 371 72 52 130 44 386 80 0,5 307
PFG_MOEA,376,3,312.55,5795.78,0 13 19 226 57 127 109 59 137 136 273 77 151 218 197 388 261 106 173 302 107 164 67 312 201 362 123 51 145 294 174 339 132 142 120 269 321 299 0,174
PFG_MOEA,376,4,312.55,5795.78,0 340 233 135 88 249 35 235 161 68 58 34 231 289 366 267 228 141 266 303 357 319 86 199 156 94 0,303
PFG_MOEA,376,5,312.55,5795.78,0 38 172 182 397 36 11 92 374 230 311 350 4 314 193 37 322 121 146 320 364 393 3 229 308 356 264 259 246 42 300 329 112 191 152 221 242 96 0,42 264
PFG_MOEA,376,6,312.55,5795.78,0 200 165 129 0,
PFG_MOEA,376,7,312.55,5795.78,0 304 330 395 400 394 188 301 372 21 167 291 139 149 157 63 316 387 17 43 33 71 224 260 0,
PFG_MOEA,376,8,312.55,5795.78,0 399 247 28 250 345 377 262 1 255 327 254 73 215 85 93 179 232 225 97 148 238 192 48 31 0,93
PFG_MOEA,376,9,312.55,5795.78,0 378 69 183 354 265 346 315 99 175 251 190 390 18 103 155 83 234 213 227 398 209 361 170 367 25 55 217 56 7 180 333 317 286 140 110 62 297 65 283 326 305 154 204 6 208 241 220 158 189 64 20 126 124 0,175
PFG_MOEA,376,10,312.55,5795.78,0 287 382 383 10 268 272 30 66 166 205 271 39 391 53 293 133 331 285 392 115 245 396 240 385 288 177 181 358 337 384 111 116 76 113 81 29 325 355 131 84 114 389 105 341 219 0,
PFG_MOEA,376,11,312.55,5795.78,0 91 24 212 375 14 108 169 373 8 263 292 70 318 184 284 74 279 159 162 22 134 186 89 216 47 125 9 150 163 61 365 253 206 46 54 0,
PFG_MOEA,376,12,312.55,5795.78,0 41 82 178 117 243 344 349 343 290 368 376 258 248 328 75 171 87 153 278 210 45 353 348 2 119 128 295 40 32 276 196 78 98 27 176 144 342 370 306 202 338 203 168 369 380 16 15 0,16 87 203
PFG_MOEA,377,1,389.39,5146.42,0 163 78 53 293 133 331 285 392 98 115 245 27 396 240 385 288 177 181 358 337 384 111 116 76 113 81 29 325 355 131 84 114 389 91 279 74 159 162 371 219 298 341 22 134 186 105 118 185 0,
PFG_MOEA,377,2,389.39,5146.42,0 281 26 334 24 212 375 284 14 184 318 70 292 263 8 373 169 108 72 52 130 44 386 51 145 123 362 201 294 312 67 164 107 302 173 106 261 388 197 218 151 77 273 136 137 59 109 127 57 226 19 13 80 0,
PFG_MOEA,377,3,389.39,5146.42,0 142 339 174 132 120 269 321 299 340 233 135 88 249 35 235 161 68 58 34 231 289 366 267 228 141 266 303 357 319 86 199 156 94 230 374 92 11 36 397 350 311 4 314 193 0,88
PFG_MOEA,377,4,389.39,5146.42,0 182 172 38 0,
PFG_MOEA,377,5,389.39,5146.42,0 37 322 121 146 320 364 393 3 229 308 356 264 259 246 42 300 329 112 152 191 165 200 221 242 96 0,152 264 329
PFG_MOEA,377,6,389.39,5146.42,0 129 33 71 224 260 0,
PFG_MOEA,377,7,389.39,5146.42,0 399 247 255 1 262 250 28 345 377 395 400 394 188 301 372 21 167 291 139 149 157 63 316 387 17 43 73 254 327 183 354 69 215 85 93 179 232 225 97 148 48 238 330 192 31 304 0,395
PFG_MOEA,377,8,389.39,5146.42,0 16 15 168 203 369 380 391 271 39 268 272 30 66 166 205 208 6 204 154 305 326 283 65 297 62 241 110 140 286 317 333 180 220 158 189 64 20 126 124 7 56 217 55 25 367 170 361 209 398 227 234 213 190 251 175 99 315 346 265 390 18 103 155 83 378 54 46 287 10 383 382 41 0,7 16 20 103 272
PFG_MOEA,377,9,389.39,5146.42,0 82 178 117 243 368 376 258 353 153 171 87 278 210 143 237 256 274 49 100 282 310 104 102 277 275 194 323 363 352 101 198 95 222 138 122 276 336 252 236 128 23 381 90 119 2 12 0,
PFG_MOEA,377,10,389.39,5146.42,0 344 349 351 280 309 5 79 160 50 60 257 270 379 195 45 348 75 328 248 290 343 187 0,
PFG_MOEA,377,11,389.39,5146.42,0 214 295 40 32 239 370 342 144 176 150 47 9 125 216 89 61 207 307 313 359 206 253 365 360 335 0,176
PFG_MOEA,377,12,389.39,5146.42,0 338 202 306 196 296 347 332 324 147 211 244 223 0,
PFG_MOEA,378,1,413.96,4915.5,0 187 206 253 365 359 313 307 207 61 12 89 2 119 128 236 252 336 138 163 222 95 198 351 280 237 256 274 49 100 102 277 275 194 323 363 352 101 53 293 133 331 285 392 122 239 276 32 40 295 23 381 90 113 81 29 76 116 111 384 337 358 181 177 288 385 240 396 245 115 22 118 185 214 0,245 381
PFG_MOEA,378,2,413.96,4915.5,0 281 84 131 325 355 114 389 186 134 341 298 26 334 0,
PFG_MOEA,378,3,413.96,4915.5,0 371 219 105 162 159 74 279 91 24 212 375 284 14 184 318 70 292 263 8 373 169 108 72 52 130 44 386 362 201 312 67 164 107 302 173 106 261 388 197 218 151 77 273 136 137 59 0,
PFG_MOEA,378,4,413.96,4915.5,0 57 127 109 226 0,
PFG_MOEA,378,5,413.96,4915.5,0 19 0,
PFG_MOEA,378,6,413.96,4915.5,0 38 303 357 266 141 86 199 228 267 366 289 231 34 58 68 161 235 35 249 88 135 233 319 182 172 13 80 0,88
PFG_MOEA,378,7,413.96,4915.5,0 399 397 36 11 92 156 94 230 374 350 311 4 314 193 340 299 321 269 120 142 37 51 123 145 132 339 322 121 146 294 174 320 364 393 3 229 308 356 264 259 246 42 300 329 112 191 165 200 221 242 96 0,11 340 374 393
PFG_MOEA,378,8,413.96,4915.5,0 152 247 255 1 262 250 28 345 377 395 400 394 188 301 372 21 167 291 139 149 157 63 316 387 327 17 43 85 215 73 254 183 354 69 265 346 315 99 175 251 190 390 18 103 155 83 378 213 234 227 398 93 0,1 152 175 227
PFG_MOEA,378,9,413.96,4915.5,0 304 31 48 192 330 238 129 148 260 391 271 39 268 272 30 66 166 205 208 6 204 154 305 326 283 65 297 62 241 110 140 286 317 333 180 220 158 189 64 20 126 124 7 56 217 55 25 367 170 361 209 71 33 97 225 232 179 224 0,55 391
PFG_MOEA,378,10,413.96,4915.5,0 287 10 383 382 0,
PFG_MOEA,378,11,413.96,4915.5,0 16 15 168 203 369 380 82 178 117 243 349 344 54 46 41 0,
PFG_MOEA,378,12,413.96,4915.5,0 335 360 216 150 9 47 125 309 5 343 290 368 376 258 248 328 75 171 87 278 153 353 348 45 210 195 379 270 257 60 50 160 79 143 282 310 104 223 244 211 324 147 332 347 296 196 78 98 27 176 144 342 370 306 202 338 0,
PFG_MOEA,379,1,759.34,4800.0,0 219 341 105 389 114 84 131 355 325 29 81 113 76 116 111 384 337 358 181 177 288 385 240 396 245 115 392 285 331 133 293 53 163 150 9 125 47 216 89 61 206 253 365 0,245
PFG_MOEA,379,2,759.34,4800.0,0 22 134 186 162 159 279 74 284 184 318 70 292 263 8 373 169 108 14 375 212 24 91 0,318
PFG_MOEA,379,3,759.34,4800.0,0 304 31 48 148 260 224 71 33 129 238 330 192 200 165 112 191 152 127 57 109 59 137 273 136 247 17 43 85 215 73 254 69 354 183 327 387 157 149 188 394 316 63 262 1 255 250 28 42 400 395 377 345 356 264 259 246 308 229 197 218 151 77 107 164 67 302 388 3 106 173 261 320 364 393 312 201 362 329 300 123 51 145 322 121 146 294 174 339 132 120 142 37 269 321 299 340 233 135 88 249 35 161 235 68 58 34 386 231 289 366 267 228 44 130 52 72 303 357 319 266 141 86 92 199 156 94 230 311 374 11 36 397 350 4 314 193 182 172 13 19 226 221 242 96 80 38 0,33 106 174 200 303 311 394
PFG_MOEA,379,4,759.34,4800.0,0 378 83 155 103 18 190 251 175 99 315 346 372 301 167 21 139 291 265 390 234 0,
PFG_MOEA,379,5,759.34,4800.0,0 179 391 271 39 30 272 268 46 54 93 398 227 213 232 0,391
PFG_MOEA,379,6,759.34,4800.0,0 225 0,
PFG_MOEA,379,7,759.34,4800.0,0 97 209 361 170 367 0,
PFG_MOEA,379,8,759.34,4800.0,0 399 15 168 203 338 202 306 370 342 144 176 27 98 78 196 369 380 16 41 82 178 117 243 344 349 66 343 290 368 376 258 248 328 75 348 353 45 210 278 153 171 87 6 208 205 166 158 189 220 241 62 297 65 283 204 154 305 326 110 140 180 333 317 286 25 55 217 56 7 124 126 20 64 287 10 383 382 0,62 66 205 220 342
PFG_MOEA,379,9,759.34,4800.0,0 2 119 128 295 40 32 276 239 122 296 332 347 138 336 222 95 101 194 147 324 275 323 363 352 277 102 223 244 211 104 310 100 282 143 79 160 50 60 257 270 379 195 5 309 280 351 237 256 274 49 198 252 236 0,
PFG_MOEA,379,10,759.34,4800.0,0 381 23 90 12 207 307 0,
PFG_MOEA,379,11,759.34,4800.0,0 335 187 359 313 360 214 0,
PFG_MOEA,379,12,759.34,4800.0,0 185 118 281 26 334 298 371 0,
PFG_MOEA,380,1,314.81,5596.11,0 12 90 128 236 252 336 276 138 222 198 49 274 256 237 351 280 309 5 290 343 313 207 0,222
PFG_MOEA,380,2,314.81,5596.11,0 91 292 263 8 373 169 108 14 375 212 24 371 219 341 298 334 26 281 118 185 214 295 40 32 239 122 95 101 352 363 323 194 275 277 102 100 23 381 119 2 307 359 187 148 48 31 304 0,23
PFG_MOEA,380,3,314.81,5596.11,0 260 224 71 33 127 152 191 112 165 200 129 238 330 192 0,33
PFG_MOEA,380,4,314.81,5596.11,0 57 67 302 173 106 3 388 164 107 77 151 218 197 229 308 246 259 264 356 345 377 395 400 42 28 250 255 1 262 63 316 394 188 149 157 387 327 183 354 69 254 73 215 85 43 17 247 136 273 137 59 109 0,
PFG_MOEA,380,5,314.81,5596.11,0 329 300 362 123 51 145 322 121 146 201 261 320 364 393 312 294 174 339 132 206 253 365 360 335 0,362 393
PFG_MOEA,380,6,314.81,5596.11,0 61 358 181 177 288 385 240 396 245 115 392 285 331 133 293 53 163 150 9 125 47 216 89 0,
PFG_MOEA,380,7,314.81,5596.11,0 80 13 19 226 35 161 235 58 34 386 231 289 366 267 228 44 130 52 72 318 70 184 284 74 279 159 162 389 114 355 325 384 337 111 116 76 113 81 29 131 84 105 186 134 22 0,
PFG_MOEA,380,8,314.81,5596.11,0 38 96 242 221 172 182 397 350 311 4 314 193 230 94 156 374 36 11 92 319 357 303 266 141 86 199 68 135 88 249 233 340 299 321 269 120 142 37 301 21 139 291 167 372 346 315 99 175 251 0,182
PFG_MOEA,380,9,314.81,5596.11,0 97 225 232 179 391 271 158 241 62 297 65 283 204 154 305 326 110 140 286 317 333 180 220 126 124 7 56 217 55 25 367 170 361 209 227 234 213 190 390 265 18 103 155 83 378 398 93 54 46 268 272 30 39 0,65 154
PFG_MOEA,380,10,314.81,5596.11,0 399 15 16 380 41 82 178 117 243 344 349 20 189 64 166 205 208 6 87 171 153 278 210 353 258 376 368 66 287 10 383 382 0,243
PFG_MOEA,380,11,314.81,5596.11,0 369 338 203 168 0,
PFG_MOEA,380,12,314.81,5596.11,0 202 306 370 342 144 176 27 98 78 196 296 347 332 324 147 211 244 223 104 310 282 143 79 160 50 60 257 270 379 195 45 348 75 328 248 0,370
PFG_MOEA,381,1,411.21,4974.5,0 12 90 381 23 32 276 239 336 138 222 198 49 274 256 237 351 280 252 236 128 119 2 0,23
PFG_MOEA,381,2,411.21,4974.5,0 22 118 185 214 295 40 122 392 285 331 133 293 53 101 352 363 323 194 275 277 102 100 95 163 61 89 207 307 313 359 365 253 206 187 0,22 100
PFG_MOEA,381,3,411.21,4974.5,0 115 0,
PFG_MOEA,381,4,411.21,4974.5,0 245 396 240 385 288 177 181 358 337 384 111 116 76 113 81 29 325 355 0,
PFG_MOEA,381,5,411.21,4974.5,0 281 26 334 298 341 134 186 131 84 114 389 105 219 371 162 159 74 279 91 24 212 375 284 14 184 318 70 292 263 8 373 169 108 72 52 130 44 386 362 201 312 67 164 107 302 173 106 261 388 197 218 151 77 273 136 137 59 109 127 57 226 19 13 80 0,77 106 284
PFG_MOEA,381,6,411.21,4974.5,0 38 172 182 319 303 357 266 141 86 199 228 267 366 289 231 34 58 68 161 235 35 249 88 135 233 156 94 230 374 92 11 36 397 350 311 4 314 193 340 299 321 269 120 142 37 51 123 145 132 339 322 121 146 294 174 320 364 393 3 229 308 356 264 259 246 42 300 329 112 221 242 96 0,51 174 229 246 299
PFG_MOEA,381,7,411.21,4974.5,0 399 200 165 191 152 247 255 1 262 250 28 345 377 395 400 394 188 301 372 21 167 291 139 149 157 63 316 387 327 17 43 85 215 73 254 183 354 69 265 346 315 99 175 251 190 390 18 103 155 83 378 213 234 227 398 93 224 179 232 225 97 71 33 260 148 238 129 330 192 48 31 304 0,93
PFG_MOEA,381,8,411.21,4974.5,0 382 383 10 391 271 39 46 54 268 272 30 66 166 205 208 6 204 154 305 326 283 65 297 62 241 110 140 286 317 333 180 220 158 189 64 20 126 124 7 56 217 55 25 367 170 361 209 287 0,55 62 66 220
PFG_MOEA,381,9,411.21,4974.5,0 380 0,
PFG_MOEA,381,10,411.21,4974.5,0 16 369 15 0,
PFG_MOEA,381,11,411.21,4974.5,0 168 203 178 82 41 0,178
PFG_MOEA,381,12,411.21,4974.5,0 335 360 338 202 306 370 342 144 176 27 98 78 196 296 347 332 216 47 125 9 150 147 324 211 244 223 104 310 282 143 309 5 195 379 79 160 50 60 270 257 210 45 153 278 87 171 353 348 75 328 248 258 376 368 290 343 349 344 243 117 0,
PFG_MOEA,382,1,312.55,5795.78,0 336 138 239 122 296 347 332 324 275 277 104 211 244 223 102 352 363 323 194 147 101 95 222 0,122 211 222 277
PFG_MOEA,382,2,312.55,5795.78,0 335 360 207 307 313 359 187 100 310 282 143 79 160 50 60 257 270 379 195 5 309 280 351 237 256 274 49 198 252 236 381 23 90 12 214 185 118 281 26 334 298 371 72 52 130 44 386 80 0,5 307
PFG_MOEA,382,3,312.55,5795.78,0 13 19 226 57 127 109 59 137 136 273 77 151 218 197 388 261 106 173 302 107 164 67 312 201 362 123 51 145 294 174 339 132 142 120 269 321 299 0,174
PFG_MOEA,382,4,312.55,5795.78,0 340 233 135 88 249 35 235 161 68 58 34 231 289 366 267 228 141 266 303 357 319 86 199 156 94 0,303
PFG_MOEA,382,5,312.55,5795.78,0 38 172 182 397 36 11 92 374 230 311 350 4 314 193 37 322 121 146 320 364 393 3 229 308 356 264 259 246 42 300 329 112 191 152 221 242 96 0,42 264
PFG_MOEA,382,6,312.55,5795.78,0 200 165 129 0,
PFG_MOEA,382,7,312.55,5795.78,0 304 330 395 400 394 188 301 372 21 167 291 139 149 157 63 316 387 17 43 33 71 224 260 0,
PFG_MOEA,382,8,312.55,5795.78,0 399 247 28 250 345 377 262 1 255 327 254 73 215 85 93 179 232 225 97 148 238 192 48 31 0,93
PFG_MOEA,382,9,312.55,5795.78,0 378 69 183 354 265 346 315 99 175 251 190 390 18 103 155 83 234 213 227 398 209 361 170 367 25 55 217 56 7 180 333 317 286 140 110 62 297 65 283 326 305 154 204 6 208 241 220 158 189 64 20 126 124 0,175
PFG_MOEA,382,10,312.55,5795.78,0 287 382 383 10 268 272 30 66 166 205 271 39 391 53 293 133 331 285 392 115 245 396 240 385 288 177 181 358 337 384 111 116 76 113 81 29 325 355 131 84 114 389 105 341 219 0,
PFG_MOEA,382,11,312.55,5795.78,0 91 24 212 375 14 108 169 373 8 263 292 70 318 184 284 74 279 159 162 22 134 186 89 216 47 125 9 150 163 61 365 253 206 46 54 0,
PFG_MOEA,382,12,312.55,5795.78,0 41 82 178 117 243 344 349 343 290 368 376 258 248 328 75 171 87 153 278 210 45 353 348 2 119 128 295 40 32 276 196 78 98 27 176 144 342 370 306 202 338 203 168 369 380 16 15 0,16 87 203
PFG_MOEA,383,1,389.39,5146.42,0 163 78 53 293 133 331 285 392 98 115 245 27 396 240 385 288 177 181 358 337 384 111 116 76 113 81 29 325 355 131 84 114 389 91 279 74 159 162 371 219 298 341 22 134 186 105 118 185 0,
PFG_MOEA,383,2,389.39,5146.42,0 281 26 334 24 212 375 284 14 184 318 70 292 263 8 373 169 108 72 52 130 44 386 51 145 123 362 201 294 312 67 164 107 302 173 106 261 388 197 218 151 77 273 136 137 59 109 127 57 226 19 13 80 0,
PFG_MOEA,383,3,389.39,5146.42,0 142 339 174 132 120 269 321 299 340 233 135 88 249 35 235 161 68 58 34 231 289 366 267 228 141 266 303 357 319 86 199 156 94 230 374 92 11 36 397 350 311 4 314 193 0,88
PFG_MOEA,383,4,389.39,5146.42,0 182 172 38 0,
PFG_MOEA,383,5,389.39,5146.42,0 37 322 121 146 320 364 393 3 229 308 356 264 259 246 42 300 329 112 152 191 165 200 221 242 96 0,152 264 329
PFG_MOEA,383,6,389.39,5146.42,0 129 33 71 224 260 0,
PFG_MOEA,383,7,389.39,5146.42,0 399 247 255 1 262 250 28 345 377 395 400 394 188 301 372 21 167 291 139 149 157 63 316 387 17 43 73 254 327 183 354 69 215 85 93 179 232 225 97 148 48 238 330 192 31 304 0,395
PFG_MOEA,383,8,389.39,5146.42,0 16 15 168 203 369 380 391 271 39 268 272 30 66 166 205 208 6 204 154 305 326 283 65 297 62 241 110 140 286 317 333 180 220 158 189 64 20 126 124 7 56 217 55 25 367 170 361 209 398 227 234 213 190 251 175 99 315 346 265 390 18 103 155 83 378 54 46 287 10 383 382 41 0,7 16 20 103 272
PFG_MOEA,383,9,389.39,5146.42,0 82 178 117 243 368 376 258 353 153 171 87 278 210 143 237 256 274 49 100 282 310 104 102 277 275 194 323 363 352 101 198 95 222 138 122 276 336 252 236 128 23 381 90 119 2 12 0,
PFG_MOEA,383,10,389.39,5146.42,0 344 349 351 280 309 5 79 160 50 60 257 270 379 195 45 348 75 328 248 290 343 187 0,
PFG_MOEA,383,11,389.39,5146.42,0 214 295 40 32 239 370 342 144 176 150 47 9 125 216 89 61 207 307 313 359 206 253 365 360 335 0,176
PFG_MOEA,383,12,389.39,5146.42,0 338 202 306 196 296 347 332 324 147 211 244 223 0,
PFG_MOEA,384,1,413.96,4915.5,0 187 206 253 365 359 313 307 207 61 12 89 2 119 128 236 252 336 138 163 222 95 198 351 280 237 256 274 49 100 102 277 275 194 323 363 352 101 53 293 133 331 285 392 122 239 276 32 40 295 23 381 90 113 81 29 76 116 111 384 337 358 181 177 288 385 240 396 245 115 22 118 185 214 0,245 381
PFG_MOEA,384,2,413.96,4915.5,0 281 84 131 325 355 114 389 186 134 341 298 26 334 0,
PFG_MOEA,384,3,413.96,4915.5,0 371 219 105 162 159 74 279 91 24 212 375 284 14 184 318 70 292 263 8 373 169 108 72 52 130 44 386 362 201 312 67 164 107 302 173 106 261 388 197 218 151 77 273 136 137 59 0,
PFG_MOEA,384,4,413.96,4915.5,0 57 127 109 226 0,
PFG_MOEA,384,5,413.96,4915.5,0 19 0,
PFG_MOEA,384,6,413.96,4915.5,0 38 303 357 266 141 86 199 228 267 366 289 231 34 58 68 161 235 35 249 88 135 233 319 182 172 13 80 0,88
PFG_MOEA,384,7,413.96,4915.5,0 399 397 36 11 92 156 94 230 374 350 311 4 314 193 340 299 321 269 120 142 37 51 123 145 132 339 322 121 146 294 174 320 364 393 3 229 308 356 264 259 246 42 300 329 112 191 165 200 221 242 96 0,11 340 374 393
PFG_MOEA,384,8,413.96,4915.5,0 152 247 255 1 262 250 28 345 377 395 400 394 188 301 372 21 167 291 139 149 157 63 316 387 327 17 43 85 215 73 254 183 354 69 265 346 315 99 175 251 190 390 18 103 155 83 378 213 234 227 398 93 0,1 152 175 227
PFG_MOEA,384,9,413.96,4915.5,0 304 31 48 192 330 238 129 148 260 391 271 39 268 272 30 66 166 205 208 6 204 154 305 326 283 65 297 62 241 110 140 286 317 333 180 220 158 189 64 20 126 124 7 56 217 55 25 367 170 361 209 71 33 97 225 232 179 224 0,55 391
PFG_MOEA,384,10,413.96,4915.5,0 287 10 383 382 0,
PFG_MOEA,384,11,413.96,4915.5,0 16 15 168 203 369 380 82 178 117 243 349 344 54 46 41 0,
PFG_MOEA,384,12,413.96,4915.5,0 335 360 216 150 9 47 125 309 5 343 290 368 376 258 248 328 75 171 87 278 153 353 348 45 210 195 379 270 257 60 50 160 79 143 282 310 104 223 244 211 324 147 332 347 296 196 78 98 27 176 144 342 370 306 202 338 0,
PFG_MOEA,385,1,759.34,4800.0,0 219 341 105 389 114 84 131 355 325 29 81 113 76 116 111 384 337 358 181 177 288 385 240 396 245 115 392 285 331 133 293 53 163 150 9 125 47 216 89 61 206 253 365 0,245
PFG_MOEA,385,2,759.34,4800.0,0 22 134 186 162 159 279 74 284 184 318 70 292 263 8 373 169 108 14 375 212 24 91 0,318
PFG_MOEA,385,3,759.34,4800.0,0 304 31 48 148 260 224 71 33 129 238 330 192 200 165 112 191 152 127 57 109 59 137 273 136 247 17 43 85 215 73 254 69 354 183 327 387 157 149 188 394 316 63 262 1 255 250 28 42 400 395 377 345 356 264 259 246 308 229 197 218 151 77 107 164 67 302 388 3 106 173 261 320 364 393 312 201 362 329 300 123 51 145 322 121 146 294 174 339 132 120 142 37 269 321 299 340 233 135 88 249 35 161 235 68 58 34 386 231 289 366 267 228 44 130 52 72 303 357 319 266 141 86 92 199 156 94 230 311 374 11 36 397 350 4 314 193 182 172 13 19 226 221 242 96 80 38 0,33 106 174 200 303 311 394
PFG_MOEA,385,4,759.34,4800.0,0 378 83 155 103 18 190 251 175 99 315 346 372 301 167 21 139 291 265 390 234 0,
PFG_MOEA,385,5,759.34,4800.0,0 179 391 271 39 30 272 268 46 54 93 398 227 213 232 0,391
PFG_MOEA,385,6,759.34,4800.0,0 225 0,
PFG_MOEA,385,7,759.34,4800.0,0 97 209 361 170 367 0,
PFG_MOEA,385,8,759.34,4800.0,0 399 15 168 203 338 202 306 370 342 144 176 27 98 78 196 369 380 16 41 82 178 117 243 344 349 66 343 290 368 376 258 248 328 75 348 353 45 210 278 153 171 87 6 208 205 166 158 189 220 241 62 297 65 283 204 154 305 326 110 140 180 333 317 286 25 55 217 56 7 124 126 20 64 287 10 383 382 0,62 66 205 220 342
PFG_MOEA,385,9,759.34,4800.0,0 2 119 128 295 40 32 276 239 122 296 332 347 138 336 222 95 101 194 147 324 275 323 363 352 277 102 223 244 211 104 310 100 282 143 79 160 50 60 257 270 379 195 5 309 280 351 237 256 274 49 198 252 236 0,
PFG_MOEA,385,10,759.34,4800.0,0 381 23 90 12 207 307 0,
PFG_MOEA,385,11,759.34,4800.0,0 335 187 359 313 360 214 0,
PFG_MOEA,385,12,759.34,4800.0,0 185 118 281 26 334 298 371 0,
PFG_MOEA,386,1,314.81,5596.11,0 12 90 128 236 252 336 276 138 222 198 49 274 256 237 351 280 309 5 290 343 313 207 0,222
PFG_MOEA,386,2,314.81,5596.11,0 91 292 263 8 373 169 108 14 375 212 24 371 219 341 298 334 26 281 118 185 214 295 40 32 239 122 95 101 352 363 323 194 275 277 102 100 23 381 119 2 307 359 187 148 48 31 304 0,23
PFG_MOEA,386,3,314.81,5596.11,0 260 224 71 33 127 152 191 112 165 200 129 238 330 192 0,33
PFG_MOEA,386,4,314.81,5596.11,0 57 67 302 173 106 3 388 164 107 77 151 218 197 229 308 246 259 264 356 345 377 395 400 42 28 250 255 1 262 63 316 394 188 149 157 387 327 183 354 69 254 73 215 85 43 17 247 136 273 137 59 109 0,
PFG_MOEA,386,5,314.81,5596.11,0 329 300 362 123 51 145 322 121 146 201 261 320 364 393 312 294 174 339 132 206 253 365 360 335 0,362 393
PFG_MOEA,386,6,314.81,5596.11,0 61 358 181 177 288 385 240 396 245 115 392 285 331 133 293 53 163 150 9 125 47 216 89 0,
PFG_MOEA,386,7,314.81,5596.11,0 80 13 19 226 35 161 235 58 34 386 231 289 366 267 228 44 130 52 72 318 70 184 284 74 279 159 162 389 114 355 325 384 337 111 116 76 113 81 29 131 84 105 186 134 22 0,
PFG_MOEA,386,8,314.81,5596.11,0 38 96 242 221 172 182 397 350 311 4 314 193 230 94 156 374 36 11 92 319 357 303 266 141 86 199 68 135 88 249 233 340 299 321 269 120 142 37 301 21 139 291 167 372 346 315 99 175 251 0,182
PFG_MOEA,386,9,314.81,5596.11,0 97 225 232 179 391 271 158 241 62 297 65 283 204 154 305 326 110 140 286 317 333 180 220 126 124 7 56 217 55 25 367 170 361 209 227 234 213 190 390 265 18 103 155 83 378 398 93 54 46 268 272 30 39 0,65 154
PFG_MOEA,386,10,314.81,5596.11,0 399 15 16 380 41 82 178 117 243 344 349 20 189 64 166 205 208 6 87 171 153 278 210 353 258 376 368 66 287 10 383 382 0,243
PFG_MOEA,386,11,314.81,5596.11,0 369 338 203 168 0,
PFG_MOEA,386,12,314.81,5596.11,0 202 306 370 342 144 176 27 98 78 196 296 347 332 324 147 211 244 223 104 310 282 143 79 160 50 60 257 270 379 195 45 348 75 328 248 0,370
PFG_MOEA,387,1,411.21,4974.5,0 12 90 381 23 32 276 239 336 138 222 198 49 274 256 237 351 280 252 236 128 119 2 0,23
PFG_MOEA,387,2,411.21,4974.5,0 22 118 185 214 295 40 122 392 285 331 133 293 53 101 352 363 323 194 275 277 102 100 95 163 61 89 207 307 313 359 365 253 206 187 0,22 100
PFG_MOEA,387,3,411.21,4974.5,0 115 0,
PFG_MOEA,387,4,411.21,4974.5,0 245 396 240 385 288 177 181 358 337 384 111 116 76 113 81 29 325 355 0,
PFG_MOEA,387,5,411.21,4974.5,0 281 26 334 298 341 134 186 131 84 114 389 105 219 371 162 159 74 279 91 24 212 375 284 14 184 318 70 292 263 8 373 169 108 72 52 130 44 386 362 201 312 67 164 107 302 173 106 261 388 197 218 151 77 273 136 137 59 109 127 57 226 19 13 80 0,77 106 284
PFG_MOEA,387,6,411.21,4974.5,0 38 172 182 319 303 357 266 141 86 199 228 267 366 289 231 34 58 68 161 235 35 249 88 135 233 156 94 230 374 92 11 36 397 350 311 4 314 193 340 299 321 269 120 142 37 51 123 145 132 339 322 121 146 294 174 320 364 393 3 229 308 356 264 259 246 42 300 329 112 221 242 96 0,51 174 229 246 299
PFG_MOEA,387,7,411.21,4974.5,0 399 200 165 191 152 247 255 1 262 250 28 345 377 395 400 394 188 301 372 21 167 291 139 149 157 63 316 387 327 17 43 85 215 73 254 183 354 69 265 346 315 99 175 251 190 390 18 103 155 83 378 213 234 227 398 93 224 179 232 225 97 71 33 260 148 238 129 330 192 48 31 304 0,93
PFG_MOEA,387,8,411.21,4974.5,0 382 383 10 391 271 39 46 54 268 272 30 66 166 205 208 6 204 154 305 326 283 65 297 62 241 110 140 286 317 333 180 220 158 189 64 20 126 124 7 56 217 55 25 367 170 361 209 287 0,55 62 66 220
PFG_MOEA,387,9,411.21,4974.5,0 380 0,
PFG_MOEA,387,10,411.21,4974.5,0 16 369 15 0,
PFG_MOEA,387,11,411.21,4974.5,0 168 203 178 82 41 0,178
PFG_MOEA,387,12,411.21,4974.5,0 335 360 338 202 306 370 342 144 176 27 98 78 196 296 347 332 216 47 125 9 150 147 324 211 244 223 104 310 282 143 309 5 195 379 79 160 50 60 270 257 210 45 153 278 87 171 353 348 75 328 248 258 376 368 290 343 349 344 243 117 0,
PFG_MOEA,388,1,312.55,5795.78,0 336 138 239 122 296 347 332 324 275 277 104 211 244 223 102 352 363 323 194 147 101 95 222 0,122 211 222 277
PFG_MOEA,388,2,312.55,5795.78,0 335 360 207 307 313 359 187 100 310 282 143 79 160 50 60 257 270 379 195 5 309 280 351 237 256 274 49 198 252 236 381 23 90 12 214 185 118 281 26 334 298 371 72 52 130 44 386 80 0,5 307
PFG_MOEA,388,3,312.55,5795.78,0 13 19 226 57 127 109 59 137 136 273 77 151 218 197 388 261 106 173 302 107 164 67 312 201 362 123 51 145 294 174 339 132 142 120 269 321 299 0,174
PFG_MOEA,388,4,312.55,5795.78,0 340 233 135 88 249 35 235 161 68 58 34 231 289 366 267 228 141 266 303 357 319 86 199 156 94 0,303
PFG_MOEA,388,5,312.55,5795.78,0 38 172 182 397 36 11 92 374 230 311 350 4 314 193 37 322 121 146 320 364 393 3 229 308 356 264 259 246 42 300 329 112 191 152 221 242 96 0,42 264
PFG_MOEA,388,6,312.55,5795.78,0 200 165 129 0,
PFG_MOEA,388,7,312.55,5795.78,0 304 330 395 400 394 188 301 372 21 167 291 139 149 157 63 316 387 17 43 33 71 224 260 0,
PFG_MOEA,388,8,312.55,5795.78,0 399 247 28 250 345 377 262 1 255 327 254 73 215 85 93 179 232 225 97 148 238 192 48 31 0,93
PFG_MOEA,388,9,312.55,5795.78,0 378 69 183 354 265 346 315 99 175 251 190 390 18 103 155 83 234 213 227 398 209 361 170 367 25 55 217 56 7 180 333 317 286 140 110 62 297 65 283 326 305 154 204 6 208 241 220 158 189 64 20 126 124 0,175
PFG_MOEA,388,10,312.55,5795.78,0 287 382 383 10 268 272 30 66 166 205 271 39 391 53 293 133 331 285 392 115 245 396 240 385 288 177 181 358 337 384 111 116 76 113 81 29 325 355 131 84 114 389 105 341 219 0,
PFG_MOEA,388,11,312.55,5795.78,0 91 24 212 375 14 108 169 373 8 263 292 70 318 184 284 74 279 159 162 22 134 186 89 216 47 125 9 150 163 61 365 253 206 46 54 0,
PFG_MOEA,388,12,312.55,5795.78,0 41 82 178 117 243 344 349 343 290 368 376 258 248 328 75 171 87 153 278 210 45 353 348 2 119 128 295 40 32 276 196 78 98 27 176 144 342 370 306 202 338 203 168 369 380 16 15 0,16 87 203
PFG_MOEA,389,1,389.39,5146.42,0 163 78 53 293 133 331 285 392 98 115 245 27 396 240 385 288 177 181 358 337 384 111 116 76 113 81 29 325 355 131 84 114 389 91 279 74 159 162 371 219 298 341 22 134 186 105 118 185 0,
PFG_MOEA,389,2,389.39,5146.42,0 281 26 334 24 212 375 284 14 184 318 70 292 263 8 373 169 108 72 52 130 44 386 51 145 123 362 201 294 312 67 164 107 302 173 106 261 388 197 218 151 77 273 136 137 59 109 127 57 226 19 13 80 0,
PFG_MOEA,389,3,389.39,5146.42,0 142 339 174 132 120 269 321 299 340 233 135 88 249 35 235 161 68 58 34 231 289 366 267 228 141 266 303 357 319 86 199 156 94 230 374 92 11 36 397 350 311 4 314 193 0,88
PFG_MOEA,389,4,389.39,5146.42,0 182 172 38 0,
PFG_MOEA,389,5,389.39,5146.42,0 37 322 121 146 320 364 393 3 229 308 356 264 259 246 42 300 329 112 152 191 165 200 221 242 96 0,152 264 329
PFG_MOEA,389,6,389.39,5146.42,0 129 33 71 224 260 0,
PFG_MOEA,389,7,389.39,5146.42,0 399 247 255 1 262 250 28 345 377 395 400 394 188 301 372 21 167 291 139 149 157 63 316 387 17 43 73 254 327 183 354 69 215 85 93 179 232 225 97 148 48 238 330 192 31 304 0,395
PFG_MOEA,389,8,389.39,5146.42,0 16 15 168 203 369 380 391 271 39 268 272 30 66 166 205 208 6 204 154 305 326 283 65 297 62 241 110 140 286 317 333 180 220 158 189 64 20 126 124 7 56 217 55 25 367 170 361 209 398 227 234 213 190 251 175 99 315 346 265 390 18 103 155 83 378 54 46 287 10 383 382 41 0,7 16 20 103 272
PFG_MOEA,389,9,389.39,5146.42,0 82 178 117 243 368 376 258 353 153 171 87 278 210 143 237 256 274 49 100 282 310 104 102 277 275 194 323 363 352 101 198 95 222 138 122 276 336 252 236 128 23 381 90 119 2 12 0,
PFG_MOEA,389,10,389.39,5146.42,0 344 349 351 280 309 5 79 160 50 60 257 270 379 195 45 348 75 328 248 290 343 187 0,
PFG_MOEA,389,11,389.39,5146.42,0 214 295 40 32 239 370 342 144 176 150 47 9 125 216 89 61 207 307 313 359 206 253 365 360 335 0,176
PFG_MOEA,389,12,389.39,5146.42,0 338 202 306 196 296 347 332 324 147 211 244 223 0,
PFG_MOEA,390,1,413.96,4915.5,0 187 206 253 365 359 313 307 207 61 12 89 2 119 128 236 252 336 138 163 222 95 198 351 280 237 256 274 49 100 102 277 275 194 323 363 352 101 53 293 133 331 285 392 122 239 276 32 40 295 23 381 90 113 81 29 76 116 111 384 337 358 181 177 288 385 240 396 245 115 22 118 185 214 0,245 381
PFG_MOEA,390,2,413.96,4915.5,0 281 84 131 325 355 114 389 186 134 341 298 26 334 0,
PFG_MOEA,390,3,413.96,4915.5,0 371 219 105 162 159 74 279 91 24 212 375 284 14 184 318 70 292 263 8 373 169 108 72 52 130 44 386 362 201 312 67 164 107 302 173 106 261 388 197 218 151 77 273 136 137 59 0,
PFG_MOEA,390,4,413.96,4915.5,0 57 127 109 226 0,
PFG_MOEA,390,5,413.96,4915.5,0 19 0,
PFG_MOEA,390,6,413.96,4915.5,0 38 303 357 266 141 86 199 228 267 366 289 231 34 58 68 161 235 35 249 88 135 233 319 182 172 13 80 0,88
PFG_MOEA,390,7,413.96,4915.5,0 399 397 36 11 92 156 94 230 374 350 311 4 314 193 340 299 321 269 120 142 37 51 123 145 132 339 322 121 146 294 174 320 364 393 3 229 308 356 264 259 246 42 300 329 112 191 165 200 221 242 96 0,11 340 374 393
PFG_MOEA,390,8,413.96,4915.5,0 152 247 255 1 262 250 28 345 377 395 400 394 188 301 372 21 167 291 139 149 157 63 316 387 327 17 43 85 215 73 254 183 354 69 265 346 315 99 175 251 190 390 18 103 155 83 378 213 234 227 398 93 0,1 152 175 227
PFG_MOEA,390,9,413.96,4915.5,0 304 31 48 192 330 238 129 148 260 391 271 39 268 272 30 66 166 205 208 6 204 154 305 326 283 65 297 62 241 110 140 286 317 333 180 220 158 189 64 20 126 124 7 56 217 55 25 367 170 361 209 71 33 97 225 232 179 224 0,55 391
PFG_MOEA,390,10,413.96,4915.5,0 287 10 383 382 0,
PFG_MOEA,390,11,413.96,4915.5,0 16 15 168 203 369 380 82 178 117 243 349 344 54 46 41 0,
PFG_MOEA,390,12,413.96,4915.5,0 335 360 216 150 9 47 125 309 5 343 290 368 376 258 248 328 75 171 87 278 153 353 348 45 210 195 379 270 257 60 50 160 79 143 282 310 104 223 244 211 324 147 332 347 296 196 78 98 27 176 144 342 370 306 202 338 0,
PFG_MOEA,391,1,759.34,4800.0,0 219 341 105 389 114 84 131 355 325 29 81 113 76 116 111 384 337 358 181 177 288 385 240 396 245 115 392 285 331 133 293 53 163 150 9 125 47 216 89 61 206 253 365 0,245
PFG_MOEA,391,2,759.34,4800.0,0 22 134 186 162 159 279 74 284 184 318 70 292 263 8 373 169 108 14 375 212 24 91 0,318
PFG_MOEA,391,3,759.34,4800.0,0 304 31 48 148 260 224 71 33 129 238 330 192 200 165 112 191 152 127 57 109 59 137 273 136 247 17 43 85 215 73 254 69 354 183 327 387 157 149 188 394 316 63 262 1 255 250 28 42 400 395 377 345 356 264 259 246 308 229 197 218 151 77 107 164 67 302 388 3 106 173 261 320 364 393 312 201 362 329 300 123 51 145 322 121 146 294 174 339 132 120 142 37 269 321 299 340 233 135 88 249 35 161 235 68 58 34 386 231 289 366 267 228 44 130 52 72 303 357 319 266 141 86 92 199 156 94 230 311 374 11 36 397 350 4 314 193 182 172 13 19 226 221 242 96 80 38 0,33 106 174 200 303 311 394
PFG_MOEA,391,4,759.34,4800.0,0 378 83 155 103 18 190 251 175 99 315 346 372 301 167 21 139 291 265 390 234 0,
PFG_MOEA,391,5,759.34,4800.0,0 179 391 271 39 30 272 268 46 54 93 398 227 213 232 0,391
PFG_MOEA,391,6,759.34,4800.0,0 225 0,
PFG_MOEA,391,7,759.34,4800.0,0 97 209 361 170 367 0,
PFG_MOEA,391,8,759.34,4800.0,0 399 15 168 203 338 202 306 370 342 144 176 27 98 78 196 369 380 16 41 82 178 117 243 344 349 66 343 290 368 376 258 248 328 75 348 353 45 210 278 153 171 87 6 208 205 166 158 189 220 241 62 297 65 283 204 154 305 326 110 140 180 333 317 286 25 55 217 56 7 124 126 20 64 287 10 383 382 0,62 66 205 220 342
PFG_MOEA,391,9,759.34,4800.0,0 2 119 128 295 40 32 276 239 122 296 332 347 138 336 222 95 101 194 147 324 275 323 363 352 277 102 223 244 211 104 310 100 282 143 79 160 50 60 257 270 379 195 5 309 280 351 237 256 274 49 198 252 236 0,
PFG_MOEA,391,10,759.34,4800.0,0 381 23 90 12 207 307 0,
PFG_MOEA,391,11,759.34,4800.0,0 335 187 359 313 360 214 0,
PFG_MOEA,391,12,759.34,4800.0,0 185 118 281 26 334 298 371 0,
PFG_MOEA,392,1,314.81,5596.11,0 12 90 128 236 252 336 276 138 222 198 49 274 256 237 351 280 309 5 290 343 313 207 0,222
PFG_MOEA,392,2,314.81,5596.11,0 91 292 263 8 373 169 108 14 375 212 24 371 219 341 298 334 26 281 118 185 214 295 40 32 239 122 95 101 352 363 323 194 275 277 102 100 23 381 119 2 307 359 187 148 48 31 304 0,23
PFG_MOEA,392,3,314.81,5596.11,0 260 224 71 33 127 152 191 112 165 200 129 238 330 192 0,33
PFG_MOEA,392,4,314.81,5596.11,0 57 67 302 173 106 3 388 164 107 77 151 218 197 229 308 246 259 264 356 345 377 395 400 42 28 250 255 1 262 63 316 394 188 149 157 387 327 183 354 69 254 73 215 85 43 17 247 136 273 137 59 109 0,
PFG_MOEA,392,5,314.81,5596.11,0 329 300 362 123 51 145 322 121 146 201 261 320 364 393 312 294 174 339 132 206 253 365 360 335 0,362 393
PFG_MOEA,392,6,314.81,5596.11,0 61 358 181 177 288 385 240 396 245 115 392 285 331 133 293 53 163 150 9 125 47 216 89 0,
PFG_MOEA,392,7,314.81,5596.11,0 80 13 19 226 35 161 235 58 34 386 231 289 366 267 228 44 130 52 72 318 70 184 284 74 279 159 162 389 114 355 325 384 337 111 116 76 113 81 29 131 84 105 186 134 22 0,
PFG_MOEA,392,8,314.81,5596.11,0 38 96 242 221 172 182 397 350 311 4 314 193 230 94 156 374 36 11 92 319 357 303 266 141 86 199 68 135 88 249 233 340 299 321 269 120 142 37 301 21 139 291 167 372 346 315 99 175 251 0,182
PFG_MOEA,392,9,314.81,5596.11,0 97 225 232 179 391 271 158 241 62 297 65 283 204 154 305 326 110 140 286 317 333 180 220 126 124 7 56 217 55 25 367 170 361 209 227 234 213 190 390 265 18 103 155 83 378 398 93 54 46 268 272 30 39 0,65 154
PFG_MOEA,392,10,314.81,5596.11,0 399 15 16 380 41 82 178 117 243 344 349 20 189 64 166 205 208 6 87 171 153 278 210 353 258 376 368 66 287 10 383 382 0,243
PFG_MOEA,392,11,314.81,5596.11,0 369 338 203 168 0,
PFG_MOEA,392,12,314.81,5596.11,0 202 306 370 342 144 176 27 98 78 196 296 347 332 324 147 211 244 223 104 310 282 143 79 160 50 60 257 270 379 195 45 348 75 328 248 0,370
PFG_MOEA,393,1,411.21,4974.5,0 12 90 381 23 32 276 239 336 138 222 198 49 274 256 237 351 280 252 236 128 119 2 0,23
PFG_MOEA,393,2,411.21,4974.5,0 22 118 185 214 295 40 122 392 285 331 133 293 53 101 352 363 323 194 275 277 102 100 95 163 61 89 207 307 313 359 365 253 206 187 0,22 100
PFG_MOEA,393,3,411.21,4974.5,0 115 0,
PFG_MOEA,393,4,411.21,4974.5,0 245 396 240 385 288 177 181 358 337 384 111 116 76 113 81 29 325 355 0,
PFG_MOEA,393,5,411.21,4974.5,0 281 26 334 298 341 134 186 131 84 114 389 105 219 371 162 159 74 279 91 24 212 375 284 14 184 318 70 292 263 8 373 169 108 72 52 130 44 386 362 201 312 67 164 107 302 173 106 261 388 197 218 151 77 273 136 137 59 109 127 57 226 19 13 80 0,77 106 284
PFG_MOEA,393,6,411.21,4974.5,0 38 172 182 319 303 357 266 141 86 199 228 267 366 289 231 34 58 68 161 235 35 249 88 135 233 156 94 230 374 92 11 36 397 350 311 4 314 193 340 299 321 269 120 142 37 51 123 145 132 339 322 121 146 294 174 320 364 393 3 229 308 356 264 259 246 42 300 329 112 221 242 96 0,51 174 229 246 299
PFG_MOEA,393,7,411.21,4974.5,0 399 200 165 191 152 247 255 1 262 250 28 345 377 395 400 394 188 301 372 21 167 291 139 149 157 63 316 387 327 17 43 85 215 73 254 183 354 69 265 346 315 99 175 251 190 390 18 103 155 83 378 213 234 227 398 93 224 179 232 225 97 71 33 260 148 238 129 330 192 48 31 304 0,93
PFG_MOEA,393,8,411.21,4974.5,0 382 383 10 391 271 39 46 54 268 272 30 66 166 205 208 6 204 154 305 326 283 65 297 62 241 110 140 286 317 333 180 220 158 189 64 20 126 124 7 56 217 55 25 367 170 361 209 287 0,55 62 66 220
PFG_MOEA,393,9,411.21,4974.5,0 380 0,
PFG_MOEA,393,10,411.21,4974.5,0 16 369 15 0,
PFG_MOEA,393,11,411.21,4974.5,0 168 203 178 82 41 0,178
PFG_MOEA,393,12,411.21,4974.5,0 335 360 338 202 306 370 342 144 176 27 98 78 196 296 347 332 216 47 125 9 150 147 324 211 244 223 104 310 282 143 309 5 195 379 79 160 50 60 270 257 210 45 153 278 87 171 353 348 75 328 248 258 376 368 290 343 349 344 243 117 0,
PFG_MOEA,394,1,312.55,5795.78,0 336 138 239 122 296 347 332 324 275 277 104 211 244 223 102 352 363 323 194 147 101 95 222 0,122 211 222 277
PFG_MOEA,394,2,312.55,5795.78,0 335 360 207 307 313 359 187 100 310 282 143 79 160 50 60 257 270 379 195 5 309 280 351 237 256 274 49 198 252 236 381 23 90 12 214 185 118 281 26 334 298 371 72 52 130 44 386 80 0,5 307
PFG_MOEA,394,3,312.55,5795.78,0 13 19 226 57 127 109 59 137 136 273 77 151 218 197 388 261 106 173 302 107 164 67 312 201 362 123 51 145 294 174 339 132 142 120 269 321 299 0,174
PFG_MOEA,394,4,312.55,5795.78,0 340 233 135 88 249 35 235 161 68 58 34 231 289 366 267 228 141 266 303 357 319 86 199 156 94 0,303
PFG_MOEA,394,5,312.55,5795.78,0 38 172 182 397 36 11 92 374 230 311 350 4 314 193 37 322 121 146 320 364 393 3 229 308 356 264 259 246 42 300 329 112 191 152 221 242 96 0,42 264
PFG_MOEA,394,6,312.55,5795.78,0 200 165 129 0,
PFG_MOEA,394,7,312.55,5795.78,0 304 330 395 400 394 188 301 372 21 167 291 139 149 157 63 316 387 17 43 33 71 224 260 0,
PFG_MOEA,394,8,312.55,5795.78,0 399 247 28 250 345 377 262 1 255 327 254 73 215 85 93 179 232 225 97 148 238 192 48 31 0,93
PFG_MOEA,394,9,312.55,5795.78,0 378 69 183 354 265 346 315 99 175 251 190 390 18 103 155 83 234 213 227 398 209 361 170 367 25 55 217 56 7 180 333 317 286 140 110 62 297 65 283 326 305 154 204 6 208 241 220 158 189 64 20 126 124 0,175
PFG_MOEA,394,10,312.55,5795.78,0 287 382 383 10 268 272 30 66 166 205 271 39 391 53 293 133 331 285 392 115 245 396 240 385 288 177 181 358 337 384 111 116 76 113 81 29 325 355 131 84 114 389 105 341 219 0,
PFG_MOEA,394,11,312.55,5795.78,0 91 24 212 375 14 108 169 373 8 263 292 70 318 184 284 74 279 159 162 22 134 186 89 216 47 125 9 150 163 61 365 253 206 46 54 0,
PFG_MOEA,394,12,312.55,5795.78,0 41 82 178 117 243 344 349 343 290 368 376 258 248 328 75 171 87 153 278 210 45 353 348 2 119 128 295 40 32 276 196 78 98 27 176 144 342 370 306 202 338 203 168 369 380 16 15 0,16 87 203
PFG_MOEA,395,1,389.39,5146.42,0 163 78 53 293 133 331 285 392 98 115 245 27 396 240 385 288 177 181 358 337 384 111 116 76 113 81 29 325 355 131 84 114 389 91 279 74 159 162 371 219 298 341 22 134 186 105 118 185 0,
PFG_MOEA,395,2,389.39,5146.42,0 281 26 334 24 212 375 284 14 184 318 70 292 263 8 373 169 108 72 52 130 44 386 51 145 123 362 201 294 312 67 164 107 302 173 106 261 388 197 218 151 77 273 136 137 59 109 127 57 226 19 13 80 0,
PFG_MOEA,395,3,389.39,5146.42,0 142 339 174 132 120 269 321 299 340 233 135 88 249 35 235 161 68 58 34 231 289 366 267 228 141 266 303 357 319 86 199 156 94 230 374 92 11 36 397 350 311 4 314 193 0,88
PFG_MOEA,395,4,389.39,5146.42,0 182 172 38 0,
PFG_MOEA,395,5,389.39,5146.42,0 37 322 121 146 320 364 393 3 229 308 356 264 259 246 42 300 329 112 152 191 165 200 221 242 96 0,152 264 329
PFG_MOEA,395,6,389.39,5146.42,0 129 33 71 224 260 0,
PFG_MOEA,395,7,389.39,5146.42,0 399 247 255 1 262 250 28 345 377 395 400 394 188 301 372 21 167 291 139 149 157 63 316 387 17 43 73 254 327 183 354 69 215 85 93 179 232 225 97 148 48 238 330 192 31 304 0,395
PFG_MOEA,395,8,389.39,5146.42,0 16 15 168 203 369 380 391 271 39 268 272 30 66 166 205 208 6 204 154 305 326 283 65 297 62 241 110 140 286 317 333 180 220 158 189 64 20 126 124 7 56 217 55 25 367 170 361 209 398 227 234 213 190 251 175 99 315 346 265 390 18 103 155 83 378 54 46 287 10 383 382 41 0,7 16 20 103 272
PFG_MOEA,395,9,389.39,5146.42,0 82 178 117 243 368 376 258 353 153 171 87 278 210 143 237 256 274 49 100 282 310 104 102 277 275 194 323 363 352 101 198 95 222 138 122 276 336 252 236 128 23 381 90 119 2 12 0,
PFG_MOEA,395,10,389.39,5146.42,0 344 349 351 280 309 5 79 160 50 60 257 270 379 195 45 348 75 328 248 290 343 187 0,
PFG_MOEA,395,11,389.39,5146.42,0 214 295 40 32 239 370 342 144 176 150 47 9 125 216 89 61 207 307 313 359 206 253 365 360 335 0,176
PFG_MOEA,395,12,389.39,5146.42,0 338 202 306 196 296 347 332 324 147 211 244 223 0,
PFG_MOEA,396,1,413.96,4915.5,0 187 206 253 365 359 313 307 207 61 12 89 2 119 128 236 252 336 138 163 222 95 198 351 280 237 256 274 49 100 102 277 275 194 323 363 352 101 53 293 133 331 285 392 122 239 276 32 40 295 23 381 90 113 81 29 76 116 111 384 337 358 181 177 288 385 240 396 245 115 22 118 185 214 0,245 381
PFG_MOEA,396,2,413.96,4915.5,0 281 84 131 325 355 114 389 186 134 341 298 26 334 0,
PFG_MOEA,396,3,413.96,4915.5,0 371 219 105 162 159 74 279 91 24 212 375 284 14 184 318 70 292 263 8 373 169 108 72 52 130 44 386 362 201 312 67 164 107 302 173 106 261 388 197 218 151 77 273 136 137 59 0,
PFG_MOEA,396,4,413.96,4915.5,0 57 127 109 226 0,
PFG_MOEA,396,5,413.96,4915.5,0 19 0,
PFG_MOEA,396,6,413.96,4915.5,0 38 303 357 266 141 86 199 228 267 366 289 231 34 58 68 161 235 35 249 88 135 233 319 182 172 13 80 0,88
PFG_MOEA,396,7,413.96,4915.5,0 399 397 36 11 92 156 94 230 374 350 311 4 314 193 340 299 321 269 120 142 37 51 123 145 132 339 322 121 146 294 174 320 364 393 3 229 308 356 264 259 246 42 300 329 112 191 165 200 221 242 96 0,11 340 374 393
PFG_MOEA,396,8,413.96,4915.5,0 152 247 255 1 262 250 28 345 377 395 400 394 188 301 372 21 167 291 139 149 157 63 316 387 327 17 43 85 215 73 254 183 354 69 265 346 315 99 175 251 190 390 18 103 155 83 378 213 234 227 398 93 0,1 152 175 227
PFG_MOEA,396,9,413.96,4915.5,0 304 31 48 192 330 238 129 148 260 391 271 39 268 272 30 66 166 205 208 6 204 154 305 326 283 65 297 62 241 110 140 286 317 333 180 220 158 189 64 20 126 124 7 56 217 55 25 367 170 361 209 71 33 97 225 232 179 224 0,55 391
PFG_MOEA,396,10,413.96,4915.5,0 287 10 383 382 0,
PFG_MOEA,396,11,413.96,4915.5,0 16 15 168 203 369 380 82 178 117 243 349 344 54 46 41 0,
PFG_MOEA,396,12,413.96,4915.5,0 335 360 216 150 9 47 125 309 5 343 290 368 376 258 248 328 75 171 87 278 153 353 348 45 210 195 379 270 257 60 50 160 79 143 282 310 104 223 244 211 324 147 332 347 296 196 78 98 27 176 144 342 370 306 202 338 0,
PFG_MOEA,397,1,759.34,4800.0,0 219 341 105 389 114 84 131 355 325 29 81 113 76 116 111 384 337 358 181 177 288 385 240 396 245 115 392 285 331 133 293 53 163 150 9 125 47 216 89 61 206 253 365 0,245
PFG_MOEA,397,2,759.34,4800.0,0 22 134 186 162 159 279 74 284 184 318 70 292 263 8 373 169 108 14 375 212 24 91 0,318
PFG_MOEA,397,3,759.34,4800.0,0 304 31 48 148 260 224 71 33 129 238 330 192 200 165 112 191 152 127 57 109 59 137 273 136 247 17 43 85 215 73 254 69 354 183 327 387 157 149 188 394 316 63 262 1 255 250 28 42 400 395 377 345 356 264 259 246 308 229 197 218 151 77 107 164 67 302 388 3 106 173 261 320 364 393 312 201 362 329 300 123 51 145 322 121 146 294 174 339 132 120 142 37 269 321 299 340 233 135 88 249 35 161 235 68 58 34 386 231 289 366 267 228 44 130 52 72 303 357 319 266 141 86 92 199 156 94 230 311 374 11 36 397 350 4 314 193 182 172 13 19 226 221 242 96 80 38 0,33 106 174 200 303 311 394
PFG_MOEA,397,4,759.34,4800.0,0 378 83 155 103 18 190 251 175 99 315 346 372 301 167 21 139 291 265 390 234 0,
PFG_MOEA,397,5,759.34,4800.0,0 179 391 271 39 30 272 268 46 54 93 398 227 213 232 0,391
PFG_MOEA,397,6,759.34,4800.0,0 225 0,
PFG_MOEA,397,7,759.34,4800.0,0 97 209 361 170 367 0,
PFG_MOEA,397,8,759.34,4800.0,0 399 15 168 203 338 202 306 370 342 144 176 27 98 78 196 369 380 16 41 82 178 117 243 344 349 66 343 290 368 376 258 248 328 75 348 353 45 210 278 153 171 87 6 208 205 166 158 189 220 241 62 297 65 283 204 154 305 326 110 140 180 333 317 286 25 55 217 56 7 124 126 20 64 287 10 383 382 0,62 66 205 220 342
PFG_MOEA,397,9,759.34,4800.0,0 2 119 128 295 40 32 276 239 122 296 332 347 138 336 222 95 101 194 147 324 275 323 363 352 277 102 223 244 211 104 310 100 282 143 79 160 50 60 257 270 379 195 5 309 280 351 237 256 274 49 198 252 236 0,
PFG_MOEA,397,10,759.34,4800.0,0 381 23 90 12 207 307 0,
PFG_MOEA,397,11,759.34,4800.0,0 335 187 359 313 360 214 0,
PFG_MOEA,397,12,759.34,4800.0,0 185 118 281 26 334 298 371 0,
PFG_MOEA,398,1,314.81,5596.11,0 12 90 128 236 252 336 276 138 222 198 49 274 256 237 351 280 309 5 290 343 313 207 0,222
PFG_MOEA,398,2,314.81,5596.11,0 91 292 263 8 373 169 108 14 375 212 24 371 219 341 298 334 26 281 118 185 214 295 40 32 239 122 95 101 352 363 323 194 275 277 102 100 23 381 119 2 307 359 187 148 48 31 304 0,23
PFG_MOEA,398,3,314.81,5596.11,0 260 224 71 33 127 152 191 112 165 200 129 238 330 192 0,33
PFG_MOEA,398,4,314.81,5596.11,0 57 67 302 173 106 3 388 164 107 77 151 218 197 229 308 246 259 264 356 345 377 395 400 42 28 250 255 1 262 63 316 394 188 149 157 387 327 183 354 69 254 73 215 85 43 17 247 136 273 137 59 109 0,
PFG_MOEA,398,5,314.81,5596.11,0 329 300 362 123 51 145 322 121 146 201 261 320 364 393 312 294 174 339 132 206 253 365 360 335 0,362 393
PFG_MOEA,398,6,314.81,5596.11,0 61 358 181 177 288 385 240 396 245 115 392 285 331 133 293 53 163 150 9 125 47 216 89 0,
PFG_MOEA,398,7,314.81,5596.11,0 80 13 19 226 35 161 235 58 34 386 231 289 366 267 228 44 130 52 72 318 70 184 284 74 279 159 162 389 114 355 325 384 337 111 116 76 113 81 29 131 84 105 186 134 22 0,
PFG_MOEA,398,8,314.81,5596.11,0 38 96 242 221 172 182 397 350 311 4 314 193 230 94 156 374 36 11 92 319 357 303 266 141 86 199 68 135 88 249 233 340 299 321 269 120 142 37 301 21 139 291 167 372 346 315 99 175 251 0,182
PFG_MOEA,398,9,314.81,5596.11,0 97 225 232 179 391 271 158 241 62 297 65 283 204 154 305 326 110 140 286 317 333 180 220 126 124 7 56 217 55 25 367 170 361 209 227 234 213 190 390 265 18 103 155 83 378 398 93 54 46 268 272 30 39 0,65 154
PFG_MOEA,398,10,314.81,5596.11,0 399 15 16 380 41 82 178 117 243 344 349 20 189 64 166 205 208 6 87 171 153 278 210 353 258 376 368 66 287 10 383 382 0,243
PFG_MOEA,398,11,314.81,5596.11,0 369 338 203 168 0,
PFG_MOEA,398,12,314.81,5596.11,0 202 306 370 342 144 176 27 98 78 196 296 347 332 324 147 211 244 223 104 310 282 143 79 160 50 60 257 270 379 195 45 348 75 328 248 0,370
PFG_MOEA,399,1,411.21,4974.5,0 12 90 381 23 32 276 239 336 138 222 198 49 274 256 237 351 280 252 236 128 119 2 0,23
PFG_MOEA,399,2,411.21,4974.5,0 22 118 185 214 295 40 122 392 285 331 133 293 53 101 352 363 323 194 275 277 102 100 95 163 61 89 207 307 313 359 365 253 206 187 0,22 100
PFG_MOEA,399,3,411.21,4974.5,0 115 0,
PFG_MOEA,399,4,411.21,4974.5,0 245 396 240 385 288 177 181 358 337 384 111 116 76 113 81 29 325 355 0,
PFG_MOEA,399,5,411.21,4974.5,0 281 26 334 298 341 134 186 131 84 114 389 105 219 371 162 159 74 279 91 24 212 375 284 14 184 318 70 292 263 8 373 169 108 72 52 130 44 386 362 201 312 67 164 107 302 173 106 261 388 197 218 151 77 273 136 137 59 109 127 57 226 19 13 80 0,77 106 284
PFG_MOEA,399,6,411.21,4974.5,0 38 172 182 319 303 357 266 141 86 199 228 267 366 289 231 34 58 68 161 235 35 249 88 135 233 156 94 230 374 92 11 36 397 350 311 4 314 193 340 299 321 269 120 142 37 51 123 145 132 339 322 121 146 294 174 320 364 393 3 229 308 356 264 259 246 42 300 329 112 221 242 96 0,51 174 229 246 299
PFG_MOEA,399,7,411.21,4974.5,0 399 200 165 191 152 247 255 1 262 250 28 345 377 395 400 394 188 301 372 21 167 291 139 149 157 63 316 387 327 17 43 85 215 73 254 183 354 69 265 346 315 99 175 251 190 390 18 103 155 83 378 213 234 227 398 93 224 179 232 225 97 71 33 260 148 238 129 330 192 48 31 304 0,93
PFG_MOEA,399,8,411.21,4974.5,0 382 383 10 391 271 39 46 54 268 272 30 66 166 205 208 6 204 154 305 326 283 65 297 62 241 110 140 286 317 333 180 220 158 189 64 20 126 124 7 56 217 55 25 367 170 361 209 287 0,55 62 66 220
PFG_MOEA,399,9,411.21,4974.5,0 380 0,
PFG_MOEA,399,10,411.21,4974.5,0 16 369 15 0,
PFG_MOEA,399,11,411.21,4974.5,0 168 203 178 82 41 0,178
PFG_MOEA,399,12,411.21,4974.5,0 335 360 338 202 306 370 342 144 176 27 98 78 196 296 347 332 216 47 125 9 150 147 324 211 244 223 104 310 282 143 309 5 195 379 79 160 50 60 270 257 210 45 153 278 87 171 353 348 75 328 248 258 376 368 290 343 349 344 243 117 0,
PFG_MOEA,400,1,312.55,5795.78,0 336 138 239 122 296 347 332 324 275 277 104 211 244 223 102 352 363 323 194 147 101 95 222 0,122 211 222 277
PFG_MOEA,400,2,312.55,5795.78,0 335 360 207 307 313 359 187 100 310 282 143 79 160 50 60 257 270 379 195 5 309 280 351 237 256 274 49 198 252 236 381 23 90 12 214 185 118 281 26 334 298 371 72 52 130 44 386 80 0,5 307
PFG_MOEA,400,3,312.55,5795.78,0 13 19 226 57 127 109 59 137 136 273 77 151 218 197 388 261 106 173 302 107 164 67 312 201 362 123 51 145 294 174 339 132 142 120 269 321 299 0,174
PFG_MOEA,400,4,312.55,5795.78,0 340 233 135 88 249 35 235 161 68 58 34 231 289 366 267 228 141 266 303 357 319 86 199 156 94 0,303
PFG_MOEA,400,5,312.55,5795.78,0 38 172 182 397 36 11 92 374 230 311 350 4 314 193 37 322 121 146 320 364 393 3 229 308 356 264 259 246 42 300 329 112 191 152 221 242 96 0,42 264
PFG_MOEA,400,6,312.55,5795.78,0 200 165 129 0,
PFG_MOEA,400,7,312.55,5795.78,0 304 330 395 400 394 188 301 372 21 167 291 139 149 157 63 316 387 17 43 33 71 224 260 0,
PFG_MOEA,400,8,312.55,5795.78,0 399 247 28 250 345 377 262 1 255 327 254 73 215 85 93 179 232 225 97 148 238 192 48 31 0,93
PFG_MOEA,400,9,312.55,5795.78,0 378 69 183 354 265 346 315 99 175 251 190 390 18 103 155 83 234 213 227 398 209 361 170 367 25 55 217 56 7 180 333 317 286 140 110 62 297 65 283 326 305 154 204 6 208 241 220 158 189 64 20 126 124 0,175
PFG_MOEA,400,10,312.55,5795.78,0 287 382 383 10 268 272 30 66 166 205 271 39 391 53 293 133 331 285 392 115 245 396 240 385 288 177 181 358 337 384 111 116 76 113 81 29 325 355 131 84 114 389 105 341 219 0,
PFG_MOEA,400,11,312.55,5795.78,0 91 24 212 375 14 108 169 373 8 263 292 70 318 184 284 74 279 159 162 22 134 186 89 216 47 125 9 150 163 61 365 253 206 46 54 0,
PFG_MOEA,400,12,312.55,5795.78,0 41 82 178 117 243 344 349 343 290 368 376 258 248 328 75 171 87 153 278 210 45 353 348 2 119 128 295 40 32 276 196 78 98 27 176 144 342 370 306 202 338 203 168 369 380 16 15 0,16 87 203
PFG_MOEA,401,1,389.39,5146.42,0 163 78 53 293 133 331 285 392 98 115 245 27 396 240 385 288 177 181 358 337 384 111 116 76 113 81 29 325 355 131 84 114 389 91 279 74 159 162 371 219 298 341 22 134 186 105 118 185 0,
PFG_MOEA,401,2,389.39,5146.42,0 281 26 334 24 212 375 284 14 184 318 70 292 263 8 373 169 108 72 52 130 44 386 51 145 123 362 201 294 312 67 164 107 302 173 106 261 388 197 218 151 77 273 136 137 59 109 127 57 226 19 13 80 0,
PFG_MOEA,401,3,389.39,5146.42,0 142 339 174 132 120 269 321 299 340 233 135 88 249 35 235 161 68 58 34 231 289 366 267 228 141 266 303 357 319 86 199 156 94 230 374 92 11 36 397 350 311 4 314 193 0,88
PFG_MOEA,401,4,389.39,5146.42,0 182 172 38 0,
PFG_MOEA,401,5,389.39,5146.42,0 37 322 121 146 320 364 393 3 229 308 356 264 259 246 42 300 329 112 152 191 165 200 221 242 96 0,152 264 329
PFG_MOEA,401,6,389.39,5146.42,0 129 33 71 224 260 0,
PFG_MOEA,401,7,389.39,5146.42,0 399 247 255 1 262 250 28 345 377 395 400 394 188 301 372 21 167 291 139 149 157 63 316 387 17 43 73 254 327 183 354 69 215 85 93 179 232 225 97 148 48 238 330 192 31 304 0,395
PFG_MOEA,401,8,389.39,5146.42,0 16 15 168 203 369 380 391 271 39 268 272 30 66 166 205 208 6 204 154 305 326 283 65 297 62 241 110 140 286 317 333 180 220 158 189 64 20 126 124 7 56 217 55 25 367 170 361 209 398 227 234 213 190 251 175 99 315 346 265 390 18 103 155 83 378 54 46 287 10 383 382 41 0,7 16 20 103 272
PFG_MOEA,401,9,389.39,5146.42,0 82 178 117 243 368 376 258 353 153 171 87 278 210 143 237 256 274 49 100 282 310 104 102 277 275 194 323 363 352 101 198 95 222 138 122 276 336 252 236 128 23 381 90 119 2 12 0,
PFG_MOEA,401,10,389.39,5146.42,0 344 349 351 280 309 5 79 160 50 60 257 270 379 195 45 348 75 328 248 290 343 187 0,
PFG_MOEA,401,11,389.39,5146.42,0 214 295 40 32 239 370 342 144 176 150 47 9 125 216 89 61 207 307 313 359 206 253 365 360 335 0,176
PFG_MOEA,401,12,389.39,5146.42,0 338 202 306 196 296 347 332 324 147 211 244 223 0,
PFG_MOEA,402,1,413.96,4915.5,0 187 206 253 365 359 313 307 207 61 12 89 2 119 128 236 252 336 138 163 222 95 198 351 280 237 256 274 49 100 102 277 275 194 323 363 352 101 53 293 133 331 285 392 122 239 276 32 40 295 23 381 90 113 81 29 76 116 111 384 337 358 181 177 288 385 240 396 245 115 22 118 185 214 0,245 381
PFG_MOEA,402,2,413.96,4915.5,0 281 84 131 325 355 114 389 186 134 341 298 26 334 0,
PFG_MOEA,402,3,413.96,4915.5,0 371 219 105 162 159 74 279 91 24 212 375 284 14 184 318 70 292 263 8 373 169 108 72 52 130 44 386 362 201 312 67 164 107 302 173 106 261 388 197 218 151 77 273 136 137 59 0,
PFG_MOEA,402,4,413.96,4915.5,0 57 127 109 226 0,
PFG_MOEA,402,5,413.96,4915.5,0 19 0,
PFG_MOEA,402,6,413.96,4915.5,0 38 303 357 266 141 86 199 228 267 366 289 231 34 58 68 161 235 35 249 88 135 233 319 182 172 13 80 0,88
PFG_MOEA,402,7,413.96,4915.5,0 399 397 36 11 92 156 94 230 374 350 311 4 314 193 340 299 321 269 120 142 37 51 123 145 132 339 322 121 146 294 174 320 364 393 3 229 308 356 264 259 246 42 300 329 112 191 165 200 221 242 96 0,11 340 374 393
PFG_MOEA,402,8,413.96,4915.5,0 152 247 255 1 262 250 28 345 377 395 400 394 188 301 372 21 167 291 139 149 157 63 316 387 327 17 43 85 215 73 254 183 354 69 265 346 315 99 175 251 190 390 18 103 155 83 378 213 234 227 398 93 0,1 152 175 227
PFG_MOEA,402,9,413.96,4915.5,0 304 31 48 192 330 238 129 148 260 391 271 39 268 272 30 66 166 205 208 6 204 154 305 326 283 65 297 62 241 110 140 286 317 333 180 220 158 189 64 20 126 124 7 56 217 55 25 367 170 361 209 71 33 97 225 232 179 224 0,55 391
PFG_MOEA,402,10,413.96,4915.5,0 287 10 383 382 0,
PFG_MOEA,402,11,413.96,4915.5,0 16 15 168 203 369 380 82 178 117 243 349 344 54 46 41 0,
PFG_MOEA,402,12,413.96,4915.5,0 335 360 216 150 9 47 125 309 5 343 290 368 376 258 248 328 75 171 87 278 153 353 348 45 210 195 379 270 257 60 50 160 79 143 282 310 104 223 244 211 324 147 332 347 296 196 78 98 27 176 144 342 370 306 202 338 0,
PFG_MOEA,403,1,759.34,4800.0,0 219 341 105 389 114 84 131 355 325 29 81 113 76 116 111 384 337 358 181 177 288 385 240 396 245 115 392 285 331 133 293 53 163 150 9 125 47 216 89 61 206 253 365 0,245
PFG_MOEA,403,2,759.34,4800.0,0 22 134 186 162 159 279 74 284 184 318 70 292 263 8 373 169 108 14 375 212 24 91 0,318
PFG_MOEA,403,3,759.34,4800.0,0 304 31 48 148 260 224 71 33 129 238 330 192 200 165 112 191 152 127 57 109 59 137 273 136 247 17 43 85 215 73 254 69 354 183 327 387 157 149 188 394 316 63 262 1 255 250 28 42 400 395 377 345 356 264 259 246 308 229 197 218 151 77 107 164 67 302 388 3 106 173 261 320 364 393 312 201 362 329 300 123 51 145 322 121 146 294 174 339 132 120 142 37 269 321 299 340 233 135 88 249 35 161 235 68 58 34 386 231 289 366 267 228 44 130 52 72 303 357 319 266 141 86 92 199 156 94 230 311 374 11 36 397 350 4 314 193 182 172 13 19 226 221 242 96 80 38 0,33 106 174 200 303 311 394
PFG_MOEA,403,4,759.34,4800.0,0 378 83 155 103 18 190 251 175 99 315 346 372 301 167 21 139 291 265 390 234 0,
PFG_MOEA,403,5,759.34,4800.0,0 179 391 271 39 30 272 268 46 54 93 398 227 213 232 0,391
PFG_MOEA,403,6,759.34,4800.0,0 225 0,
PFG_MOEA,403,7,759.34,4800.0,0 97 209 361 170 367 0,
PFG_MOEA,403,8,759.34,4800.0,0 399 15 168 203 338 202 306 370 342 144 176 27 98 78 196 369 380 16 41 82 178 117 243 344 349 66 343 290 368 376 258 248 328 75 348 353 45 210 278 153 171 87 6 208 205 166 158 189 220 241 62 297 65 283 204 154 305 326 110 140 180 333 317 286 25 55 217 56 7 124 126 20 64 287 10 383 382 0,62 66 205 220 342
PFG_MOEA,403,9,759.34,4800.0,0 2 119 128 295 40 32 276 239 122 296 332 347 138 336 222 95 101 194 147 324 275 323 363 352 277 102 223 244 211 104 310 100 282 143 79 160 50 60 257 270 379 195 5 309 280 351 237 256 274 49 198 252 236 0,
PFG_MOEA,403,10,759.34,4800.0,0 381 23 90 12 207 307 0,
PFG_MOEA,403,11,759.34,4800.0,0 335 187 359 313 360 214 0,
PFG_MOEA,403,12,759.34,4800.0,0 185 118 281 26 334 298 371 0,
PFG_MOEA,404,1,314.81,5596.11,0 12 90 128 236 252 336 276 138 222 198 49 274 256 237 351 280 309 5 290 343 313 207 0,222
PFG_MOEA,404,2,314.81,5596.11,0 91 292 263 8 373 169 108 14 375 212 24 371 219 341 298 334 26 281 118 185 214 295 40 32 239 122 95 101 352 363 323 194 275 277 102 100 23 381 119 2 307 359 187 148 48 31 304 0,23
PFG_MOEA,404,3,314.81,5596.11,0 260 224 71 33 127 152 191 112 165 200 129 238 330 192 0,33
PFG_MOEA,404,4,314.81,5596.11,0 57 67 302 173 106 3 388 164 107 77 151 218 197 229 308 246 259 264 356 345 377 395 400 42 28 250 255 1 262 63 316 394 188 149 157 387 327 183 354 69 254 73 215 85 43 17 247 136 273 137 59 109 0,
PFG_MOEA,404,5,314.81,5596.11,0 329 300 362 123 51 145 322 121 146 201 261 320 364 393 312 294 174 339 132 206 253 365 360 335 0,362 393
PFG_MOEA,404,6,314.81,5596.11,0 61 358 181 177 288 385 240 396 245 115 392 285 331 133 293 53 163 150 9 125 47 216 89 0,
PFG_MOEA,404,7,314.81,5596.11,0 80 13 19 226 35 161 235 58 34 386 231 289 366 267 228 44 130 52 72 318 70 184 284 74 279 159 162 389 114 355 325 384 337 111 116 76 113 81 29 131 84 105 186 134 22 0,
PFG_MOEA,404,8,314.81,5596.11,0 38 96 242 221 172 182 397 350 311 4 314 193 230 94 156 374 36 11 92 319 357 303 266 141 86 199 68 135 88 249 233 340 299 321 269 120 142 37 301 21 139 291 167 372 346 315 99 175 251 0,182
PFG_MOEA,404,9,314.81,5596.11,0 97 225 232 179 391 271 158 241 62 297 65 283 204 154 305 326 110 140 286 317 333 180 220 126 124 7 56 217 55 25 367 170 361 209 227 234 213 190 390 265 18 103 155 83 378 398 93 54 46 268 272 30 39 0,65 154
PFG_MOEA,404,10,314.81,5596.11,0 399 15 16 380 41 82 178 117 243 344 349 20 189 64 166 205 208 6 87 171 153 278 210 353 258 376 368 66 287 10 383 382 0,243
PFG_MOEA,404,11,314.81,5596.11,0 369 338 203 168 0,
PFG_MOEA,404,12,314.81,5596.11,0 202 306 370 342 144 176 27 98 78 196 296 347 332 324 147 211 244 223 104 310 282 143 79 160 50 60 257 270 379 195 45 348 75 328 248 0,370
PFG_MOEA,405,1,411.21,4974.5,0 12 90 381 23 32 276 239 336 138 222 198 49 274 256 237 351 280 252 236 128 119 2 0,23
PFG_MOEA,405,2,411.21,4974.5,0 22 118 185 214 295 40 122 392 285 331 133 293 53 101 352 363 323 194 275 277 102 100 95 163 61 89 207 307 313 359 365 253 206 187 0,22 100
PFG_MOEA,405,3,411.21,4974.5,0 115 0,
PFG_MOEA,405,4,411.21,4974.5,0 245 396 240 385 288 177 181 358 337 384 111 116 76 113 81 29 325 355 0,
PFG_MOEA,405,5,411.21,4974.5,0 281 26 334 298 341 134 186 131 84 114 389 105 219 371 162 159 74 279 91 24 212 375 284 14 184 318 70 292 263 8 373 169 108 72 52 130 44 386 362 201 312 67 164 107 302 173 106 261 388 197 218 151 77 273 136 137 59 109 127 57 226 19 13 80 0,77 106 284
PFG_MOEA,405,6,411.21,4974.5,0 38 172 182 319 303 357 266 141 86 199 228 267 366 289 231 34 58 68 161 235 35 249 88 135 233 156 94 230 374 92 11 36 397 350 311 4 314 193 340 299 321 269 120 142 37 51 123 145 132 339 322 121 146 294 174 320 364 393 3 229 308 356 264 259 246 42 300 329 112 221 242 96 0,51 174 229 246 299
PFG_MOEA,405,7,411.21,4974.5,0 399 200 165 191 152 247 255 1 262 250 28 345 377 395 400 394 188 301 372 21 167 291 139 149 157 63 316 387 327 17 43 85 215 73 254 183 354 69 265 346 315 99 175 251 190 390 18 103 155 83 378 213 234 227 398 93 224 179 232 225 97 71 33 260 148 238 129 330 192 48 31 304 0,93
PFG_MOEA,405,8,411.21,4974.5,0 382 383 10 391 271 39 46 54 268 272 30 66 166 205 208 6 204 154 305 326 283 65 297 62 241 110 140 286 317 333 180 220 158 189 64 20 126 124 7 56 217 55 25 367 170 361 209 287 0,55 62 66 220
PFG_MOEA,405,9,411.21,4974.5,0 380 0,
PFG_MOEA,405,10,411.21,4974.5,0 16 369 15 0,
PFG_MOEA,405,11,411.21,4974.5,0 168 203 178 82 41 0,178
PFG_MOEA,405,12,411.21,4974.5,0 335 360 338 202 306 370 342 144 176 27 98 78 196 296 347 332 216 47 125 9 150 147 324 211 244 223 104 310 282 143 309 5 195 379 79 160 50 60 270 257 210 45 153 278 87 171 353 348 75 328 248 258 376 368 290 343 349 344 243 117 0,
PFG_MOEA,406,1,312.55,5795.78,0 336 138 239 122 296 347 332 324 275 277 104 211 244 223 102 352 363 323 194 147 101 95 222 0,122 211 222 277
PFG_MOEA,406,2,312.55,5795.78,0 335 360 207 307 313 359 187 100 310 282 143 79 160 50 60 257 270 379 195 5 309 280 351 237 256 274 49 198 252 236 381 23 90 12 214 185 118 281 26 334 298 371 72 52 130 44 386 80 0,5 307
PFG_MOEA,406,3,312.55,5795.78,0 13 19 226 57 127 109 59 137 136 273 77 151 218 197 388 261 106 173 302 107 164 67 312 201 362 123 51 145 294 174 339 132 142 120 269 321 299 0,174
PFG_MOEA,406,4,312.55,5795.78,0 340 233 135 88 249 35 235 161 68 58 34 231 289 366 267 228 141 266 303 357 319 86 199 156 94 0,303
PFG_MOEA,406,5,312.55,5795.78,0 38 172 182 397 36 11 92 374 230 311 350 4 314 193 37 322 121 146 320 364 393 3 229 308 356 264 259 246 42 300 329 112 191 152 221 242 96 0,42 264
PFG_MOEA,406,6,312.55,5795.78,0 200 165 129 0,
PFG_MOEA,406,7,312.55,5795.78,0 304 330 395 400 394 188 301 372 21 167 291 139 149 157 63 316 387 17 43 33 71 224 260 0,
PFG_MOEA,406,8,312.55,5795.78,0 399 247 28 250 345 377 262 1 255 327 254 73 215 85 93 179 232 225 97 148 238 192 48 31 0,93
PFG_MOEA,406,9,312.55,5795.78,0 378 69 183 354 265 346 315 99 175 251 190 390 18 103 155 83 234 213 227 398 209 361 170 367 25 55 217 56 7 180 333 317 286 140 110 62 297 65 283 326 305 154 204 6 208 241 220 158 189 64 20 126 124 0,175
PFG_MOEA,406,10,312.55,5795.78,0 287 382 383 10 268 272 30 66 166 205 271 39 391 53 293 133 331 285 392 115 245 396 240 385 288 177 181 358 337 384 111 116 76 113 81 29 325 355 131 84 114 389 105 341 219 0,
PFG_MOEA,406,11,312.55,5795.78,0 91 24 212 375 14 108 169 373 8 263 292 70 318 184 284 74 279 159 162 22 134 186 89 216 47 125 9 150 163 61 365 253 206 46 54 0,
PFG_MOEA,406,12,312.55,5795.78,0 41 82 178 117 243 344 349 343 290 368 376 258 248 328 75 171 87 153 278 210 45 353 348 2 119 128 295 40 32 276 196 78 98 27 176 144 342 370 306 202 338 203 168 369 380 16 15 0,16 87 203
PFG_MOEA,407,1,389.39,5146.42,0 163 78 53 293 133 331 285 392 98 115 245 27 396 240 385 288 177 181 358 337 384 111 116 76 113 81 29 325 355 131 84 114 389 91 279 74 159 162 371 219 298 341 22 134 186 105 118 185 0,
PFG_MOEA,407,2,389.39,5146.42,0 281 26 334 24 212 375 284 14 184 318 70 292 263 8 373 169 108 72 52 130 44 386 51 145 123 362 201 294 312 67 164 107 302 173 106 261 388 197 218 151 77 273 136 137 59 109 127 57 226 19 13 80 0,
PFG_MOEA,407,3,389.39,5146.42,0 142 339 174 132 120 269 321 299 340 233 135 88 249 35 235 161 68 58 34 231 289 366 267 228 141 266 303 357 319 86 199 156 94 230 374 92 11 36 397 350 311 4 314 193 0,88
PFG_MOEA,407,4,389.39,5146.42,0 182 172 38 0,
PFG_MOEA,407,5,389.39,5146.42,0 37 322 121 146 320 364 393 3 229 308 356 264 259 246 42 300 329 112 152 191 165 200 221 242 96 0,152 264 329
PFG_MOEA,407,6,389.39,5146.42,0 129 33 71 224 260 0,
PFG_MOEA,407,7,389.39,5146.42,0 399 247 255 1 262 250 28 345 377 395 400 394 188 301 372 21 167 291 139 149 157 63 316 387 17 43 73 254 327 183 354 69 215 85 93 179 232 225 97 148 48 238 330 192 31 304 0,395
PFG_MOEA,407,8,389.39,5146.42,0 16 15 168 203 369 380 391 271 39 268 272 30 66 166 205 208 6 204 154 305 326 283 65 297 62 241 110 140 286 317 333 180 220 158 189 64 20 126 124 7 56 217 55 25 367 170 361 209 398 227 234 213 190 251 175 99 315 346 265 390 18 103 155 83 378 54 46 287 10 383 382 41 0,7 16 20 103 272
PFG_MOEA,407,9,389.39,5146.42,0 82 178 117 243 368 376 258 353 153 171 87 278 210 143 237 256 274 49 100 282 310 104 102 277 275 194 323 363 352 101 198 95 222 138 122 276 336 252 236 128 23 381 90 119 2 12 0,
PFG_MOEA,407,10,389.39,5146.42,0 344 349 351 280 309 5 79 160 50 60 257 270 379 195 45 348 75 328 248 290 343 187 0,
PFG_MOEA,407,11,389.39,5146.42,0 214 295 40 32 239 370 342 144 176 150 47 9 125 216 89 61 207 307 313 359 206 253 365 360 335 0,176
PFG_MOEA,407,12,389.39,5146.42,0 338 202 306 196 296 347 332 324 147 211 244 223 0,
PFG_MOEA,408,1,413.96,4915.5,0 187 206 253 365 359 313 307 207 61 12 89 2 119 128 236 252 336 138 163 222 95 198 351 280 237 256 274 49 100 102 277 275 194 323 363 352 101 53 293 133 331 285 392 122 239 276 32 40 295 23 381 90 113 81 29 76 116 111 384 337 358 181 177 288 385 240 396 245 115 22 118 185 214 0,245 381
PFG_MOEA,408,2,413.96,4915.5,0 281 84 131 325 355 114 389 186 134 341 298 26 334 0,
PFG_MOEA,408,3,413.96,4915.5,0 371 219 105 162 159 74 279 91 24 212 375 284 14 184 318 70 292 263 8 373 169 108 72 52 130 44 386 362 201 312 67 164 107 302 173 106 261 388 197 218 151 77 273 136 137 59 0,
PFG_MOEA,408,4,413.96,4915.5,0 57 127 109 226 0,
PFG_MOEA,408,5,413.96,4915.5,0 19 0,
PFG_MOEA,408,6,413.96,4915.5,0 38 303 357 266 141 86 199 228 267 366 289 231 34 58 68 161 235 35 249 88 135 233 319 182 172 13 80 0,88
PFG_MOEA,408,7,413.96,4915.5,0 399 397 36 11 92 156 94 230 374 350 311 4 314 193 340 299 321 269 120 142 37 51 123 145 132 339 322 121 146 294 174 320 364 393 3 229 308 356 264 259 246 42 300 329 112 191 165 200 221 242 96 0,11 340 374 393
PFG_MOEA,408,8,413.96,4915.5,0 152 247 255 1 262 250 28 345 377 395 400 394 188 301 372 21 167 291 139 149 157 63 316 387 327 17 43 85 215 73 254 183 354 69 265 346 315 99 175 251 190 390 18 103 155 83 378 213 234 227 398 93 0,1 152 175 227
PFG_MOEA,408,9,413.96,4915.5,0 304 31 48 192 330 238 129 148 260 391 271 39 268 272 30 66 166 205 208 6 204 154 305 326 283 65 297 62 241 110 140 286 317 333 180 220 158 189 64 20 126 124 7 56 217 55 25 367 170 361 209 71 33 97 225 232 179 224 0,55 391
PFG_MOEA,408,10,413.96,4915.5,0 287 10 383 382 0,
PFG_MOEA,408,11,413.96,4915.5,0 16 15 168 203 369 380 82 178 117 243 349 344 54 46 41 0,
PFG_MOEA,408,12,413.96,4915.5,0 335 360 216 150 9 47 125 309 5 343 290 368 376 258 248 328 75 171 87 278 153 353 348 45 210 195 379 270 257 60 50 160 79 143 282 310 104 223 244 211 324 147 332 347 296 196 78 98 27 176 144 342 370 306 202 338 0,
PFG_MOEA,409,1,759.34,4800.0,0 219 341 105 389 114 84 131 355 325 29 81 113 76 116 111 384 337 358 181 177 288 385 240 396 245 115 392 285 331 133 293 53 163 150 9 125 47 216 89 61 206 253 365 0,245
PFG_MOEA,409,2,759.34,4800.0,0 22 134 186 162 159 279 74 284 184 318 70 292 263 8 373 169 108 14 375 212 24 91 0,318
PFG_MOEA,409,3,759.34,4800.0,0 304 31 48 148 260 224 71 33 129 238 330 192 200 165 112 191 152 127 57 109 59 137 273 136 247 17 43 85 215 73 254 69 354 183 327 387 157 149 188 394 316 63 262 1 255 250 28 42 400 395 377 345 356 264 259 246 308 229 197 218 151 77 107 164 67 302 388 3 106 173 261 320 364 393 312 201 362 329 300 123 51 145 322 121 146 294 174 339 132 120 142 37 269 321 299 340 233 135 88 249 35 161 235 68 58 34 386 231 289 366 267 228 44 130 52 72 303 357 319 266 141 86 92 199 156 94 230 311 374 11 36 397 350 4 314 193 182 172 13 19 226 221 242 96 80 38 0,33 106 174 200 303 311 394
PFG_MOEA,409,4,759.34,4800.0,0 378 83 155 103 18 190 251 175 99 315 346 372 301 167 21 139 291 265 390 234 0,
PFG_MOEA,409,5,759.34,4800.0,0 179 391 271 39 30 272 268 46 54 93 398 227 213 232 0,391
PFG_MOEA,409,6,759.34,4800.0,0 225 0,
PFG_MOEA,409,7,759.34,4800.0,0 97 209 361 170 367 0,
PFG_MOEA,409,8,759.34,4800.0,0 399 15 168 203 338 202 306 370 342 144 176 27 98 78 196 369 380 16 41 82 178 117 243 344 349 66 343 290 368 376 258 248 328 75 348 353 45 210 278 153 171 87 6 208 205 166 158 189 220 241 62 297 65 283 204 154 305 326 110 140 180 333 317 286 25 55 217 56 7 124 126 20 64 287 10 383 382 0,62 66 205 220 342
PFG_MOEA,409,9,759.34,4800.0,0 2 119 128 295 40 32 276 239 122 296 332 347 138 336 222 95 101 194 147 324 275 323 363 352 277 102 223 244 211 104 310 100 282 143 79 160 50 60 257 270 379 195 5 309 280 351 237 256 274 49 198 252 236 0,
PFG_MOEA,409,10,759.34,4800.0,0 381 23 90 12 207 307 0,
PFG_MOEA,409,11,759.34,4800.0,0 335 187 359 313 360 214 0,
PFG_MOEA,409,12,759.34,4800.0,0 185 118 281 26 334 298 371 0,
PFG_MOEA,410,1,314.81,5596.11,0 12 90 128 236 252 336 276 138 222 198 49 274 256 237 351 280 309 5 290 343 313 207 0,222
PFG_MOEA,410,2,314.81,5596.11,0 91 292 263 8 373 169 108 14 375 212 24 371 219 341 298 334 26 281 118 185 214 295 40 32 239 122 95 101 352 363 323 194 275 277 102 100 23 381 119 2 307 359 187 148 48 31 304 0,23
PFG_MOEA,410,3,314.81,5596.11,0 260 224 71 33 127 152 191 112 165 200 129 238 330 192 0,33
PFG_MOEA,410,4,314.81,5596.11,0 57 67 302 173 106 3 388 164 107 77 151 218 197 229 308 246 259 264 356 345 377 395 400 42 28 250 255 1 262 63 316 394 188 149 157 387 327 183 354 69 254 73 215 85 43 17 247 136 273 137 59 109 0,
PFG_MOEA,410,5,314.81,5596.11,0 329 300 362 123 51 145 322 121 146 201 261 320 364 393 312 294 174 339 132 206 253 365 360 335 0,362 393
PFG_MOEA,410,6,314.81,5596.11,0 61 358 181 177 288 385 240 396 245 115 392 285 331 133 293 53 163 150 9 125 47 216 89 0,
PFG_MOEA,410,7,314.81,5596.11,0 80 13 19 226 35 161 235 58 34 386 231 289 366 267 228 44 130 52 72 318 70 184 284 74 279 159 162 389 114 355 325 384 337 111 116 76 113 81 29 131 84 105 186 134 22 0,
PFG_MOEA,410,8,314.81,5596.11,0 38 96 242 221 172 182 397 350 311 4 314 193 230 94 156 374 36 11 92 319 357 303 266 141 86 199 68 135 88 249 233 340 299 321 269 120 142 37 301 21 139 291 167 372 346 315 99 175 251 0,182
PFG_MOEA,410,9,314.81,5596.11,0 97 225 232 179 391 271 158 241 62 297 65 283 204 154 305 326 110 140 286 317 333 180 220 126 124 7 56 217 55 25 367 170 361 209 227 234 213 190 390 265 18 103 155 83 378 398 93 54 46 268 272 30 39 0,65 154
PFG_MOEA,410,10,314.81,5596.11,0 399 15 16 380 41 82 178 117 243 344 349 20 189 64 166 205 208 6 87 171 153 278 210 353 258 376 368 66 287 10 383 382 0,243
PFG_MOEA,410,11,314.81,5596.11,0 369 338 203 168 0,
PFG_MOEA,410,12,314.81,5596.11,0 202 306 370 342 144 176 27 98 78 196 296 347 332 324 147 211 244 223 104 310 282 143 79 160 50 60 257 270 379 195 45 348 75 328 248 0,370
PFG_MOEA,411,1,411.21,4974.5,0 12 90 381 23 32 276 239 336 138 222 198 49 274 256 237 351 280 252 236 128 119 2 0,23
PFG_MOEA,411,2,411.21,4974.5,0 22 118 185 214 295 40 122 392 285 331 133 293 53 101 352 363 323 194 275 277 102 100 95 163 61 89 207 307 313 359 365 253 206 187 0,22 100
PFG_MOEA,411,3,411.21,4974.5,0 115 0,
PFG_MOEA,411,4,411.21,4974.5,0 245 396 240 385 288 177 181 358 337 384 111 116 76 113 81 29 325 355 0,
PFG_MOEA,411,5,411.21,4974.5,0 281 26 334 298 341 134 186 131 84 114 389 105 219 371 162 159 74 279 91 24 212 375 284 14 184 318 70 292 263 8 373 169 108 72 52 130 44 386 362 201 312 67 164 107 302 173 106 261 388 197 218 151 77 273 136 137 59 109 127 57 226 19 13 80 0,77 106 284
PFG_MOEA,411,6,411.21,4974.5,0 38 172 182 319 303 357 266 141 86 199 228 267 366 289 231 34 58 68 161 235 35 249 88 135 233 156 94 230 374 92 11 36 397 350 311 4 314 193 340 299 321 269 120 142 37 51 123 145 132 339 322 121 146 294 174 320 364 393 3 229 308 356 264 259 246 42 300 329 112 221 242 96 0,51 174 229 246 299
PFG_MOEA,411,7,411.21,4974.5,0 399 200 165 191 152 247 255 1 262 250 28 345 377 395 400 394 188 301 372 21 167 291 139 149 157 63 316 387 327 17 43 85 215 73 254 183 354 69 265 346 315 99 175 251 190 390 18 103 155 83 378 213 234 227 398 93 224 179 232 225 97 71 33 260 148 238 129 330 192 48 31 304 0,93
PFG_MOEA,411,8,411.21,4974.5,0 382 383 10 391 271 39 46 54 268 272 30 66 166 205 208 6 204 154 305 326 283 65 297 62 241 110 140 286 317 333 180 220 158 189 64 20 126 124 7 56 217 55 25 367 170 361 209 287 0,55 62 66 220
PFG_MOEA,411,9,411.21,4974.5,0 380 0,
PFG_MOEA,411,10,411.21,4974.5,0 16 369 15 0,
PFG_MOEA,411,11,411.21,4974.5,0 168 203 178 82 41 0,178
PFG_MOEA,411,12,411.21,4974.5,0 335 360 338 202 306 370 342 144 176 27 98 78 196 296 347 332 216 47 125 9 150 147 324 211 244 223 104 310 282 143 309 5 195 379 79 160 50 60 270 257 210 45 153 278 87 171 353 348 75 328 248 258 376 368 290 343 349 344 243 117 0,
PFG_MOEA,412,1,312.55,5795.78,0 336 138 239 122 296 347 332 324 275 277 104 211 244 223 102 352 363 323 194 147 101 95 222 0,122 211 222 277
PFG_MOEA,412,2,312.55,5795.78,0 335 360 207 307 313 359 187 100 310 282 143 79 160 50 60 257 270 379 195 5 309 280 351 237 256 274 49 198 252 236 381 23 90 12 214 185 118 281 26 334 298 371 72 52 130 44 386 80 0,5 307
PFG_MOEA,412,3,312.55,5795.78,0 13 19 226 57 127 109 59 137 136 273 77 151 218 197 388 261 106 173 302 107 164 67 312 201 362 123 51 145 294 174 339 132 142 120 269 321 299 0,174
PFG_MOEA,412,4,312.55,5795.78,0 340 233 135 88 249 35 235 161 68 58 34 231 289 366 267 228 141 266 303 357 319 86 199 156 94 0,303
PFG_MOEA,412,5,312.55,5795.78,0 38 172 182 397 36 11 92 374 230 311 350 4 314 193 37 322 121 146 320 364 393 3 229 308 356 264 259 246 42 300 329 112 191 152 221 242 96 0,42 264
PFG_MOEA,412,6,312.55,5795.78,0 200 165 129 0,
PFG_MOEA,412,7,312.55,5795.78,0 304 330 395 400 394 188 301 372 21 167 291 139 149 157 63 316 387 17 43 33 71 224 260 0,
PFG_MOEA,412,8,312.55,5795.78,0 399 247 28 250 345 377 262 1 255 327 254 73 215 85 93 179 232 225 97 148 238 192 48 31 0,93
PFG_MOEA,412,9,312.55,5795.78,0 378 69 183 354 265 346 315 99 175 251 190 390 18 103 155 83 234 213 227 398 209 361 170 367 25 55 217 56 7 180 333 317 286 140 110 62 297 65 283 326 305 154 204 6 208 241 220 158 189 64 20 126 124 0,175
PFG_MOEA,412,10,312.55,5795.78,0 287 382 383 10 268 272 30 66 166 205 271 39 391 53 293 133 331 285 392 115 245 396 240 385 288 177 181 358 337 384 111 116 76 113 81 29 325 355 131 84 114 389 105 341 219 0,
PFG_MOEA,412,11,312.55,5795.78,0 91 24 212 375 14 108 169 373 8 263 292 70 318 184 284 74 279 159 162 22 134 186 89 216 47 125 9 150 163 61 365 253 206 46 54 0,
PFG_MOEA,412,12,312.55,5795.78,0 41 82 178 117 243 344 349 343 290 368 376 258 248 328 75 171 87 153 278 210 45 353 348 2 119 128 295 40 32 276 196 78 98 27 176 144 342 370 306 202 338 203 168 369 380 16 15 0,16 87 203
PFG_MOEA,413,1,389.39,5146.42,0 163 78 53 293 133 331 285 392 98 115 245 27 396 240 385 288 177 181 358 337 384 111 116 76 113 81 29 325 355 131 84 114 389 91 279 74 159 162 371 219 298 341 22 134 186 105 118 185 0,
PFG_MOEA,413,2,389.39,5146.42,0 281 26 334 24 212 375 284 14 184 318 70 292 263 8 373 169 108 72 52 130 44 386 51 145 123 362 201 294 312 67 164 107 302 173 106 261 388 197 218 151 77 273 136 137 59 109 127 57 226 19 13 80 0,
PFG_MOEA,413,3,389.39,5146.42,0 142 339 174 132 120 269 321 299 340 233 135 88 249 35 235 161 68 58 34 231 289 366 267 228 141 266 303 357 319 86 199 156 94 230 374 92 11 36 397 350 311 4 314 193 0,88
PFG_MOEA,413,4,389.39,5146.42,0 182 172 38 0,
PFG_MOEA,413,5,389.39,5146.42,0 37 322 121 146 320 364 393 3 229 308 356 264 259 246 42 300 329 112 152 191 165 200 221 242 96 0,152 264 329
PFG_MOEA,413,6,389.39,5146.42,0 129 33 71 224 260 0,
PFG_MOEA,413,7,389.39,5146.42,0 399 247 255 1 262 250 28 345 377 395 400 394 188 301 372 21 167 291 139 149 157 63 316 387 17 43 73 254 327 183 354 69 215 85 93 179 232 225 97 148 48 238 330 192 31 304 0,395
PFG_MOEA,413,8,389.39,5146.42,0 16 15 168 203 369 380 391 271 39 268 272 30 66 166 205 208 6 204 154 305 326 283 65 297 62 241 110 140 286 317 333 180 220 158 189 64 20 126 124 7 56 217 55 25 367 170 361 209 398 227 234 213 190 251 175 99 315 346 265 390 18 103 155 83 378 54 46 287 10 383 382 41 0,7 16 20 103 272
PFG_MOEA,413,9,389.39,5146.42,0 82 178 117 243 368 376 258 353 153 171 87 278 210 143 237 256 274 49 100 282 310 104 102 277 275 194 323 363 352 101 198 95 222 138 122 276 336 252 236 128 23 381 90 119 2 12 0,
PFG_MOEA,413,10,389.39,5146.42,0 344 349 351 280 309 5 79 160 50 60 257 270 379 195 45 348 75 328 248 290 343 187 0,
PFG_MOEA,413,11,389.39,5146.42,0 214 295 40 32 239 370 342 144 176 150 47 9 125 216 89 61 207 307 313 359 206 253 365 360 335 0,176
PFG_MOEA,413,12,389.39,5146.42,0 338 202 306 196 296 347 332 324 147 211 244 223 0,
PFG_MOEA,414,1,413.96,4915.5,0 187 206 253 365 359 313 307 207 61 12 89 2 119 128 236 252 336 138 163 222 95 198 351 280 237 256 274 49 100 102 277 275 194 323 363 352 101 53 293 133 331 285 392 122 239 276 32 40 295 23 381 90 113 81 29 76 116 111 384 337 358 181 177 288 385 240 396 245 115 22 118 185 214 0,245 381
PFG_MOEA,414,2,413.96,4915.5,0 281 84 131 325 355 114 389 186 134 341 298 26 334 0,
PFG_MOEA,414,3,413.96,4915.5,0 371 219 105 162 159 74 279 91 24 212 375 284 14 184 318 70 292 263 8 373 169 108 72 52 130 44 386 362 201 312 67 164 107 302 173 106 261 388 197 218 151 77 273 136 137 59 0,
PFG_MOEA,414,4,413.96,4915.5,0 57 127 109 226 0,
PFG_MOEA,414,5,413.96,4915.5,0 19 0,
PFG_MOEA,414,6,413.96,4915.5,0 38 303 357 266 141 86 199 228 267 366 289 231 34 58 68 161 235 35 249 88 135 233 319 182 172 13 80 0,88
PFG_MOEA,414,7,413.96,4915.5,0 399 397 36 11 92 156 94 230 374 350 311 4 314 193 340 299 321 269 120 142 37 51 123 145 132 339 322 121 146 294 174 320 364 393 3 229 308 356 264 259 246 42 300 329 112 191 165 200 221 242 96 0,11 340 374 393
PFG_MOEA,414,8,413.96,4915.5,0 152 247 255 1 262 250 28 345 377 395 400 394 188 301 372 21 167 291 139 149 157 63 316 387 327 17 43 85 215 73 254 183 354 69 265 346 315 99 175 251 190 390 18 103 155 83 378 213 234 227 398 93 0,1 152 175 227
PFG_MOEA,414,9,413.96,4915.5,0 304 31 48 192 330 238 129 148 260 391 271 39 268 272 30 66 166 205 208 6 204 154 305 326 283 65 297 62 241 110 140 286 317 333 180 220 158 189 64 20 126 124 7 56 217 55 25 367 170 361 209 71 33 97 225 232 179 224 0,55 391
PFG_MOEA,414,10,413.96,4915.5,0 287 10 383 382 0,
PFG_MOEA,414,11,413.96,4915.5,0 16 15 168 203 369 380 82 178 117 243 349 344 54 46 41 0,
PFG_MOEA,414,12,413.96,4915.5,0 335 360 216 150 9 47 125 309 5 343 290 368 376 258 248 328 75 171 87 278 153 353 348 45 210 195 379 270 257 60 50 160 79 143 282 310 104 223 244 211 324 147 332 347 296 196 78 98 27 176 144 342 370 306 202 338 0,
PFG_MOEA,415,1,759.34,4800.0,0 219 341 105 389 114 84 131 355 325 29 81 113 76 116 111 384 337 358 181 177 288 385 240 396 245 115 392 285 331 133 293 53 163 150 9 125 47 216 89 61 206 253 365 0,245
PFG_MOEA,415,2,759.34,4800.0,0 22 134 186 162 159 279 74 284 184 318 70 292 263 8 373 169 108 14 375 212 24 91 0,318
PFG_MOEA,415,3,759.34,4800.0,0 304 31 48 148 260 224 71 33 129 238 330 192 200 165 112 191 152 127 57 109 59 137 273 136 247 17 43 85 215 73 254 69 354 183 327 387 157 149 188 394 316 63 262 1 255 250 28 42 400 395 377 345 356 264 259 246 308 229 197 218 151 77 107 164 67 302 388 3 106 173 261 320 364 393 312 201 362 329 300 123 51 145 322 121 146 294 174 339 132 120 142 37 269 321 299 340 233 135 88 249 35 161 235 68 58 34 386 231 289 366 267 228 44 130 52 72 303 357 319 266 141 86 92 199 156 94 230 311 374 11 36 397 350 4 314 193 182 172 13 19 226 221 242 96 80 38 0,33 106 174 200 303 311 394
PFG_MOEA,415,4,759.34,4800.0,0 378 83 155 103 18 190 251 175 99 315 346 372 301 167 21 139 291 265 390 234 0,
PFG_MOEA,415,5,759.34,4800.0,0 179 391 271 39 30 272 268 46 54 93 398 227 213 232 0,391
PFG_MOEA,415,6,759.34,4800.0,0 225 0,
PFG_MOEA,415,7,759.34,4800.0,0 97 209 361 170 367 0,
PFG_MOEA,415,8,759.34,4800.0,0 399 15 168 203 338 202 306 370 342 144 176 27 98 78 196 369 380 16 41 82 178 117 243 344 349 66 343 290 368 376 258 248 328 75 348 353 45 210 278 153 171 87 6 208 205 166 158 189 220 241 62 297 65 283 204 154 305 326 110 140 180 333 317 286 25 55 217 56 7 124 126 20 64 287 10 383 382 0,62 66 205 220 342
PFG_MOEA,415,9,759.34,4800.0,0 2 119 128 295 40 32 276 239 122 296 332 347 138 336 222 95 101 194 147 324 275 323 363 352 277 102 223 244 211 104 310 100 282 143 79 160 50 60 257 270 379 195 5 309 280 351 237 256 274 49 198 252 236 0,
PFG_MOEA,415,10,759.34,4800.0,0 381 23 90 12 207 307 0,
PFG_MOEA,415,11,759.34,4800.0,0 335 187 359 313 360 214 0,
PFG_MOEA,415,12,759.34,4800.0,0 185 118 281 26 334 298 371 0,
PFG_MOEA,416,1,314.81,5596.11,0 12 90 128 236 252 336 276 138 222 198 49 274 256 237 351 280 309 5 290 343 313 207 0,222
PFG_MOEA,416,2,314.81,5596.11,0 91 292 263 8 373 169 108 14 375 212 24 371 219 341 298 334 26 281 118 185 214 295 40 32 239 122 95 101 352 363 323 194 275 277 102 100 23 381 119 2 307 359 187 148 48 31 304 0,23
PFG_MOEA,416,3,314.81,5596.11,0 260 224 71 33 127 152 191 112 165 200 129 238 330 192 0,33
PFG_MOEA,416,4,314.81,5596.11,0 57 67 302 173 106 3 388 164 107 77 151 218 197 229 308 246 259 264 356 345 377 395 400 42 28 250 255 1 262 63 316 394 188 149 157 387 327 183 354 69 254 73 215 85 43 17 247 136 273 137 59 109 0,
PFG_MOEA,416,5,314.81,5596.11,0 329 300 362 123 51 145 322 121 146 201 261 320 364 393 312 294 174 339 132 206 253 365 360 335 0,362 393
PFG_MOEA,416,6,314.81,5596.11,0 61 358 181 177 288 385 240 396 245 115 392 285 331 133 293 53 163 150 9 125 47 216 89 0,
PFG_MOEA,416,7,314.81,5596.11,0 80 13 19 226 35 161 235 58 34 386 231 289 366 267 228 44 130 52 72 318 70 184 284 74 279 159 162 389 114 355 325 384 337 111 116 76 113 81 29 131 84 105 186 134 22 0,
PFG_MOEA,416,8,314.81,5596.11,0 38 96 242 221 172 182 397 350 311 4 314 193 230 94 156 374 36 11 92 319 357 303 266 141 86 199 68 135 88 249 233 340 299 321 269 120 142 37 301 21 139 291 167 372 346 315 99 175 251 0,182
PFG_MOEA,416,9,314.81,5596.11,0 97 225 232 179 391 271 158 241 62 297 65 283 204 154 305 326 110 140 286 317 333 180 220 126 124 7 56 217 55 25 367 170 361 209 227 234 213 190 390 265 18 103 155 83 378 398 93 54 46 268 272 30 39 0,65 154
PFG_MOEA,416,10,314.81,5596.11,0 399 15 16 380 41 82 178 117 243 344 349 20 189 64 166 205 208 6 87 171 153 278 210 353 258 376 368 66 287 10 383 382 0,243
PFG_MOEA,416,11,314.81,5596.11,0 369 338 203 168 0,
PFG_MOEA,416,12,314.81,5596.11,0 202 306 370 342 144 176 27 98 78 196 296 347 332 324 147 211 244 223 104 310 282 143 79 160 50 60 257 270 379 195 45 348 75 328 248 0,370
PFG_MOEA,417,1,411.21,4974.5,0 12 90 381 23 32 276 239 336 138 222 198 49 274 256 237 351 280 252 236 128 119 2 0,23
PFG_MOEA,417,2,411.21,4974.5,0 22 118 185 214 295 40 122 392 285 331 133 293 53 101 352 363 323 194 275 277 102 100 95 163 61 89 207 307 313 359 365 253 206 187 0,22 100
PFG_MOEA,417,3,411.21,4974.5,0 115 0,
PFG_MOEA,417,4,411.21,4974.5,0 245 396 240 385 288 177 181 358 337 384 111 116 76 113 81 29 325 355 0,
PFG_MOEA,417,5,411.21,4974.5,0 281 26 334 298 341 134 186 131 84 114 389 105 219 371 162 159 74 279 91 24 212 375 284 14 184 318 70 292 263 8 373 169 108 72 52 130 44 386 362 201 312 67 164 107 302 173 106 261 388 197 218 151 77 273 136 137 59 109 127 57 226 19 13 80 0,77 106 284
PFG_MOEA,417,6,411.21,4974.5,0 38 172 182 319 303 357 266 141 86 199 228 267 366 289 231 34 58 68 161 235 35 249 88 135 233 156 94 230 374 92 11 36 397 350 311 4 314 193 340 299 321 269 120 142 37 51 123 145 132 339 322 121 146 294 174 320 364 393 3 229 308 356 264 259 246 42 300 329 112 221 242 96 0,51 174 229 246 299
PFG_MOEA,417,7,411.21,4974.5,0 399 200 165 191 152 247 255 1 262 250 28 345 377 395 400 394 188 301 372 21 167 291 139 149 157 63 316 387 327 17 43 85 215 73 254 183 354 69 265 346 315 99 175 251 190 390 18 103 155 83 378 213 234 227 398 93 224 179 232 225 97 71 33 260 148 238 129 330 192 48 31 304 0,93
PFG_MOEA,417,8,411.21,4974.5,0 382 383 10 391 271 39 46 54 268 272 30 66 166 205 208 6 204 154 305 326 283 65 297 62 241 110 140 286 317 333 180 220 158 189 64 20 126 124 7 56 217 55 25 367 170 361 209 287 0,55 62 66 220
PFG_MOEA,417,9,411.21,4974.5,0 380 0,
PFG_MOEA,417,10,411.21,4974.5,0 16 369 15 0,
PFG_MOEA,417,11,411.21,4974.5,0 168 203 178 82 41 0,178
PFG_MOEA,417,12,411.21,4974.5,0 335 360 338 202 306 370 342 144 176 27 98 78 196 296 347 332 216 47 125 9 150 147 324 211 244 223 104 310 282 143 309 5 195 379 79 160 50 60 270 257 210 45 153 278 87 171 353 348 75 328 248 258 376 368 290 343 349 344 243 117 0,
PFG_MOEA,418,1,312.55,5795.78,0 336 138 239 122 296 347 332 324 275 277 104 211 244 223 102 352 363 323 194 147 101 95 222 0,122 211 222 277
PFG_MOEA,418,2,312.55,5795.78,0 335 360 207 307 313 359 187 100 310 282 143 79 160 50 60 257 270 379 195 5 309 280 351 237 256 274 49 198 252 236 381 23 90 12 214 185 118 281 26 334 298 371 72 52 130 44 386 80 0,5 307
PFG_MOEA,418,3,312.55,5795.78,0 13 19 226 57 127 109 59 137 136 273 77 151 218 197 388 261 106 173 302 107 164 67 312 201 362 123 51 145 294 174 339 132 142 120 269 321 299 0,174
PFG_MOEA,418,4,312.55,5795.78,0 340 233 135 88 249 35 235 161 68 58 34 231 289 366 267 228 141 266 303 357 319 86 199 156 94 0,303
PFG_MOEA,418,5,312.55,5795.78,0 38 172 182 397 36 11 92 374 230 311 350 4 314 193 37 322 121 146 320 364 393 3 229 308 356 264 259 246 42 300 329 112 191 152 221 242 96 0,42 264
PFG_MOEA,418,6,312.55,5795.78,0 200 165 129 0,
PFG_MOEA,418,7,312.55,5795.78,0 304 330 395 400 394 188 301 372 21 167 291 139 149 157 63 316 387 17 43 33 71 224 260 0,
PFG_MOEA,418,8,312.55,5795.78,0 399 247 28 250 345 377 262 1 255 327 254 73 215 85 93 179 232 225 97 148 238 192 48 31 0,93
PFG_MOEA,418,9,312.55,5795.78,0 378 69 183 354 265 346 315 99 175 251 190 390 18 103 155 83 234 213 227 398 209 361 170 367 25 55 217 56 7 180 333 317 286 140 110 62 297 65 283 326 305 154 204 6 208 241 220 158 189 64 20 126 124 0,175
PFG_MOEA,418,10,312.55,5795.78,0 287 382 383 10 268 272 30 66 166 205 271 39 391 53 293 133 331 285 392 115 245 396 240 385 288 177 181 358 337 384 111 116 76 113 81 29 325 355 131 84 114 389 105 341 219 0,
PFG_MOEA,418,11,312.55,5795.78,0 91 24 212 375 14 108 169 373 8 263 292 70 318 184 284 74 279 159 162 22 134 186 89 216 47 125 9 150 163 61 365 253 206 46 54 0,
PFG_MOEA,418,12,312.55,5795.78,0 41 82 178 117 243 344 349 343 290 368 376 258 248 328 75 171 87 153 278 210 45 353 348 2 119 128 295 40 32 276 196 78 98 27 176 144 342 370 306 202 338 203 168 369 380 16 15 0,16 87 203
PFG_MOEA,419,1,389.39,5146.42,0 163 78 53 293 133 331 285 392 98 115 245 27 396 240 385 288 177 181 358 337 384 111 116 76 113 81 29 325 355 131 84 114 389 91 279 74 159 162 371 219 298 341 22 134 186 105 118 185 0,
PFG_MOEA,419,2,389.39,5146.42,0 281 26 334 24 212 375 284 14 184 318 70 292 263 8 373 169 108 72 52 130 44 386 51 145 123 362 201 294 312 67 164 107 302 173 106 261 388 197 218 151 77 273 136 137 59 109 127 57 226 19 13 80 0,
PFG_MOEA,419,3,389.39,5146.42,0 142 339 174 132 120 269 321 299 340 233 135 88 249 35 235 161 68 58 34 231 289 366 267 228 141 266 303 357 319 86 199 156 94 230 374 92 11 36 397 350 311 4 314 193 0,88
PFG_MOEA,419,4,389.39,5146.42,0 182 172 38 0,
PFG_MOEA,419,5,389.39,5146.42,0 37 322 121 146 320 364 393 3 229 308 356 264 259 246 42 300 329 112 152 191 165 200 221 242 96 0,152 264 329
PFG_MOEA,419,6,389.39,5146.42,0 129 33 71 224 260 0,
PFG_MOEA,419,7,389.39,5146.42,0 399 247 255 1 262 250 28 345 377 395 400 394 188 301 372 21 167 291 139 149 157 63 316 387 17 43 73 254 327 183 354 69 215 85 93 179 232 225 97 148 48 238 330 192 31 304 0,395
PFG_MOEA,419,8,389.39,5146.42,0 16 15 168 203 369 380 391 271 39 268 272 30 66 166 205 208 6 204 154 305 326 283 65 297 62 241 110 140 286 317 333 180 220 158 189 64 20 126 124 7 56 217 55 25 367 170 361 209 398 227 234 213 190 251 175 99 315 346 265 390 18 103 155 83 378 54 46 287 10 383 382 41 0,7 16 20 103 272
PFG_MOEA,419,9,389.39,5146.42,0 82 178 117 243 368 376 258 353 153 171 87 278 210 143 237 256 274 49 100 282 310 104 102 277 275 194 323 363 352 101 198 95 222 138 122 276 336 252 236 128 23 381 90 119 2 12 0,
PFG_MOEA,419,10,389.39,5146.42,0 344 349 351 280 309 5 79 160 50 60 257 270 379 195 45 348 75 328 248 290 343 187 0,
PFG_MOEA,419,11,389.39,5146.42,0 214 295 40 32 239 370 342 144 176 150 47 9 125 216 89 61 207 307 313 359 206 253 365 360 335 0,176
PFG_MOEA,419,12,389.39,5146.42,0 338 202 306 196 296 347 332 324 147 211 244 223 0,
PFG_MOEA,420,1,413.96,4915.5,0 187 206 253 365 359 313 307 207 61 12 89 2 119 128 236 252 336 138 163 222 95 198 351 280 237 256 274 49 100 102 277 275 194 323 363 352 101 53 293 133 331 285 392 122 239 276 32 40 295 23 381 90 113 81 29 76 116 111 384 337 358 181 177 288 385 240 396 245 115 22 118 185 214 0,245 381
PFG_MOEA,420,2,413.96,4915.5,0 281 84 131 325 355 114 389 186 134 341 298 26 334 0,
PFG_MOEA,420,3,413.96,4915.5,0 371 219 105 162 159 74 279 91 24 212 375 284 14 184 318 70 292 263 8 373 169 108 72 52 130 44 386 362 201 312 67 164 107 302 173 106 261 388 197 218 151 77 273 136 137 59 0,
PFG_MOEA,420,4,413.96,4915.5,0 57 127 109 226 0,
PFG_MOEA,420,5,413.96,4915.5,0 19 0,
PFG_MOEA,420,6,413.96,4915.5,0 38 303 357 266 141 86 199 228 267 366 289 231 34 58 68 161 235 35 249 88 135 233 319 182 172 13 80 0,88
PFG_MOEA,420,7,413.96,4915.5,0 399 397 36 11 92 156 94 230 374 350 311 4 314 193 340 299 321 269 120 142 37 51 123 145 132 339 322 121 146 294 174 320 364 393 3 229 308 356 264 259 246 42 300 329 112 191 165 200 221 242 96 0,11 340 374 393
PFG_MOEA,420,8,413.96,4915.5,0 152 247 255 1 262 250 28 345 377 395 400 394 188 301 372 21 167 291 139 149 157 63 316 387 327 17 43 85 215 73 254 183 354 69 265 346 315 99 175 251 190 390 18 103 155 83 378 213 234 227 398 93 0,1 152 175 227
PFG_MOEA,420,9,413.96,4915.5,0 304 31 48 192 330 238 129 148 260 391 271 39 268 272 30 66 166 205 208 6 204 154 305 326 283 65 297 62 241 110 140 286 317 333 180 220 158 189 64 20 126 124 7 56 217 55 25 367 170 361 209 71 33 97 225 232 179 224 0,55 391
PFG_MOEA,420,10,413.96,4915.5,0 287 10 383 382 0,
PFG_MOEA,420,11,413.96,4915.5,0 16 15 168 203 369 380 82 178 117 243 349 344 54 46 41 0,
PFG_MOEA,420,12,413.96,4915.5,0 335 360 216 150 9 47 125 309 5 343 290 368 376 258 248 328 75 171 87 278 153 353 348 45 210 195 379 270 257 60 50 160 79 143 282 310 104 223 244 211 324 147 332 347 296 196 78 98 27 176 144 342 370 306 202 338 0,
PFG_MOEA,421,1,759.34,4800.0,0 219 341 105 389 114 84 131 355 325 29 81 113 76 116 111 384 337 358 181 177 288 385 240 396 245 115 392 285 331 133 293 53 163 150 9 125 47 216 89 61 206 253 365 0,245
PFG_MOEA,421,2,759.34,4800.0,0 22 134 186 162 159 279 74 284 184 318 70 292 263 8 373 169 108 14 375 212 24 91 0,318
PFG_MOEA,421,3,759.34,4800.0,0 304 31 48 148 260 224 71 33 129 238 330 192 200 165 112 191 152 127 57 109 59 137 273 136 247 17 43 85 215 73 254 69 354 183 327 387 157 149 188 394 316 63 262 1 255 250 28 42 400 395 377 345 356 264 259 246 308 229 197 218 151 77 107 164 67 302 388 3 106 173 261 320 364 393 312 201 362 329 300 123 51 145 322 121 146 294 174 339 132 120 142 37 269 321 299 340 233 135 88 249 35 161 235 68 58 34 386 231 289 366 267 228 44 130 52 72 303 357 319 266 141 86 92 199 156 94 230 311 374 11 36 397 350 4 314 193 182 172 13 19 226 221 242 96 80 38 0,33 106 174 200 303 311 394
PFG_MOEA,421,4,759.34,4800.0,0 378 83 155 103 18 190 251 175 99 315 346 372 301 167 21 139 291 265 390 234 0,
PFG_MOEA,421,5,759.34,4800.0,0 179 391 271 39 30 272 268 46 54 93 398 227 213 232 0,391
PFG_MOEA,421,6,759.34,4800.0,0 225 0,
PFG_MOEA,421,7,759.34,4800.0,0 97 209 361 170 367 0,
PFG_MOEA,421,8,759.34,4800.0,0 399 15 168 203 338 202 306 370 342 144 176 27 98 78 196 369 380 16 41 82 178 117 243 344 349 66 343 290 368 376 258 248 328 75 348 353 45 210 278 153 171 87 6 208 205 166 158 189 220 241 62 297 65 283 204 154 305 326 110 140 180 333 317 286 25 55 217 56 7 124 126 20 64 287 10 383 382 0,62 66 205 220 342
PFG_MOEA,421,9,759.34,4800.0,0 2 119 128 295 40 32 276 239 122 296 332 347 138 336 222 95 101 194 147 324 275 323 363 352 277 102 223 244 211 104 310 100 282 143 79 160 50 60 257 270 379 195 5 309 280 351 237 256 274 49 198 252 236 0,
PFG_MOEA,421,10,759.34,4800.0,0 381 23 90 12 207 307 0,
PFG_MOEA,421,11,759.34,4800.0,0 335 187 359 313 360 214 0,
PFG_MOEA,421,12,759.34,4800.0,0 185 118 281 26 334 298 371 0,
PFG_MOEA,422,1,314.81,5596.11,0 12 90 128 236 252 336 276 138 222 198 49 274 256 237 351 280 309 5 290 343 313 207 0,222
PFG_MOEA,422,2,314.81,5596.11,0 91 292 263 8 373 169 108 14 375 212 24 371 219 341 298 334 26 281 118 185 214 295 40 32 239 122 95 101 352 363 323 194 275 277 102 100 23 381 119 2 307 359 187 148 48 31 304 0,23
PFG_MOEA,422,3,314.81,5596.11,0 260 224 71 33 127 152 191 112 165 200 129 238 330 192 0,33
PFG_MOEA,422,4,314.81,5596.11,0 57 67 302 173 106 3 388 164 107 77 151 218 197 229 308 246 259 264 356 345 377 395 400 42 28 250 255 1 262 63 316 394 188 149 157 387 327 183 354 69 254 73 215 85 43 17 247 136 273 137 59 109 0,
PFG_MOEA,422,5,314.81,5596.11,0 329 300 362 123 51 145 322 121 146 201 261 320 364 393 312 294 174 339 132 206 253 365 360 335 0,362 393
PFG_MOEA,422,6,314.81,5596.11,0 61 358 181 177 288 385 240 396 245 115 392 285 331 133 293 53 163 150 9 125 47 216 89 0,
PFG_MOEA,422,7,314.81,5596.11,0 80 13 19 226 35 161 235 58 34 386 231 289 366 267 228 44 130 52 72 318 70 184 284 74 279 159 162 389 114 355 325 384 337 111 116 76 113 81 29 131 84 105 186 134 22 0,
PFG_MOEA,422,8,314.81,5596.11,0 38 96 242 221 172 182 397 350 311 4 314 193 230 94 156 374 36 11 92 319 357 303 266 141 86 199 68 135 88 249 233 340 299 321 269 120 142 37 301 21 139 291 167 372 346 315 99 175 251 0,182
PFG_MOEA,422,9,314.81,5596.11,0 97 225 232 179 391 271 158 241 62 297 65 283 204 154 305 326 110 140 286 317 333 180 220 126 124 7 56 217 55 25 367 170 361 209 227 234 213 190 390 265 18 103 155 83 378 398 93 54 46 268 272 30 39 0,65 154
PFG_MOEA,422,10,314.81,5596.11,0 399 15 16 380 41 82 178 117 243 344 349 20 189 64 166 205 208 6 87 171 153 278 210 353 258 376 368 66 287 10 383 382 0,243
PFG_MOEA,422,11,314.81,5596.11,0 369 338 203 168 0,
PFG_MOEA,422,12,314.81,5596.11,0 202 306 370 342 144 176 27 98 78 196 296 347 332 324 147 211 244 223 104 310 282 143 79 160 50 60 257 270 379 195 45 348 75 328 248 0,370
PFG_MOEA,423,1,411.21,4974.5,0 12 90 381 23 32 276 239 336 138 222 198 49 274 256 237 351 280 252 236 128 119 2 0,23
PFG_MOEA,423,2,411.21,4974.5,0 22 118 185 214 295 40 122 392 285 331 133 293 53 101 352 363 323 194 275 277 102 100 95 163 61 89 207 307 313 359 365 253 206 187 0,22 100
PFG_MOEA,423,3,411.21,4974.5,0 115 0,
PFG_MOEA,423,4,411.21,4974.5,0 245 396 240 385 288 177 181 358 337 384 111 116 76 113 81 29 325 355 0,
PFG_MOEA,423,5,411.21,4974.5,0 281 26 334 298 341 134 186 131 84 114 389 105 219 371 162 159 74 279 91 24 212 375 284 14 184 318 70 292 263 8 373 169 108 72 52 130 44 386 362 201 312 67 164 107 302 173 106 261 388 197 218 151 77 273 136 137 59 109 127 57 226 19 13 80 0,77 106 284
PFG_MOEA,423,6,411.21,4974.5,0 38 172 182 319 303 357 266 141 86 199 228 267 366 289 231 34 58 68 161 235 35 249 88 135 233 156 94 230 374 92 11 36 397 350 311 4 314 193 340 299 321 269 120 142 37 51 123 145 132 339 322 121 146 294 174 320 364 393 3 229 308 356 264 259 246 42 300 329 112 221 242 96 0,51 174 229 246 299
PFG_MOEA,423,7,411.21,4974.5,0 399 200 165 191 152 247 255 1 262 250 28 345 377 395 400 394 188 301 372 21 167 291 139 149 157 63 316 387 327 17 43 85 215 73 254 183 354 69 265 346 315 99 175 251 190 390 18 103 155 83 378 213 234 227 398 93 224 179 232 225 97 71 33 260 148 238 129 330 192 48 31 304 0,93
PFG_MOEA,423,8,411.21,4974.5,0 382 383 10 391 271 39 46 54 268 272 30 66 166 205 208 6 204 154 305 326 283 65 297 62 241 110 140 286 317 333 180 220 158 189 64 20 126 124 7 56 217 55 25 367 170 361 209 287 0,55 62 66 220
PFG_MOEA,423,9,411.21,4974.5,0 380 0,
PFG_MOEA,423,10,411.21,4974.5,0 16 369 15 0,
PFG_MOEA,423,11,411.21,4974.5,0 168 203 178 82 41 0,178
PFG_MOEA,423,12,411.21,4974.5,0 335 360 338 202 306 370 342 144 176 27 98 78 196 296 347 332 216 47 125 9 150 147 324 211 244 223 104 310 282 143 309 5 195 379 79 160 50 60 270 257 210 45 153 278 87 171 353 348 75 328 248 258 376 368 290 343 349 344 243 117 0,
PFG_MOEA,424,1,312.55,5795.78,0 336 138 239 122 296 347 332 324 275 277 104 211 244 223 102 352 363 323 194 147 101 95 222 0,122 211 222 277
PFG_MOEA,424,2,312.55,5795.78,0 335 360 207 307 313 359 187 100 310 282 143 79 160 50 60 257 270 379 195 5 309 280 351 237 256 274 49 198 252 236 381 23 90 12 214 185 118 281 26 334 298 371 72 52 130 44 386 80 0,5 307
PFG_MOEA,424,3,312.55,5795.78,0 13 19 226 57 127 109 59 137 136 273 77 151 218 197 388 261 106 173 302 107 164 67 312 201 362 123 51 145 294 174 339 132 142 120 269 321 299 0,174
PFG_MOEA,424,4,312.55,5795.78,0 340 233 135 88 249 35 235 161 68 58 34 231 289 366 267 228 141 266 303 357 319 86 199 156 94 0,303
PFG_MOEA,424,5,312.55,5795.78,0 38 172 182 397 36 11 92 374 230 311 350 4 314 193 37 322 121 146 320 364 393 3 229 308 356 264 259 246 42 300 329 112 191 152 221 242 96 0,42 264
PFG_MOEA,424,6,312.55,5795.78,0 200 165 129 0,
PFG_MOEA,424,7,312.55,5795.78,0 304 330 395 400 394 188 301 372 21 167 291 139 149 157 63 316 387 17 43 33 71 224 260 0,
PFG_MOEA,424,8,312.55,5795.78,0 399 247 28 250 345 377 262 1 255 327 254 73 215 85 93 179 232 225 97 148 238 192 48 31 0,93
PFG_MOEA,424,9,312.55,5795.78,0 378 69 183 354 265 346 315 99 175 251 190 390 18 103 155 83 234 213 227 398 209 361 170 367 25 55 217 56 7 180 333 317 286 140 110 62 297 65 283 326 305 154 204 6 208 241 220 158 189 64 20 126 124 0,175
PFG_MOEA,424,10,312.55,5795.78,0 287 382 383 10 268 272 30 66 166 205 271 39 391 53 293 133 331 285 392 115 245 396 240 385 288 177 181 358 337 384 111 116 76 113 81 29 325 355 131 84 114 389 105 341 219 0,
PFG_MOEA,424,11,312.55,5795.78,0 91 24 212 375 14 108 169 373 8 263 292 70 318 184 284 74 279 159 162 22 134 186 89 216 47 125 9 150 163 61 365 253 206 46 54 0,
PFG_MOEA,424,12,312.55,5795.78,0 41 82 178 117 243 344 349 343 290 368 376 258 248 328 75 171 87 153 278 210 45 353 348 2 119 128 295 40 32 276 196 78 98 27 176 144 342 370 306 202 338 203 168 369 380 16 15 0,16 87 203
PFG_MOEA,425,1,389.39,5146.42,0 163 78 53 293 133 331 285 392 98 115 245 27 396 240 385 288 177 181 358 337 384 111 116 76 113 81 29 325 355 131 84 114 389 91 279 74 159 162 371 219 298 341 22 134 186 105 118 185 0,
PFG_MOEA,425,2,389.39,5146.42,0 281 26 334 24 212 375 284 14 184 318 70 292 263 8 373 169 108 72 52 130 44 386 51 145 123 362 201 294 312 67 164 107 302 173 106 261 388 197 218 151 77 273 136 137 59 109 127 57 226 19 13 80 0,
PFG_MOEA,425,3,389.39,5146.42,0 142 339 174 132 120 269 321 299 340 233 135 88 249 35 235 161 68 58 34 231 289 366 267 228 141 266 303 357 319 86 199 156 94 230 374 92 11 36 397 350 311 4 314 193 0,88
PFG_MOEA,425,4,389.39,5146.42,0 182 172 38 0,
PFG_MOEA,425,5,389.39,5146.42,0 37 322 121 146 320 364 393 3 229 308 356 264 259 246 42 300 329 112 152 191 165 200 221 242 96 0,152 264 329
PFG_MOEA,425,6,389.39,5146.42,0 129 33 71 224 260 0,
PFG_MOEA,425,7,389.39,5146.42,0 399 247 255 1 262 250 28 345 377 395 400 394 188 301 372 21 167 291 139 149 157 63 316 387 17 43 73 254 327 183 354 69 215 85 93 179 232 225 97 148 48 238 330 192 31 304 0,395
PFG_MOEA,425,8,389.39,5146.42,0 16 15 168 203 369 380 391 271 39 268 272 30 66 166 205 208 6 204 154 305 326 283 65 297 62 241 110 140 286 317 333 180 220 158 189 64 20 126 124 7 56 217 55 25 367 170 361 209 398 227 234 213 190 251 175 99 315 346 265 390 18 103 155 83 378 54 46 287 10 383 382 41 0,7 16 20 103 272
PFG_MOEA,425,9,389.39,5146.42,0 82 178 117 243 368 376 258 353 153 171 87 278 210 143 237 256 274 49 100 282 310 104 102 277 275 194 323 363 352 101 198 95 222 138 122 276 336 252 236 128 23 381 90 119 2 12 0,
PFG_MOEA,425,10,389.39,5146.42,0 344 349 351 280 309 5 79 160 50 60 257 270 379 195 45 348 75 328 248 290 343 187 0,
PFG_MOEA,425,11,389.39,5146.42,0 214 295 40 32 239 370 342 144 176 150 47 9 125 216 89 61 207 307 313 359 206 253 365 360 335 0,176
PFG_MOEA,425,12,389.39,5146.42,0 338 202 306 196 296 347 332 324 147 211 244 223 0,
PFG_MOEA,426,1,413.96,4915.5,0 187 206 253 365 359 313 307 207 61 12 89 2 119 128 236 252 336 138 163 222 95 198 351 280 237 256 274 49 100 102 277 275 194 323 363 352 101 53 293 133 331 285 392 122 239 276 32 40 295 23 381 90 113 81 29 76 116 111 384 337 358 181 177 288 385 240 396 245 115 22 118 185 214 0,245 381
PFG_MOEA,426,2,413.96,4915.5,0 281 84 131 325 355 114 389 186 134 341 298 26 334 0,
PFG_MOEA,426,3,413.96,4915.5,0 371 219 105 162 159 74 279 91 24 212 375 284 14 184 318 70 292 263 8 373 169 108 72 52 130 44 386 362 201 312 67 164 107 302 173 106 261 388 197 218 151 77 273 136 137 59 0,
PFG_MOEA,426,4,413.96,4915.5,0 57 127 109 226 0,
PFG_MOEA,426,5,413.96,4915.5,0 19 0,
PFG_MOEA,426,6,413.96,4915.5,0 38 303 357 266 141 86 199 228 267 366 289 231 34 58 68 161 235 35 249 88 135 233 319 182 172 13 80 0,88
PFG_MOEA,426,7,413.96,4915.5,0 399 397 36 11 92 156 94 230 374 350 311 4 314 193 340 299 321 269 120 142 37 51 123 145 132 339 322 121 146 294 174 320 364 393 3 229 308 356 264 259 246 42 300 329 112 191 165 200 221 242 96 0,11 340 374 393
PFG_MOEA,426,8,413.96,4915.5,0 152 247 255 1 262 250 28 345 377 395 400 394 188 301 372 21 167 291 139 149 157 63 316 387 327 17 43 85 215 73 254 183 354 69 265 346 315 99 175 251 190 390 18 103 155 83 378 213 234 227 398 93 0,1 152 175 227
PFG_MOEA,426,9,413.96,4915.5,0 304 31 48 192 330 238 129 148 260 391 271 39 268 272 30 66 166 205 208 6 204 154 305 326 283 65 297 62 241 110 140 286 317 333 180 220 158 189 64 20 126 124 7 56 217 55 25 367 170 361 209 71 33 97 225 232 179 224 0,55 391
PFG_MOEA,426,10,413.96,4915.5,0 287 10 383 382 0,
PFG_MOEA,426,11,413.96,4915.5,0 16 15 168 203 369 380 82 178 117 243 349 344 54 46 41 0,
PFG_MOEA,426,12,413.96,4915.5,0 335 360 216 150 9 47 125 309 5 343 290 368 376 258 248 328 75 171 87 278 153 353 348 45 210 195 379 270 257 60 50 160 79 143 282 310 104 223 244 211 324 147 332 347 296 196 78 98 27 176 144 342 370 306 202 338 0,
PFG_MOEA,427,1,759.34,4800.0,0 219 341 105 389 114 84 131 355 325 29 81 113 76 116 111 384 337 358 181 177 288 385 240 396 245 115 392 285 331 133 293 53 163 150 9 125 47 216 89 61 206 253 365 0,245
PFG_MOEA,427,2,759.34,4800.0,0 22 134 186 162 159 279 74 284 184 318 70 292 263 8 373 169 108 14 375 212 24 91 0,318
PFG_MOEA,427,3,759.34,4800.0,0 304 31 48 148 260 224 71 33 129 238 330 192 200 165 112 191 152 127 57 109 59 137 273 136 247 17 43 85 215 73 254 69 354 183 327 387 157 149 188 394 316 63 262 1 255 250 28 42 400 395 377 345 356 264 259 246 308 229 197 218 151 77 107 164 67 302 388 3 106 173 261 320 364 393 312 201 362 329 300 123 51 145 322 121 146 294 174 339 132 120 142 37 269 321 299 340 233 135 88 249 35 161 235 68 58 34 386 231 289 366 267 228 44 130 52 72 303 357 319 266 141 86 92 199 156 94 230 311 374 11 36 397 350 4 314 193 182 172 13 19 226 221 242 96 80 38 0,33 106 174 200 303 311 394
PFG_MOEA,427,4,759.34,4800.0,0 378 83 155 103 18 190 251 175 99 315 346 372 301 167 21 139 291 265 390 234 0,
PFG_MOEA,427,5,759.34,4800.0,0 179 391 271 39 30 272 268 46 54 93 398 227 213 232 0,391
PFG_MOEA,427,6,759.34,4800.0,0 225 0,
PFG_MOEA,427,7,759.34,4800.0,0 97 209 361 170 367 0,
PFG_MOEA,427,8,759.34,4800.0,0 399 15 168 203 338 202 306 370 342 144 176 27 98 78 196 369 380 16 41 82 178 117 243 344 349 66 343 290 368 376 258 248 328 75 348 353 45 210 278 153 171 87 6 208 205 166 158 189 220 241 62 297 65 283 204 154 305 326 110 140 180 333 317 286 25 55 217 56 7 124 126 20 64 287 10 383 382 0,62 66 205 220 342
PFG_MOEA,427,9,759.34,4800.0,0 2 119 128 295 40 32 276 239 122 296 332 347 138 336 222 95 101 194 147 324 275 323 363 352 277 102 223 244 211 104 310 100 282 143 79 160 50 60 257 270 379 195 5 309 280 351 237 256 274 49 198 252 236 0,
PFG_MOEA,427,10,759.34,4800.0,0 381 23 90 12 207 307 0,
PFG_MOEA,427,11,759.34,4800.0,0 335 187 359 313 360 214 0,
PFG_MOEA,427,12,759.34,4800.0,0 185 118 281 26 334 298 371 0,
PFG_MOEA,428,1,314.81,5596.11,0 12 90 128 236 252 336 276 138 222 198 49 274 256 237 351 280 309 5 290 343 313 207 0,222
PFG_MOEA,428,2,314.81,5596.11,0 91 292 263 8 373 169 108 14 375 212 24 371 219 341 298 334 26 281 118 185 214 295 40 32 239 122 95 101 352 363 323 194 275 277 102 100 23 381 119 2 307 359 187 148 48 31 304 0,23
PFG_MOEA,428,3,314.81,5596.11,0 260 224 71 33 127 152 191 112 165 200 129 238 330 192 0,33
PFG_MOEA,428,4,314.81,5596.11,0 57 67 302 173 106 3 388 164 107 77 151 218 197 229 308 246 259 264 356 345 377 395 400 42 28 250 255 1 262 63 316 394 188 149 157 387 327 183 354 69 254 73 215 85 43 17 247 136 273 137 59 109 0,
PFG_MOEA,428,5,314.81,5596.11,0 329 300 362 123 51 145 322 121 146 201 261 320 364 393 312 294 174 339 132 206 253 365 360 335 0,362 393
PFG_MOEA,428,6,314.81,5596.11,0 61 358 181 177 288 385 240 396 245 115 392 285 331 133 293 53 163 150 9 125 47 216 89 0,
PFG_MOEA,428,7,314.81,5596.11,0 80 13 19 226 35 161 235 58 34 386 231 289 366 267 228 44 130 52 72 318 70 184 284 74 279 159 162 389 114 355 325 384 337 111 116 76 113 81 29 131 84 105 186 134 22 0,
PFG_MOEA,428,8,314.81,5596.11,0 38 96 242 221 172 182 397 350 311 4 314 193 230 94 156 374 36 11 92 319 357 303 266 141 86 199 68 135 88 249 233 340 299 321 269 120 142 37 301 21 139 291 167 372 346 315 99 175 251 0,182
PFG_MOEA,428,9,314.81,5596.11,0 97 225 232 179 391 271 158 241 62 297 65 283 204 154 305 326 110 140 286 317 333 180 220 126 124 7 56 217 55 25 367 170 361 209 227 234 213 190 390 265 18 103 155 83 378 398 93 54 46 268 272 30 39 0,65 154
PFG_MOEA,428,10,314.81,5596.11,0 399 15 16 380 41 82 178 117 243 344 349 20 189 64 166 205 208 6 87 171 153 278 210 353 258 376 368 66 287 10 383 382 0,243
PFG_MOEA,428,11,314.81,5596.11,0 369 338 203 168 0,
PFG_MOEA,428,12,314.81,5596.11,0 202 306 370 342 144 176 27 98 78 196 296 347 332 324 147 211 244 223 104 310 282 143 79 160 50 60 257 270 379 195 45 348 75 328 248 0,370
PFG_MOEA,429,1,411.21,4974.5,0 12 90 381 23 32 276 239 336 138 222 198 49 274 256 237 351 280 252 236 128 119 2 0,23
PFG_MOEA,429,2,411.21,4974.5,0 22 118 185 214 295 40 122 392 285 331 133 293 53 101 352 363 323 194 275 277 102 100 95 163 61 89 207 307 313 359 365 253 206 187 0,22 100
PFG_MOEA,429,3,411.21,4974.5,0 115 0,
PFG_MOEA,429,4,411.21,4974.5,0 245 396 240 385 288 177 181 358 337 384 111 116 76 113 81 29 325 355 0,
PFG_MOEA,429,5,411.21,4974.5,0 281 26 334 298 341 134 186 131 84 114 389 105 219 371 162 159 74 279 91 24 212 375 284 14 184 318 70 292 263 8 373 169 108 72 52 130 44 386 362 201 312 67 164 107 302 173 106 261 388 197 218 151 77 273 136 137 59 109 127 57 226 19 13 80 0,77 106 284
PFG_MOEA,429,6,411.21,4974.5,0 38 172 182 319 303 357 266 141 86 199 228 267 366 289 231 34 58 68 161 235 35 249 88 135 233 156 94 230 374 92 11 36 397 350 311 4 314 193 340 299 321 269 120 142 37 51 123 145 132 339 322 121 146 294 174 320 364 393 3 229 308 356 264 259 246 42 300 329 112 221 242 96 0,51 174 229 246 299
PFG_MOEA,429,7,411.21,4974.5,0 399 200 165 191 152 247 255 1 262 250 28 345 377 395 400 394 188 301 372 21 167 291 139 149 157 63 316 387 327 17 43 85 215 73 254 183 354 69 265 346 315 99 175 251 190 390 18 103 155 83 378 213 234 227 398 93 224 179 232 225 97 71 33 260 148 238 129 330 192 48 31 304 0,93
PFG_MOEA,429,8,411.21,4974.5,0 382 383 10 391 271 39 46 54 268 272 30 66 166 205 208 6 204 154 305 326 283 65 297 62 241 110 140 286 317 333 180 220 158 189 64 20 126 124 7 56 217 55 25 367 170 361 209 287 0,55 62 66 220
PFG_MOEA,429,9,411.21,4974.5,0 380 0,
PFG_MOEA,429,10,411.21,4974.5,0 16 369 15 0,
PFG_MOEA,429,11,411.21,4974.5,0 168 203 178 82 41 0,178
PFG_MOEA,429,12,411.21,4974.5,0 335 360 338 202 306 370 342 144 176 27 98 78 196 296 347 332 216 47 125 9 150 147 324 211 244 223 104 310 282 143 309 5 195 379 79 160 50 60 270 257 210 45 153 278 87 171 353 348 75 328 248 258 376 368 290 343 349 344 243 117 0,
PFG_MOEA,430,1,312.55,5795.78,0 336 138 239 122 296 347 332 324 275 277 104 211 244 223 102 352 363 323 194 147 101 95 222 0,122 211 222 277
PFG_MOEA,430,2,312.55,5795.78,0 335 360 207 307 313 359 187 100 310 282 143 79 160 50 60 257 270 379 195 5 309 280 351 237 256 274 49 198 252 236 381 23 90 12 214 185 118 281 26 334 298 371 72 52 130 44 386 80 0,5 307
PFG_MOEA,430,3,312.55,5795.78,0 13 19 226 57 127 109 59 137 136 273 77 151 218 197 388 261 106 173 302 107 164 67 312 201 362 123 51 145 294 174 339 132 142 120 269 321 299 0,174
PFG_MOEA,430,4,312.55,5795.78,0 340 233 135 88 249 35 235 161 68 58 34 231 289 366 267 228 141 266 303 357 319 86 199 156 94 0,303
PFG_MOEA,430,5,312.55,5795.78,0 38 172 182 397 36 11 92 374 230 311 350 4 314 193 37 322 121 146 320 364 393 3 229 308 356 264 259 246 42 300 329 112 191 152 221 242 96 0,42 264
PFG_MOEA,430,6,312.55,5795.78,0 200 165 129 0,
PFG_MOEA,430,7,312.55,5795.78,0 304 330 395 400 394 188 301 372 21 167 291 139 149 157 63 316 387 17 43 33 71 224 260 0,
PFG_MOEA,430,8,312.55,5795.78,0 399 247 28 250 345 377 262 1 255 327 254 73 215 85 93 179 232 225 97 148 238 192 48 31 0,93
PFG_MOEA,430,9,312.55,5795.78,0 378 69 183 354 265 346 315 99 175 251 190 390 18 103 155 83 234 213 227 398 209 361 170 367 25 55 217 56 7 180 333 317 286 140 110 62 297 65 283 326 305 154 204 6 208 241 220 158 189 64 20 126 124 0,175
PFG_MOEA,430,10,312.55,5795.78,0 287 382 383 10 268 272 30 66 166 205 271 39 391 53 293 133 331 285 392 115 245 396 240 385 288 177 181 358 337 384 111 116 76 113 81 29 325 355 131 84 114 389 105 341 219 0,
PFG_MOEA,430,11,312.55,5795.78,0 91 24 212 375 14 108 169 373 8 263 292 70 318 184 284 74 279 159 162 22 134 186 89 216 47 125 9 150 163 61 365 253 206 46 54 0,
PFG_MOEA,430,12,312.55,5795.78,0 41 82 178 117 243 344 349 343 290 368 376 258 248 328 75 171 87 153 278 210 45 353 348 2 119 128 295 40 32 276 196 78 98 27 176 144 342 370 306 202 338 203 168 369 380 16 15 0,16 87 203
PFG_MOEA,431,1,389.39,5146.42,0 163 78 53 293 133 331 285 392 98 115 245 27 396 240 385 288 177 181 358 337 384 111 116 76 113 81 29 325 355 131 84 114 389 91 279 74 159 162 371 219 298 341 22 134 186 105 118 185 0,
PFG_MOEA,431,2,389.39,5146.42,0 281 26 334 24 212 375 284 14 184 318 70 292 263 8 373 169 108 72 52 130 44 386 51 145 123 362 201 294 312 67 164 107 302 173 106 261 388 197 218 151 77 273 136 137 59 109 127 57 226 19 13 80 0,
PFG_MOEA,431,3,389.39,5146.42,0 142 339 174 132 120 269 321 299 340 233 135 88 249 35 235 161 68 58 34 231 289 366 267 228 141 266 303 357 319 86 199 156 94 230 374 92 11 36 397 350 311 4 314 193 0,88
PFG_MOEA,431,4,389.39,5146.42,0 182 172 38 0,
PFG_MOEA,431,5,389.39,5146.42,0 37 322 121 146 320 364 393 3 229 308 356 264 259 246 42 300 329 112 152 191 165 200 221 242 96 0,152 264 329
PFG_MOEA,431,6,389.39,5146.42,0 129 33 71 224 260 0,
PFG_MOEA,431,7,389.39,5146.42,0 399 247 255 1 262 250 28 345 377 395 400 394 188 301 372 21 167 291 139 149 157 63 316 387 17 43 73 254 327 183 354 69 215 85 93 179 232 225 97 148 48 238 330 192 31 304 0,395
PFG_MOEA,431,8,389.39,5146.42,0 16 15 168 203 369 380 391 271 39 268 272 30 66 166 205 208 6 204 154 305 326 283 65 297 62 241 110 140 286 317 333 180 220 158 189 64 20 126 124 7 56 217 55 25 367 170 361 209 398 227 234 213 190 251 175 99 315 346 265 390 18 103 155 83 378 54 46 287 10 383 382 41 0,7 16 20 103 272
PFG_MOEA,431,9,389.39,5146.42,0 82 178 117 243 368 376 258 353 153 171 87 278 210 143 237 256 274 49 100 282 310 104 102 277 275 194 323 363 352 101 198 95 222 138 122 276 336 252 236 128 23 381 90 119 2 12 0,
PFG_MOEA,431,10,389.39,5146.42,0 344 349 351 280 309 5 79 160 50 60 257 270 379 195 45 348 75 328 248 290 343 187 0,
PFG_MOEA,431,11,389.39,5146.42,0 214 295 40 32 239 370 342 144 176 150 47 9 125 216 89 61 207 307 313 359 206 253 365 360 335 0,176
PFG_MOEA,431,12,389.39,5146.42,0 338 202 306 196 296 347 332 324 147 211 244 223 0,
PFG_MOEA,432,1,413.96,4915.5,0 187 206 253 365 359 313 307 207 61 12 89 2 119 128 236 252 336 138 163 222 95 198 351 280 237 256 274 49 100 102 277 275 194 323 363 352 101 53 293 133 331 285 392 122 239 276 32 40 295 23 381 90 113 81 29 76 116 111 384 337 358 181 177 288 385 240 396 245 115 22 118 185 214 0,245 381
PFG_MOEA,432,2,413.96,4915.5,0 281 84 131 325 355 114 389 186 134 341 298 26 334 0,
PFG_MOEA,432,3,413.96,4915.5,0 371 219 105 162 159 74 279 91 24 212 375 284 14 184 318 70 292 263 8 373 169 108 72 52 130 44 386 362 201 312 67 164 107 302 173 106 261 388 197 218 151 77 273 136 137 59 0,
PFG_MOEA,432,4,413.96,4915.5,0 57 127 109 226 0,
PFG_MOEA,432,5,413.96,4915.5,0 19 0,
PFG_MOEA,432,6,413.96,4915.5,0 38 303 357 266 141 86 199 228 267 366 289 231 34 58 68 161 235 35 249 88 135 233 319 182 172 13 80 0,88
PFG_MOEA,432,7,413.96,4915.5,0 399 397 36 11 92 156 94 230 374 350 311 4 314 193 340 299 321 269 120 142 37 51 123 145 132 339 322 121 146 294 174 320 364 393 3 229 308 356 264 259 246 42 300 329 112 191 165 200 221 242 96 0,11 340 374 393
PFG_MOEA,432,8,413.96,4915.5,0 152 247 255 1 262 250 28 345 377 395 400 394 188 301 372 21 167 291 139 149 157 63 316 387 327 17 43 85 215 73 254 183 354 69 265 346 315 99 175 251 190 390 18 103 155 83 378 213 234 227 398 93 0,1 152 175 227
PFG_MOEA,432,9,413.96,4915.5,0 304 31 48 192 330 238 129 148 260 391 271 39 268 272 30 66 166 205 208 6 204 154 305 326 283 65 297 62 241 110 140 286 317 333 180 220 158 189 64 20 126 124 7 56 217 55 25 367 170 361 209 71 33 97 225 232 179 224 0,55 391
PFG_MOEA,432,10,413.96,4915.5,0 287 10 383 382 0,
PFG_MOEA,432,11,413.96,4915.5,0 16 15 168 203 369 380 82 178 117 243 349 344 54 46 41 0,
PFG_MOEA,432,12,413.96,4915.5,0 335 360 216 150 9 47 125 309 5 343 290 368 376 258 248 328 75 171 87 278 153 353 348 45 210 195 379 270 257 60 50 160 79 143 282 310 104 223 244 211 324 147 332 347 296 196 78 98 27 176 144 342 370 306 202 338 0,
PFG_MOEA,433,1,759.34,4800.0,0 219 341 105 389 114 84 131 355 325 29 81 113 76 116 111 384 337 358 181 177 288 385 240 396 245 115 392 285 331 133 293 53 163 150 9 125 47 216 89 61 206 253 365 0,245
PFG_MOEA,433,2,759.34,4800.0,0 22 134 186 162 159 279 74 284 184 318 70 292 263 8 373 169 108 14 375 212 24 91 0,318
PFG_MOEA,433,3,759.34,4800.0,0 304 31 48 148 260 224 71 33 129 238 330 192 200 165 112 191 152 127 57 109 59 137 273 136 247 17 43 85 215 73 254 69 354 183 327 387 157 149 188 394 316 63 262 1 255 250 28 42 400 395 377 345 356 264 259 246 308 229 197 218 151 77 107 164 67 302 388 3 106 173 261 320 364 393 312 201 362 329 300 123 51 145 322 121 146 294 174 339 132 120 142 37 269 321 299 340 233 135 88 249 35 161 235 68 58 34 386 231 289 366 267 228 44 130 52 72 303 357 319 266 141 86 92 199 156 94 230 311 374 11 36 397 350 4 314 193 182 172 13 19 226 221 242 96 80 38 0,33 106 174 200 303 311 394
PFG_MOEA,433,4,759.34,4800.0,0 378 83 155 103 18 190 251 175 99 315 346 372 301 167 21 139 291 265 390 234 0,
PFG_MOEA,433,5,759.34,4800.0,0 179 391 271 39 30 272 268 46 54 93 398 227 213 232 0,391
PFG_MOEA,433,6,759.34,4800.0,0 225 0,
PFG_MOEA,433,7,759.34,4800.0,0 97 209 361 170 367 0,
PFG_MOEA,433,8,759.34,4800.0,0 399 15 168 203 338 202 306 370 342 144 176 27 98 78 196 369 380 16 41 82 178 117 243 344 349 66 343 290 368 376 258 248 328 75 348 353 45 210 278 153 171 87 6 208 205 166 158 189 220 241 62 297 65 283 204 154 305 326 110 140 180 333 317 286 25 55 217 56 7 124 126 20 64 287 10 383 382 0,62 66 205 220 342
PFG_MOEA,433,9,759.34,4800.0,0 2 119 128 295 40 32 276 239 122 296 332 347 138 336 222 95 101 194 147 324 275 323 363 352 277 102 223 244 211 104 310 100 282 143 79 160 50 60 257 270 379 195 5 309 280 351 237 256 274 49 198 252 236 0,
PFG_MOEA,433,10,759.34,4800.0,0 381 23 90 12 207 307 0,
PFG_MOEA,433,11,759.34,4800.0,0 335 187 359 313 360 214 0,
PFG_MOEA,433,12,759.34,4800.0,0 185 118 281 26 334 298 371 0,
PFG_MOEA,434,1,314.81,5596.11,0 12 90 128 236 252 336 276 138 222 198 49 274 256 237 351 280 309 5 290 343 313 207 0,222
PFG_MOEA,434,2,314.81,5596.11,0 91 292 263 8 373 169 108 14 375 212 24 371 219 341 298 334 26 281 118 185 214 295 40 32 239 122 95 101 352 363 323 194 275 277 102 100 23 381 119 2 307 359 187 148 48 31 304 0,23
PFG_MOEA,434,3,314.81,5596.11,0 260 224 71 33 127 152 191 112 165 200 129 238 330 192 0,33
PFG_MOEA,434,4,314.81,5596.11,0 57 67 302 173 106 3 388 164 107 77 151 218 197 229 308 246 259 264 356 345 377 395 400 42 28 250 255 1 262 63 316 394 188 149 157 387 327 183 354 69 254 73 215 85 43 17 247 136 273 137 59 109 0,
PFG_MOEA,434,5,314.81,5596.11,0 329 300 362 123 51 145 322 121 146 201 261 320 364 393 312 294 174 339 132 206 253 365 360 335 0,362 393
PFG_MOEA,434,6,314.81,5596.11,0 61 358 181 177 288 385 240 396 245 115 392 285 331 133 293 53 163 150 9 125 47 216 89 0,
PFG_MOEA,434,7,314.81,5596.11,0 80 13 19 226 35 161 235 58 34 386 231 289 366 267 228 44 130 52 72 318 70 184 284 74 279 159 162 389 114 355 325 384 337 111 116 76 113 81 29 131 84 105 186 134 22 0,
PFG_MOEA,434,8,314.81,5596.11,0 38 96 242 221 172 182 397 350 311 4 314 193 230 94 156 374 36 11 92 319 357 303 266 141 86 199 68 135 88 249 233 340 299 321 269 120 142 37 301 21 139 291 167 372 346 315 99 175 251 0,182
PFG_MOEA,434,9,314.81,5596.11,0 97 225 232 179 391 271 158 241 62 297 65 283 204 154 305 326 110 140 286 317 333 180 220 126 124 7 56 217 55 25 367 170 361 209 227 234 213 190 390 265 18 103 155 83 378 398 93 54 46 268 272 30 39 0,65 154
PFG_MOEA,434,10,314.81,5596.11,0 399 15 16 380 41 82 178 117 243 344 349 20 189 64 166 205 208 6 87 171 153 278 210 353 258 376 368 66 287 10 383 382 0,243
PFG_MOEA,434,11,314.81,5596.11,0 369 338 203 168 0,
PFG_MOEA,434,12,314.81,5596.11,0 202 306 370 342 144 176 27 98 78 196 296 347 332 324 147 211 244 223 104 310 282 143 79 160 50 60 257 270 379 195 45 348 75 328 248 0,370
PFG_MOEA,435,1,411.21,4974.5,0 12 90 381 23 32 276 239 336 138 222 198 49 274 256 237 351 280 252 236 128 119 2 0,23
PFG_MOEA,435,2,411.21,4974.5,0 22 118 185 214 295 40 122 392 285 331 133 293 53 101 352 363 323 194 275 277 102 100 95 163 61 89 207 307 313 359 365 253 206 187 0,22 100
PFG_MOEA,435,3,411.21,4974.5,0 115 0,
PFG_MOEA,435,4,411.21,4974.5,0 245 396 240 385 288 177 181 358 337 384 111 116 76 113 81 29 325 355 0,
PFG_MOEA,435,5,411.21,4974.5,0 281 26 334 298 341 134 186 131 84 114 389 105 219 371 162 159 74 279 91 24 212 375 284 14 184 318 70 292 263 8 373 169 108 72 52 130 44 386 362 201 312 67 164 107 302 173 106 261 388 197 218 151 77 273 136 137 59 109 127 57 226 19 13 80 0,77 106 284
PFG_MOEA,435,6,411.21,4974.5,0 38 172 182 319 303 357 266 141 86 199 228 267 366 289 231 34 58 68 161 235 35 249 88 135 233 156 94 230 374 92 11 36 397 350 311 4 314 193 340 299 321 269 120 142 37 51 123 145 132 339 322 121 146 294 174 320 364 393 3 229 308 356 264 259 246 42 300 329 112 221 242 96 0,51 174 229 246 299
PFG_MOEA,435,7,411.21,4974.5,0 399 200 165 191 152 247 255 1 262 250 28 345 377 395 400 394 188 301 372 21 167 291 139 149 157 63 316 387 327 17 43 85 215 73 254 183 354 69 265 346 315 99 175 251 190 390 18 103 155 83 378 213 234 227 398 93 224 179 232 225 97 71 33 260 148 238 129 330 192 48 31 304 0,93
PFG_MOEA,435,8,411.21,4974.5,0 382 383 10 391 271 39 46 54 268 272 30 66 166 205 208 6 204 154 305 326 283 65 297 62 241 110 140 286 317 333 180 220 158 189 64 20 126 124 7 56 217 55 25 367 170 361 209 287 0,55 62 66 220
PFG_MOEA,435,9,411.21,4974.5,0 380 0,
PFG_MOEA,435,10,411.21,4974.5,0 16 369 15 0,
PFG_MOEA,435,11,411.21,4974.5,0 168 203 178 82 41 0,178
PFG_MOEA,435,12,411.21,4974.5,0 335 360 338 202 306 370 342 144 176 27 98 78 196 296 347 332 216 47 125 9 150 147 324 211 244 223 104 310 282 143 309 5 195 379 79 160 50 60 270 257 210 45 153 278 87 171 353 348 75 328 248 258 376 368 290 343 349 344 243 117 0,
PFG_MOEA,436,1,312.55,5795.78,0 336 138 239 122 296 347 332 324 275 277 104 211 244 223 102 352 363 323 194 147 101 95 222 0,122 211 222 277
PFG_MOEA,436,2,312.55,5795.78,0 335 360 207 307 313 359 187 100 310 282 143 79 160 50 60 257 270 379 195 5 309 280 351 237 256 274 49 198 252 236 381 23 90 12 214 185 118 281 26 334 298 371 72 52 130 44 386 80 0,5 307
PFG_MOEA,436,3,312.55,5795.78,0 13 19 226 57 127 109 59 137 136 273 77 151 218 197 388 261 106 173 302 107 164 67 312 201 362 123 51 145 294 174 339 132 142 120 269 321 299 0,174
PFG_MOEA,436,4,312.55,5795.78,0 340 233 135 88 249 35 235 161 68 58 34 231 289 366 267 228 141 266 303 357 319 86 199 156 94 0,303
PFG_MOEA,436,5,312.55,5795.78,0 38 172 182 397 36 11 92 374 230 311 350 4 314 193 37 322 121 146 320 364 393 3 229 308 356 264 259 246 42 300 329 112 191 152 221 242 96 0,42 264
PFG_MOEA,436,6,312.55,5795.78,0 200 165 129 0,
PFG_MOEA,436,7,312.55,5795.78,0 304 330 395 400 394 188 301 372 21 167 291 139 149 157 63 316 387 17 43 33 71 224 260 0,
PFG_MOEA,436,8,312.55,5795.78,0 399 247 28 250 345 377 262 1 255 327 254 73 215 85 93 179 232 225 97 148 238 192 48 31 0,93
PFG_MOEA,436,9,312.55,5795.78,0 378 69 183 354 265 346 315 99 175 251 190 390 18 103 155 83 234 213 227 398 209 361 170 367 25 55 217 56 7 180 333 317 286 140 110 62 297 65 283 326 305 154 204 6 208 241 220 158 189 64 20 126 124 0,175
PFG_MOEA,436,10,312.55,5795.78,0 287 382 383 10 268 272 30 66 166 205 271 39 391 53 293 133 331 285 392 115 245 396 240 385 288 177 181 358 337 384 111 116 76 113 81 29 325 355 131 84 114 389 105 341 219 0,
PFG_MOEA,436,11,312.55,5795.78,0 91 24 212 375 14 108 169 373 8 263 292 70 318 184 284 74 279 159 162 22 134 186 89 216 47 125 9 150 163 61 365 253 206 46 54 0,
PFG_MOEA,436,12,312.55,5795.78,0 41 82 178 117 243 344 349 343 290 368 376 258 248 328 75 171 87 153 278 210 45 353 348 2 119 128 295 40 32 276 196 78 98 27 176 144 342 370 306 202 338 203 168 369 380 16 15 0,16 87 203
PFG_MOEA,437,1,389.39,5146.42,0 163 78 53 293 133 331 285 392 98 115 245 27 396 240 385 288 177 181 358 337 384 111 116 76 113 81 29 325 355 131 84 114 389 91 279 74 159 162 371 219 298 341 22 134 186 105 118 185 0,
PFG_MOEA,437,2,389.39,5146.42,0 281 26 334 24 212 375 284 14 184 318 70 292 263 8 373 169 108 72 52 130 44 386 51 145 123 362 201 294 312 67 164 107 302 173 106 261 388 197 218 151 77 273 136 137 59 109 127 57 226 19 13 80 0,
PFG_MOEA,437,3,389.39,5146.42,0 142 339 174 132 120 269 321 299 340 233 135 88 249 35 235 161 68 58 34 231 289 366 267 228 141 266 303 357 319 86 199 156 94 230 374 92 11 36 397 350 311 4 314 193 0,88
PFG_MOEA,437,4,389.39,5146.42,0 182 172 38 0,
PFG_MOEA,437,5,389.39,5146.42,0 37 322 121 146 320 364 393 3 229 308 356 264 259 246 42 300 329 112 152 191 165 200 221 242 96 0,152 264 329
PFG_MOEA,437,6,389.39,5146.42,0 129 33 71 224 260 0,
PFG_MOEA,437,7,389.39,5146.42,0 399 247 255 1 262 250 28 345 377 395 400 394 188 301 372 21 167 291 139 149 157 63 316 387 17 43 73 254 327 183 354 69 215 85 93 179 232 225 97 148 48 238 330 192 31 304 0,395
PFG_MOEA,437,8,389.39,5146.42,0 16 15 168 203 369 380 391 271 39 268 272 30 66 166 205 208 6 204 154 305 326 283 65 297 62 241 110 140 286 317 333 180 220 158 189 64 20 126 124 7 56 217 55 25 367 170 361 209 398 227 234 213 190 251 175 99 315 346 265 390 18 103 155 83 378 54 46 287 10 383 382 41 0,7 16 20 103 272
PFG_MOEA,437,9,389.39,5146.42,0 82 178 117 243 368 376 258 353 153 171 87 278 210 143 237 256 274 49 100 282 310 104 102 277 275 194 323 363 352 101 198 95 222 138 122 276 336 252 236 128 23 381 90 119 2 12 0,
PFG_MOEA,437,10,389.39,5146.42,0 344 349 351 280 309 5 79 160 50 60 257 270 379 195 45 348 75 328 248 290 343 187 0,
PFG_MOEA,437,11,389.39,5146.42,0 214 295 40 32 239 370 342 144 176 150 47 9 125 216 89 61 207 307 313 359 206 253 365 360 335 0,176
PFG_MOEA,437,12,389.39,5146.42,0 338 202 306 196 296 347 332 324 147 211 244 223 0,
PFG_MOEA,438,1,413.96,4915.5,0 187 206 253 365 359 313 307 207 61 12 89 2 119 128 236 252 336 138 163 222 95 198 351 280 237 256 274 49 100 102 277 275 194 323 363 352 101 53 293 133 331 285 392 122 239 276 32 40 295 23 381 90 113 81 29 76 116 111 384 337 358 181 177 288 385 240 396 245 115 22 118 185 214 0,245 381
PFG_MOEA,438,2,413.96,4915.5,0 281 84 131 325 355 114 389 186 134 341 298 26 334 0,
PFG_MOEA,438,3,413.96,4915.5,0 371 219 105 162 159 74 279 91 24 212 375 284 14 184 318 70 292 263 8 373 169 108 72 52 130 44 386 362 201 312 67 164 107 302 173 106 261 388 197 218 151 77 273 136 137 59 0,
PFG_MOEA,438,4,413.96,4915.5,0 57 127 109 226 0,
PFG_MOEA,438,5,413.96,4915.5,0 19 0,
PFG_MOEA,438,6,413.96,4915.5,0 38 303 357 266 141 86 199 228 267 366 289 231 34 58 68 161 235 35 249 88 135 233 319 182 172 13 80 0,88
PFG_MOEA,438,7,413.96,4915.5,0 399 397 36 11 92 156 94 230 374 350 311 4 314 193 340 299 321 269 120 142 37 51 123 145 132 339 322 121 146 294 174 320 364 393 3 229 308 356 264 259 246 42 300 329 112 191 165 200 221 242 96 0,11 340 374 393
PFG_MOEA,438,8,413.96,4915.5,0 152 247 255 1 262 250 28 345 377 395 400 394 188 301 372 21 167 291 139 149 157 63 316 387 327 17 43 85 215 73 254 183 354 69 265 346 315 99 175 251 190 390 18 103 155 83 378 213 234 227 398 93 0,1 152 175 227
PFG_MOEA,438,9,413.96,4915.5,0 304 31 48 192 330 238 129 148 260 391 271 39 268 272 30 66 166 205 208 6 204 154 305 326 283 65 297 62 241 110 140 286 317 333 180 220 158 189 64 20 126 124 7 56 217 55 25 367 170 361 209 71 33 97 225 232 179 224 0,55 391
PFG_MOEA,438,10,413.96,4915.5,0 287 10 383 382 0,
PFG_MOEA,438,11,413.96,4915.5,0 16 15 168 203 369 380 82 178 117 243 349 344 54 46 41 0,
PFG_MOEA,438,12,413.96,4915.5,0 335 360 216 150 9 47 125 309 5 343 290 368 376 258 248 328 75 171 87 278 153 353 348 45 210 195 379 270 257 60 50 160 79 143 282 310 104 223 244 211 324 147 332 347 296 196 78 98 27 176 144 342 370 306 202 338 0,
PFG_MOEA,439,1,759.34,4800.0,0 219 341 105 389 114 84 131 355 325 29 81 113 76 116 111 384 337 358 181 177 288 385 240 396 245 115 392 285 331 133 293 53 163 150 9 125 47 216 89 61 206 253 365 0,245
PFG_MOEA,439,2,759.34,4800.0,0 22 134 186 162 159 279 74 284 184 318 70 292 263 8 373 169 108 14 375 212 24 91 0,318
PFG_MOEA,439,3,759.34,4800.0,0 304 31 48 148 260 224 71 33 129 238 330 192 200 165 112 191 152 127 57 109 59 137 273 136 247 17 43 85 215 73 254 69 354 183 327 387 157 149 188 394 316 63 262 1 255 250 28 42 400 395 377 345 356 264 259 246 308 229 197 218 151 77 107 164 67 302 388 3 106 173 261 320 364 393 312 201 362 329 300 123 51 145 322 121 146 294 174 339 132 120 142 37 269 321 299 340 233 135 88 249 35 161 235 68 58 34 386 231 289 366 267 228 44 130 52 72 303 357 319 266 141 86 92 199 156 94 230 311 374 11 36 397 350 4 314 193 182 172 13 19 226 221 242 96 80 38 0,33 106 174 200 303 311 394
PFG_MOEA,439,4,759.34,4800.0,0 378 83 155 103 18 190 251 175 99 315 346 372 301 167 21 139 291 265 390 234 0,
PFG_MOEA,439,5,759.34,4800.0,0 179 391 271 39 30 272 268 46 54 93 398 227 213 232 0,391
PFG_MOEA,439,6,759.34,4800.0,0 225 0,
PFG_MOEA,439,7,759.34,4800.0,0 97 209 361 170 367 0,
PFG_MOEA,439,8,759.34,4800.0,0 399 15 168 203 338 202 306 370 342 144 176 27 98 78 196 369 380 16 41 82 178 117 243 344 349 66 343 290 368 376 258 248 328 75 348 353 45 210 278 153 171 87 6 208 205 166 158 189 220 241 62 297 65 283 204 154 305 326 110 140 180 333 317 286 25 55 217 56 7 124 126 20 64 287 10 383 382 0,62 66 205 220 342
PFG_MOEA,439,9,759.34,4800.0,0 2 119 128 295 40 32 276 239 122 296 332 347 138 336 222 95 101 194 147 324 275 323 363 352 277 102 223 244 211 104 310 100 282 143 79 160 50 60 257 270 379 195 5 309 280 351 237 256 274 49 198 252 236 0,
PFG_MOEA,439,10,759.34,4800.0,0 381 23 90 12 207 307 0,
PFG_MOEA,439,11,759.34,4800.0,0 335 187 359 313 360 214 0,
PFG_MOEA,439,12,759.34,4800.0,0 185 118 281 26 334 298 371 0,
PFG_MOEA,440,1,314.81,5596.11,0 12 90 128 236 252 336 276 138 222 198 49 274 256 237 351 280 309 5 290 343 313 207 0,222
PFG_MOEA,440,2,314.81,5596.11,0 91 292 263 8 373 169 108 14 375 212 24 371 219 341 298 334 26 281 118 185 214 295 40 32 239 122 95 101 352 363 323 194 275 277 102 100 23 381 119 2 307 359 187 148 48 31 304 0,23
PFG_MOEA,440,3,314.81,5596.11,0 260 224 71 33 127 152 191 112 165 200 129 238 330 192 0,33
PFG_MOEA,440,4,314.81,5596.11,0 57 67 302 173 106 3 388 164 107 77 151 218 197 229 308 246 259 264 356 345 377 395 400 42 28 250 255 1 262 63 316 394 188 149 157 387 327 183 354 69 254 73 215 85 43 17 247 136 273 137 59 109 0,
PFG_MOEA,440,5,314.81,5596.11,0 329 300 362 123 51 145 322 121 146 201 261 320 364 393 312 294 174 339 132 206 253 365 360 335 0,362 393
PFG_MOEA,440,6,314.81,5596.11,0 61 358 181 177 288 385 240 396 245 115 392 285 331 133 293 53 163 150 9 125 47 216 89 0,
PFG_MOEA,440,7,314.81,5596.11,0 80 13 19 226 35 161 235 58 34 386 231 289 366 267 228 44 130 52 72 318 70 184 284 74 279 159 162 389 114 355 325 384 337 111 116 76 113 81 29 131 84 105 186 134 22 0,
PFG_MOEA,440,8,314.81,5596.11,0 38 96 242 221 172 182 397 350 311 4 314 193 230 94 156 374 36 11 92 319 357 303 266 141 86 199 68 135 88 249 233 340 299 321 269 120 142 37 301 21 139 291 167 372 346 315 99 175 251 0,182
PFG_MOEA,440,9,314.81,5596.11,0 97 225 232 179 391 271 158 241 62 297 65 283 204 154 305 326 110 140 286 317 333 180 220 126 124 7 56 217 55 25 367 170 361 209 227 234 213 190 390 265 18 103 155 83 378 398 93 54 46 268 272 30 39 0,65 154
PFG_MOEA,440,10,314.81,5596.11,0 399 15 16 380 41 82 178 117 243 344 349 20 189 64 166 205 208 6 87 171 153 278 210 353 258 376 368 66 287 10 383 382 0,243
PFG_MOEA,440,11,314.81,5596.11,0 369 338 203 168 0,
PFG_MOEA,440,12,314.81,5596.11,0 202 306 370 342 144 176 27 98 78 196 296 347 332 324 147 211 244 223 104 310 282 143 79 160 50 60 257 270 379 195 45 348 75 328 248 0,370
PFG_MOEA,441,1,411.21,4974.5,0 12 90 381 23 32 276 239 336 138 222 198 49 274 256 237 351 280 252 236 128 119 2 0,23
PFG_MOEA,441,2,411.21,4974.5,0 22 118 185 214 295 40 122 392 285 331 133 293 53 101 352 363 323 194 275 277 102 100 95 163 61 89 207 307 313 359 365 253 206 187 0,22 100
PFG_MOEA,441,3,411.21,4974.5,0 115 0,
PFG_MOEA,441,4,411.21,4974.5,0 245 396 240 385 288 177 181 358 337 384 111 116 76 113 81 29 325 355 0,
PFG_MOEA,441,5,411.21,4974.5,0 281 26 334 298 341 134 186 131 84 114 389 105 219 371 162 159 74 279 91 24 212 375 284 14 184 318 70 292 263 8 373 169 108 72 52 130 44 386 362 201 312 67 164 107 302 173 106 261 388 197 218 151 77 273 136 137 59 109 127 57 226 19 13 80 0,77 106 284
PFG_MOEA,441,6,411.21,4974.5,0 38 172 182 319 303 357 266 141 86 199 228 267 366 289 231 34 58 68 161 235 35 249 88 135 233 156 94 230 374 92 11 36 397 350 311 4 314 193 340 299 321 269 120 142 37 51 123 145 132 339 322 121 146 294 174 320 364 393 3 229 308 356 264 259 246 42 300 329 112 221 242 96 0,51 174 229 246 299
PFG_MOEA,441,7,411.21,4974.5,0 399 200 165 191 152 247 255 1 262 250 28 345 377 395 400 394 188 301 372 21 167 291 139 149 157 63 316 387 327 17 43 85 215 73 254 183 354 69 265 346 315 99 175 251 190 390 18 103 155 83 378 213 234 227 398 93 224 179 232 225 97 71 33 260 148 238 129 330 192 48 31 304 0,93
PFG_MOEA,441,8,411.21,4974.5,0 382 383 10 391 271 39 46 54 268 272 30 66 166 205 208 6 204 154 305 326 283 65 297 62 241 110 140 286 317 333 180 220 158 189 64 20 126 124 7 56 217 55 25 367 170 361 209 287 0,55 62 66 220
PFG_MOEA,441,9,411.21,4974.5,0 380 0,
PFG_MOEA,441,10,411.21,4974.5,0 16 369 15 0,
PFG_MOEA,441,11,411.21,4974.5,0 168 203 178 82 41 0,178
PFG_MOEA,441,12,411.21,4974.5,0 335 360 338 202 306 370 342 144 176 27 98 78 196 296 347 332 216 47 125 9 150 147 324 211 244 223 104 310 282 143 309 5 195 379 79 160 50 60 270 257 210 45 153 278 87 171 353 348 75 328 248 258 376 368 290 343 349 344 243 117 0,
PFG_MOEA,442,1,312.55,5795.78,0 336 138 239 122 296 347 332 324 275 277 104 211 244 223 102 352 363 323 194 147 101 95 222 0,122 211 222 277
PFG_MOEA,442,2,312.55,5795.78,0 335 360 207 307 313 359 187 100 310 282 143 79 160 50 60 257 270 379 195 5 309 280 351 237 256 274 49 198 252 236 381 23 90 12 214 185 118 281 26 334 298 371 72 52 130 44 386 80 0,5 307
PFG_MOEA,442,3,312.55,5795.78,0 13 19 226 57 127 109 59 137 136 273 77 151 218 197 388 261 106 173 302 107 164 67 312 201 362 123 51 145 294 174 339 132 142 120 269 321 299 0,174
PFG_MOEA,442,4,312.55,5795.78,0 340 233 135 88 249 35 235 161 68 58 34 231 289 366 267 228 141 266 303 357 319 86 199 156 94 0,303
PFG_MOEA,442,5,312.55,5795.78,0 38 172 182 397 36 11 92 374 230 311 350 4 314 193 37 322 121 146 320 364 393 3 229 308 356 264 259 246 42 300 329 112 191 152 221 242 96 0,42 264
PFG_MOEA,442,6,312.55,5795.78,0 200 165 129 0,
PFG_MOEA,442,7,312.55,5795.78,0 304 330 395 400 394 188 301 372 21 167 291 139 149 157 63 316 387 17 43 33 71 224 260 0,
PFG_MOEA,442,8,312.55,5795.78,0 399 247 28 250 345 377 262 1 255 327 254 73 215 85 93 179 232 225 97 148 238 192 48 31 0,93
PFG_MOEA,442,9,312.55,5795.78,0 378 69 183 354 265 346 315 99 175 251 190 390 18 103 155 83 234 213 227 398 209 361 170 367 25 55 217 56 7 180 333 317 286 140 110 62 297 65 283 326 305 154 204 6 208 241 220 158 189 64 20 126 124 0,175
PFG_MOEA,442,10,312.55,5795.78,0 287 382 383 10 268 272 30 66 166 205 271 39 391 53 293 133 331 285 392 115 245 396 240 385 288 177 181 358 337 384 111 116 76 113 81 29 325 355 131 84 114 389 105 341 219 0,
PFG_MOEA,442,11,312.55,5795.78,0 91 24 212 375 14 108 169 373 8 263 292 70 318 184 284 74 279 159 162 22 134 186 89 216 47 125 9 150 163 61 365 253 206 46 54 0,
PFG_MOEA,442,12,312.55,5795.78,0 41 82 178 117 243 344 349 343 290 368 376 258 248 328 75 171 87 153 278 210 45 353 348 2 119 128 295 40 32 276 196 78 98 27 176 144 342 370 306 202 338 203 168 369 380 16 15 0,16 87 203
PFG_MOEA,443,1,389.39,5146.42,0 163 78 53 293 133 331 285 392 98 115 245 27 396 240 385 288 177 181 358 337 384 111 116 76 113 81 29 325 355 131 84 114 389 91 279 74 159 162 371 219 298 341 22 134 186 105 118 185 0,
PFG_MOEA,443,2,389.39,5146.42,0 281 26 334 24 212 375 284 14 184 318 70 292 263 8 373 169 108 72 52 130 44 386 51 145 123 362 201 294 312 67 164 107 302 173 106 261 388 197 218 151 77 273 136 137 59 109 127 57 226 19 13 80 0,
PFG_MOEA,443,3,389.39,5146.42,0 142 339 174 132 120 269 321 299 340 233 135 88 249 35 235 161 68 58 34 231 289 366 267 228 141 266 303 357 319 86 199 156 94 230 374 92 11 36 397 350 311 4 314 193 0,88
PFG_MOEA,443,4,389.39,5146.42,0 182 172 38 0,
PFG_MOEA,443,5,389.39,5146.42,0 37 322 121 146 320 364 393 3 229 308 356 264 259 246 42 300 329 112 152 191 165 200 221 242 96 0,152 264 329
PFG_MOEA,443,6,389.39,5146.42,0 129 33 71 224 260 0,
PFG_MOEA,443,7,389.39,5146.42,0 399 247 255 1 262 250 28 345 377 395 400 394 188 301 372 21 167 291 139 149 157 63 316 387 17 43 73 254 327 183 354 69 215 85 93 179 232 225 97 148 48 238 330 192 31 304 0,395
PFG_MOEA,443,8,389.39,5146.42,0 16 15 168 203 369 380 391 271 39 268 272 30 66 166 205 208 6 204 154 305 326 283 65 297 62 241 110 140 286 317 333 180 220 158 189 64 20 126 124 7 56 217 55 25 367 170 361 209 398 227 234 213 190 251 175 99 315 346 265 390 18 103 155 83 378 54 46 287 10 383 382 41 0,7 16 20 103 272
PFG_MOEA,443,9,389.39,5146.42,0 82 178 117 243 368 376 258 353 153 171 87 278 210 143 237 256 274 49 100 282 310 104 102 277 275 194 323 363 352 101 198 95 222 138 122 276 336 252 236 128 23 381 90 119 2 12 0,
PFG_MOEA,443,10,389.39,5146.42,0 344 349 351 280 309 5 79 160 50 60 257 270 379 195 45 348 75 328 248 290 343 187 0,
PFG_MOEA,443,11,389.39,5146.42,0 214 295 40 32 239 370 342 144 176 150 47 9 125 216 89 61 207 307 313 359 206 253 365 360 335 0,176
PFG_MOEA,443,12,389.39,5146.42,0 338 202 306 196 296 347 332 324 147 211 244 223 0,
PFG_MOEA,444,1,413.96,4915.5,0 187 206 253 365 359 313 307 207 61 12 89 2 119 128 236 252 336 138 163 222 95 198 351 280 237 256 274 49 100 102 277 275 194 323 363 352 101 53 293 133 331 285 392 122 239 276 32 40 295 23 381 90 113 81 29 76 116 111 384 337 358 181 177 288 385 240 396 245 115 22 118 185 214 0,245 381
PFG_MOEA,444,2,413.96,4915.5,0 281 84 131 325 355 114 389 186 134 341 298 26 334 0,
PFG_MOEA,444,3,413.96,4915.5,0 371 219 105 162 159 74 279 91 24 212 375 284 14 184 318 70 292 263 8 373 169 108 72 52 130 44 386 362 201 312 67 164 107 302 173 106 261 388 197 218 151 77 273 136 137 59 0,
PFG_MOEA,444,4,413.96,4915.5,0 57 127 109 226 0,
PFG_MOEA,444,5,413.96,4915.5,0 19 0,
PFG_MOEA,444,6,413.96,4915.5,0 38 303 357 266 141 86 199 228 267 366 289 231 34 58 68 161 235 35 249 88 135 233 319 182 172 13 80 0,88
PFG_MOEA,444,7,413.96,4915.5,0 399 397 36 11 92 156 94 230 374 350 311 4 314 193 340 299 321 269 120 142 37 51 123 145 132 339 322 121 146 294 174 320 364 393 3 229 308 356 264 259 246 42 300 329 112 191 165 200 221 242 96 0,11 340 374 393
PFG_MOEA,444,8,413.96,4915.5,0 152 247 255 1 262 250 28 345 377 395 400 394 188 301 372 21 167 291 139 149 157 63 316 387 327 17 43 85 215 73 254 183 354 69 265 346 315 99 175 251 190 390 18 103 155 83 378 213 234 227 398 93 0,1 152 175 227
PFG_MOEA,444,9,413.96,4915.5,0 304 31 48 192 330 238 129 148 260 391 271 39 268 272 30 66 166 205 208 6 204 154 305 326 283 65 297 62 241 110 140 286 317 333 180 220 158 189 64 20 126 124 7 56 217 55 25 367 170 361 209 71 33 97 225 232 179 224 0,55 391
PFG_MOEA,444,10,413.96,4915.5,0 287 10 383 382 0,
PFG_MOEA,444,11,413.96,4915.5,0 16 15 168 203 369 380 82 178 117 243 349 344 54 46 41 0,
PFG_MOEA,444,12,413.96,4915.5,0 335 360 216 150 9 47 125 309 5 343 290 368 376 258 248 328 75 171 87 278 153 353 348 45 210 195 379 270 257 60 50 160 79 143 282 310 104 223 244 211 324 147 332 347 296 196 78 98 27 176 144 342 370 306 202 338 0,
PFG_MOEA,445,1,759.34,4800.0,0 219 341 105 389 114 84 131 355 325 29 81 113 76 116 111 384 337 358 181 177 288 385 240 396 245 115 392 285 331 133 293 53 163 150 9 125 47 216 89 61 206 253 365 0,245
PFG_MOEA,445,2,759.34,4800.0,0 22 134 186 162 159 279 74 284 184 318 70 292 263 8 373 169 108 14 375 212 24 91 0,318
PFG_MOEA,445,3,759.34,4800.0,0 304 31 48 148 260 224 71 33 129 238 330 192 200 165 112 191 152 127 57 109 59 137 273 136 247 17 43 85 215 73 254 69 354 183 327 387 157 149 188 394 316 63 262 1 255 250 28 42 400 395 377 345 356 264 259 246 308 229 197 218 151 77 107 164 67 302 388 3 106 173 261 320 364 393 312 201 362 329 300 123 51 145 322 121 146 294 174 339 132 120 142 37 269 321 299 340 233 135 88 249 35 161 235 68 58 34 386 231 289 366 267 228 44 130 52 72 303 357 319 266 141 86 92 199 156 94 230 311 374 11 36 397 350 4 314 193 182 172 13 19 226 221 242 96 80 38 0,33 106 174 200 303 311 394
PFG_MOEA,445,4,759.34,4800.0,0 378 83 155 103 18 190 251 175 99 315 346 372 301 167 21 139 291 265 390 234 0,
PFG_MOEA,445,5,759.34,4800.0,0 179 391 271 39 30 272 268 46 54 93 398 227 213 232 0,391
PFG_MOEA,445,6,759.34,4800.0,0 225 0,
PFG_MOEA,445,7,759.34,4800.0,0 97 209 361 170 367 0,
PFG_MOEA,445,8,759.34,4800.0,0 399 15 168 203 338 202 306 370 342 144 176 27 98 78 196 369 380 16 41 82 178 117 243 344 349 66 343 290 368 376 258 248 328 75 348 353 45 210 278 153 171 87 6 208 205 166 158 189 220 241 62 297 65 283 204 154 305 326 110 140 180 333 317 286 25 55 217 56 7 124 126 20 64 287 10 383 382 0,62 66 205 220 342
PFG_MOEA,445,9,759.34,4800.0,0 2 119 128 295 40 32 276 239 122 296 332 347 138 336 222 95 101 194 147 324 275 323 363 352 277 102 223 244 211 104 310 100 282 143 79 160 50 60 257 270 379 195 5 309 280 351 237 256 274 49 198 252 236 0,
PFG_MOEA,445,10,759.34,4800.0,0 381 23 90 12 207 307 0,
PFG_MOEA,445,11,759.34,4800.0,0 335 187 359 313 360 214 0,
PFG_MOEA,445,12,759.34,4800.0,0 185 118 281 26 334 298 371 0,
PFG_MOEA,446,1,314.81,5596.11,0 12 90 128 236 252 336 276 138 222 198 49 274 256 237 351 280 309 5 290 343 313 207 0,222
PFG_MOEA,446,2,314.81,5596.11,0 91 292 263 8 373 169 108 14 375 212 24 371 219 341 298 334 26 281 118 185 214 295 40 32 239 122 95 101 352 363 323 194 275 277 102 100 23 381 119 2 307 359 187 148 48 31 304 0,23
PFG_MOEA,446,3,314.81,5596.11,0 260 224 71 33 127 152 191 112 165 200 129 238 330 192 0,33
PFG_MOEA,446,4,314.81,5596.11,0 57 67 302 173 106 3 388 164 107 77 151 218 197 229 308 246 259 264 356 345 377 395 400 42 28 250 255 1 262 63 316 394 188 149 157 387 327 183 354 69 254 73 215 85 43 17 247 136 273 137 59 109 0,
PFG_MOEA,446,5,314.81,5596.11,0 329 300 362 123 51 145 322 121 146 201 261 320 364 393 312 294 174 339 132 206 253 365 360 335 0,362 393
PFG_MOEA,446,6,314.81,5596.11,0 61 358 181 177 288 385 240 396 245 115 392 285 331 133 293 53 163 150 9 125 47 216 89 0,
PFG_MOEA,446,7,314.81,5596.11,0 80 13 19 226 35 161 235 58 34 386 231 289 366 267 228 44 130 52 72 318 70 184 284 74 279 159 162 389 114 355 325 384 337 111 116 76 113 81 29 131 84 105 186 134 22 0,
PFG_MOEA,446,8,314.81,5596.11,0 38 96 242 221 172 182 397 350 311 4 314 193 230 94 156 374 36 11 92 319 357 303 266 141 86 199 68 135 88 249 233 340 299 321 269 120 142 37 301 21 139 291 167 372 346 315 99 175 251 0,182
PFG_MOEA,446,9,314.81,5596.11,0 97 225 232 179 391 271 158 241 62 297 65 283 204 154 305 326 110 140 286 317 333 180 220 126 124 7 56 217 55 25 367 170 361 209 227 234 213 190 390 265 18 103 155 83 378 398 93 54 46 268 272 30 39 0,65 154
PFG_MOEA,446,10,314.81,5596.11,0 399 15 16 380 41 82 178 117 243 344 349 20 189 64 166 205 208 6 87 171 153 278 210 353 258 376 368 66 287 10 383 382 0,243
PFG_MOEA,446,11,314.81,5596.11,0 369 338 203 168 0,
PFG_MOEA,446,12,314.81,5596.11,0 202 306 370 342 144 176 27 98 78 196 296 347 332 324 147 211 244 223 104 310 282 143 79 160 50 60 257 270 379 195 45 348 75 328 248 0,370
PFG_MOEA,447,1,411.21,4974.5,0 12 90 381 23 32 276 239 336 138 222 198 49 274 256 237 351 280 252 236 128 119 2 0,23
PFG_MOEA,447,2,411.21,4974.5,0 22 118 185 214 295 40 122 392 285 331 133 293 53 101 352 363 323 194 275 277 102 100 95 163 61 89 207 307 313 359 365 253 206 187 0,22 100
PFG_MOEA,447,3,411.21,4974.5,0 115 0,
PFG_MOEA,447,4,411.21,4974.5,0 245 396 240 385 288 177 181 358 337 384 111 116 76 113 81 29 325 355 0,
PFG_MOEA,447,5,411.21,4974.5,0 281 26 334 298 341 134 186 131 84 114 389 105 219 371 162 159 74 279 91 24 212 375 284 14 184 318 70 292 263 8 373 169 108 72 52 130 44 386 362 201 312 67 164 107 302 173 106 261 388 197 218 151 77 273 136 137 59 109 127 57 226 19 13 80 0,77 106 284
PFG_MOEA,447,6,411.21,4974.5,0 38 172 182 319 303 357 266 141 86 199 228 267 366 289 231 34 58 68 161 235 35 249 88 135 233 156 94 230 374 92 11 36 397 350 311 4 314 193 340 299 321 269 120 142 37 51 123 145 132 339 322 121 146 294 174 320 364 393 3 229 308 356 264 259 246 42 300 329 112 221 242 96 0,51 174 229 246 299
PFG_MOEA,447,7,411.21,4974.5,0 399 200 165 191 152 247 255 1 262 250 28 345 377 395 400 394 188 301 372 21 167 291 139 149 157 63 316 387 327 17 43 85 215 73 254 183 354 69 265 346 315 99 175 251 190 390 18 103 155 83 378 213 234 227 398 93 224 179 232 225 97 71 33 260 148 238 129 330 192 48 31 304 0,93
PFG_MOEA,447,8,411.21,4974.5,0 382 383 10 391 271 39 46 54 268 272 30 66 166 205 208 6 204 154 305 326 283 65 297 62 241 110 140 286 317 333 180 220 158 189 64 20 126 124 7 56 217 55 25 367 170 361 209 287 0,55 62 66 220
PFG_MOEA,447,9,411.21,4974.5,0 380 0,
PFG_MOEA,447,10,411.21,4974.5,0 16 369 15 0,
PFG_MOEA,447,11,411.21,4974.5,0 168 203 178 82 41 0,178
PFG_MOEA,447,12,411.21,4974.5,0 335 360 338 202 306 370 342 144 176 27 98 78 196 296 347 332 216 47 125 9 150 147 324 211 244 223 104 310 282 143 309 5 195 379 79 160 50 60 270 257 210 45 153 278 87 171 353 348 75 328 248 258 376 368 290 343 349 344 243 117 0,
PFG_MOEA,448,1,312.55,5795.78,0 336 138 239 122 296 347 332 324 275 277 104 211 244 223 102 352 363 323 194 147 101 95 222 0,122 211 222 277
PFG_MOEA,448,2,312.55,5795.78,0 335 360 207 307 313 359 187 100 310 282 143 79 160 50 60 257 270 379 195 5 309 280 351 237 256 274 49 198 252 236 381 23 90 12 214 185 118 281 26 334 298 371 72 52 130 44 386 80 0,5 307
PFG_MOEA,448,3,312.55,5795.78,0 13 19 226 57 127 109 59 137 136 273 77 151 218 197 388 261 106 173 302 107 164 67 312 201 362 123 51 145 294 174 339 132 142 120 269 321 299 0,174
PFG_MOEA,448,4,312.55,5795.78,0 340 233 135 88 249 35 235 161 68 58 34 231 289 366 267 228 141 266 303 357 319 86 199 156 94 0,303
PFG_MOEA,448,5,312.55,5795.78,0 38 172 182 397 36 11 92 374 230 311 350 4 314 193 37 322 121 146 320 364 393 3 229 308 356 264 259 246 42 300 329 112 191 152 221 242 96 0,42 264
PFG_MOEA,448,6,312.55,5795.78,0 200 165 129 0,
PFG_MOEA,448,7,312.55,5795.78,0 304 330 395 400 394 188 301 372 21 167 291 139 149 157 63 316 387 17 43 33 71 224 260 0,
PFG_MOEA,448,8,312.55,5795.78,0 399 247 28 250 345 377 262 1 255 327 254 73 215 85 93 179 232 225 97 148 238 192 48 31 0,93
PFG_MOEA,448,9,312.55,5795.78,0 378 69 183 354 265 346 315 99 175 251 190 390 18 103 155 83 234 213 227 398 209 361 170 367 25 55 217 56 7 180 333 317 286 140 110 62 297 65 283 326 305 154 204 6 208 241 220 158 189 64 20 126 124 0,175
PFG_MOEA,448,10,312.55,5795.78,0 287 382 383 10 268 272 30 66 166 205 271 39 391 53 293 133 331 285 392 115 245 396 240 385 288 177 181 358 337 384 111 116 76 113 81 29 325 355 131 84 114 389 105 341 219 0,
PFG_MOEA,448,11,312.55,5795.78,0 91 24 212 375 14 108 169 373 8 263 292 70 318 184 284 74 279 159 162 22 134 186 89 216 47 125 9 150 163 61 365 253 206 46 54 0,
PFG_MOEA,448,12,312.55,5795.78,0 41 82 178 117 243 344 349 343 290 368 376 258 248 328 75 171 87 153 278 210 45 353 348 2 119 128 295 40 32 276 196 78 98 27 176 144 342 370 306 202 338 203 168 369 380 16 15 0,16 87 203
PFG_MOEA,449,1,389.39,5146.42,0 163 78 53 293 133 331 285 392 98 115 245 27 396 240 385 288 177 181 358 337 384 111 116 76 113 81 29 325 355 131 84 114 389 91 279 74 159 162 371 219 298 341 22 134 186 105 118 185 0,
PFG_MOEA,449,2,389.39,5146.42,0 281 26 334 24 212 375 284 14 184 318 70 292 263 8 373 169 108 72 52 130 44 386 51 145 123 362 201 294 312 67 164 107 302 173 106 261 388 197 218 151 77 273 136 137 59 109 127 57 226 19 13 80 0,
PFG_MOEA,449,3,389.39,5146.42,0 142 339 174 132 120 269 321 299 340 233 135 88 249 35 235 161 68 58 34 231 289 366 267 228 141 266 303 357 319 86 199 156 94 230 374 92 11 36 397 350 311 4 314 193 0,88
PFG_MOEA,449,4,389.39,5146.42,0 182 172 38 0,
PFG_MOEA,449,5,389.39,5146.42,0 37 322 121 146 320 364 393 3 229 308 356 264 259 246 42 300 329 112 152 191 165 200 221 242 96 0,152 264 329
PFG_MOEA,449,6,389.39,5146.42,0 129 33 71 224 260 0,
PFG_MOEA,449,7,389.39,5146.42,0 399 247 255 1 262 250 28 345 377 395 400 394 188 301 372 21 167 291 139 149 157 63 316 387 17 43 73 254 327 183 354 69 215 85 93 179 232 225 97 148 48 238 330 192 31 304 0,395
PFG_MOEA,449,8,389.39,5146.42,0 16 15 168 203 369 380 391 271 39 268 272 30 66 166 205 208 6 204 154 305 326 283 65 297 62 241 110 140 286 317 333 180 220 158 189 64 20 126 124 7 56 217 55 25 367 170 361 209 398 227 234 213 190 251 175 99 315 346 265 390 18 103 155 83 378 54 46 287 10 383 382 41 0,7 16 20 103 272
PFG_MOEA,449,9,389.39,5146.42,0 82 178 117 243 368 376 258 353 153 171 87 278 210 143 237 256 274 49 100 282 310 104 102 277 275 194 323 363 352 101 198 95 222 138 122 276 336 252 236 128 23 381 90 119 2 12 0,
PFG_MOEA,449,10,389.39,5146.42,0 344 349 351 280 309 5 79 160 50 60 257 270 379 195 45 348 75 328 248 290 343 187 0,
PFG_MOEA,449,11,389.39,5146.42,0 214 295 40 32 239 370 342 144 176 150 47 9 125 216 89 61 207 307 313 359 206 253 365 360 335 0,176
PFG_MOEA,449,12,389.39,5146.42,0 338 202 306 196 296 347 332 324 147 211 244 223 0,
PFG_MOEA,450,1,413.96,4915.5,0 187 206 253 365 359 313 307 207 61 12 89 2 119 128 236 252 336 138 163 222 95 198 351 280 237 256 274 49 100 102 277 275 194 323 363 352 101 53 293 133 331 285 392 122 239 276 32 40 295 23 381 90 113 81 29 76 116 111 384 337 358 181 177 288 385 240 396 245 115 22 118 185 214 0,245 381
PFG_MOEA,450,2,413.96,4915.5,0 281 84 131 325 355 114 389 186 134 341 298 26 334 0,
PFG_MOEA,450,3,413.96,4915.5,0 371 219 105 162 159 74 279 91 24 212 375 284 14 184 318 70 292 263 8 373 169 108 72 52 130 44 386 362 201 312 67 164 107 302 173 106 261 388 197 218 151 77 273 136 137 59 0,
PFG_MOEA,450,4,413.96,4915.5,0 57 127 109 226 0,
PFG_MOEA,450,5,413.96,4915.5,0 19 0,
PFG_MOEA,450,6,413.96,4915.5,0 38 303 357 266 141 86 199 228 267 366 289 231 34 58 68 161 235 35 249 88 135 233 319 182 172 13 80 0,88
PFG_MOEA,450,7,413.96,4915.5,0 399 397 36 11 92 156 94 230 374 350 311 4 314 193 340 299 321 269 120 142 37 51 123 145 132 339 322 121 146 294 174 320 364 393 3 229 308 356 264 259 246 42 300 329 112 191 165 200 221 242 96 0,11 340 374 393
PFG_MOEA,450,8,413.96,4915.5,0 152 247 255 1 262 250 28 345 377 395 400 394 188 301 372 21 167 291 139 149 157 63 316 387 327 17 43 85 215 73 254 183 354 69 265 346 315 99 175 251 190 390 18 103 155 83 378 213 234 227 398 93 0,1 152 175 227
PFG_MOEA,450,9,413.96,4915.5,0 304 31 48 192 330 238 129 148 260 391 271 39 268 272 30 66 166 205 208 6 204 154 305 326 283 65 297 62 241 110 140 286 317 333 180 220 158 189 64 20 126 124 7 56 217 55 25 367 170 361 209 71 33 97 225 232 179 224 0,55 391
PFG_MOEA,450,10,413.96,4915.5,0 287 10 383 382 0,
PFG_MOEA,450,11,413.96,4915.5,0 16 15 168 203 369 380 82 178 117 243 349 344 54 46 41 0,
PFG_MOEA,450,12,413.96,4915.5,0 335 360 216 150 9 47 125 309 5 343 290 368 376 258 248 328 75 171 87 278 153 353 348 45 210 195 379 270 257 60 50 160 79 143 282 310 104 223 244 211 324 147 332 347 296 196 78 98 27 176 144 342 370 306 202 338 0,
PFG_MOEA,451,1,759.34,4800.0,0 219 341 105 389 114 84 131 355 325 29 81 113 76 116 111 384 337 358 181 177 288 385 240 396 245 115 392 285 331 133 293 53 163 150 9 125 47 216 89 61 206 253 365 0,245
PFG_MOEA,451,2,759.34,4800.0,0 22 134 186 162 159 279 74 284 184 318 70 292 263 8 373 169 108 14 375 212 24 91 0,318
PFG_MOEA,451,3,759.34,4800.0,0 304 31 48 148 260 224 71 33 129 238 330 192 200 165 112 191 152 127 57 109 59 137 273 136 247 17 43 85 215 73 254 69 354 183 327 387 157 149 188 394 316 63 262 1 255 250 28 42 400 395 377 345 356 264 259 246 308 229 197 218 151 77 107 164 67 302 388 3 106 173 261 320 364 393 312 201 362 329 300 123 51 145 322 121 146 294 174 339 132 120 142 37 269 321 299 340 233 135 88 249 35 161 235 68 58 34 386 231 289 366 267 228 44 130 52 72 303 357 319 266 141 86 92 199 156 94 230 311 374 11 36 397 350 4 314 193 182 172 13 19 226 221 242 96 80 38 0,33 106 174 200 303 311 394
PFG_MOEA,451,4,759.34,4800.0,0 378 83 155 103 18 190 251 175 99 315 346 372 301 167 21 139 291 265 390 234 0,
PFG_MOEA,451,5,759.34,4800.0,0 179 391 271 39 30 272 268 46 54 93 398 227 213 232 0,391
PFG_MOEA,451,6,759.34,4800.0,0 225 0,
PFG_MOEA,451,7,759.34,4800.0,0 97 209 361 170 367 0,
PFG_MOEA,451,8,759.34,4800.0,0 399 15 168 203 338 202 306 370 342 144 176 27 98 78 196 369 380 16 41 82 178 117 243 344 349 66 343 290 368 376 258 248 328 75 348 353 45 210 278 153 171 87 6 208 205 166 158 189 220 241 62 297 65 283 204 154 305 326 110 140 180 333 317 286 25 55 217 56 7 124 126 20 64 287 10 383 382 0,62 66 205 220 342
PFG_MOEA,451,9,759.34,4800.0,0 2 119 128 295 40 32 276 239 122 296 332 347 138 336 222 95 101 194 147 324 275 323 363 352 277 102 223 244 211 104 310 100 282 143 79 160 50 60 257 270 379 195 5 309 280 351 237 256 274 49 198 252 236 0,
PFG_MOEA,451,10,759.34,4800.0,0 381 23 90 12 207 307 0,
PFG_MOEA,451,11,759.34,4800.0,0 335 187 359 313 360 214 0,
PFG_MOEA,451,12,759.34,4800.0,0 185 118 281 26 334 298 371 0,
PFG_MOEA,452,1,314.81,5596.11,0 12 90 128 236 252 336 276 138 222 198 49 274 256 237 351 280 309 5 290 343 313 207 0,222
PFG_MOEA,452,2,314.81,5596.11,0 91 292 263 8 373 169 108 14 375 212 24 371 219 341 298 334 26 281 118 185 214 295 40 32 239 122 95 101 352 363 323 194 275 277 102 100 23 381 119 2 307 359 187 148 48 31 304 0,23
PFG_MOEA,452,3,314.81,5596.11,0 260 224 71 33 127 152 191 112 165 200 129 238 330 192 0,33
PFG_MOEA,452,4,314.81,5596.11,0 57 67 302 173 106 3 388 164 107 77 151 218 197 229 308 246 259 264 356 345 377 395 400 42 28 250 255 1 262 63 316 394 188 149 157 387 327 183 354 69 254 73 215 85 43 17 247 136 273 137 59 109 0,
PFG_MOEA,452,5,314.81,5596.11,0 329 300 362 123 51 145 322 121 146 201 261 320 364 393 312 294 174 339 132 206 253 365 360 335 0,362 393
PFG_MOEA,452,6,314.81,5596.11,0 61 358 181 177 288 385 240 396 245 115 392 285 331 133 293 53 163 150 9 125 47 216 89 0,
PFG_MOEA,452,7,314.81,5596.11,0 80 13 19 226 35 161 235 58 34 386 231 289 366 267 228 44 130 52 72 318 70 184 284 74 279 159 162 389 114 355 325 384 337 111 116 76 113 81 29 131 84 105 186 134 22 0,
PFG_MOEA,452,8,314.81,5596.11,0 38 96 242 221 172 182 397 350 311 4 314 193 230 94 156 374 36 11 92 319 357 303 266 141 86 199 68 135 88 249 233 340 299 321 269 120 142 37 301 21 139 291 167 372 346 315 99 175 251 0,182
PFG_MOEA,452,9,314.81,5596.11,0 97 225 232 179 391 271 158 241 62 297 65 283 204 154 305 326 110 140 286 317 333 180 220 126 124 7 56 217 55 25 367 170 361 209 227 234 213 190 390 265 18 103 155 83 378 398 93 54 46 268 272 30 39 0,65 154
PFG_MOEA,452,10,314.81,5596.11,0 399 15 16 380 41 82 178 117 243 344 349 20 189 64 166 205 208 6 87 171 153 278 210 353 258 376 368 66 287 10 383 382 0,243
PFG_MOEA,452,11,314.81,5596.11,0 369 338 203 168 0,
PFG_MOEA,452,12,314.81,5596.11,0 202 306 370 342 144 176 27 98 78 196 296 347 332 324 147 211 244 223 104 310 282 143 79 160 50 60 257 270 379 195 45 348 75 328 248 0,370
PFG_MOEA,453,1,411.21,4974.5,0 12 90 381 23 32 276 239 336 138 222 198 49 274 256 237 351 280 252 236 128 119 2 0,23
PFG_MOEA,453,2,411.21,4974.5,0 22 118 185 214 295 40 122 392 285 331 133 293 53 101 352 363 323 194 275 277 102 100 95 163 61 89 207 307 313 359 365 253 206 187 0,22 100
PFG_MOEA,453,3,411.21,4974.5,0 115 0,
PFG_MOEA,453,4,411.21,4974.5,0 245 396 240 385 288 177 181 358 337 384 111 116 76 113 81 29 325 355 0,
PFG_MOEA,453,5,411.21,4974.5,0 281 26 334 298 341 134 186 131 84 114 389 105 219 371 162 159 74 279 91 24 212 375 284 14 184 318 70 292 263 8 373 169 108 72 52 130 44 386 362 201 312 67 164 107 302 173 106 261 388 197 218 151 77 273 136 137 59 109 127 57 226 19 13 80 0,77 106 284
PFG_MOEA,453,6,411.21,4974.5,0 38 172 182 319 303 357 266 141 86 199 228 267 366 289 231 34 58 68 161 235 35 249 88 135 233 156 94 230 374 92 11 36 397 350 311 4 314 193 340 299 321 269 120 142 37 51 123 145 132 339 322 121 146 294 174 320 364 393 3 229 308 356 264 259 246 42 300 329 112 221 242 96 0,51 174 229 246 299
PFG_MOEA,453,7,411.21,4974.5,0 399 200 165 191 152 247 255 1 262 250 28 345 377 395 400 394 188 301 372 21 167 291 139 149 157 63 316 387 327 17 43 85 215 73 254 183 354 69 265 346 315 99 175 251 190 390 18 103 155 83 378 213 234 227 398 93 224 179 232 225 97 71 33 260 148 238 129 330 192 48 31 304 0,93
PFG_MOEA,453,8,411.21,4974.5,0 382 383 10 391 271 39 46 54 268 272 30 66 166 205 208 6 204 154 305 326 283 65 297 62 241 110 140 286 317 333 180 220 158 189 64 20 126 124 7 56 217 55 25 367 170 361 209 287 0,55 62 66 220
PFG_MOEA,453,9,411.21,4974.5,0 380 0,
PFG_MOEA,453,10,411.21,4974.5,0 16 369 15 0,
PFG_MOEA,453,11,411.21,4974.5,0 168 203 178 82 41 0,178
PFG_MOEA,453,12,411.21,4974.5,0 335 360 338 202 306 370 342 144 176 27 98 78 196 296 347 332 216 47 125 9 150 147 324 211 244 223 104 310 282 143 309 5 195 379 79 160 50 60 270 257 210 45 153 278 87 171 353 348 75 328 248 258 376 368 290 343 349 344 243 117 0,
PFG_MOEA,454,1,312.55,5795.78,0 336 138 239 122 296 347 332 324 275 277 104 211 244 223 102 352 363 323 194 147 101 95 222 0,122 211 222 277
PFG_MOEA,454,2,312.55,5795.78,0 335 360 207 307 313 359 187 100 310 282 143 79 160 50 60 257 270 379 195 5 309 280 351 237 256 274 49 198 252 236 381 23 90 12 214 185 118 281 26 334 298 371 72 52 130 44 386 80 0,5 307
PFG_MOEA,454,3,312.55,5795.78,0 13 19 226 57 127 109 59 137 136 273 77 151 218 197 388 261 106 173 302 107 164 67 312 201 362 123 51 145 294 174 339 132 142 120 269 321 299 0,174
PFG_MOEA,454,4,312.55,5795.78,0 340 233 135 88 249 35 235 161 68 58 34 231 289 366 267 228 141 266 303 357 319 86 199 156 94 0,303
PFG_MOEA,454,5,312.55,5795.78,0 38 172 182 397 36 11 92 374 230 311 350 4 314 193 37 322 121 146 320 364 393 3 229 308 356 264 259 246 42 300 329 112 191 152 221 242 96 0,42 264
PFG_MOEA,454,6,312.55,5795.78,0 200 165 129 0,
PFG_MOEA,454,7,312.55,5795.78,0 304 330 395 400 394 188 301 372 21 167 291 139 149 157 63 316 387 17 43 33 71 224 260 0,
PFG_MOEA,454,8,312.55,5795.78,0 399 247 28 250 345 377 262 1 255 327 254 73 215 85 93 179 232 225 97 148 238 192 48 31 0,93
PFG_MOEA,454,9,312.55,5795.78,0 378 69 183 354 265 346 315 99 175 251 190 390 18 103 155 83 234 213 227 398 209 361 170 367 25 55 217 56 7 180 333 317 286 140 110 62 297 65 283 326 305 154 204 6 208 241 220 158 189 64 20 126 124 0,175
PFG_MOEA,454,10,312.55,5795.78,0 287 382 383 10 268 272 30 66 166 205 271 39 391 53 293 133 331 285 392 115 245 396 240 385 288 177 181 358 337 384 111 116 76 113 81 29 325 355 131 84 114 389 105 341 219 0,
PFG_MOEA,454,11,312.55,5795.78,0 91 24 212 375 14 108 169 373 8 263 292 70 318 184 284 74 279 159 162 22 134 186 89 216 47 125 9 150 163 61 365 253 206 46 54 0,
PFG_MOEA,454,12,312.55,5795.78,0 41 82 178 117 243 344 349 343 290 368 376 258 248 328 75 171 87 153 278 210 45 353 348 2 119 128 295 40 32 276 196 78 98 27 176 144 342 370 306 202 338 203 168 369 380 16 15 0,16 87 203
PFG_MOEA,455,1,389.39,5146.42,0 163 78 53 293 133 331 285 392 98 115 245 27 396 240 385 288 177 181 358 337 384 111 116 76 113 81 29 325 355 131 84 114 389 91 279 74 159 162 371 219 298 341 22 134 186 105 118 185 0,
PFG_MOEA,455,2,389.39,5146.42,0 281 26 334 24 212 375 284 14 184 318 70 292 263 8 373 169 108 72 52 130 44 386 51 145 123 362 201 294 312 67 164 107 302 173 106 261 388 197 218 151 77 273 136 137 59 109 127 57 226 19 13 80 0,
PFG_MOEA,455,3,389.39,5146.42,0 142 339 174 132 120 269 321 299 340 233 135 88 249 35 235 161 68 58 34 231 289 366 267 228 141 266 303 357 319 86 199 156 94 230 374 92 11 36 397 350 311 4 314 193 0,88
PFG_MOEA,455,4,389.39,5146.42,0 182 172 38 0,
PFG_MOEA,455,5,389.39,5146.42,0 37 322 121 146 320 364 393 3 229 308 356 264 259 246 42 300 329 112 152 191 165 200 221 242 96 0,152 264 329
PFG_MOEA,455,6,389.39,5146.42,0 129 33 71 224 260 0,
PFG_MOEA,455,7,389.39,5146.42,0 399 247 255 1 262 250 28 345 377 395 400 394 188 301 372 21 167 291 139 149 157 63 316 387 17 43 73 254 327 183 354 69 215 85 93 179 232 225 97 148 48 238 330 192 31 304 0,395
PFG_MOEA,455,8,389.39,5146.42,0 16 15 168 203 369 380 391 271 39 268 272 30 66 166 205 208 6 204 154 305 326 283 65 297 62 241 110 140 286 317 333 180 220 158 189 64 20 126 124 7 56 217 55 25 367 170 361 209 398 227 234 213 190 251 175 99 315 346 265 390 18 103 155 83 378 54 46 287 10 383 382 41 0,7 16 20 103 272
PFG_MOEA,455,9,389.39,5146.42,0 82 178 117 243 368 376 258 353 153 171 87 278 210 143 237 256 274 49 100 282 310 104 102 277 275 194 323 363 352 101 198 95 222 138 122 276 336 252 236 128 23 381 90 119 2 12 0,
PFG_MOEA,455,10,389.39,5146.42,0 344 349 351 280 309 5 79 160 50 60 257 270 379 195 45 348 75 328 248 290 343 187 0,
PFG_MOEA,455,11,389.39,5146.42,0 214 295 40 32 239 370 342 144 176 150 47 9 125 216 89 61 207 307 313 359 206 253 365 360 335 0,176
PFG_MOEA,455,12,389.39,5146.42,0 338 202 306 196 296 347 332 324 147 211 244 223 0,
PFG_MOEA,456,1,413.96,4915.5,0 187 206 253 365 359 313 307 207 61 12 89 2 119 128 236 252 336 138 163 222 95 198 351 280 237 256 274 49 100 102 277 275 194 323 363 352 101 53 293 133 331 285 392 122 239 276 32 40 295 23 381 90 113 81 29 76 116 111 384 337 358 181 177 288 385 240 396 245 115 22 118 185 214 0,245 381
PFG_MOEA,456,2,413.96,4915.5,0 281 84 131 325 355 114 389 186 134 341 298 26 334 0,
PFG_MOEA,456,3,413.96,4915.5,0 371 219 105 162 159 74 279 91 24 212 375 284 14 184 318 70 292 263 8 373 169 108 72 52 130 44 386 362 201 312 67 164 107 302 173 106 261 388 197 218 151 77 273 136 137 59 0,
PFG_MOEA,456,4,413.96,4915.5,0 57 127 109 226 0,
PFG_MOEA,456,5,413.96,4915.5,0 19 0,
PFG_MOEA,456,6,413.96,4915.5,0 38 303 357 266 141 86 199 228 267 366 289 231 34 58 68 161 235 35 249 88 135 233 319 182 172 13 80 0,88
PFG_MOEA,456,7,413.96,4915.5,0 399 397 36 11 92 156 94 230 374 350 311 4 314 193 340 299 321 269 120 142 37 51 123 145 132 339 322 121 146 294 174 320 364 393 3 229 308 356 264 259 246 42 300 329 112 191 165 200 221 242 96 0,11 340 374 393
PFG_MOEA,456,8,413.96,4915.5,0 152 247 255 1 262 250 28 345 377 395 400 394 188 301 372 21 167 291 139 149 157 63 316 387 327 17 43 85 215 73 254 183 354 69 265 346 315 99 175 251 190 390 18 103 155 83 378 213 234 227 398 93 0,1 152 175 227
PFG_MOEA,456,9,413.96,4915.5,0 304 31 48 192 330 238 129 148 260 391 271 39 268 272 30 66 166 205 208 6 204 154 305 326 283 65 297 62 241 110 140 286 317 333 180 220 158 189 64 20 126 124 7 56 217 55 25 367 170 361 209 71 33 97 225 232 179 224 0,55 391
PFG_MOEA,456,10,413.96,4915.5,0 287 10 383 382 0,
PFG_MOEA,456,11,413.96,4915.5,0 16 15 168 203 369 380 82 178 117 243 349 344 54 46 41 0,
PFG_MOEA,456,12,413.96,4915.5,0 335 360 216 150 9 47 125 309 5 343 290 368 376 258 248 328 75 171 87 278 153 353 348 45 210 195 379 270 257 60 50 160 79 143 282 310 104 223 244 211 324 147 332 347 296 196 78 98 27 176 144 342 370 306 202 338 0,
PFG_MOEA,457,1,759.34,4800.0,0 219 341 105 389 114 84 131 355 325 29 81 113 76 116 111 384 337 358 181 177 288 385 240 396 245 115 392 285 331 133 293 53 163 150 9 125 47 216 89 61 206 253 365 0,245
PFG_MOEA,457,2,759.34,4800.0,0 22 134 186 162 159 279 74 284 184 318 70 292 263 8 373 169 108 14 375 212 24 91 0,318
PFG_MOEA,457,3,759.34,4800.0,0 304 31 48 148 260 224 71 33 129 238 330 192 200 165 112 191 152 127 57 109 59 137 273 136 247 17 43 85 215 73 254 69 354 183 327 387 157 149 188 394 316 63 262 1 255 250 28 42 400 395 377 345 356 264 259 246 308 229 197 218 151 77 107 164 67 302 388 3 106 173 261 320 364 393 312 201 362 329 300 123 51 145 322 121 146 294 174 339 132 120 142 37 269 321 299 340 233 135 88 249 35 161 235 68 58 34 386 231 289 366 267 228 44 130 52 72 303 357 319 266 141 86 92 199 156 94 230 311 374 11 36 397 350 4 314 193 182 172 13 19 226 221 242 96 80 38 0,33 106 174 200 303 311 394
PFG_MOEA,457,4,759.34,4800.0,0 378 83 155 103 18 190 251 175 99 315 346 372 301 167 21 139 291 265 390 234 0,
PFG_MOEA,457,5,759.34,4800.0,0 179 391 271 39 30 272 268 46 54 93 398 227 213 232 0,391
PFG_MOEA,457,6,759.34,4800.0,0 225 0,
PFG_MOEA,457,7,759.34,4800.0,0 97 209 361 170 367 0,
PFG_MOEA,457,8,759.34,4800.0,0 399 15 168 203 338 202 306 370 342 144 176 27 98 78 196 369 380 16 41 82 178 117 243 344 349 66 343 290 368 376 258 248 328 75 348 353 45 210 278 153 171 87 6 208 205 166 158 189 220 241 62 297 65 283 204 154 305 326 110 140 180 333 317 286 25 55 217 56 7 124 126 20 64 287 10 383 382 0,62 66 205 220 342
PFG_MOEA,457,9,759.34,4800.0,0 2 119 128 295 40 32 276 239 122 296 332 347 138 336 222 95 101 194 147 324 275 323 363 352 277 102 223 244 211 104 310 100 282 143 79 160 50 60 257 270 379 195 5 309 280 351 237 256 274 49 198 252 236 0,
PFG_MOEA,457,10,759.34,4800.0,0 381 23 90 12 207 307 0,
PFG_MOEA,457,11,759.34,4800.0,0 335 187 359 313 360 214 0,
PFG_MOEA,457,12,759.34,4800.0,0 185 118 281 26 334 298 371 0,
PFG_MOEA,458,1,314.81,5596.11,0 12 90 128 236 252 336 276 138 222 198 49 274 256 237 351 280 309 5 290 343 313 207 0,222
PFG_MOEA,458,2,314.81,5596.11,0 91 292 263 8 373 169 108 14 375 212 24 371 219 341 298 334 26 281 118 185 214 295 40 32 239 122 95 101 352 363 323 194 275 277 102 100 23 381 119 2 307 359 187 148 48 31 304 0,23
PFG_MOEA,458,3,314.81,5596.11,0 260 224 71 33 127 152 191 112 165 200 129 238 330 192 0,33
PFG_MOEA,458,4,314.81,5596.11,0 57 67 302 173 106 3 388 164 107 77 151 218 197 229 308 246 259 264 356 345 377 395 400 42 28 250 255 1 262 63 316 394 188 149 157 387 327 183 354 69 254 73 215 85 43 17 247 136 273 137 59 109 0,
PFG_MOEA,458,5,314.81,5596.11,0 329 300 362 123 51 145 322 121 146 201 261 320 364 393 312 294 174 339 132 206 253 365 360 335 0,362 393
PFG_MOEA,458,6,314.81,5596.11,0 61 358 181 177 288 385 240 396 245 115 392 285 331 133 293 53 163 150 9 125 47 216 89 0,
PFG_MOEA,458,7,314.81,5596.11,0 80 13 19 226 35 161 235 58 34 386 231 289 366 267 228 44 130 52 72 318 70 184 284 74 279 159 162 389 114 355 325 384 337 111 116 76 113 81 29 131 84 105 186 134 22 0,
PFG_MOEA,458,8,314.81,5596.11,0 38 96 242 221 172 182 397 350 311 4 314 193 230 94 156 374 36 11 92 319 357 303 266 141 86 199 68 135 88 249 233 340 299 321 269 120 142 37 301 21 139 291 167 372 346 315 99 175 251 0,182
PFG_MOEA,458,9,314.81,5596.11,0 97 225 232 179 391 271 158 241 62 297 65 283 204 154 305 326 110 140 286 317 333 180 220 126 124 7 56 217 55 25 367 170 361 209 227 234 213 190 390 265 18 103 155 83 378 398 93 54 46 268 272 30 39 0,65 154
PFG_MOEA,458,10,314.81,5596.11,0 399 15 16 380 41 82 178 117 243 344 349 20 189 64 166 205 208 6 87 171 153 278 210 353 258 376 368 66 287 10 383 382 0,243
PFG_MOEA,458,11,314.81,5596.11,0 369 338 203 168 0,
PFG_MOEA,458,12,314.81,5596.11,0 202 306 370 342 144 176 27 98 78 196 296 347 332 324 147 211 244 223 104 310 282 143 79 160 50 60 257 270 379 195 45 348 75 328 248 0,370
PFG_MOEA,459,1,411.21,4974.5,0 12 90 381 23 32 276 239 336 138 222 198 49 274 256 237 351 280 252 236 128 119 2 0,23
PFG_MOEA,459,2,411.21,4974.5,0 22 118 185 214 295 40 122 392 285 331 133 293 53 101 352 363 323 194 275 277 102 100 95 163 61 89 207 307 313 359 365 253 206 187 0,22 100
PFG_MOEA,459,3,411.21,4974.5,0 115 0,
PFG_MOEA,459,4,411.21,4974.5,0 245 396 240 385 288 177 181 358 337 384 111 116 76 113 81 29 325 355 0,
PFG_MOEA,459,5,411.21,4974.5,0 281 26 334 298 341 134 186 131 84 114 389 105 219 371 162 159 74 279 91 24 212 375 284 14 184 318 70 292 263 8 373 169 108 72 52 130 44 386 362 201 312 67 164 107 302 173 106 261 388 197 218 151 77 273 136 137 59 109 127 57 226 19 13 80 0,77 106 284
PFG_MOEA,459,6,411.21,4974.5,0 38 172 182 319 303 357 266 141 86 199 228 267 366 289 231 34 58 68 161 235 35 249 88 135 233 156 94 230 374 92 11 36 397 350 311 4 314 193 340 299 321 269 120 142 37 51 123 145 132 339 322 121 146 294 174 320 364 393 3 229 308 356 264 259 246 42 300 329 112 221 242 96 0,51 174 229 246 299
PFG_MOEA,459,7,411.21,4974.5,0 399 200 165 191 152 247 255 1 262 250 28 345 377 395 400 394 188 301 372 21 167 291 139 149 157 63 316 387 327 17 43 85 215 73 254 183 354 69 265 346 315 99 175 251 190 390 18 103 155 83 378 213 234 227 398 93 224 179 232 225 97 71 33 260 148 238 129 330 192 48 31 304 0,93
PFG_MOEA,459,8,411.21,4974.5,0 382 383 10 391 271 39 46 54 268 272 30 66 166 205 208 6 204 154 305 326 283 65 297 62 241 110 140 286 317 333 180 220 158 189 64 20 126 124 7 56 217 55 25 367 170 361 209 287 0,55 62 66 220
PFG_MOEA,459,9,411.21,4974.5,0 380 0,
PFG_MOEA,459,10,411.21,4974.5,0 16 369 15 0,
PFG_MOEA,459,11,411.21,4974.5,0 168 203 178 82 41 0,178
PFG_MOEA,459,12,411.21,4974.5,0 335 360 338 202 306 370 342 144 176 27 98 78 196 296 347 332 216 47 125 9 150 147 324 211 244 223 104 310 282 143 309 5 195 379 79 160 50 60 270 257 210 45 153 278 87 171 353 348 75 328 248 258 376 368 290 343 349 344 243 117 0,
PFG_MOEA,460,1,312.55,5795.78,0 336 138 239 122 296 347 332 324 275 277 104 211 244 223 102 352 363 323 194 147 101 95 222 0,122 211 222 277
PFG_MOEA,460,2,312.55,5795.78,0 335 360 207 307 313 359 187 100 310 282 143 79 160 50 60 257 270 379 195 5 309 280 351 237 256 274 49 198 252 236 381 23 90 12 214 185 118 281 26 334 298 371 72 52 130 44 386 80 0,5 307
PFG_MOEA,460,3,312.55,5795.78,0 13 19 226 57 127 109 59 137 136 273 77 151 218 197 388 261 106 173 302 107 164 67 312 201 362 123 51 145 294 174 339 132 142 120 269 321 299 0,174
PFG_MOEA,460,4,312.55,5795.78,0 340 233 135 88 249 35 235 161 68 58 34 231 289 366 267 228 141 266 303 357 319 86 199 156 94 0,303
PFG_MOEA,460,5,312.55,5795.78,0 38 172 182 397 36 11 92 374 230 311 350 4 314 193 37 322 121 146 320 364 393 3 229 308 356 264 259 246 42 300 329 112 191 152 221 242 96 0,42 264
PFG_MOEA,460,6,312.55,5795.78,0 200 165 129 0,
PFG_MOEA,460,7,312.55,5795.78,0 304 330 395 400 394 188 301 372 21 167 291 139 149 157 63 316 387 17 43 33 71 224 260 0,
PFG_MOEA,460,8,312.55,5795.78,0 399 247 28 250 345 377 262 1 255 327 254 73 215 85 93 179 232 225 97 148 238 192 48 31 0,93
PFG_MOEA,460,9,312.55,5795.78,0 378 69 183 354 265 346 315 99 175 251 190 390 18 103 155 83 234 213 227 398 209 361 170 367 25 55 217 56 7 180 333 317 286 140 110 62 297 65 283 326 305 154 204 6 208 241 220 158 189 64 20 126 124 0,175
PFG_MOEA,460,10,312.55,5795.78,0 287 382 383 10 268 272 30 66 166 205 271 39 391 53 293 133 331 285 392 115 245 396 240 385 288 177 181 358 337 384 111 116 76 113 81 29 325 355 131 84 114 389 105 341 219 0,
PFG_MOEA,460,11,312.55,5795.78,0 91 24 212 375 14 108 169 373 8 263 292 70 318 184 284 74 279 159 162 22 134 186 89 216 47 125 9 150 163 61 365 253 206 46 54 0,
PFG_MOEA,460,12,312.55,5795.78,0 41 82 178 117 243 344 349 343 290 368 376 258 248 328 75 171 87 153 278 210 45 353 348 2 119 128 295 40 32 276 196 78 98 27 176 144 342 370 306 202 338 203 168 369 380 16 15 0,16 87 203
PFG_MOEA,461,1,389.39,5146.42,0 163 78 53 293 133 331 285 392 98 115 245 27 396 240 385 288 177 181 358 337 384 111 116 76 113 81 29 325 355 131 84 114 389 91 279 74 159 162 371 219 298 341 22 134 186 105 118 185 0,
PFG_MOEA,461,2,389.39,5146.42,0 281 26 334 24 212 375 284 14 184 318 70 292 263 8 373 169 108 72 52 130 44 386 51 145 123 362 201 294 312 67 164 107 302 173 106 261 388 197 218 151 77 273 136 137 59 109 127 57 226 19 13 80 0,
PFG_MOEA,461,3,389.39,5146.42,0 142 339 174 132 120 269 321 299 340 233 135 88 249 35 235 161 68 58 34 231 289 366 267 228 141 266 303 357 319 86 199 156 94 230 374 92 11 36 397 350 311 4 314 193 0,88
PFG_MOEA,461,4,389.39,5146.42,0 182 172 38 0,
PFG_MOEA,461,5,389.39,5146.42,0 37 322 121 146 320 364 393 3 229 308 356 264 259 246 42 300 329 112 152 191 165 200 221 242 96 0,152 264 329
PFG_MOEA,461,6,389.39,5146.42,0 129 33 71 224 260 0,
PFG_MOEA,461,7,389.39,5146.42,0 399 247 255 1 262 250 28 345 377 395 400 394 188 301 372 21 167 291 139 149 157 63 316 387 17 43 73 254 327 183 354 69 215 85 93 179 232 225 97 148 48 238 330 192 31 304 0,395
PFG_MOEA,461,8,389.39,5146.42,0 16 15 168 203 369 380 391 271 39 268 272 30 66 166 205 208 6 204 154 305 326 283 65 297 62 241 110 140 286 317 333 180 220 158 189 64 20 126 124 7 56 217 55 25 367 170 361 209 398 227 234 213 190 251 175 99 315 346 265 390 18 103 155 83 378 54 46 287 10 383 382 41 0,7 16 20 103 272
PFG_MOEA,461,9,389.39,5146.42,0 82 178 117 243 368 376 258 353 153 171 87 278 210 143 237 256 274 49 100 282 310 104 102 277 275 194 323 363 352 101 198 95 222 138 122 276 336 252 236 128 23 381 90 119 2 12 0,
PFG_MOEA,461,10,389.39,5146.42,0 344 349 351 280 309 5 79 160 50 60 257 270 379 195 45 348 75 328 248 290 343 187 0,
PFG_MOEA,461,11,389.39,5146.42,0 214 295 40 32 239 370 342 144 176 150 47 9 125 216 89 61 207 307 313 359 206 253 365 360 335 0,176
PFG_MOEA,461,12,389.39,5146.42,0 338 202 306 196 296 347 332 324 147 211 244 223 0,
PFG_MOEA,462,1,413.96,4915.5,0 187 206 253 365 359 313 307 207 61 12 89 2 119 128 236 252 336 138 163 222 95 198 351 280 237 256 274 49 100 102 277 275 194 323 363 352 101 53 293 133 331 285 392 122 239 276 32 40 295 23 381 90 113 81 29 76 116 111 384 337 358 181 177 288 385 240 396 245 115 22 118 185 214 0,245 381
PFG_MOEA,462,2,413.96,4915.5,0 281 84 131 325 355 114 389 186 134 341 298 26 334 0,
PFG_MOEA,462,3,413.96,4915.5,0 371 219 105 162 159 74 279 91 24 212 375 284 14 184 318 70 292 263 8 373 169 108 72 52 130 44 386 362 201 312 67 164 107 302 173 106 261 388 197 218 151 77 273 136 137 59 0,
PFG_MOEA,462,4,413.96,4915.5,0 57 127 109 226 0,
PFG_MOEA,462,5,413.96,4915.5,0 19 0,
PFG_MOEA,462,6,413.96,4915.5,0 38 303 357 266 141 86 199 228 267 366 289 231 34 58 68 161 235 35 249 88 135 233 319 182 172 13 80 0,88
PFG_MOEA,462,7,413.96,4915.5,0 399 397 36 11 92 156 94 230 374 350 311 4 314 193 340 299 321 269 120 142 37 51 123 145 132 339 322 121 146 294 174 320 364 393 3 229 308 356 264 259 246 42 300 329 112 191 165 200 221 242 96 0,11 340 374 393
PFG_MOEA,462,8,413.96,4915.5,0 152 247 255 1 262 250 28 345 377 395 400 394 188 301 372 21 167 291 139 149 157 63 316 387 327 17 43 85 215 73 254 183 354 69 265 346 315 99 175 251 190 390 18 103 155 83 378 213 234 227 398 93 0,1 152 175 227
PFG_MOEA,462,9,413.96,4915.5,0 304 31 48 192 330 238 129 148 260 391 271 39 268 272 30 66 166 205 208 6 204 154 305 326 283 65 297 62 241 110 140 286 317 333 180 220 158 189 64 20 126 124 7 56 217 55 25 367 170 361 209 71 33 97 225 232 179 224 0,55 391
PFG_MOEA,462,10,413.96,4915.5,0 287 10 383 382 0,
PFG_MOEA,462,11,413.96,4915.5,0 16 15 168 203 369 380 82 178 117 243 349 344 54 46 41 0,
PFG_MOEA,462,12,413.96,4915.5,0 335 360 216 150 9 47 125 309 5 343 290 368 376 258 248 328 75 171 87 278 153 353 348 45 210 195 379 270 257 60 50 160 79 143 282 310 104 223 244 211 324 147 332 347 296 196 78 98 27 176 144 342 370 306 202 338 0,
PFG_MOEA,463,1,759.34,4800.0,0 219 341 105 389 114 84 131 355 325 29 81 113 76 116 111 384 337 358 181 177 288 385 240 396 245 115 392 285 331 133 293 53 163 150 9 125 47 216 89 61 206 253 365 0,245
PFG_MOEA,463,2,759.34,4800.0,0 22 134 186 162 159 279 74 284 184 318 70 292 263 8 373 169 108 14 375 212 24 91 0,318
PFG_MOEA,463,3,759.34,4800.0,0 304 31 48 148 260 224 71 33 129 238 330 192 200 165 112 191 152 127 57 109 59 137 273 136 247 17 43 85 215 73 254 69 354 183 327 387 157 149 188 394 316 63 262 1 255 250 28 42 400 395 377 345 356 264 259 246 308 229 197 218 151 77 107 164 67 302 388 3 106 173 261 320 364 393 312 201 362 329 300 123 51 145 322 121 146 294 174 339 132 120 142 37 269 321 299 340 233 135 88 249 35 161 235 68 58 34 386 231 289 366 267 228 44 130 52 72 303 357 319 266 141 86 92 199 156 94 230 311 374 11 36 397 350 4 314 193 182 172 13 19 226 221 242 96 80 38 0,33 106 174 200 303 311 394
PFG_MOEA,463,4,759.34,4800.0,0 378 83 155 103 18 190 251 175 99 315 346 372 301 167 21 139 291 265 390 234 0,
PFG_MOEA,463,5,759.34,4800.0,0 179 391 271 39 30 272 268 46 54 93 398 227 213 232 0,391
PFG_MOEA,463,6,759.34,4800.0,0 225 0,
PFG_MOEA,463,7,759.34,4800.0,0 97 209 361 170 367 0,
PFG_MOEA,463,8,759.34,4800.0,0 399 15 168 203 338 202 306 370 342 144 176 27 98 78 196 369 380 16 41 82 178 117 243 344 349 66 343 290 368 376 258 248 328 75 348 353 45 210 278 153 171 87 6 208 205 166 158 189 220 241 62 297 65 283 204 154 305 326 110 140 180 333 317 286 25 55 217 56 7 124 126 20 64 287 10 383 382 0,62 66 205 220 342
PFG_MOEA,463,9,759.34,4800.0,0 2 119 128 295 40 32 276 239 122 296 332 347 138 336 222 95 101 194 147 324 275 323 363 352 277 102 223 244 211 104 310 100 282 143 79 160 50 60 257 270 379 195 5 309 280 351 237 256 274 49 198 252 236 0,
PFG_MOEA,463,10,759.34,4800.0,0 381 23 90 12 207 307 0,
PFG_MOEA,463,11,759.34,4800.0,0 335 187 359 313 360 214 0,
PFG_MOEA,463,12,759.34,4800.0,0 185 118 281 26 334 298 371 0,
PFG_MOEA,464,1,314.81,5596.11,0 12 90 128 236 252 336 276 138 222 198 49 274 256 237 351 280 309 5 290 343 313 207 0,222
PFG_MOEA,464,2,314.81,5596.11,0 91 292 263 8 373 169 108 14 375 212 24 371 219 341 298 334 26 281 118 185 214 295 40 32 239 122 95 101 352 363 323 194 275 277 102 100 23 381 119 2 307 359 187 148 48 31 304 0,23
PFG_MOEA,464,3,314.81,5596.11,0 260 224 71 33 127 152 191 112 165 200 129 238 330 192 0,33
PFG_MOEA,464,4,314.81,5596.11,0 57 67 302 173 106 3 388 164 107 77 151 218 197 229 308 246 259 264 356 345 377 395 400 42 28 250 255 1 262 63 316 394 188 149 157 387 327 183 354 69 254 73 215 85 43 17 247 136 273 137 59 109 0,
PFG_MOEA,464,5,314.81,5596.11,0 329 300 362 123 51 145 322 121 146 201 261 320 364 393 312 294 174 339 132 206 253 365 360 335 0,362 393
PFG_MOEA,464,6,314.81,5596.11,0 61 358 181 177 288 385 240 396 245 115 392 285 331 133 293 53 163 150 9 125 47 216 89 0,
PFG_MOEA,464,7,314.81,5596.11,0 80 13 19 226 35 161 235 58 34 386 231 289 366 267 228 44 130 52 72 318 70 184 284 74 279 159 162 389 114 355 325 384 337 111 116 76 113 81 29 131 84 105 186 134 22 0,
PFG_MOEA,464,8,314.81,5596.11,0 38 96 242 221 172 182 397 350 311 4 314 193 230 94 156 374 36 11 92 319 357 303 266 141 86 199 68 135 88 249 233 340 299 321 269 120 142 37 301 21 139 291 167 372 346 315 99 175 251 0,182
PFG_MOEA,464,9,314.81,5596.11,0 97 225 232 179 391 271 158 241 62 297 65 283 204 154 305 326 110 140 286 317 333 180 220 126 124 7 56 217 55 25 367 170 361 209 227 234 213 190 390 265 18 103 155 83 378 398 93 54 46 268 272 30 39 0,65 154
PFG_MOEA,464,10,314.81,5596.11,0 399 15 16 380 41 82 178 117 243 344 349 20 189 64 166 205 208 6 87 171 153 278 210 353 258 376 368 66 287 10 383 382 0,243
PFG_MOEA,464,11,314.81,5596.11,0 369 338 203 168 0,
PFG_MOEA,464,12,314.81,5596.11,0 202 306 370 342 144 176 27 98 78 196 296 347 332 324 147 211 244 223 104 310 282 143 79 160 50 60 257 270 379 195 45 348 75 328 248 0,370
PFG_MOEA,465,1,411.21,4974.5,0 12 90 381 23 32 276 239 336 138 222 198 49 274 256 237 351 280 252 236 128 119 2 0,23
PFG_MOEA,465,2,411.21,4974.5,0 22 118 185 214 295 40 122 392 285 331 133 293 53 101 352 363 323 194 275 277 102 100 95 163 61 89 207 307 313 359 365 253 206 187 0,22 100
PFG_MOEA,465,3,411.21,4974.5,0 115 0,
PFG_MOEA,465,4,411.21,4974.5,0 245 396 240 385 288 177 181 358 337 384 111 116 76 113 81 29 325 355 0,
PFG_MOEA,465,5,411.21,4974.5,0 281 26 334 298 341 134 186 131 84 114 389 105 219 371 162 159 74 279 91 24 212 375 284 14 184 318 70 292 263 8 373 169 108 72 52 130 44 386 362 201 312 67 164 107 302 173 106 261 388 197 218 151 77 273 136 137 59 109 127 57 226 19 13 80 0,77 106 284
PFG_MOEA,465,6,411.21,4974.5,0 38 172 182 319 303 357 266 141 86 199 228 267 366 289 231 34 58 68 161 235 35 249 88 135 233 156 94 230 374 92 11 36 397 350 311 4 314 193 340 299 321 269 120 142 37 51 123 145 132 339 322 121 146 294 174 320 364 393 3 229 308 356 264 259 246 42 300 329 112 221 242 96 0,51 174 229 246 299
PFG_MOEA,465,7,411.21,4974.5,0 399 200 165 191 152 247 255 1 262 250 28 345 377 395 400 394 188 301 372 21 167 291 139 149 157 63 316 387 327 17 43 85 215 73 254 183 354 69 265 346 315 99 175 251 190 390 18 103 155 83 378 213 234 227 398 93 224 179 232 225 97 71 33 260 148 238 129 330 192 48 31 304 0,93
PFG_MOEA,465,8,411.21,4974.5,0 382 383 10 391 271 39 46 54 268 272 30 66 166 205 208 6 204 154 305 326 283 65 297 62 241 110 140 286 317 333 180 220 158 189 64 20 126 124 7 56 217 55 25 367 170 361 209 287 0,55 62 66 220
PFG_MOEA,465,9,411.21,4974.5,0 380 0,
PFG_MOEA,465,10,411.21,4974.5,0 16 369 15 0,
PFG_MOEA,465,11,411.21,4974.5,0 168 203 178 82 41 0,178
PFG_MOEA,465,12,411.21,4974.5,0 335 360 338 202 306 370 342 144 176 27 98 78 196 296 347 332 216 47 125 9 150 147 324 211 244 223 104 310 282 143 309 5 195 379 79 160 50 60 270 257 210 45 153 278 87 171 353 348 75 328 248 258 376 368 290 343 349 344 243 117 0,
PFG_MOEA,466,1,312.55,5795.78,0 336 138 239 122 296 347 332 324 275 277 104 211 244 223 102 352 363 323 194 147 101 95 222 0,122 211 222 277
PFG_MOEA,466,2,312.55,5795.78,0 335 360 207 307 313 359 187 100 310 282 143 79 160 50 60 257 270 379 195 5 309 280 351 237 256 274 49 198 252 236 381 23 90 12 214 185 118 281 26 334 298 371 72 52 130 44 386 80 0,5 307
PFG_MOEA,466,3,312.55,5795.78,0 13 19 226 57 127 109 59 137 136 273 77 151 218 197 388 261 106 173 302 107 164 67 312 201 362 123 51 145 294 174 339 132 142 120 269 321 299 0,174
PFG_MOEA,466,4,312.55,5795.78,0 340 233 135 88 249 35 235 161 68 58 34 231 289 366 267 228 141 266 303 357 319 86 199 156 94 0,303
PFG_MOEA,466,5,312.55,5795.78,0 38 172 182 397 36 11 92 374 230 311 350 4 314 193 37 322 121 146 320 364 393 3 229 308 356 264 259 246 42 300 329 112 191 152 221 242 96 0,42 264
PFG_MOEA,466,6,312.55,5795.78,0 200 165 129 0,
PFG_MOEA,466,7,312.55,5795.78,0 304 330 395 400 394 188 301 372 21 167 291 139 149 157 63 316 387 17 43 33 71 224 260 0,
PFG_MOEA,466,8,312.55,5795.78,0 399 247 28 250 345 377 262 1 255 327 254 73 215 85 93 179 232 225 97 148 238 192 48 31 0,93
PFG_MOEA,466,9,312.55,5795.78,0 378 69 183 354 265 346 315 99 175 251 190 390 18 103 155 83 234 213 227 398 209 361 170 367 25 55 217 56 7 180 333 317 286 140 110 62 297 65 283 326 305 154 204 6 208 241 220 158 189 64 20 126 124 0,175
PFG_MOEA,466,10,312.55,5795.78,0 287 382 383 10 268 272 30 66 166 205 271 39 391 53 293 133 331 285 392 115 245 396 240 385 288 177 181 358 337 384 111 116 76 113 81 29 325 355 131 84 114 389 105 341 219 0,
PFG_MOEA,466,11,312.55,5795.78,0 91 24 212 375 14 108 169 373 8 263 292 70 318 184 284 74 279 159 162 22 134 186 89 216 47 125 9 150 163 61 365 253 206 46 54 0,
PFG_MOEA,466,12,312.55,5795.78,0 41 82 178 117 243 344 349 343 290 368 376 258 248 328 75 171 87 153 278 210 45 353 348 2 119 128 295 40 32 276 196 78 98 27 176 144 342 370 306 202 338 203 168 369 380 16 15 0,16 87 203
PFG_MOEA,467,1,389.39,5146.42,0 163 78 53 293 133 331 285 392 98 115 245 27 396 240 385 288 177 181 358 337 384 111 116 76 113 81 29 325 355 131 84 114 389 91 279 74 159 162 371 219 298 341 22 134 186 105 118 185 0,
PFG_MOEA,467,2,389.39,5146.42,0 281 26 334 24 212 375 284 14 184 318 70 292 263 8 373 169 108 72 52 130 44 386 51 145 123 362 201 294 312 67 164 107 302 173 106 261 388 197 218 151 77 273 136 137 59 109 127 57 226 19 13 80 0,
PFG_MOEA,467,3,389.39,5146.42,0 142 339 174 132 120 269 321 299 340 233 135 88 249 35 235 161 68 58 34 231 289 366 267 228 141 266 303 357 319 86 199 156 94 230 374 92 11 36 397 350 311 4 314 193 0,88
PFG_MOEA,467,4,389.39,5146.42,0 182 172 38 0,
PFG_MOEA,467,5,389.39,5146.42,0 37 322 121 146 320 364 393 3 229 308 356 264 259 246 42 300 329 112 152 191 165 200 221 242 96 0,152 264 329
PFG_MOEA,467,6,389.39,5146.42,0 129 33 71 224 260 0,
PFG_MOEA,467,7,389.39,5146.42,0 399 247 255 1 262 250 28 345 377 395 400 394 188 301 372 21 167 291 139 149 157 63 316 387 17 43 73 254 327 183 354 69 215 85 93 179 232 225 97 148 48 238 330 192 31 304 0,395
PFG_MOEA,467,8,389.39,5146.42,0 16 15 168 203 369 380 391 271 39 268 272 30 66 166 205 208 6 204 154 305 326 283 65 297 62 241 110 140 286 317 333 180 220 158 189 64 20 126 124 7 56 217 55 25 367 170 361 209 398 227 234 213 190 251 175 99 315 346 265 390 18 103 155 83 378 54 46 287 10 383 382 41 0,7 16 20 103 272
PFG_MOEA,467,9,389.39,5146.42,0 82 178 117 243 368 376 258 353 153 171 87 278 210 143 237 256 274 49 100 282 310 104 102 277 275 194 323 363 352 101 198 95 222 138 122 276 336 252 236 128 23 381 90 119 2 12 0,
PFG_MOEA,467,10,389.39,5146.42,0 344 349 351 280 309 5 79 160 50 60 257 270 379 195 45 348 75 328 248 290 343 187 0,
PFG_MOEA,467,11,389.39,5146.42,0 214 295 40 32 239 370 342 144 176 150 47 9 125 216 89 61 207 307 313 359 206 253 365 360 335 0,176
PFG_MOEA,467,12,389.39,5146.42,0 338 202 306 196 296 347 332 324 147 211 244 223 0,
PFG_MOEA,468,1,413.96,4915.5,0 187 206 253 365 359 313 307 207 61 12 89 2 119 128 236 252 336 138 163 222 95 198 351 280 237 256 274 49 100 102 277 275 194 323 363 352 101 53 293 133 331 285 392 122 239 276 32 40 295 23 381 90 113 81 29 76 116 111 384 337 358 181 177 288 385 240 396 245 115 22 118 185 214 0,245 381
PFG_MOEA,468,2,413.96,4915.5,0 281 84 131 325 355 114 389 186 134 341 298 26 334 0,
PFG_MOEA,468,3,413.96,4915.5,0 371 219 105 162 159 74 279 91 24 212 375 284 14 184 318 70 292 263 8 373 169 108 72 52 130 44 386 362 201 312 67 164 107 302 173 106 261 388 197 218 151 77 273 136 137 59 0,
PFG_MOEA,468,4,413.96,4915.5,0 57 127 109 226 0,
PFG_MOEA,468,5,413.96,4915.5,0 19 0,
PFG_MOEA,468,6,413.96,4915.5,0 38 303 357 266 141 86 199 228 267 366 289 231 34 58 68 161 235 35 249 88 135 233 319 182 172 13 80 0,88
PFG_MOEA,468,7,413.96,4915.5,0 399 397 36 11 92 156 94 230 374 350 311 4 314 193 340 299 321 269 120 142 37 51 123 145 132 339 322 121 146 294 174 320 364 393 3 229 308 356 264 259 246 42 300 329 112 191 165 200 221 242 96 0,11 340 374 393
PFG_MOEA,468,8,413.96,4915.5,0 152 247 255 1 262 250 28 345 377 395 400 394 188 301 372 21 167 291 139 149 157 63 316 387 327 17 43 85 215 73 254 183 354 69 265 346 315 99 175 251 190 390 18 103 155 83 378 213 234 227 398 93 0,1 152 175 227
PFG_MOEA,468,9,413.96,4915.5,0 304 31 48 192 330 238 129 148 260 391 271 39 268 272 30 66 166 205 208 6 204 154 305 326 283 65 297 62 241 110 140 286 317 333 180 220 158 189 64 20 126 124 7 56 217 55 25 367 170 361 209 71 33 97 225 232 179 224 0,55 391
PFG_MOEA,468,10,413.96,4915.5,0 287 10 383 382 0,
PFG_MOEA,468,11,413.96,4915.5,0 16 15 168 203 369 380 82 178 117 243 349 344 54 46 41 0,
PFG_MOEA,468,12,413.96,4915.5,0 335 360 216 150 9 47 125 309 5 343 290 368 376 258 248 328 75 171 87 278 153 353 348 45 210 195 379 270 257 60 50 160 79 143 282 310 104 223 244 211 324 147 332 347 296 196 78 98 27 176 144 342 370 306 202 338 0,
PFG_MOEA,469,1,759.34,4800.0,0 219 341 105 389 114 84 131 355 325 29 81 113 76 116 111 384 337 358 181 177 288 385 240 396 245 115 392 285 331 133 293 53 163 150 9 125 47 216 89 61 206 253 365 0,245
PFG_MOEA,469,2,759.34,4800.0,0 22 134 186 162 159 279 74 284 184 318 70 292 263 8 373 169 108 14 375 212 24 91 0,318
PFG_MOEA,469,3,759.34,4800.0,0 304 31 48 148 260 224 71 33 129 238 330 192 200 165 112 191 152 127 57 109 59 137 273 136 247 17 43 85 215 73 254 69 354 183 327 387 157 149 188 394 316 63 262 1 255 250 28 42 400 395 377 345 356 264 259 246 308 229 197 218 151 77 107 164 67 302 388 3 106 173 261 320 364 393 312 201 362 329 300 123 51 145 322 121 146 294 174 339 132 120 142 37 269 321 299 340 233 135 88 249 35 161 235 68 58 34 386 231 289 366 267 228 44 130 52 72 303 357 319 266 141 86 92 199 156 94 230 311 374 11 36 397 350 4 314 193 182 172 13 19 226 221 242 96 80 38 0,33 106 174 200 303 311 394
PFG_MOEA,469,4,759.34,4800.0,0 378 83 155 103 18 190 251 175 99 315 346 372 301 167 21 139 291 265 390 234 0,
PFG_MOEA,469,5,759.34,4800.0,0 179 391 271 39 30 272 268 46 54 93 398 227 213 232 0,391
PFG_MOEA,469,6,759.34,4800.0,0 225 0,
PFG_MOEA,469,7,759.34,4800.0,0 97 209 361 170 367 0,
PFG_MOEA,469,8,759.34,4800.0,0 399 15 168 203 338 202 306 370 342 144 176 27 98 78 196 369 380 16 41 82 178 117 243 344 349 66 343 290 368 376 258 248 328 75 348 353 45 210 278 153 171 87 6 208 205 166 158 189 220 241 62 297 65 283 204 154 305 326 110 140 180 333 317 286 25 55 217 56 7 124 126 20 64 287 10 383 382 0,62 66 205 220 342
PFG_MOEA,469,9,759.34,4800.0,0 2 119 128 295 40 32 276 239 122 296 332 347 138 336 222 95 101 194 147 324 275 323 363 352 277 102 223 244 211 104 310 100 282 143 79 160 50 60 257 270 379 195 5 309 280 351 237 256 274 49 198 252 236 0,
PFG_MOEA,469,10,759.34,4800.0,0 381 23 90 12 207 307 0,
PFG_MOEA,469,11,759.34,4800.0,0 335 187 359 313 360 214 0,
PFG_MOEA,469,12,759.34,4800.0,0 185 118 281 26 334 298 371 0,
PFG_MOEA,470,1,314.81,5596.11,0 12 90 128 236 252 336 276 138 222 198 49 274 256 237 351 280 309 5 290 343 313 207 0,222
PFG_MOEA,470,2,314.81,5596.11,0 91 292 263 8 373 169 108 14 375 212 24 371 219 341 298 334 26 281 118 185 214 295 40 32 239 122 95 101 352 363 323 194 275 277 102 100 23 381 119 2 307 359 187 148 48 31 304 0,23
PFG_MOEA,470,3,314.81,5596.11,0 260 224 71 33 127 152 191 112 165 200 129 238 330 192 0,33
PFG_MOEA,470,4,314.81,5596.11,0 57 67 302 173 106 3 388 164 107 77 151 218 197 229 308 246 259 264 356 345 377 395 400 42 28 250 255 1 262 63 316 394 188 149 157 387 327 183 354 69 254 73 215 85 43 17 247 136 273 137 59 109 0,
PFG_MOEA,470,5,314.81,5596.11,0 329 300 362 123 51 145 322 121 146 201 261 320 364 393 312 294 174 339 132 206 253 365 360 335 0,362 393
PFG_MOEA,470,6,314.81,5596.11,0 61 358 181 177 288 385 240 396 245 115 392 285 331 133 293 53 163 150 9 125 47 216 89 0,
PFG_MOEA,470,7,314.81,5596.11,0 80 13 19 226 35 161 235 58 34 386 231 289 366 267 228 44 130 52 72 318 70 184 284 74 279 159 162 389 114 355 325 384 337 111 116 76 113 81 29 131 84 105 186 134 22 0,
PFG_MOEA,470,8,314.81,5596.11,0 38 96 242 221 172 182 397 350 311 4 314 193 230 94 156 374 36 11 92 319 357 303 266 141 86 199 68 135 88 249 233 340 299 321 269 120 142 37 301 21 139 291 167 372 346 315 99 175 251 0,182
PFG_MOEA,470,9,314.81,5596.11,0 97 225 232 179 391 271 158 241 62 297 65 283 204 154 305 326 110 140 286 317 333 180 220 126 124 7 56 217 55 25 367 170 361 209 227 234 213 190 390 265 18 103 155 83 378 398 93 54 46 268 272 30 39 0,65 154
PFG_MOEA,470,10,314.81,5596.11,0 399 15 16 380 41 82 178 117 243 344 349 20 189 64 166 205 208 6 87 171 153 278 210 353 258 376 368 66 287 10 383 382 0,243
PFG_MOEA,470,11,314.81,5596.11,0 369 338 203 168 0,
PFG_MOEA,470,12,314.81,5596.11,0 202 306 370 342 144 176 27 98 78 196 296 347 332 324 147 211 244 223 104 310 282 143 79 160 50 60 257 270 379 195 45 348 75 328 248 0,370
PFG_MOEA,471,1,411.21,4974.5,0 12 90 381 23 32 276 239 336 138 222 198 49 274 256 237 351 280 252 236 128 119 2 0,23
PFG_MOEA,471,2,411.21,4974.5,0 22 118 185 214 295 40 122 392 285 331 133 293 53 101 352 363 323 194 275 277 102 100 95 163 61 89 207 307 313 359 365 253 206 187 0,22 100
PFG_MOEA,471,3,411.21,4974.5,0 115 0,
PFG_MOEA,471,4,411.21,4974.5,0 245 396 240 385 288 177 181 358 337 384 111 116 76 113 81 29 325 355 0,
PFG_MOEA,471,5,411.21,4974.5,0 281 26 334 298 341 134 186 131 84 114 389 105 219 371 162 159 74 279 91 24 212 375 284 14 184 318 70 292 263 8 373 169 108 72 52 130 44 386 362 201 312 67 164 107 302 173 106 261 388 197 218 151 77 273 136 137 59 109 127 57 226 19 13 80 0,77 106 284
PFG_MOEA,471,6,411.21,4974.5,0 38 172 182 319 303 357 266 141 86 199 228 267 366 289 231 34 58 68 161 235 35 249 88 135 233 156 94 230 374 92 11 36 397 350 311 4 314 193 340 299 321 269 120 142 37 51 123 145 132 339 322 121 146 294 174 320 364 393 3 229 308 356 264 259 246 42 300 329 112 221 242 96 0,51 174 229 246 299
PFG_MOEA,471,7,411.21,4974.5,0 399 200 165 191 152 247 255 1 262 250 28 345 377 395 400 394 188 301 372 21 167 291 139 149 157 63 316 387 327 17 43 85 215 73 254 183 354 69 265 346 315 99 175 251 190 390 18 103 155 83 378 213 234 227 398 93 224 179 232 225 97 71 33 260 148 238 129 330 192 48 31 304 0,93
PFG_MOEA,471,8,411.21,4974.5,0 382 383 10 391 271 39 46 54 268 272 30 66 166 205 208 6 204 154 305 326 283 65 297 62 241 110 140 286 317 333 180 220 158 189 64 20 126 124 7 56 217 55 25 367 170 361 209 287 0,55 62 66 220
PFG_MOEA,471,9,411.21,4974.5,0 380 0,
PFG_MOEA,471,10,411.21,4974.5,0 16 369 15 0,
PFG_MOEA,471,11,411.21,4974.5,0 168 203 178 82 41 0,178
PFG_MOEA,471,12,411.21,4974.5,0 335 360 338 202 306 370 342 144 176 27 98 78 196 296 347 332 216 47 125 9 150 147 324 211 244 223 104 310 282 143 309 5 195 379 79 160 50 60 270 257 210 45 153 278 87 171 353 348 75 328 248 258 376 368 290 343 349 344 243 117 0,
PFG_MOEA,472,1,312.55,5795.78,0 336 138 239 122 296 347 332 324 275 277 104 211 244 223 102 352 363 323 194 147 101 95 222 0,122 211 222 277
PFG_MOEA,472,2,312.55,5795.78,0 335 360 207 307 313 359 187 100 310 282 143 79 160 50 60 257 270 379 195 5 309 280 351 237 256 274 49 198 252 236 381 23 90 12 214 185 118 281 26 334 298 371 72 52 130 44 386 80 0,5 307
PFG_MOEA,472,3,312.55,5795.78,0 13 19 226 57 127 109 59 137 136 273 77 151 218 197 388 261 106 173 302 107 164 67 312 201 362 123 51 145 294 174 339 132 142 120 269 321 299 0,174
PFG_MOEA,472,4,312.55,5795.78,0 340 233 135 88 249 35 235 161 68 58 34 231 289 366 267 228 141 266 303 357 319 86 199 156 94 0,303
PFG_MOEA,472,5,312.55,5795.78,0 38 172 182 397 36 11 92 374 230 311 350 4 314 193 37 322 121 146 320 364 393 3 229 308 356 264 259 246 42 300 329 112 191 152 221 242 96 0,42 264
PFG_MOEA,472,6,312.55,5795.78,0 200 165 129 0,
PFG_MOEA,472,7,312.55,5795.78,0 304 330 395 400 394 188 301 372 21 167 291 139 149 157 63 316 387 17 43 33 71 224 260 0,
PFG_MOEA,472,8,312.55,5795.78,0 399 247 28 250 345 377 262 1 255 327 254 73 215 85 93 179 232 225 97 148 238 192 48 31 0,93
PFG_MOEA,472,9,312.55,5795.78,0 378 69 183 354 265 346 315 99 175 251 190 390 18 103 155 83 234 213 227 398 209 361 170 367 25 55 217 56 7 180 333 317 286 140 110 62 297 65 283 326 305 154 204 6 208 241 220 158 189 64 20 126 124 0,175
PFG_MOEA,472,10,312.55,5795.78,0 287 382 383 10 268 272 30 66 166 205 271 39 391 53 293 133 331 285 392 115 245 396 240 385 288 177 181 358 337 384 111 116 76 113 81 29 325 355 131 84 114 389 105 341 219 0,
PFG_MOEA,472,11,312.55,5795.78,0 91 24 212 375 14 108 169 373 8 263 292 70 318 184 284 74 279 159 162 22 134 186 89 216 47 125 9 150 163 61 365 253 206 46 54 0,
PFG_MOEA,472,12,312.55,5795.78,0 41 82 178 117 243 344 349 343 290 368 376 258 248 328 75 171 87 153 278 210 45 353 348 2 119 128 295 40 32 276 196 78 98 27 176 144 342 370 306 202 338 203 168 369 380 16 15 0,16 87 203
PFG_MOEA,473,1,389.39,5146.42,0 163 78 53 293 133 331 285 392 98 115 245 27 396 240 385 288 177 181 358 337 384 111 116 76 113 81 29 325 355 131 84 114 389 91 279 74 159 162 371 219 298 341 22 134 186 105 118 185 0,
PFG_MOEA,473,2,389.39,5146.42,0 281 26 334 24 212 375 284 14 184 318 70 292 263 8 373 169 108 72 52 130 44 386 51 145 123 362 201 294 312 67 164 107 302 173 106 261 388 197 218 151 77 273 136 137 59 109 127 57 226 19 13 80 0,
PFG_MOEA,473,3,389.39,5146.42,0 142 339 174 132 120 269 321 299 340 233 135 88 249 35 235 161 68 58 34 231 289 366 267 228 141 266 303 357 319 86 199 156 94 230 374 92 11 36 397 350 311 4 314 193 0,88
PFG_MOEA,473,4,389.39,5146.42,0 182 172 38 0,
PFG_MOEA,473,5,389.39,5146.42,0 37 322 121 146 320 364 393 3 229 308 356 264 259 246 42 300 329 112 152 191 165 200 221 242 96 0,152 264 329
PFG_MOEA,473,6,389.39,5146.42,0 129 33 71 224 260 0,
PFG_MOEA,473,7,389.39,5146.42,0 399 247 255 1 262 250 28 345 377 395 400 394 188 301 372 21 167 291 139 149 157 63 316 387 17 43 73 254 327 183 354 69 215 85 93 179 232 225 97 148 48 238 330 192 31 304 0,395
PFG_MOEA,473,8,389.39,5146.42,0 16 15 168 203 369 380 391 271 39 268 272 30 66 166 205 208 6 204 154 305 326 283 65 297 62 241 110 140 286 317 333 180 220 158 189 64 20 126 124 7 56 217 55 25 367 170 361 209 398 227 234 213 190 251 175 99 315 346 265 390 18 103 155 83 378 54 46 287 10 383 382 41 0,7 16 20 103 272
PFG_MOEA,473,9,389.39,5146.42,0 82 178 117 243 368 376 258 353 153 171 87 278 210 143 237 256 274 49 100 282 310 104 102 277 275 194 323 363 352 101 198 95 222 138 122 276 336 252 236 128 23 381 90 119 2 12 0,
PFG_MOEA,473,10,389.39,5146.42,0 344 349 351 280 309 5 79 160 50 60 257 270 379 195 45 348 75 328 248 290 343 187 0,
PFG_MOEA,473,11,389.39,5146.42,0 214 295 40 32 239 370 342 144 176 150 47 9 125 216 89 61 207 307 313 359 206 253 365 360 335 0,176
PFG_MOEA,473,12,389.39,5146.42,0 338 202 306 196 296 347 332 324 147 211 244 223 0,
PFG_MOEA,474,1,413.96,4915.5,0 187 206 253 365 359 313 307 207 61 12 89 2 119 128 236 252 336 138 163 222 95 198 351 280 237 256 274 49 100 102 277 275 194 323 363 352 101 53 293 133 331 285 392 122 239 276 32 40 295 23 381 90 113 81 29 76 116 111 384 337 358 181 177 288 385 240 396 245 115 22 118 185 214 0,245 381
PFG_MOEA,474,2,413.96,4915.5,0 281 84 131 325 355 114 389 186 134 341 298 26 334 0,
PFG_MOEA,474,3,413.96,4915.5,0 371 219 105 162 159 74 279 91 24 212 375 284 14 184 318 70 292 263 8 373 169 108 72 52 130 44 386 362 201 312 67 164 107 302 173 106 261 388 197 218 151 77 273 136 137 59 0,
PFG_MOEA,474,4,413.96,4915.5,0 57 127 109 226 0,
PFG_MOEA,474,5,413.96,4915.5,0 19 0,
PFG_MOEA,474,6,413.96,4915.5,0 38 303 357 266 141 86 199 228 267 366 289 231 34 58 68 161 235 35 249 88 135 233 319 182 172 13 80 0,88
PFG_MOEA,474,7,413.96,4915.5,0 399 397 36 11 92 156 94 230 374 350 311 4 314 193 340 299 321 269 120 142 37 51 123 145 132 339 322 121 146 294 174 320 364 393 3 229 308 356 264 259 246 42 300 329 112 191 165 200 221 242 96 0,11 340 374 393
PFG_MOEA,474,8,413.96,4915.5,0 152 247 255 1 262 250 28 345 377 395 400 394 188 301 372 21 167 291 139 149 157 63 316 387 327 17 43 85 215 73 254 183 354 69 265 346 315 99 175 251 190 390 18 103 155 83 378 213 234 227 398 93 0,1 152 175 227
PFG_MOEA,474,9,413.96,4915.5,0 304 31 48 192 330 238 129 148 260 391 271 39 268 272 30 66 166 205 208 6 204 154 305 326 283 65 297 62 241 110 140 286 317 333 180 220 158 189 64 20 126 124 7 56 217 55 25 367 170 361 209 71 33 97 225 232 179 224 0,55 391
PFG_MOEA,474,10,413.96,4915.5,0 287 10 383 382 0,
PFG_MOEA,474,11,413.96,4915.5,0 16 15 168 203 369 380 82 178 117 243 349 344 54 46 41 0,
PFG_MOEA,474,12,413.96,4915.5,0 335 360 216 150 9 47 125 309 5 343 290 368 376 258 248 328 75 171 87 278 153 353 348 45 210 195 379 270 257 60 50 160 79 143 282 310 104 223 244 211 324 147 332 347 296 196 78 98 27 176 144 342 370 306 202 338 0,
PFG_MOEA,475,1,759.34,4800.0,0 219 341 105 389 114 84 131 355 325 29 81 113 76 116 111 384 337 358 181 177 288 385 240 396 245 115 392 285 331 133 293 53 163 150 9 125 47 216 89 61 206 253 365 0,245
PFG_MOEA,475,2,759.34,4800.0,0 22 134 186 162 159 279 74 284 184 318 70 292 263 8 373 169 108 14 375 212 24 91 0,318
PFG_MOEA,475,3,759.34,4800.0,0 304 31 48 148 260 224 71 33 129 238 330 192 200 165 112 191 152 127 57 109 59 137 273 136 247 17 43 85 215 73 254 69 354 183 327 387 157 149 188 394 316 63 262 1 255 250 28 42 400 395 377 345 356 264 259 246 308 229 197 218 151 77 107 164 67 302 388 3 106 173 261 320 364 393 312 201 362 329 300 123 51 145 322 121 146 294 174 339 132 120 142 37 269 321 299 340 233 135 88 249 35 161 235 68 58 34 386 231 289 366 267 228 44 130 52 72 303 357 319 266 141 86 92 199 156 94 230 311 374 11 36 397 350 4 314 193 182 172 13 19 226 221 242 96 80 38 0,33 106 174 200 303 311 394
PFG_MOEA,475,4,759.34,4800.0,0 378 83 155 103 18 190 251 175 99 315 346 372 301 167 21 139 291 265 390 234 0,
PFG_MOEA,475,5,759.34,4800.0,0 179 391 271 39 30 272 268 46 54 93 398 227 213 232 0,391
PFG_MOEA,475,6,759.34,4800.0,0 225 0,
PFG_MOEA,475,7,759.34,4800.0,0 97 209 361 170 367 0,
PFG_MOEA,475,8,759.34,4800.0,0 399 15 168 203 338 202 306 370 342 144 176 27 98 78 196 369 380 16 41 82 178 117 243 344 349 66 343 290 368 376 258 248 328 75 348 353 45 210 278 153 171 87 6 208 205 166 158 189 220 241 62 297 65 283 204 154 305 326 110 140 180 333 317 286 25 55 217 56 7 124 126 20 64 287 10 383 382 0,62 66 205 220 342
PFG_MOEA,475,9,759.34,4800.0,0 2 119 128 295 40 32 276 239 122 296 332 347 138 336 222 95 101 194 147 324 275 323 363 352 277 102 223 244 211 104 310 100 282 143 79 160 50 60 257 270 379 195 5 309 280 351 237 256 274 49 198 252 236 0,
PFG_MOEA,475,10,759.34,4800.0,0 381 23 90 12 207 307 0,
PFG_MOEA,475,11,759.34,4800.0,0 335 187 359 313 360 214 0,
PFG_MOEA,475,12,759.34,4800.0,0 185 118 281 26 334 298 371 0,
PFG_MOEA,476,1,314.81,5596.11,0 12 90 128 236 252 336 276 138 222 198 49 274 256 237 351 280 309 5 290 343 313 207 0,222
PFG_MOEA,476,2,314.81,5596.11,0 91 292 263 8 373 169 108 14 375 212 24 371 219 341 298 334 26 281 118 185 214 295 40 32 239 122 95 101 352 363 323 194 275 277 102 100 23 381 119 2 307 359 187 148 48 31 304 0,23
PFG_MOEA,476,3,314.81,5596.11,0 260 224 71 33 127 152 191 112 165 200 129 238 330 192 0,33
PFG_MOEA,476,4,314.81,5596.11,0 57 67 302 173 106 3 388 164 107 77 151 218 197 229 308 246 259 264 356 345 377 395 400 42 28 250 255 1 262 63 316 394 188 149 157 387 327 183 354 69 254 73 215 85 43 17 247 136 273 137 59 109 0,
PFG_MOEA,476,5,314.81,5596.11,0 329 300 362 123 51 145 322 121 146 201 261 320 364 393 312 294 174 339 132 206 253 365 360 335 0,362 393
PFG_MOEA,476,6,314.81,5596.11,0 61 358 181 177 288 385 240 396 245 115 392 285 331 133 293 53 163 150 9 125 47 216 89 0,
PFG_MOEA,476,7,314.81,5596.11,0 80 13 19 226 35 161 235 58 34 386 231 289 366 267 228 44 130 52 72 318 70 184 284 74 279 159 162 389 114 355 325 384 337 111 116 76 113 81 29 131 84 105 186 134 22 0,
PFG_MOEA,476,8,314.81,5596.11,0 38 96 242 221 172 182 397 350 311 4 314 193 230 94 156 374 36 11 92 319 357 303 266 141 86 199 68 135 88 249 233 340 299 321 269 120 142 37 301 21 139 291 167 372 346 315 99 175 251 0,182
PFG_MOEA,476,9,314.81,5596.11,0 97 225 232 179 391 271 158 241 62 297 65 283 204 154 305 326 110 140 286 317 333 180 220 126 124 7 56 217 55 25 367 170 361 209 227 234 213 190 390 265 18 103 155 83 378 398 93 54 46 268 272 30 39 0,65 154
PFG_MOEA,476,10,314.81,5596.11,0 399 15 16 380 41 82 178 117 243 344 349 20 189 64 166 205 208 6 87 171 153 278 210 353 258 376 368 66 287 10 383 382 0,243
PFG_MOEA,476,11,314.81,5596.11,0 369 338 203 168 0,
PFG_MOEA,476,12,314.81,5596.11,0 202 306 370 342 144 176 27 98 78 196 296 347 332 324 147 211 244 223 104 310 282 143 79 160 50 60 257 270 379 195 45 348 75 328 248 0,370
PFG_MOEA,477,1,411.21,4974.5,0 12 90 381 23 32 276 239 336 138 222 198 49 274 256 237 351 280 252 236 128 119 2 0,23
PFG_MOEA,477,2,411.21,4974.5,0 22 118 185 214 295 40 122 392 285 331 133 293 53 101 352 363 323 194 275 277 102 100 95 163 61 89 207 307 313 359 365 253 206 187 0,22 100
PFG_MOEA,477,3,411.21,4974.5,0 115 0,
PFG_MOEA,477,4,411.21,4974.5,0 245 396 240 385 288 177 181 358 337 384 111 116 76 113 81 29 325 355 0,
PFG_MOEA,477,5,411.21,4974.5,0 281 26 334 298 341 134 186 131 84 114 389 105 219 371 162 159 74 279 91 24 212 375 284 14 184 318 70 292 263 8 373 169 108 72 52 130 44 386 362 201 312 67 164 107 302 173 106 261 388 197 218 151 77 273 136 137 59 109 127 57 226 19 13 80 0,77 106 284
PFG_MOEA,477,6,411.21,4974.5,0 38 172 182 319 303 357 266 141 86 199 228 267 366 289 231 34 58 68 161 235 35 249 88 135 233 156 94 230 374 92 11 36 397 350 311 4 314 193 340 299 321 269 120 142 37 51 123 145 132 339 322 121 146 294 174 320 364 393 3 229 308 356 264 259 246 42 300 329 112 221 242 96 0,51 174 229 246 299
PFG_MOEA,477,7,411.21,4974.5,0 399 200 165 191 152 247 255 1 262 250 28 345 377 395 400 394 188 301 372 21 167 291 139 149 157 63 316 387 327 17 43 85 215 73 254 183 354 69 265 346 315 99 175 251 190 390 18 103 155 83 378 213 234 227 398 93 224 179 232 225 97 71 33 260 148 238 129 330 192 48 31 304 0,93
PFG_MOEA,477,8,411.21,4974.5,0 382 383 10 391 271 39 46 54 268 272 30 66 166 205 208 6 204 154 305 326 283 65 297 62 241 110 140 286 317 333 180 220 158 189 64 20 126 124 7 56 217 55 25 367 170 361 209 287 0,55 62 66 220
PFG_MOEA,477,9,411.21,4974.5,0 380 0,
PFG_MOEA,477,10,411.21,4974.5,0 16 369 15 0,
PFG_MOEA,477,11,411.21,4974.5,0 168 203 178 82 41 0,178
PFG_MOEA,477,12,411.21,4974.5,0 335 360 338 202 306 370 342 144 176 27 98 78 196 296 347 332 216 47 125 9 150 147 324 211 244 223 104 310 282 143 309 5 195 379 79 160 50 60 270 257 210 45 153 278 87 171 353 348 75 328 248 258 376 368 290 343 349 344 243 117 0,
PFG_MOEA,478,1,312.55,5795.78,0 336 138 239 122 296 347 332 324 275 277 104 211 244 223 102 352 363 323 194 147 101 95 222 0,122 211 222 277
PFG_MOEA,478,2,312.55,5795.78,0 335 360 207 307 313 359 187 100 310 282 143 79 160 50 60 257 270 379 195 5 309 280 351 237 256 274 49 198 252 236 381 23 90 12 214 185 118 281 26 334 298 371 72 52 130 44 386 80 0,5 307
PFG_MOEA,478,3,312.55,5795.78,0 13 19 226 57 127 109 59 137 136 273 77 151 218 197 388 261 106 173 302 107 164 67 312 201 362 123 51 145 294 174 339 132 142 120 269 321 299 0,174
PFG_MOEA,478,4,312.55,5795.78,0 340 233 135 88 249 35 235 161 68 58 34 231 289 366 267 228 141 266 303 357 319 86 199 156 94 0,303
PFG_MOEA,478,5,312.55,5795.78,0 38 172 182 397 36 11 92 374 230 311 350 4 314 193 37 322 121 146 320 364 393 3 229 308 356 264 259 246 42 300 329 112 191 152 221 242 96 0,42 264
PFG_MOEA,478,6,312.55,5795.78,0 200 165 129 0,
PFG_MOEA,478,7,312.55,5795.78,0 304 330 395 400 394 188 301 372 21 167 291 139 149 157 63 316 387 17 43 33 71 224 260 0,
PFG_MOEA,478,8,312.55,5795.78,0 399 247 28 250 345 377 262 1 255 327 254 73 215 85 93 179 232 225 97 148 238 192 48 31 0,93
PFG_MOEA,478,9,312.55,5795.78,0 378 69 183 354 265 346 315 99 175 251 190 390 18 103 155 83 234 213 227 398 209 361 170 367 25 55 217 56 7 180 333 317 286 140 110 62 297 65 283 326 305 154 204 6 208 241 220 158 189 64 20 126 124 0,175
PFG_MOEA,478,10,312.55,5795.78,0 287 382 383 10 268 272 30 66 166 205 271 39 391 53 293 133 331 285 392 115 245 396 240 385 288 177 181 358 337 384 111 116 76 113 81 29 325 355 131 84 114 389 105 341 219 0,
PFG_MOEA,478,11,312.55,5795.78,0 91 24 212 375 14 108 169 373 8 263 292 70 318 184 284 74 279 159 162 22 134 186 89 216 47 125 9 150 163 61 365 253 206 46 54 0,
PFG_MOEA,478,12,312.55,5795.78,0 41 82 178 117 243 344 349 343 290 368 376 258 248 328 75 171 87 153 278 210 45 353 348 2 119 128 295 40 32 276 196 78 98 27 176 144 342 370 306 202 338 203 168 369 380 16 15 0,16 87 203
PFG_MOEA,479,1,389.39,5146.42,0 163 78 53 293 133 331 285 392 98 115 245 27 396 240 385 288 177 181 358 337 384 111 116 76 113 81 29 325 355 131 84 114 389 91 279 74 159 162 371 219 298 341 22 134 186 105 118 185 0,
PFG_MOEA,479,2,389.39,5146.42,0 281 26 334 24 212 375 284 14 184 318 70 292 263 8 373 169 108 72 52 130 44 386 51 145 123 362 201 294 312 67 164 107 302 173 106 261 388 197 218 151 77 273 136 137 59 109 127 57 226 19 13 80 0,
PFG_MOEA,479,3,389.39,5146.42,0 142 339 174 132 120 269 321 299 340 233 135 88 249 35 235 161 68 58 34 231 289 366 267 228 141 266 303 357 319 86 199 156 94 230 374 92 11 36 397 350 311 4 314 193 0,88
PFG_MOEA,479,4,389.39,5146.42,0 182 172 38 0,
PFG_MOEA,479,5,389.39,5146.42,0 37 322 121 146 320 364 393 3 229 308 356 264 259 246 42 300 329 112 152 191 165 200 221 242 96 0,152 264 329
PFG_MOEA,479,6,389.39,5146.42,0 129 33 71 224 260 0,
PFG_MOEA,479,7,389.39,5146.42,0 399 247 255 1 262 250 28 345 377 395 400 394 188 301 372 21 167 291 139 149 157 63 316 387 17 43 73 254 327 183 354 69 215 85 93 179 232 225 97 148 48 238 330 192 31 304 0,395
PFG_MOEA,479,8,389.39,5146.42,0 16 15 168 203 369 380 391 271 39 268 272 30 66 166 205 208 6 204 154 305 326 283 65 297 62 241 110 140 286 317 333 180 220 158 189 64 20 126 124 7 56 217 55 25 367 170 361 209 398 227 234 213 190 251 175 99 315 346 265 390 18 103 155 83 378 54 46 287 10 383 382 41 0,7 16 20 103 272
PFG_MOEA,479,9,389.39,5146.42,0 82 178 117 243 368 376 258 353 153 171 87 278 210 143 237 256 274 49 100 282 310 104 102 277 275 194 323 363 352 101 198 95 222 138 122 276 336 252 236 128 23 381 90 119 2 12 0,
PFG_MOEA,479,10,389.39,5146.42,0 344 349 351 280 309 5 79 160 50 60 257 270 379 195 45 348 75 328 248 290 343 187 0,
PFG_MOEA,479,11,389.39,5146.42,0 214 295 40 32 239 370 342 144 176 150 47 9 125 216 89 61 207 307 313 359 206 253 365 360 335 0,176
PFG_MOEA,479,12,389.39,5146.42,0 338 202 306 196 296 347 332 324 147 211 244 223 0,
PFG_MOEA,480,1,413.96,4915.5,0 187 206 253 365 359 313 307 207 61 12 89 2 119 128 236 252 336 138 163 222 95 198 351 280 237 256 274 49 100 102 277 275 194 323 363 352 101 53 293 133 331 285 392 122 239 276 32 40 295 23 381 90 113 81 29 76 116 111 384 337 358 181 177 288 385 240 396 245 115 22 118 185 214 0,245 381
PFG_MOEA,480,2,413.96,4915.5,0 281 84 131 325 355 114 389 186 134 341 298 26 334 0,
PFG_MOEA,480,3,413.96,4915.5,0 371 219 105 162 159 74 279 91 24 212 375 284 14 184 318 70 292 263 8 373 169 108 72 52 130 44 386 362 201 312 67 164 107 302 173 106 261 388 197 218 151 77 273 136 137 59 0,
PFG_MOEA,480,4,413.96,4915.5,0 57 127 109 226 0,
PFG_MOEA,480,5,413.96,4915.5,0 19 0,
PFG_MOEA,480,6,413.96,4915.5,0 38 303 357 266 141 86 199 228 267 366 289 231 34 58 68 161 235 35 249 88 135 233 319 182 172 13 80 0,88
PFG_MOEA,480,7,413.96,4915.5,0 399 397 36 11 92 156 94 230 374 350 311 4 314 193 340 299 321 269 120 142 37 51 123 145 132 339 322 121 146 294 174 320 364 393 3 229 308 356 264 259 246 42 300 329 112 191 165 200 221 242 96 0,11 340 374 393
PFG_MOEA,480,8,413.96,4915.5,0 152 247 255 1 262 250 28 345 377 395 400 394 188 301 372 21 167 291 139 149 157 63 316 387 327 17 43 85 215 73 254 183 354 69 265 346 315 99 175 251 190 390 18 103 155 83 378 213 234 227 398 93 0,1 152 175 227
PFG_MOEA,480,9,413.96,4915.5,0 304 31 48 192 330 238 129 148 260 391 271 39 268 272 30 66 166 205 208 6 204 154 305 326 283 65 297 62 241 110 140 286 317 333 180 220 158 189 64 20 126 124 7 56 217 55 25 367 170 361 209 71 33 97 225 232 179 224 0,55 391
PFG_MOEA,480,10,413.96,4915.5,0 287 10 383 382 0,
PFG_MOEA,480,11,413.96,4915.5,0 16 15 168 203 369 380 82 178 117 243 349 344 54 46 41 0,
PFG_MOEA,480,12,413.96,4915.5,0 335 360 216 150 9 47 125 309 5 343 290 368 376 258 248 328 75 171 87 278 153 353 348 45 210 195 379 270 257 60 50 160 79 143 282 310 104 223 244 211 324 147 332 347 296 196 78 98 27 176 144 342 370 306 202 338 0,
PFG_MOEA,481,1,759.34,4800.0,0 219 341 105 389 114 84 131 355 325 29 81 113 76 116 111 384 337 358 181 177 288 385 240 396 245 115 392 285 331 133 293 53 163 150 9 125 47 216 89 61 206 253 365 0,245
PFG_MOEA,481,2,759.34,4800.0,0 22 134 186 162 159 279 74 284 184 318 70 292 263 8 373 169 108 14 375 212 24 91 0,318
PFG_MOEA,481,3,759.34,4800.0,0 304 31 48 148 260 224 71 33 129 238 330 192 200 165 112 191 152 127 57 109 59 137 273 136 247 17 43 85 215 73 254 69 354 183 327 387 157 149 188 394 316 63 262 1 255 250 28 42 400 395 377 345 356 264 259 246 308 229 197 218 151 77 107 164 67 302 388 3 106 173 261 320 364 393 312 201 362 329 300 123 51 145 322 121 146 294 174 339 132 120 142 37 269 321 299 340 233 135 88 249 35 161 235 68 58 34 386 231 289 366 267 228 44 130 52 72 303 357 319 266 141 86 92 199 156 94 230 311 374 11 36 397 350 4 314 193 182 172 13 19 226 221 242 96 80 38 0,33 106 174 200 303 311 394
PFG_MOEA,481,4,759.34,4800.0,0 378 83 155 103 18 190 251 175 99 315 346 372 301 167 21 139 291 265 390 234 0,
PFG_MOEA,481,5,759.34,4800.0,0 179 391 271 39 30 272 268 46 54 93 398 227 213 232 0,391
PFG_MOEA,481,6,759.34,4800.0,0 225 0,
PFG_MOEA,481,7,759.34,4800.0,0 97 209 361 170 367 0,
PFG_MOEA,481,8,759.34,4800.0,0 399 15 168 203 338 202 306 370 342 144 176 27 98 78 196 369 380 16 41 82 178 117 243 344 349 66 343 290 368 376 258 248 328 75 348 353 45 210 278 153 171 87 6 208 205 166 158 189 220 241 62 297 65 283 204 154 305 326 110 140 180 333 317 286 25 55 217 56 7 124 126 20 64 287 10 383 382 0,62 66 205 220 342
PFG_MOEA,481,9,759.34,4800.0,0 2 119 128 295 40 32 276 239 122 296 332 347 138 336 222 95 101 194 147 324 275 323 363 352 277 102 223 244 211 104 310 100 282 143 79 160 50 60 257 270 379 195 5 309 280 351 237 256 274 49 198 252 236 0,
PFG_MOEA,481,10,759.34,4800.0,0 381 23 90 12 207 307 0,
PFG_MOEA,481,11,759.34,4800.0,0 335 187 359 313 360 214 0,
PFG_MOEA,481,12,759.34,4800.0,0 185 118 281 26 334 298 371 0,
PFG_MOEA,482,1,314.81,5596.11,0 12 90 128 236 252 336 276 138 222 198 49 274 256 237 351 280 309 5 290 343 313 207 0,222
PFG_MOEA,482,2,314.81,5596.11,0 91 292 263 8 373 169 108 14 375 212 24 371 219 341 298 334 26 281 118 185 214 295 40 32 239 122 95 101 352 363 323 194 275 277 102 100 23 381 119 2 307 359 187 148 48 31 304 0,23
PFG_MOEA,482,3,314.81,5596.11,0 260 224 71 33 127 152 191 112 165 200 129 238 330 192 0,33
PFG_MOEA,482,4,314.81,5596.11,0 57 67 302 173 106 3 388 164 107 77 151 218 197 229 308 246 259 264 356 345 377 395 400 42 28 250 255 1 262 63 316 394 188 149 157 387 327 183 354 69 254 73 215 85 43 17 247 136 273 137 59 109 0,
PFG_MOEA,482,5,314.81,5596.11,0 329 300 362 123 51 145 322 121 146 201 261 320 364 393 312 294 174 339 132 206 253 365 360 335 0,362 393
PFG_MOEA,482,6,314.81,5596.11,0 61 358 181 177 288 385 240 396 245 115 392 285 331 133 293 53 163 150 9 125 47 216 89 0,
PFG_MOEA,482,7,314.81,5596.11,0 80 13 19 226 35 161 235 58 34 386 231 289 366 267 228 44 130 52 72 318 70 184 284 74 279 159 162 389 114 355 325 384 337 111 116 76 113 81 29 131 84 105 186 134 22 0,
PFG_MOEA,482,8,314.81,5596.11,0 38 96 242 221 172 182 397 350 311 4 314 193 230 94 156 374 36 11 92 319 357 303 266 141 86 199 68 135 88 249 233 340 299 321 269 120 142 37 301 21 139 291 167 372 346 315 99 175 251 0,182
PFG_MOEA,482,9,314.81,5596.11,0 97 225 232 179 391 271 158 241 62 297 65 283 204 154 305 326 110 140 286 317 333 180 220 126 124 7 56 217 55 25 367 170 361 209 227 234 213 190 390 265 18 103 155 83 378 398 93 54 46 268 272 30 39 0,65 154
PFG_MOEA,482,10,314.81,5596.11,0 399 15 16 380 41 82 178 117 243 344 349 20 189 64 166 205 208 6 87 171 153 278 210 353 258 376 368 66 287 10 383 382 0,243
PFG_MOEA,482,11,314.81,5596.11,0 369 338 203 168 0,
PFG_MOEA,482,12,314.81,5596.11,0 202 306 370 342 144 176 27 98 78 196 296 347 332 324 147 211 244 223 104 310 282 143 79 160 50 60 257 270 379 195 45 348 75 328 248 0,370
PFG_MOEA,483,1,411.21,4974.5,0 12 90 381 23 32 276 239 336 138 222 198 49 274 256 237 351 280 252 236 128 119 2 0,23
PFG_MOEA,483,2,411.21,4974.5,0 22 118 185 214 295 40 122 392 285 331 133 293 53 101 352 363 323 194 275 277 102 100 95 163 61 89 207 307 313 359 365 253 206 187 0,22 100
PFG_MOEA,483,3,411.21,4974.5,0 115 0,
PFG_MOEA,483,4,411.21,4974.5,0 245 396 240 385 288 177 181 358 337 384 111 116 76 113 81 29 325 355 0,
PFG_MOEA,483,5,411.21,4974.5,0 281 26 334 298 341 134 186 131 84 114 389 105 219 371 162 159 74 279 91 24 212 375 284 14 184 318 70 292 263 8 373 169 108 72 52 130 44 386 362 201 312 67 164 107 302 173 106 261 388 197 218 151 77 273 136 137 59 109 127 57 226 19 13 80 0,77 106 284
PFG_MOEA,483,6,411.21,4974.5,0 38 172 182 319 303 357 266 141 86 199 228 267 366 289 231 34 58 68 161 235 35 249 88 135 233 156 94 230 374 92 11 36 397 350 311 4 314 193 340 299 321 269 120 142 37 51 123 145 132 339 322 121 146 294 174 320 364 393 3 229 308 356 264 259 246 42 300 329 112 221 242 96 0,51 174 229 246 299
PFG_MOEA,483,7,411.21,4974.5,0 399 200 165 191 152 247 255 1 262 250 28 345 377 395 400 394 188 301 372 21 167 291 139 149 157 63 316 387 327 17 43 85 215 73 254 183 354 69 265 346 315 99 175 251 190 390 18 103 155 83 378 213 234 227 398 93 224 179 232 225 97 71 33 260 148 238 129 330 192 48 31 304 0,93
PFG_MOEA,483,8,411.21,4974.5,0 382 383 10 391 271 39 46 54 268 272 30 66 166 205 208 6 204 154 305 326 283 65 297 62 241 110 140 286 317 333 180 220 158 189 64 20 126 124 7 56 217 55 25 367 170 361 209 287 0,55 62 66 220
PFG_MOEA,483,9,411.21,4974.5,0 380 0,
PFG_MOEA,483,10,411.21,4974.5,0 16 369 15 0,
PFG_MOEA,483,11,411.21,4974.5,0 168 203 178 82 41 0,178
PFG_MOEA,483,12,411.21,4974.5,0 335 360 338 202 306 370 342 144 176 27 98 78 196 296 347 332 216 47 125 9 150 147 324 211 244 223 104 310 282 143 309 5 195 379 79 160 50 60 270 257 210 45 153 278 87 171 353 348 75 328 248 258 376 368 290 343 349 344 243 117 0,
PFG_MOEA,484,1,312.55,5795.78,0 336 138 239 122 296 347 332 324 275 277 104 211 244 223 102 352 363 323 194 147 101 95 222 0,122 211 222 277
PFG_MOEA,484,2,312.55,5795.78,0 335 360 207 307 313 359 187 100 310 282 143 79 160 50 60 257 270 379 195 5 309 280 351 237 256 274 49 198 252 236 381 23 90 12 214 185 118 281 26 334 298 371 72 52 130 44 386 80 0,5 307
PFG_MOEA,484,3,312.55,5795.78,0 13 19 226 57 127 109 59 137 136 273 77 151 218 197 388 261 106 173 302 107 164 67 312 201 362 123 51 145 294 174 339 132 142 120 269 321 299 0,174
PFG_MOEA,484,4,312.55,5795.78,0 340 233 135 88 249 35 235 161 68 58 34 231 289 366 267 228 141 266 303 357 319 86 199 156 94 0,303
PFG_MOEA,484,5,312.55,5795.78,0 38 172 182 397 36 11 92 374 230 311 350 4 314 193 37 322 121 146 320 364 393 3 229 308 356 264 259 246 42 300 329 112 191 152 221 242 96 0,42 264
PFG_MOEA,484,6,312.55,5795.78,0 200 165 129 0,
PFG_MOEA,484,7,312.55,5795.78,0 304 330 395 400 394 188 301 372 21 167 291 139 149 157 63 316 387 17 43 33 71 224 260 0,
PFG_MOEA,484,8,312.55,5795.78,0 399 247 28 250 345 377 262 1 255 327 254 73 215 85 93 179 232 225 97 148 238 192 48 31 0,93
PFG_MOEA,484,9,312.55,5795.78,0 378 69 183 354 265 346 315 99 175 251 190 390 18 103 155 83 234 213 227 398 209 361 170 367 25 55 217 56 7 180 333 317 286 140 110 62 297 65 283 326 305 154 204 6 208 241 220 158 189 64 20 126 124 0,175
PFG_MOEA,484,10,312.55,5795.78,0 287 382 383 10 268 272 30 66 166 205 271 39 391 53 293 133 331 285 392 115 245 396 240 385 288 177 181 358 337 384 111 116 76 113 81 29 325 355 131 84 114 389 105 341 219 0,
PFG_MOEA,484,11,312.55,5795.78,0 91 24 212 375 14 108 169 373 8 263 292 70 318 184 284 74 279 159 162 22 134 186 89 216 47 125 9 150 163 61 365 253 206 46 54 0,
PFG_MOEA,484,12,312.55,5795.78,0 41 82 178 117 243 344 349 343 290 368 376 258 248 328 75 171 87 153 278 210 45 353 348 2 119 128 295 40 32 276 196 78 98 27 176 144 342 370 306 202 338 203 168 369 380 16 15 0,16 87 203
PFG_MOEA,485,1,389.39,5146.42,0 163 78 53 293 133 331 285 392 98 115 245 27 396 240 385 288 177 181 358 337 384 111 116 76 113 81 29 325 355 131 84 114 389 91 279 74 159 162 371 219 298 341 22 134 186 105 118 185 0,
PFG_MOEA,485,2,389.39,5146.42,0 281 26 334 24 212 375 284 14 184 318 70 292 263 8 373 169 108 72 52 130 44 386 51 145 123 362 201 294 312 67 164 107 302 173 106 261 388 197 218 151 77 273 136 137 59 109 127 57 226 19 13 80 0,
PFG_MOEA,485,3,389.39,5146.42,0 142 339 174 132 120 269 321 299 340 233 135 88 249 35 235 161 68 58 34 231 289 366 267 228 141 266 303 357 319 86 199 156 94 230 374 92 11 36 397 350 311 4 314 193 0,88
PFG_MOEA,485,4,389.39,5146.42,0 182 172 38 0,
PFG_MOEA,485,5,389.39,5146.42,0 37 322 121 146 320 364 393 3 229 308 356 264 259 246 42 300 329 112 152 191 165 200 221 242 96 0,152 264 329
PFG_MOEA,485,6,389.39,5146.42,0 129 33 71 224 260 0,
PFG_MOEA,485,7,389.39,5146.42,0 399 247 255 1 262 250 28 345 377 395 400 394 188 301 372 21 167 291 139 149 157 63 316 387 17 43 73 254 327 183 354 69 215 85 93 179 232 225 97 148 48 238 330 192 31 304 0,395
PFG_MOEA,485,8,389.39,5146.42,0 16 15 168 203 369 380 391 271 39 268 272 30 66 166 205 208 6 204 154 305 326 283 65 297 62 241 110 140 286 317 333 180 220 158 189 64 20 126 124 7 56 217 55 25 367 170 361 209 398 227 234 213 190 251 175 99 315 346 265 390 18 103 155 83 378 54 46 287 10 383 382 41 0,7 16 20 103 272
PFG_MOEA,485,9,389.39,5146.42,0 82 178 117 243 368 376 258 353 153 171 87 278 210 143 237 256 274 49 100 282 310 104 102 277 275 194 323 363 352 101 198 95 222 138 122 276 336 252 236 128 23 381 90 119 2 12 0,
PFG_MOEA,485,10,389.39,5146.42,0 344 349 351 280 309 5 79 160 50 60 257 270 379 195 45 348 75 328 248 290 343 187 0,
PFG_MOEA,485,11,389.39,5146.42,0 214 295 40 32 239 370 342 144 176 150 47 9 125 216 89 61 207 307 313 359 206 253 365 360 335 0,176
PFG_MOEA,485,12,389.39,5146.42,0 338 202 306 196 296 347 332 324 147 211 244 223 0,
PFG_MOEA,486,1,413.96,4915.5,0 187 206 253 365 359 313 307 207 61 12 89 2 119 128 236 252 336 138 163 222 95 198 351 280 237 256 274 49 100 102 277 275 194 323 363 352 101 53 293 133 331 285 392 122 239 276 32 40 295 23 381 90 113 81 29 76 116 111 384 337 358 181 177 288 385 240 396 245 115 22 118 185 214 0,245 381
PFG_MOEA,486,2,413.96,4915.5,0 281 84 131 325 355 114 389 186 134 341 298 26 334 0,
PFG_MOEA,486,3,413.96,4915.5,0 371 219 105 162 159 74 279 91 24 212 375 284 14 184 318 70 292 263 8 373 169 108 72 52 130 44 386 362 201 312 67 164 107 302 173 106 261 388 197 218 151 77 273 136 137 59 0,
PFG_MOEA,486,4,413.96,4915.5,0 57 127 109 226 0,
PFG_MOEA,486,5,413.96,4915.5,0 19 0,
PFG_MOEA,486,6,413.96,4915.5,0 38 303 357 266 141 86 199 228 267 366 289 231 34 58 68 161 235 35 249 88 135 233 319 182 172 13 80 0,88
PFG_MOEA,486,7,413.96,4915.5,0 399 397 36 11 92 156 94 230 374 350 311 4 314 193 340 299 321 269 120 142 37 51 123 145 132 339 322 121 146 294 174 320 364 393 3 229 308 356 264 259 246 42 300 329 112 191 165 200 221 242 96 0,11 340 374 393
PFG_MOEA,486,8,413.96,4915.5,0 152 247 255 1 262 250 28 345 377 395 400 394 188 301 372 21 167 291 139 149 157 63 316 387 327 17 43 85 215 73 254 183 354 69 265 346 315 99 175 251 190 390 18 103 155 83 378 213 234 227 398 93 0,1 152 175 227
PFG_MOEA,486,9,413.96,4915.5,0 304 31 48 192 330 238 129 148 260 391 271 39 268 272 30 66 166 205 208 6 204 154 305 326 283 65 297 62 241 110 140 286 317 333 180 220 158 189 64 20 126 124 7 56 217 55 25 367 170 361 209 71 33 97 225 232 179 224 0,55 391
PFG_MOEA,486,10,413.96,4915.5,0 287 10 383 382 0,
PFG_MOEA,486,11,413.96,4915.5,0 16 15 168 203 369 380 82 178 117 243 349 344 54 46 41 0,
PFG_MOEA,486,12,413.96,4915.5,0 335 360 216 150 9 47 125 309 5 343 290 368 376 258 248 328 75 171 87 278 153 353 348 45 210 195 379 270 257 60 50 160 79 143 282 310 104 223 244 211 324 147 332 347 296 196 78 98 27 176 144 342 370 306 202 338 0,
PFG_MOEA,487,1,759.34,4800.0,0 219 341 105 389 114 84 131 355 325 29 81 113 76 116 111 384 337 358 181 177 288 385 240 396 245 115 392 285 331 133 293 53 163 150 9 125 47 216 89 61 206 253 365 0,245
PFG_MOEA,487,2,759.34,4800.0,0 22 134 186 162 159 279 74 284 184 318 70 292 263 8 373 169 108 14 375 212 24 91 0,318
PFG_MOEA,487,3,759.34,4800.0,0 304 31 48 148 260 224 71 33 129 238 330 192 200 165 112 191 152 127 57 109 59 137 273 136 247 17 43 85 215 73 254 69 354 183 327 387 157 149 188 394 316 63 262 1 255 250 28 42 400 395 377 345 356 264 259 246 308 229 197 218 151 77 107 164 67 302 388 3 106 173 261 320 364 393 312 201 362 329 300 123 51 145 322 121 146 294 174 339 132 120 142 37 269 321 299 340 233 135 88 249 35 161 235 68 58 34 386 231 289 366 267 228 44 130 52 72 303 357 319 266 141 86 92 199 156 94 230 311 374 11 36 397 350 4 314 193 182 172 13 19 226 221 242 96 80 38 0,33 106 174 200 303 311 394
PFG_MOEA,487,4,759.34,4800.0,0 378 83 155 103 18 190 251 175 99 315 346 372 301 167 21 139 291 265 390 234 0,
PFG_MOEA,487,5,759.34,4800.0,0 179 391 271 39 30 272 268 46 54 93 398 227 213 232 0,391
PFG_MOEA,487,6,759.34,4800.0,0 225 0,
PFG_MOEA,487,7,759.34,4800.0,0 97 209 361 170 367 0,
PFG_MOEA,487,8,759.34,4800.0,0 399 15 168 203 338 202 306 370 342 144 176 27 98 78 196 369 380 16 41 82 178 117 243 344 349 66 343 290 368 376 258 248 328 75 348 353 45 210 278 153 171 87 6 208 205 166 158 189 220 241 62 297 65 283 204 154 305 326 110 140 180 333 317 286 25 55 217 56 7 124 126 20 64 287 10 383 382 0,62 66 205 220 342
PFG_MOEA,487,9,759.34,4800.0,0 2 119 128 295 40 32 276 239 122 296 332 347 138 336 222 95 101 194 147 324 275 323 363 352 277 102 223 244 211 104 310 100 282 143 79 160 50 60 257 270 379 195 5 309 280 351 237 256 274 49 198 252 236 0,
PFG_MOEA,487,10,759.34,4800.0,0 381 23 90 12 207 307 0,
PFG_MOEA,487,11,759.34,4800.0,0 335 187 359 313 360 214 0,
PFG_MOEA,487,12,759.34,4800.0,0 185 118 281 26 334 298 371 0,
PFG_MOEA,488,1,314.81,5596.11,0 12 90 128 236 252 336 276 138 222 198 49 274 256 237 351 280 309 5 290 343 313 207 0,222
PFG_MOEA,488,2,314.81,5596.11,0 91 292 263 8 373 169 108 14 375 212 24 371 219 341 298 334 26 281 118 185 214 295 40 32 239 122 95 101 352 363 323 194 275 277 102 100 23 381 119 2 307 359 187 148 48 31 304 0,23
PFG_MOEA,488,3,314.81,5596.11,0 260 224 71 33 127 152 191 112 165 200 129 238 330 192 0,33
PFG_MOEA,488,4,314.81,5596.11,0 57 67 302 173 106 3 388 164 107 77 151 218 197 229 308 246 259 264 356 345 377 395 400 42 28 250 255 1 262 63 316 394 188 149 157 387 327 183 354 69 254 73 215 85 43 17 247 136 273 137 59 109 0,
PFG_MOEA,488,5,314.81,5596.11,0 329 300 362 123 51 145 322 121 146 201 261 320 364 393 312 294 174 339 132 206 253 365 360 335 0,362 393
PFG_MOEA,488,6,314.81,5596.11,0 61 358 181 177 288 385 240 396 245 115 392 285 331 133 293 53 163 150 9 125 47 216 89 0,
PFG_MOEA,488,7,314.81,5596.11,0 80 13 19 226 35 161 235 58 34 386 231 289 366 267 228 44 130 52 72 318 70 184 284 74 279 159 162 389 114 355 325 384 337 111 116 76 113 81 29 131 84 105 186 134 22 0,
PFG_MOEA,488,8,314.81,5596.11,0 38 96 242 221 172 182 397 350 311 4 314 193 230 94 156 374 36 11 92 319 357 303 266 141 86 199 68 135 88 249 233 340 299 321 269 120 142 37 301 21 139 291 167 372 346 315 99 175 251 0,182
PFG_MOEA,488,9,314.81,5596.11,0 97 225 232 179 391 271 158 241 62 297 65 283 204 154 305 326 110 140 286 317 333 180 220 126 124 7 56 217 55 25 367 170 361 209 227 234 213 190 390 265 18 103 155 83 378 398 93 54 46 268 272 30 39 0,65 154
PFG_MOEA,488,10,314.81,5596.11,0 399 15 16 380 41 82 178 117 243 344 349 20 189 64 166 205 208 6 87 171 153 278 210 353 258 376 368 66 287 10 383 382 0,243
PFG_MOEA,488,11,314.81,5596.11,0 369 338 203 168 0,
PFG_MOEA,488,12,314.81,5596.11,0 202 306 370 342 144 176 27 98 78 196 296 347 332 324 147 211 244 223 104 310 282 143 79 160 50 60 257 270 379 195 45 348 75 328 248 0,370
PFG_MOEA,489,1,411.21,4974.5,0 12 90 381 23 32 276 239 336 138 222 198 49 274 256 237 351 280 252 236 128 119 2 0,23
PFG_MOEA,489,2,411.21,4974.5,0 22 118 185 214 295 40 122 392 285 331 133 293 53 101 352 363 323 194 275 277 102 100 95 163 61 89 207 307 313 359 365 253 206 187 0,22 100
PFG_MOEA,489,3,411.21,4974.5,0 115 0,
PFG_MOEA,489,4,411.21,4974.5,0 245 396 240 385 288 177 181 358 337 384 111 116 76 113 81 29 325 355 0,
PFG_MOEA,489,5,411.21,4974.5,0 281 26 334 298 341 134 186 131 84 114 389 105 219 371 162 159 74 279 91 24 212 375 284 14 184 318 70 292 263 8 373 169 108 72 52 130 44 386 362 201 312 67 164 107 302 173 106 261 388 197 218 151 77 273 136 137 59 109 127 57 226 19 13 80 0,77 106 284
PFG_MOEA,489,6,411.21,4974.5,0 38 172 182 319 303 357 266 141 86 199 228 267 366 289 231 34 58 68 161 235 35 249 88 135 233 156 94 230 374 92 11 36 397 350 311 4 314 193 340 299 321 269 120 142 37 51 123 145 132 339 322 121 146 294 174 320 364 393 3 229 308 356 264 259 246 42 300 329 112 221 242 96 0,51 174 229 246 299
PFG_MOEA,489,7,411.21,4974.5,0 399 200 165 191 152 247 255 1 262 250 28 345 377 395 400 394 188 301 372 21 167 291 139 149 157 63 316 387 327 17 43 85 215 73 254 183 354 69 265 346 315 99 175 251 190 390 18 103 155 83 378 213 234 227 398 93 224 179 232 225 97 71 33 260 148 238 129 330 192 48 31 304 0,93
PFG_MOEA,489,8,411.21,4974.5,0 382 383 10 391 271 39 46 54 268 272 30 66 166 205 208 6 204 154 305 326 283 65 297 62 241 110 140 286 317 333 180 220 158 189 64 20 126 124 7 56 217 55 25 367 170 361 209 287 0,55 62 66 220
PFG_MOEA,489,9,411.21,4974.5,0 380 0,
PFG_MOEA,489,10,411.21,4974.5,0 16 369 15 0,
PFG_MOEA,489,11,411.21,4974.5,0 168 203 178 82 41 0,178
PFG_MOEA,489,12,411.21,4974.5,0 335 360 338 202 306 370 342 144 176 27 98 78 196 296 347 332 216 47 125 9 150 147 324 211 244 223 104 310 282 143 309 5 195 379 79 160 50 60 270 257 210 45 153 278 87 171 353 348 75 328 248 258 376 368 290 343 349 344 243 117 0,
PFG_MOEA,490,1,312.55,5795.78,0 336 138 239 122 296 347 332 324 275 277 104 211 244 223 102 352 363 323 194 147 101 95 222 0,122 211 222 277
PFG_MOEA,490,2,312.55,5795.78,0 335 360 207 307 313 359 187 100 310 282 143 79 160 50 60 257 270 379 195 5 309 280 351 237 256 274 49 198 252 236 381 23 90 12 214 185 118 281 26 334 298 371 72 52 130 44 386 80 0,5 307
PFG_MOEA,490,3,312.55,5795.78,0 13 19 226 57 127 109 59 137 136 273 77 151 218 197 388 261 106 173 302 107 164 67 312 201 362 123 51 145 294 174 339 132 142 120 269 321 299 0,174
PFG_MOEA,490,4,312.55,5795.78,0 340 233 135 88 249 35 235 161 68 58 34 231 289 366 267 228 141 266 303 357 319 86 199 156 94 0,303
PFG_MOEA,490,5,312.55,5795.78,0 38 172 182 397 36 11 92 374 230 311 350 4 314 193 37 322 121 146 320 364 393 3 229 308 356 264 259 246 42 300 329 112 191 152 221 242 96 0,42 264
PFG_MOEA,490,6,312.55,5795.78,0 200 165 129 0,
PFG_MOEA,490,7,312.55,5795.78,0 304 330 395 400 394 188 301 372 21 167 291 139 149 157 63 316 387 17 43 33 71 224 260 0,
PFG_MOEA,490,8,312.55,5795.78,0 399 247 28 250 345 377 262 1 255 327 254 73 215 85 93 179 232 225 97 148 238 192 48 31 0,93
PFG_MOEA,490,9,312.55,5795.78,0 378 69 183 354 265 346 315 99 175 251 190 390 18 103 155 83 234 213 227 398 209 361 170 367 25 55 217 56 7 180 333 317 286 140 110 62 297 65 283 326 305 154 204 6 208 241 220 158 189 64 20 126 124 0,175
PFG_MOEA,490,10,312.55,5795.78,0 287 382 383 10 268 272 30 66 166 205 271 39 391 53 293 133 331 285 392 115 245 396 240 385 288 177 181 358 337 384 111 116 76 113 81 29 325 355 131 84 114 389 105 341 219 0,
PFG_MOEA,490,11,312.55,5795.78,0 91 24 212 375 14 108 169 373 8 263 292 70 318 184 284 74 279 159 162 22 134 186 89 216 47 125 9 150 163 61 365 253 206 46 54 0,
PFG_MOEA,490,12,312.55,5795.78,0 41 82 178 117 243 344 349 343 290 368 376 258 248 328 75 171 87 153 278 210 45 353 348 2 119 128 295 40 32 276 196 78 98 27 176 144 342 370 306 202 338 203 168 369 380 16 15 0,16 87 203
PFG_MOEA,491,1,389.39,5146.42,0 163 78 53 293 133 331 285 392 98 115 245 27 396 240 385 288 177 181 358 337 384 111 116 76 113 81 29 325 355 131 84 114 389 91 279 74 159 162 371 219 298 341 22 134 186 105 118 185 0,
PFG_MOEA,491,2,389.39,5146.42,0 281 26 334 24 212 375 284 14 184 318 70 292 263 8 373 169 108 72 52 130 44 386 51 145 123 362 201 294 312 67 164 107 302 173 106 261 388 197 218 151 77 273 136 137 59 109 127 57 226 19 13 80 0,
PFG_MOEA,491,3,389.39,5146.42,0 142 339 174 132 120 269 321 299 340 233 135 88 249 35 235 161 68 58 34 231 289 366 267 228 141 266 303 357 319 86 199 156 94 230 374 92 11 36 397 350 311 4 314 193 0,88
PFG_MOEA,491,4,389.39,5146.42,0 182 172 38 0,
PFG_MOEA,491,5,389.39,5146.42,0 37 322 121 146 320 364 393 3 229 308 356 264 259 246 42 300 329 112 152 191 165 200 221 242 96 0,152 264 329
PFG_MOEA,491,6,389.39,5146.42,0 129 33 71 224 260 0,
PFG_MOEA,491,7,389.39,5146.42,0 399 247 255 1 262 250 28 345 377 395 400 394 188 301 372 21 167 291 139 149 157 63 316 387 17 43 73 254 327 183 354 69 215 85 93 179 232 225 97 148 48 238 330 192 31 304 0,395
PFG_MOEA,491,8,389.39,5146.42,0 16 15 168 203 369 380 391 271 39 268 272 30 66 166 205 208 6 204 154 305 326 283 65 297 62 241 110 140 286 317 333 180 220 158 189 64 20 126 124 7 56 217 55 25 367 170 361 209 398 227 234 213 190 251 175 99 315 346 265 390 18 103 155 83 378 54 46 287 10 383 382 41 0,7 16 20 103 272
PFG_MOEA,491,9,389.39,5146.42,0 82 178 117 243 368 376 258 353 153 171 87 278 210 143 237 256 274 49 100 282 310 104 102 277 275 194 323 363 352 101 198 95 222 138 122 276 336 252 236 128 23 381 90 119 2 12 0,
PFG_MOEA,491,10,389.39,5146.42,0 344 349 351 280 309 5 79 160 50 60 257 270 379 195 45 348 75 328 248 290 343 187 0,
PFG_MOEA,491,11,389.39,5146.42,0 214 295 40 32 239 370 342 144 176 150 47 9 125 216 89 61 207 307 313 359 206 253 365 360 335 0,176
PFG_MOEA,491,12,389.39,5146.42,0 338 202 306 196 296 347 332 324 147 211 244 223 0,
PFG_MOEA,492,1,413.96,4915.5,0 187 206 253 365 359 313 307 207 61 12 89 2 119 128 236 252 336 138 163 222 95 198 351 280 237 256 274 49 100 102 277 275 194 323 363 352 101 53 293 133 331 285 392 122 239 276 32 40 295 23 381 90 113 81 29 76 116 111 384 337 358 181 177 288 385 240 396 245 115 22 118 185 214 0,245 381
PFG_MOEA,492,2,413.96,4915.5,0 281 84 131 325 355 114 389 186 134 341 298 26 334 0,
PFG_MOEA,492,3,413.96,4915.5,0 371 219 105 162 159 74 279 91 24 212 375 284 14 184 318 70 292 263 8 373 169 108 72 52 130 44 386 362 201 312 67 164 107 302 173 106 261 388 197 218 151 77 273 136 137 59 0,
PFG_MOEA,492,4,413.96,4915.5,0 57 127 109 226 0,
PFG_MOEA,492,5,413.96,4915.5,0 19 0,
PFG_MOEA,492,6,413.96,4915.5,0 38 303 357 266 141 86 199 228 267 366 289 231 34 58 68 161 235 35 249 88 135 233 319 182 172 13 80 0,88
PFG_MOEA,492,7,413.96,4915.5,0 399 397 36 11 92 156 94 230 374 350 311 4 314 193 340 299 321 269 120 142 37 51 123 145 132 339 322 121 146 294 174 320 364 393 3 229 308 356 264 259 246 42 300 329 112 191 165 200 221 242 96 0,11 340 374 393
PFG_MOEA,492,8,413.96,4915.5,0 152 247 255 1 262 250 28 345 377 395 400 394 188 301 372 21 167 291 139 149 157 63 316 387 327 17 43 85 215 73 254 183 354 69 265 346 315 99 175 251 190 390 18 103 155 83 378 213 234 227 398 93 0,1 152 175 227
PFG_MOEA,492,9,413.96,4915.5,0 304 31 48 192 330 238 129 148 260 391 271 39 268 272 30 66 166 205 208 6 204 154 305 326 283 65 297 62 241 110 140 286 317 333 180 220 158 189 64 20 126 124 7 56 217 55 25 367 170 361 209 71 33 97 225 232 179 224 0,55 391
PFG_MOEA,492,10,413.96,4915.5,0 287 10 383 382 0,
PFG_MOEA,492,11,413.96,4915.5,0 16 15 168 203 369 380 82 178 117 243 349 344 54 46 41 0,
PFG_MOEA,492,12,413.96,4915.5,0 335 360 216 150 9 47 125 309 5 343 290 368 376 258 248 328 75 171 87 278 153 353 348 45 210 195 379 270 257 60 50 160 79 143 282 310 104 223 244 211 324 147 332 347 296 196 78 98 27 176 144 342 370 306 202 338 0,
PFG_MOEA,493,1,759.34,4800.0,0 219 341 105 389 114 84 131 355 325 29 81 113 76 116 111 384 337 358 181 177 288 385 240 396 245 115 392 285 331 133 293 53 163 150 9 125 47 216 89 61 206 253 365 0,245
PFG_MOEA,493,2,759.34,4800.0,0 22 134 186 162 159 279 74 284 184 318 70 292 263 8 373 169 108 14 375 212 24 91 0,318
PFG_MOEA,493,3,759.34,4800.0,0 304 31 48 148 260 224 71 33 129 238 330 192 200 165 112 191 152 127 57 109 59 137 273 136 247 17 43 85 215 73 254 69 354 183 327 387 157 149 188 394 316 63 262 1 255 250 28 42 400 395 377 345 356 264 259 246 308 229 197 218 151 77 107 164 67 302 388 3 106 173 261 320 364 393 312 201 362 329 300 123 51 145 322 121 146 294 174 339 132 120 142 37 269 321 299 340 233 135 88 249 35 161 235 68 58 34 386 231 289 366 267 228 44 130 52 72 303 357 319 266 141 86 92 199 156 94 230 311 374 11 36 397 350 4 314 193 182 172 13 19 226 221 242 96 80 38 0,33 106 174 200 303 311 394
PFG_MOEA,493,4,759.34,4800.0,0 378 83 155 103 18 190 251 175 99 315 346 372 301 167 21 139 291 265 390 234 0,
PFG_MOEA,493,5,759.34,4800.0,0 179 391 271 39 30 272 268 46 54 93 398 227 213 232 0,391
PFG_MOEA,493,6,759.34,4800.0,0 225 0,
PFG_MOEA,493,7,759.34,4800.0,0 97 209 361 170 367 0,
PFG_MOEA,493,8,759.34,4800.0,0 399 15 168 203 338 202 306 370 342 144 176 27 98 78 196 369 380 16 41 82 178 117 243 344 349 66 343 290 368 376 258 248 328 75 348 353 45 210 278 153 171 87 6 208 205 166 158 189 220 241 62 297 65 283 204 154 305 326 110 140 180 333 317 286 25 55 217 56 7 124 126 20 64 287 10 383 382 0,62 66 205 220 342
PFG_MOEA,493,9,759.34,4800.0,0 2 119 128 295 40 32 276 239 122 296 332 347 138 336 222 95 101 194 147 324 275 323 363 352 277 102 223 244 211 104 310 100 282 143 79 160 50 60 257 270 379 195 5 309 280 351 237 256 274 49 198 252 236 0,
PFG_MOEA,493,10,759.34,4800.0,0 381 23 90 12 207 307 0,
PFG_MOEA,493,11,759.34,4800.0,0 335 187 359 313 360 214 0,
PFG_MOEA,493,12,759.34,4800.0,0 185 118 281 26 334 298 371 0,
PFG_MOEA,494,1,314.81,5596.11,0 12 90 128 236 252 336 276 138 222 198 49 274 256 237 351 280 309 5 290 343 313 207 0,222
PFG_MOEA,494,2,314.81,5596.11,0 91 292 263 8 373 169 108 14 375 212 24 371 219 341 298 334 26 281 118 185 214 295 40 32 239 122 95 101 352 363 323 194 275 277 102 100 23 381 119 2 307 359 187 148 48 31 304 0,23
PFG_MOEA,494,3,314.81,5596.11,0 260 224 71 33 127 152 191 112 165 200 129 238 330 192 0,33
PFG_MOEA,494,4,314.81,5596.11,0 57 67 302 173 106 3 388 164 107 77 151 218 197 229 308 246 259 264 356 345 377 395 400 42 28 250 255 1 262 63 316 394 188 149 157 387 327 183 354 69 254 73 215 85 43 17 247 136 273 137 59 109 0,
PFG_MOEA,494,5,314.81,5596.11,0 329 300 362 123 51 145 322 121 146 201 261 320 364 393 312 294 174 339 132 206 253 365 360 335 0,362 393
PFG_MOEA,494,6,314.81,5596.11,0 61 358 181 177 288 385 240 396 245 115 392 285 331 133 293 53 163 150 9 125 47 216 89 0,
PFG_MOEA,494,7,314.81,5596.11,0 80 13 19 226 35 161 235 58 34 386 231 289 366 267 228 44 130 52 72 318 70 184 284 74 279 159 162 389 114 355 325 384 337 111 116 76 113 81 29 131 84 105 186 134 22 0,
PFG_MOEA,494,8,314.81,5596.11,0 38 96 242 221 172 182 397 350 311 4 314 193 230 94 156 374 36 11 92 319 357 303 266 141 86 199 68 135 88 249 233 340 299 321 269 120 142 37 301 21 139 291 167 372 346 315 99 175 251 0,182
PFG_MOEA,494,9,314.81,5596.11,0 97 225 232 179 391 271 158 241 62 297 65 283 204 154 305 326 110 140 286 317 333 180 220 126 124 7 56 217 55 25 367 170 361 209 227 234 213 190 390 265 18 103 155 83 378 398 93 54 46 268 272 30 39 0,65 154
PFG_MOEA,494,10,314.81,5596.11,0 399 15 16 380 41 82 178 117 243 344 349 20 189 64 166 205 208 6 87 171 153 278 210 353 258 376 368 66 287 10 383 382 0,243
PFG_MOEA,494,11,314.81,5596.11,0 369 338 203 168 0,
PFG_MOEA,494,12,314.81,5596.11,0 202 306 370 342 144 176 27 98 78 196 296 347 332 324 147 211 244 223 104 310 282 143 79 160 50 60 257 270 379 195 45 348 75 328 248 0,370
PFG_MOEA,495,1,411.21,4974.5,0 12 90 381 23 32 276 239 336 138 222 198 49 274 256 237 351 280 252 236 128 119 2 0,23
PFG_MOEA,495,2,411.21,4974.5,0 22 118 185 214 295 40 122 392 285 331 133 293 53 101 352 363 323 194 275 277 102 100 95 163 61 89 207 307 313 359 365 253 206 187 0,22 100
PFG_MOEA,495,3,411.21,4974.5,0 115 0,
PFG_MOEA,495,4,411.21,4974.5,0 245 396 240 385 288 177 181 358 337 384 111 116 76 113 81 29 325 355 0,
PFG_MOEA,495,5,411.21,4974.5,0 281 26 334 298 341 134 186 131 84 114 389 105 219 371 162 159 74 279 91 24 212 375 284 14 184 318 70 292 263 8 373 169 108 72 52 130 44 386 362 201 312 67 164 107 302 173 106 261 388 197 218 151 77 273 136 137 59 109 127 57 226 19 13 80 0,77 106 284
PFG_MOEA,495,6,411.21,4974.5,0 38 172 182 319 303 357 266 141 86 199 228 267 366 289 231 34 58 68 161 235 35 249 88 135 233 156 94 230 374 92 11 36 397 350 311 4 314 193 340 299 321 269 120 142 37 51 123 145 132 339 322 121 146 294 174 320 364 393 3 229 308 356 264 259 246 42 300 329 112 221 242 96 0,51 174 229 246 299
PFG_MOEA,495,7,411.21,4974.5,0 399 200 165 191 152 247 255 1 262 250 28 345 377 395 400 394 188 301 372 21 167 291 139 149 157 63 316 387 327 17 43 85 215 73 254 183 354 69 265 346 315 99 175 251 190 390 18 103 155 83 378 213 234 227 398 93 224 179 232 225 97 71 33 260 148 238 129 330 192 48 31 304 0,93
PFG_MOEA,495,8,411.21,4974.5,0 382 383 10 391 271 39 46 54 268 272 30 66 166 205 208 6 204 154 305 326 283 65 297 62 241 110 140 286 317 333 180 220 158 189 64 20 126 124 7 56 217 55 25 367 170 361 209 287 0,55 62 66 220
PFG_MOEA,495,9,411.21,4974.5,0 380 0,
PFG_MOEA,495,10,411.21,4974.5,0 16 369 15 0,
PFG_MOEA,495,11,411.21,4974.5,0 168 203 178 82 41 0,178
PFG_MOEA,495,12,411.21,4974.5,0 335 360 338 202 306 370 342 144 176 27 98 78 196 296 347 332 216 47 125 9 150 147 324 211 244 223 104 310 282 143 309 5 195 379 79 160 50 60 270 257 210 45 153 278 87 171 353 348 75 328 248 258 376 368 290 343 349 344 243 117 0,
PFG_MOEA,496,1,312.55,5795.78,0 336 138 239 122 296 347 332 324 275 277 104 211 244 223 102 352 363 323 194 147 101 95 222 0,122 211 222 277
PFG_MOEA,496,2,312.55,5795.78,0 335 360 207 307 313 359 187 100 310 282 143 79 160 50 60 257 270 379 195 5 309 280 351 237 256 274 49 198 252 236 381 23 90 12 214 185 118 281 26 334 298 371 72 52 130 44 386 80 0,5 307
PFG_MOEA,496,3,312.55,5795.78,0 13 19 226 57 127 109 59 137 136 273 77 151 218 197 388 261 106 173 302 107 164 67 312 201 362 123 51 145 294 174 339 132 142 120 269 321 299 0,174
PFG_MOEA,496,4,312.55,5795.78,0 340 233 135 88 249 35 235 161 68 58 34 231 289 366 267 228 141 266 303 357 319 86 199 156 94 0,303
PFG_MOEA,496,5,312.55,5795.78,0 38 172 182 397 36 11 92 374 230 311 350 4 314 193 37 322 121 146 320 364 393 3 229 308 356 264 259 246 42 300 329 112 191 152 221 242 96 0,42 264
PFG_MOEA,496,6,312.55,5795.78,0 200 165 129 0,
PFG_MOEA,496,7,312.55,5795.78,0 304 330 395 400 394 188 301 372 21 167 291 139 149 157 63 316 387 17 43 33 71 224 260 0,
PFG_MOEA,496,8,312.55,5795.78,0 399 247 28 250 345 377 262 1 255 327 254 73 215 85 93 179 232 225 97 148 238 192 48 31 0,93
PFG_MOEA,496,9,312.55,5795.78,0 378 69 183 354 265 346 315 99 175 251 190 390 18 103 155 83 234 213 227 398 209 361 170 367 25 55 217 56 7 180 333 317 286 140 110 62 297 65 283 326 305 154 204 6 208 241 220 158 189 64 20 126 124 0,175
PFG_MOEA,496,10,312.55,5795.78,0 287 382 383 10 268 272 30 66 166 205 271 39 391 53 293 133 331 285 392 115 245 396 240 385 288 177 181 358 337 384 111 116 76 113 81 29 325 355 131 84 114 389 105 341 219 0,
PFG_MOEA,496,11,312.55,5795.78,0 91 24 212 375 14 108 169 373 8 263 292 70 318 184 284 74 279 159 162 22 134 186 89 216 47 125 9 150 163 61 365 253 206 46 54 0,
PFG_MOEA,496,12,312.55,5795.78,0 41 82 178 117 243 344 349 343 290 368 376 258 248 328 75 171 87 153 278 210 45 353 348 2 119 128 295 40 32 276 196 78 98 27 176 144 342 370 306 202 338 203 168 369 380 16 15 0,16 87 203
PFG_MOEA,497,1,389.39,5146.42,0 163 78 53 293 133 331 285 392 98 115 245 27 396 240 385 288 177 181 358 337 384 111 116 76 113 81 29 325 355 131 84 114 389 91 279 74 159 162 371 219 298 341 22 134 186 105 118 185 0,
PFG_MOEA,497,2,389.39,5146.42,0 281 26 334 24 212 375 284 14 184 318 70 292 263 8 373 169 108 72 52 130 44 386 51 145 123 362 201 294 312 67 164 107 302 173 106 261 388 197 218 151 77 273 136 137 59 109 127 57 226 19 13 80 0,
PFG_MOEA,497,3,389.39,5146.42,0 142 339 174 132 120 269 321 299 340 233 135 88 249 35 235 161 68 58 34 231 289 366 267 228 141 266 303 357 319 86 199 156 94 230 374 92 11 36 397 350 311 4 314 193 0,88
PFG_MOEA,497,4,389.39,5146.42,0 182 172 38 0,
PFG_MOEA,497,5,389.39,5146.42,0 37 322 121 146 320 364 393 3 229 308 356 264 259 246 42 300 329 112 152 191 165 200 221 242 96 0,152 264 329
PFG_MOEA,497,6,389.39,5146.42,0 129 33 71 224 260 0,
PFG_MOEA,497,7,389.39,5146.42,0 399 247 255 1 262 250 28 345 377 395 400 394 188 301 372 21 167 291 139 149 157 63 316 387 17 43 73 254 327 183 354 69 215 85 93 179 232 225 97 148 48 238 330 192 31 304 0,395
PFG_MOEA,497,8,389.39,5146.42,0 16 15 168 203 369 380 391 271 39 268 272 30 66 166 205 208 6 204 154 305 326 283 65 297 62 241 110 140 286 317 333 180 220 158 189 64 20 126 124 7 56 217 55 25 367 170 361 209 398 227 234 213 190 251 175 99 315 346 265 390 18 103 155 83 378 54 46 287 10 383 382 41 0,7 16 20 103 272
PFG_MOEA,497,9,389.39,5146.42,0 82 178 117 243 368 376 258 353 153 171 87 278 210 143 237 256 274 49 100 282 310 104 102 277 275 194 323 363 352 101 198 95 222 138 122 276 336 252 236 128 23 381 90 119 2 12 0,
PFG_MOEA,497,10,389.39,5146.42,0 344 349 351 280 309 5 79 160 50 60 257 270 379 195 45 348 75 328 248 290 343 187 0,
PFG_MOEA,497,11,389.39,5146.42,0 214 295 40 32 239 370 342 144 176 150 47 9 125 216 89 61 207 307 313 359 206 253 365 360 335 0,176
PFG_MOEA,497,12,389.39,5146.42,0 338 202 306 196 296 347 332 324 147 211 244 223 0,
PFG_MOEA,498,1,413.96,4915.5,0 187 206 253 365 359 313 307 207 61 12 89 2 119 128 236 252 336 138 163 222 95 198 351 280 237 256 274 49 100 102 277 275 194 323 363 352 101 53 293 133 331 285 392 122 239 276 32 40 295 23 381 90 113 81 29 76 116 111 384 337 358 181 177 288 385 240 396 245 115 22 118 185 214 0,245 381
PFG_MOEA,498,2,413.96,4915.5,0 281 84 131 325 355 114 389 186 134 341 298 26 334 0,
PFG_MOEA,498,3,413.96,4915.5,0 371 219 105 162 159 74 279 91 24 212 375 284 14 184 318 70 292 263 8 373 169 108 72 52 130 44 386 362 201 312 67 164 107 302 173 106 261 388 197 218 151 77 273 136 137 59 0,
PFG_MOEA,498,4,413.96,4915.5,0 57 127 109 226 0,
PFG_MOEA,498,5,413.96,4915.5,0 19 0,
PFG_MOEA,498,6,413.96,4915.5,0 38 303 357 266 141 86 199 228 267 366 289 231 34 58 68 161 235 35 249 88 135 233 319 182 172 13 80 0,88
PFG_MOEA,498,7,413.96,4915.5,0 399 397 36 11 92 156 94 230 374 350 311 4 314 193 340 299 321 269 120 142 37 51 123 145 132 339 322 121 146 294 174 320 364 393 3 229 308 356 264 259 246 42 300 329 112 191 165 200 221 242 96 0,11 340 374 393
PFG_MOEA,498,8,413.96,4915.5,0 152 247 255 1 262 250 28 345 377 395 400 394 188 301 372 21 167 291 139 149 157 63 316 387 327 17 43 85 215 73 254 183 354 69 265 346 315 99 175 251 190 390 18 103 155 83 378 213 234 227 398 93 0,1 152 175 227
PFG_MOEA,498,9,413.96,4915.5,0 304 31 48 192 330 238 129 148 260 391 271 39 268 272 30 66 166 205 208 6 204 154 305 326 283 65 297 62 241 110 140 286 317 333 180 220 158 189 64 20 126 124 7 56 217 55 25 367 170 361 209 71 33 97 225 232 179 224 0,55 391
PFG_MOEA,498,10,413.96,4915.5,0 287 10 383 382 0,
PFG_MOEA,498,11,413.96,4915.5,0 16 15 168 203 369 380 82 178 117 243 349 344 54 46 41 0,
PFG_MOEA,498,12,413.96,4915.5,0 335 360 216 150 9 47 125 309 5 343 290 368 376 258 248 328 75 171 87 278 153 353 348 45 210 195 379 270 257 60 50 160 79 143 282 310 104 223 244 211 324 147 332 347 296 196 78 98 27 176 144 342 370 306 202 338 0,
PFG_MOEA,499,1,759.34,4800.0,0 219 341 105 389 114 84 131 355 325 29 81 113 76 116 111 384 337 358 181 177 288 385 240 396 245 115 392 285 331 133 293 53 163 150 9 125 47 216 89 61 206 253 365 0,245
PFG_MOEA,499,2,759.34,4800.0,0 22 134 186 162 159 279 74 284 184 318 70 292 263 8 373 169 108 14 375 212 24 91 0,318
PFG_MOEA,499,3,759.34,4800.0,0 304 31 48 148 260 224 71 33 129 238 330 192 200 165 112 191 152 127 57 109 59 137 273 136 247 17 43 85 215 73 254 69 354 183 327 387 157 149 188 394 316 63 262 1 255 250 28 42 400 395 377 345 356 264 259 246 308 229 197 218 151 77 107 164 67 302 388 3 106 173 261 320 364 393 312 201 362 329 300 123 51 145 322 121 146 294 174 339 132 120 142 37 269 321 299 340 233 135 88 249 35 161 235 68 58 34 386 231 289 366 267 228 44 130 52 72 303 357 319 266 141 86 92 199 156 94 230 311 374 11 36 397 350 4 314 193 182 172 13 19 226 221 242 96 80 38 0,33 106 174 200 303 311 394
PFG_MOEA,499,4,759.34,4800.0,0 378 83 155 103 18 190 251 175 99 315 346 372 301 167 21 139 291 265 390 234 0,
PFG_MOEA,499,5,759.34,4800.0,0 179 391 271 39 30 272 268 46 54 93 398 227 213 232 0,391
PFG_MOEA,499,6,759.34,4800.0,0 225 0,
PFG_MOEA,499,7,759.34,4800.0,0 97 209 361 170 367 0,
PFG_MOEA,499,8,759.34,4800.0,0 399 15 168 203 338 202 306 370 342 144 176 27 98 78 196 369 380 16 41 82 178 117 243 344 349 66 343 290 368 376 258 248 328 75 348 353 45 210 278 153 171 87 6 208 205 166 158 189 220 241 62 297 65 283 204 154 305 326 110 140 180 333 317 286 25 55 217 56 7 124 126 20 64 287 10 383 382 0,62 66 205 220 342
PFG_MOEA,499,9,759.34,4800.0,0 2 119 128 295 40 32 276 239 122 296 332 347 138 336 222 95 101 194 147 324 275 323 363 352 277 102 223 244 211 104 310 100 282 143 79 160 50 60 257 270 379 195 5 309 280 351 237 256 274 49 198 252 236 0,
PFG_MOEA,499,10,759.34,4800.0,0 381 23 90 12 207 307 0,
PFG_MOEA,499,11,759.34,4800.0,0 335 187 359 313 360 214 0,
PFG_MOEA,499,12,759.34,4800.0,0 185 118 281 26 334 298 371 0,
PFG_MOEA,500,1,314.81,5596.11,0 12 90 128 236 252 336 276 138 222 198 49 274 256 237 351 280 309 5 290 343 313 207 0,222
PFG_MOEA,500,2,314.81,5596.11,0 91 292 263 8 373 169 108 14 375 212 24 371 219 341 298 334 26 281 118 185 214 295 40 32 239 122 95 101 352 363 323 194 275 277 102 100 23 381 119 2 307 359 187 148 48 31 304 0,23
PFG_MOEA,500,3,314.81,5596.11,0 260 224 71 33 127 152 191 112 165 200 129 238 330 192 0,33
PFG_MOEA,500,4,314.81,5596.11,0 57 67 302 173 106 3 388 164 107 77 151 218 197 229 308 246 259 264 356 345 377 395 400 42 28 250 255 1 262 63 316 394 188 149 157 387 327 183 354 69 254 73 215 85 43 17 247 136 273 137 59 109 0,
PFG_MOEA,500,5,314.81,5596.11,0 329 300 362 123 51 145 322 121 146 201 261 320 364 393 312 294 174 339 132 206 253 365 360 335 0,362 393
PFG_MOEA,500,6,314.81,5596.11,0 61 358 181 177 288 385 240 396 245 115 392 285 331 133 293 53 163 150 9 125 47 216 89 0,
PFG_MOEA,500,7,314.81,5596.11,0 80 13 19 226 35 161 235 58 34 386 231 289 366 267 228 44 130 52 72 318 70 184 284 74 279 159 162 389 114 355 325 384 337 111 116 76 113 81 29 131 84 105 186 134 22 0,
PFG_MOEA,500,8,314.81,5596.11,0 38 96 242 221 172 182 397 350 311 4 314 193 230 94 156 374 36 11 92 319 357 303 266 141 86 199 68 135 88 249 233 340 299 321 269 120 142 37 301 21 139 291 167 372 346 315 99 175 251 0,182
PFG_MOEA,500,9,314.81,5596.11,0 97 225 232 179 391 271 158 241 62 297 65 283 204 154 305 326 110 140 286 317 333 180 220 126 124 7 56 217 55 25 367 170 361 209 227 234 213 190 390 265 18 103 155 83 378 398 93 54 46 268 272 30 39 0,65 154
PFG_MOEA,500,10,314.81,5596.11,0 399 15 16 380 41 82 178 117 243 344 349 20 189 64 166 205 208 6 87 171 153 278 210 353 258 376 368 66 287 10 383 382 0,243
PFG_MOEA,500,11,314.81,5596.11,0 369 338 203 168 0,
PFG_MOEA,500,12,314.81,5596.11,0 202 306 370 342 144 176 27 98 78 196 296 347 332 324 147 211 244 223 104 310 282 143 79 160 50 60 257 270 379 195 45 348 75 328 248 0,370
PFG_MOEA,501,1,411.21,4974.5,0 12 90 381 23 32 276 239 336 138 222 198 49 274 256 237 351 280 252 236 128 119 2 0,23
PFG_MOEA,501,2,411.21,4974.5,0 22 118 185 214 295 40 122 392 285 331 133 293 53 101 352 363 323 194 275 277 102 100 95 163 61 89 207 307 313 359 365 253 206 187 0,22 100
PFG_MOEA,501,3,411.21,4974.5,0 115 0,
PFG_MOEA,501,4,411.21,4974.5,0 245 396 240 385 288 177 181 358 337 384 111 116 76 113 81 29 325 355 0,
PFG_MOEA,501,5,411.21,4974.5,0 281 26 334 298 341 134 186 131 84 114 389 105 219 371 162 159 74 279 91 24 212 375 284 14 184 318 70 292 263 8 373 169 108 72 52 130 44 386 362 201 312 67 164 107 302 173 106 261 388 197 218 151 77 273 136 137 59 109 127 57 226 19 13 80 0,77 106 284
PFG_MOEA,501,6,411.21,4974.5,0 38 172 182 319 303 357 266 141 86 199 228 267 366 289 231 34 58 68 161 235 35 249 88 135 233 156 94 230 374 92 11 36 397 350 311 4 314 193 340 299 321 269 120 142 37 51 123 145 132 339 322 121 146 294 174 320 364 393 3 229 308 356 264 259 246 42 300 329 112 221 242 96 0,51 174 229 246 299
PFG_MOEA,501,7,411.21,4974.5,0 399 200 165 191 152 247 255 1 262 250 28 345 377 395 400 394 188 301 372 21 167 291 139 149 157 63 316 387 327 17 43 85 215 73 254 183 354 69 265 346 315 99 175 251 190 390 18 103 155 83 378 213 234 227 398 93 224 179 232 225 97 71 33 260 148 238 129 330 192 48 31 304 0,93
PFG_MOEA,501,8,411.21,4974.5,0 382 383 10 391 271 39 46 54 268 272 30 66 166 205 208 6 204 154 305 326 283 65 297 62 241 110 140 286 317 333 180 220 158 189 64 20 126 124 7 56 217 55 25 367 170 361 209 287 0,55 62 66 220
PFG_MOEA,501,9,411.21,4974.5,0 380 0,
PFG_MOEA,501,10,411.21,4974.5,0 16 369 15 0,
PFG_MOEA,501,11,411.21,4974.5,0 168 203 178 82 41 0,178
PFG_MOEA,501,12,411.21,4974.5,0 335 360 338 202 306 370 342 144 176 27 98 78 196 296 347 332 216 47 125 9 150 147 324 211 244 223 104 310 282 143 309 5 195 379 79 160 50 60 270 257 210 45 153 278 87 171 353 348 75 328 248 258 376 368 290 343 349 344 243 117 0,
PFG_MOEA,502,1,312.55,5795.78,0 336 138 239 122 296 347 332 324 275 277 104 211 244 223 102 352 363 323 194 147 101 95 222 0,122 211 222 277
PFG_MOEA,502,2,312.55,5795.78,0 335 360 207 307 313 359 187 100 310 282 143 79 160 50 60 257 270 379 195 5 309 280 351 237 256 274 49 198 252 236 381 23 90 12 214 185 118 281 26 334 298 371 72 52 130 44 386 80 0,5 307
PFG_MOEA,502,3,312.55,5795.78,0 13 19 226 57 127 109 59 137 136 273 77 151 218 197 388 261 106 173 302 107 164 67 312 201 362 123 51 145 294 174 339 132 142 120 269 321 299 0,174
PFG_MOEA,502,4,312.55,5795.78,0 340 233 135 88 249 35 235 161 68 58 34 231 289 366 267 228 141 266 303 357 319 86 199 156 94 0,303
PFG_MOEA,502,5,312.55,5795.78,0 38 172 182 397 36 11 92 374 230 311 350 4 314 193 37 322 121 146 320 364 393 3 229 308 356 264 259 246 42 300 329 112 191 152 221 242 96 0,42 264
PFG_MOEA,502,6,312.55,5795.78,0 200 165 129 0,
PFG_MOEA,502,7,312.55,5795.78,0 304 330 395 400 394 188 301 372 21 167 291 139 149 157 63 316 387 17 43 33 71 224 260 0,
PFG_MOEA,502,8,312.55,5795.78,0 399 247 28 250 345 377 262 1 255 327 254 73 215 85 93 179 232 225 97 148 238 192 48 31 0,93
PFG_MOEA,502,9,312.55,5795.78,0 378 69 183 354 265 346 315 99 175 251 190 390 18 103 155 83 234 213 227 398 209 361 170 367 25 55 217 56 7 180 333 317 286 140 110 62 297 65 283 326 305 154 204 6 208 241 220 158 189 64 20 126 124 0,175
PFG_MOEA,502,10,312.55,5795.78,0 287 382 383 10 268 272 30 66 166 205 271 39 391 53 293 133 331 285 392 115 245 396 240 385 288 177 181 358 337 384 111 116 76 113 81 29 325 355 131 84 114 389 105 341 219 0,
PFG_MOEA,502,11,312.55,5795.78,0 91 24 212 375 14 108 169 373 8 263 292 70 318 184 284 74 279 159 162 22 134 186 89 216 47 125 9 150 163 61 365 253 206 46 54 0,
PFG_MOEA,502,12,312.55,5795.78,0 41 82 178 117 243 344 349 343 290 368 376 258 248 328 75 171 87 153 278 210 45 353 348 2 119 128 295 40 32 276 196 78 98 27 176 144 342 370 306 202 338 203 168 369 380 16 15 0,16 87 203
PFG_MOEA,503,1,389.39,5146.42,0 163 78 53 293 133 331 285 392 98 115 245 27 396 240 385 288 177 181 358 337 384 111 116 76 113 81 29 325 355 131 84 114 389 91 279 74 159 162 371 219 298 341 22 134 186 105 118 185 0,
PFG_MOEA,503,2,389.39,5146.42,0 281 26 334 24 212 375 284 14 184 318 70 292 263 8 373 169 108 72 52 130 44 386 51 145 123 362 201 294 312 67 164 107 302 173 106 261 388 197 218 151 77 273 136 137 59 109 127 57 226 19 13 80 0,
PFG_MOEA,503,3,389.39,5146.42,0 142 339 174 132 120 269 321 299 340 233 135 88 249 35 235 161 68 58 34 231 289 366 267 228 141 266 303 357 319 86 199 156 94 230 374 92 11 36 397 350 311 4 314 193 0,88
PFG_MOEA,503,4,389.39,5146.42,0 182 172 38 0,
PFG_MOEA,503,5,389.39,5146.42,0 37 322 121 146 320 364 393 3 229 308 356 264 259 246 42 300 329 112 152 191 165 200 221 242 96 0,152 264 329
PFG_MOEA,503,6,389.39,5146.42,0 129 33 71 224 260 0,
PFG_MOEA,503,7,389.39,5146.42,0 399 247 255 1 262 250 28 345 377 395 400 394 188 301 372 21 167 291 139 149 157 63 316 387 17 43 73 254 327 183 354 69 215 85 93 179 232 225 97 148 48 238 330 192 31 304 0,395
PFG_MOEA,503,8,389.39,5146.42,0 16 15 168 203 369 380 391 271 39 268 272 30 66 166 205 208 6 204 154 305 326 283 65 297 62 241 110 140 286 317 333 180 220 158 189 64 20 126 124 7 56 217 55 25 367 170 361 209 398 227 234 213 190 251 175 99 315 346 265 390 18 103 155 83 378 54 46 287 10 383 382 41 0,7 16 20 103 272
PFG_MOEA,503,9,389.39,5146.42,0 82 178 117 243 368 376 258 353 153 171 87 278 210 143 237 256 274 49 100 282 310 104 102 277 275 194 323 363 352 101 198 95 222 138 122 276 336 252 236 128 23 381 90 119 2 12 0,
PFG_MOEA,503,10,389.39,5146.42,0 344 349 351 280 309 5 79 160 50 60 257 270 379 195 45 348 75 328 248 290 343 187 0,
PFG_MOEA,503,11,389.39,5146.42,0 214 295 40 32 239 370 342 144 176 150 47 9 125 216 89 61 207 307 313 359 206 253 365 360 335 0,176
PFG_MOEA,503,12,389.39,5146.42,0 338 202 306 196 296 347 332 324 147 211 244 223 0,
PFG_MOEA,504,1,413.96,4915.5,0 187 206 253 365 359 313 307 207 61 12 89 2 119 128 236 252 336 138 163 222 95 198 351 280 237 256 274 49 100 102 277 275 194 323 363 352 101 53 293 133 331 285 392 122 239 276 32 40 295 23 381 90 113 81 29 76 116 111 384 337 358 181 177 288 385 240 396 245 115 22 118 185 214 0,245 381
PFG_MOEA,504,2,413.96,4915.5,0 281 84 131 325 355 114 389 186 134 341 298 26 334 0,
PFG_MOEA,504,3,413.96,4915.5,0 371 219 105 162 159 74 279 91 24 212 375 284 14 184 318 70 292 263 8 373 169 108 72 52 130 44 386 362 201 312 67 164 107 302 173 106 261 388 197 218 151 77 273 136 137 59 0,
PFG_MOEA,504,4,413.96,4915.5,0 57 127 109 226 0,
PFG_MOEA,504,5,413.96,4915.5,0 19 0,
PFG_MOEA,504,6,413.96,4915.5,0 38 303 357 266 141 86 199 228 267 366 289 231 34 58 68 161 235 35 249 88 135 233 319 182 172 13 80 0,88
PFG_MOEA,504,7,413.96,4915.5,0 399 397 36 11 92 156 94 230 374 350 311 4 314 193 340 299 321 269 120 142 37 51 123 145 132 339 322 121 146 294 174 320 364 393 3 229 308 356 264 259 246 42 300 329 112 191 165 200 221 242 96 0,11 340 374 393
PFG_MOEA,504,8,413.96,4915.5,0 152 247 255 1 262 250 28 345 377 395 400 394 188 301 372 21 167 291 139 149 157 63 316 387 327 17 43 85 215 73 254 183 354 69 265 346 315 99 175 251 190 390 18 103 155 83 378 213 234 227 398 93 0,1 152 175 227
PFG_MOEA,504,9,413.96,4915.5,0 304 31 48 192 330 238 129 148 260 391 271 39 268 272 30 66 166 205 208 6 204 154 305 326 283 65 297 62 241 110 140 286 317 333 180 220 158 189 64 20 126 124 7 56 217 55 25 367 170 361 209 71 33 97 225 232 179 224 0,55 391
PFG_MOEA,504,10,413.96,4915.5,0 287 10 383 382 0,
PFG_MOEA,504,11,413.96,4915.5,0 16 15 168 203 369 380 82 178 117 243 349 344 54 46 41 0,
PFG_MOEA,504,12,413.96,4915.5,0 335 360 216 150 9 47 125 309 5 343 290 368 376 258 248 328 75 171 87 278 153 353 348 45 210 195 379 270 257 60 50 160 79 143 282 310 104 223 244 211 324 147 332 347 296 196 78 98 27 176 144 342 370 306 202 338 0,
PFG_MOEA,505,1,759.34,4800.0,0 219 341 105 389 114 84 131 355 325 29 81 113 76 116 111 384 337 358 181 177 288 385 240 396 245 115 392 285 331 133 293 53 163 150 9 125 47 216 89 61 206 253 365 0,245
PFG_MOEA,505,2,759.34,4800.0,0 22 134 186 162 159 279 74 284 184 318 70 292 263 8 373 169 108 14 375 212 24 91 0,318
PFG_MOEA,505,3,759.34,4800.0,0 304 31 48 148 260 224 71 33 129 238 330 192 200 165 112 191 152 127 57 109 59 137 273 136 247 17 43 85 215 73 254 69 354 183 327 387 157 149 188 394 316 63 262 1 255 250 28 42 400 395 377 345 356 264 259 246 308 229 197 218 151 77 107 164 67 302 388 3 106 173 261 320 364 393 312 201 362 329 300 123 51 145 322 121 146 294 174 339 132 120 142 37 269 321 299 340 233 135 88 249 35 161 235 68 58 34 386 231 289 366 267 228 44 130 52 72 303 357 319 266 141 86 92 199 156 94 230 311 374 11 36 397 350 4 314 193 182 172 13 19 226 221 242 96 80 38 0,33 106 174 200 303 311 394
PFG_MOEA,505,4,759.34,4800.0,0 378 83 155 103 18 190 251 175 99 315 346 372 301 167 21 139 291 265 390 234 0,
PFG_MOEA,505,5,759.34,4800.0,0 179 391 271 39 30 272 268 46 54 93 398 227 213 232 0,391
PFG_MOEA,505,6,759.34,4800.0,0 225 0,
PFG_MOEA,505,7,759.34,4800.0,0 97 209 361 170 367 0,
PFG_MOEA,505,8,759.34,4800.0,0 399 15 168 203 338 202 306 370 342 144 176 27 98 78 196 369 380 16 41 82 178 117 243 344 349 66 343 290 368 376 258 248 328 75 348 353 45 210 278 153 171 87 6 208 205 166 158 189 220 241 62 297 65 283 204 154 305 326 110 140 180 333 317 286 25 55 217 56 7 124 126 20 64 287 10 383 382 0,62 66 205 220 342
PFG_MOEA,505,9,759.34,4800.0,0 2 119 128 295 40 32 276 239 122 296 332 347 138 336 222 95 101 194 147 324 275 323 363 352 277 102 223 244 211 104 310 100 282 143 79 160 50 60 257 270 379 195 5 309 280 351 237 256 274 49 198 252 236 0,
PFG_MOEA,505,10,759.34,4800.0,0 381 23 90 12 207 307 0,
PFG_MOEA,505,11,759.34,4800.0,0 335 187 359 313 360 214 0,
PFG_MOEA,505,12,759.34,4800.0,0 185 118 281 26 334 298 371 0,
PFG_MOEA,506,1,314.81,5596.11,0 12 90 128 236 252 336 276 138 222 198 49 274 256 237 351 280 309 5 290 343 313 207 0,222
PFG_MOEA,506,2,314.81,5596.11,0 91 292 263 8 373 169 108 14 375 212 24 371 219 341 298 334 26 281 118 185 214 295 40 32 239 122 95 101 352 363 323 194 275 277 102 100 23 381 119 2 307 359 187 148 48 31 304 0,23
PFG_MOEA,506,3,314.81,5596.11,0 260 224 71 33 127 152 191 112 165 200 129 238 330 192 0,33
PFG_MOEA,506,4,314.81,5596.11,0 57 67 302 173 106 3 388 164 107 77 151 218 197 229 308 246 259 264 356 345 377 395 400 42 28 250 255 1 262 63 316 394 188 149 157 387 327 183 354 69 254 73 215 85 43 17 247 136 273 137 59 109 0,
PFG_MOEA,506,5,314.81,5596.11,0 329 300 362 123 51 145 322 121 146 201 261 320 364 393 312 294 174 339 132 206 253 365 360 335 0,362 393
PFG_MOEA,506,6,314.81,5596.11,0 61 358 181 177 288 385 240 396 245 115 392 285 331 133 293 53 163 150 9 125 47 216 89 0,
PFG_MOEA,506,7,314.81,5596.11,0 80 13 19 226 35 161 235 58 34 386 231 289 366 267 228 44 130 52 72 318 70 184 284 74 279 159 162 389 114 355 325 384 337 111 116 76 113 81 29 131 84 105 186 134 22 0,
PFG_MOEA,506,8,314.81,5596.11,0 38 96 242 221 172 182 397 350 311 4 314 193 230 94 156 374 36 11 92 319 357 303 266 141 86 199 68 135 88 249 233 340 299 321 269 120 142 37 301 21 139 291 167 372 346 315 99 175 251 0,182
PFG_MOEA,506,9,314.81,5596.11,0 97 225 232 179 391 271 158 241 62 297 65 283 204 154 305 326 110 140 286 317 333 180 220 126 124 7 56 217 55 25 367 170 361 209 227 234 213 190 390 265 18 103 155 83 378 398 93 54 46 268 272 30 39 0,65 154
PFG_MOEA,506,10,314.81,5596.11,0 399 15 16 380 41 82 178 117 243 344 349 20 189 64 166 205 208 6 87 171 153 278 210 353 258 376 368 66 287 10 383 382 0,243
PFG_MOEA,506,11,314.81,5596.11,0 369 338 203 168 0,
PFG_MOEA,506,12,314.81,5596.11,0 202 306 370 342 144 176 27 98 78 196 296 347 332 324 147 211 244 223 104 310 282 143 79 160 50 60 257 270 379 195 45 348 75 328 248 0,370
PFG_MOEA,507,1,411.21,4974.5,0 12 90 381 23 32 276 239 336 138 222 198 49 274 256 237 351 280 252 236 128 119 2 0,23
PFG_MOEA,507,2,411.21,4974.5,0 22 118 185 214 295 40 122 392 285 331 133 293 53 101 352 363 323 194 275 277 102 100 95 163 61 89 207 307 313 359 365 253 206 187 0,22 100
PFG_MOEA,507,3,411.21,4974.5,0 115 0,
PFG_MOEA,507,4,411.21,4974.5,0 245 396 240 385 288 177 181 358 337 384 111 116 76 113 81 29 325 355 0,
PFG_MOEA,507,5,411.21,4974.5,0 281 26 334 298 341 134 186 131 84 114 389 105 219 371 162 159 74 279 91 24 212 375 284 14 184 318 70 292 263 8 373 169 108 72 52 130 44 386 362 201 312 67 164 107 302 173 106 261 388 197 218 151 77 273 136 137 59 109 127 57 226 19 13 80 0,77 106 284
PFG_MOEA,507,6,411.21,4974.5,0 38 172 182 319 303 357 266 141 86 199 228 267 366 289 231 34 58 68 161 235 35 249 88 135 233 156 94 230 374 92 11 36 397 350 311 4 314 193 340 299 321 269 120 142 37 51 123 145 132 339 322 121 146 294 174 320 364 393 3 229 308 356 264 259 246 42 300 329 112 221 242 96 0,51 174 229 246 299
PFG_MOEA,507,7,411.21,4974.5,0 399 200 165 191 152 247 255 1 262 250 28 345 377 395 400 394 188 301 372 21 167 291 139 149 157 63 316 387 327 17 43 85 215 73 254 183 354 69 265 346 315 99 175 251 190 390 18 103 155 83 378 213 234 227 398 93 224 179 232 225 97 71 33 260 148 238 129 330 192 48 31 304 0,93
PFG_MOEA,507,8,411.21,4974.5,0 382 383 10 391 271 39 46 54 268 272 30 66 166 205 208 6 204 154 305 326 283 65 297 62 241 110 140 286 317 333 180 220 158 189 64 20 126 124 7 56 217 55 25 367 170 361 209 287 0,55 62 66 220
PFG_MOEA,507,9,411.21,4974.5,0 380 0,
PFG_MOEA,507,10,411.21,4974.5,0 16 369 15 0,
PFG_MOEA,507,11,411.21,4974.5,0 168 203 178 82 41 0,178
PFG_MOEA,507,12,411.21,4974.5,0 335 360 338 202 306 370 342 144 176 27 98 78 196 296 347 332 216 47 125 9 150 147 324 211 244 223 104 310 282 143 309 5 195 379 79 160 50 60 270 257 210 45 153 278 87 171 353 348 75 328 248 258 376 368 290 343 349 344 243 117 0,
PFG_MOEA,508,1,312.55,5795.78,0 336 138 239 122 296 347 332 324 275 277 104 211 244 223 102 352 363 323 194 147 101 95 222 0,122 211 222 277
PFG_MOEA,508,2,312.55,5795.78,0 335 360 207 307 313 359 187 100 310 282 143 79 160 50 60 257 270 379 195 5 309 280 351 237 256 274 49 198 252 236 381 23 90 12 214 185 118 281 26 334 298 371 72 52 130 44 386 80 0,5 307
PFG_MOEA,508,3,312.55,5795.78,0 13 19 226 57 127 109 59 137 136 273 77 151 218 197 388 261 106 173 302 107 164 67 312 201 362 123 51 145 294 174 339 132 142 120 269 321 299 0,174
PFG_MOEA,508,4,312.55,5795.78,0 340 233 135 88 249 35 235 161 68 58 34 231 289 366 267 228 141 266 303 357 319 86 199 156 94 0,303
PFG_MOEA,508,5,312.55,5795.78,0 38 172 182 397 36 11 92 374 230 311 350 4 314 193 37 322 121 146 320 364 393 3 229 308 356 264 259 246 42 300 329 112 191 152 221 242 96 0,42 264
PFG_MOEA,508,6,312.55,5795.78,0 200 165 129 0,
PFG_MOEA,508,7,312.55,5795.78,0 304 330 395 400 394 188 301 372 21 167 291 139 149 157 63 316 387 17 43 33 71 224 260 0,
PFG_MOEA,508,8,312.55,5795.78,0 399 247 28 250 345 377 262 1 255 327 254 73 215 85 93 179 232 225 97 148 238 192 48 31 0,93
PFG_MOEA,508,9,312.55,5795.78,0 378 69 183 354 265 346 315 99 175 251 190 390 18 103 155 83 234 213 227 398 209 361 170 367 25 55 217 56 7 180 333 317 286 140 110 62 297 65 283 326 305 154 204 6 208 241 220 158 189 64 20 126 124 0,175
PFG_MOEA,508,10,312.55,5795.78,0 287 382 383 10 268 272 30 66 166 205 271 39 391 53 293 133 331 285 392 115 245 396 240 385 288 177 181 358 337 384 111 116 76 113 81 29 325 355 131 84 114 389 105 341 219 0,
PFG_MOEA,508,11,312.55,5795.78,0 91 24 212 375 14 108 169 373 8 263 292 70 318 184 284 74 279 159 162 22 134 186 89 216 47 125 9 150 163 61 365 253 206 46 54 0,
PFG_MOEA,508,12,312.55,5795.78,0 41 82 178 117 243 344 349 343 290 368 376 258 248 328 75 171 87 153 278 210 45 353 348 2 119 128 295 40 32 276 196 78 98 27 176 144 342 370 306 202 338 203 168 369 380 16 15 0,16 87 203
PFG_MOEA,509,1,389.39,5146.42,0 163 78 53 293 133 331 285 392 98 115 245 27 396 240 385 288 177 181 358 337 384 111 116 76 113 81 29 325 355 131 84 114 389 91 279 74 159 162 371 219 298 341 22 134 186 105 118 185 0,
PFG_MOEA,509,2,389.39,5146.42,0 281 26 334 24 212 375 284 14 184 318 70 292 263 8 373 169 108 72 52 130 44 386 51 145 123 362 201 294 312 67 164 107 302 173 106 261 388 197 218 151 77 273 136 137 59 109 127 57 226 19 13 80 0,
PFG_MOEA,509,3,389.39,5146.42,0 142 339 174 132 120 269 321 299 340 233 135 88 249 35 235 161 68 58 34 231 289 366 267 228 141 266 303 357 319 86 199 156 94 230 374 92 11 36 397 350 311 4 314 193 0,88
PFG_MOEA,509,4,389.39,5146.42,0 182 172 38 0,
PFG_MOEA,509,5,389.39,5146.42,0 37 322 121 146 320 364 393 3 229 308 356 264 259 246 42 300 329 112 152 191 165 200 221 242 96 0,152 264 329
PFG_MOEA,509,6,389.39,5146.42,0 129 33 71 224 260 0,
PFG_MOEA,509,7,389.39,5146.42,0 399 247 255 1 262 250 28 345 377 395 400 394 188 301 372 21 167 291 139 149 157 63 316 387 17 43 73 254 327 183 354 69 215 85 93 179 232 225 97 148 48 238 330 192 31 304 0,395
PFG_MOEA,509,8,389.39,5146.42,0 16 15 168 203 369 380 391 271 39 268 272 30 66 166 205 208 6 204 154 305 326 283 65 297 62 241 110 140 286 317 333 180 220 158 189 64 20 126 124 7 56 217 55 25 367 170 361 209 398 227 234 213 190 251 175 99 315 346 265 390 18 103 155 83 378 54 46 287 10 383 382 41 0,7 16 20 103 272
PFG_MOEA,509,9,389.39,5146.42,0 82 178 117 243 368 376 258 353 153 171 87 278 210 143 237 256 274 49 100 282 310 104 102 277 275 194 323 363 352 101 198 95 222 138 122 276 336 252 236 128 23 381 90 119 2 12 0,
PFG_MOEA,509,10,389.39,5146.42,0 344 349 351 280 309 5 79 160 50 60 257 270 379 195 45 348 75 328 248 290 343 187 0,
PFG_MOEA,509,11,389.39,5146.42,0 214 295 40 32 239 370 342 144 176 150 47 9 125 216 89 61 207 307 313 359 206 253 365 360 335 0,176
PFG_MOEA,509,12,389.39,5146.42,0 338 202 306 196 296 347 332 324 147 211 244 223 0,
PFG_MOEA,510,1,413.96,4915.5,0 187 206 253 365 359 313 307 207 61 12 89 2 119 128 236 252 336 138 163 222 95 198 351 280 237 256 274 49 100 102 277 275 194 323 363 352 101 53 293 133 331 285 392 122 239 276 32 40 295 23 381 90 113 81 29 76 116 111 384 337 358 181 177 288 385 240 396 245 115 22 118 185 214 0,245 381
PFG_MOEA,510,2,413.96,4915.5,0 281 84 131 325 355 114 389 186 134 341 298 26 334 0,
PFG_MOEA,510,3,413.96,4915.5,0 371 219 105 162 159 74 279 91 24 212 375 284 14 184 318 70 292 263 8 373 169 108 72 52 130 44 386 362 201 312 67 164 107 302 173 106 261 388 197 218 151 77 273 136 137 59 0,
PFG_MOEA,510,4,413.96,4915.5,0 57 127 109 226 0,
PFG_MOEA,510,5,413.96,4915.5,0 19 0,
PFG_MOEA,510,6,413.96,4915.5,0 38 303 357 266 141 86 199 228 267 366 289 231 34 58 68 161 235 35 249 88 135 233 319 182 172 13 80 0,88
PFG_MOEA,510,7,413.96,4915.5,0 399 397 36 11 92 156 94 230 374 350 311 4 314 193 340 299 321 269 120 142 37 51 123 145 132 339 322 121 146 294 174 320 364 393 3 229 308 356 264 259 246 42 300 329 112 191 165 200 221 242 96 0,11 340 374 393
PFG_MOEA,510,8,413.96,4915.5,0 152 247 255 1 262 250 28 345 377 395 400 394 188 301 372 21 167 291 139 149 157 63 316 387 327 17 43 85 215 73 254 183 354 69 265 346 315 99 175 251 190 390 18 103 155 83 378 213 234 227 398 93 0,1 152 175 227
PFG_MOEA,510,9,413.96,4915.5,0 304 31 48 192 330 238 129 148 260 391 271 39 268 272 30 66 166 205 208 6 204 154 305 326 283 65 297 62 241 110 140 286 317 333 180 220 158 189 64 20 126 124 7 56 217 55 25 367 170 361 209 71 33 97 225 232 179 224 0,55 391
PFG_MOEA,510,10,413.96,4915.5,0 287 10 383 382 0,
PFG_MOEA,510,11,413.96,4915.5,0 16 15 168 203 369 380 82 178 117 243 349 344 54 46 41 0,
PFG_MOEA,510,12,413.96,4915.5,0 335 360 216 150 9 47 125 309 5 343 290 368 376 258 248 328 75 171 87 278 153 353 348 45 210 195 379 270 257 60 50 160 79 143 282 310 104 223 244 211 324 147 332 347 296 196 78 98 27 176 144 342 370 306 202 338 0,
PFG_MOEA,511,1,759.34,4800.0,0 219 341 105 389 114 84 131 355 325 29 81 113 76 116 111 384 337 358 181 177 288 385 240 396 245 115 392 285 331 133 293 53 163 150 9 125 47 216 89 61 206 253 365 0,245
PFG_MOEA,511,2,759.34,4800.0,0 22 134 186 162 159 279 74 284 184 318 70 292 263 8 373 169 108 14 375 212 24 91 0,318
PFG_MOEA,511,3,759.34,4800.0,0 304 31 48 148 260 224 71 33 129 238 330 192 200 165 112 191 152 127 57 109 59 137 273 136 247 17 43 85 215 73 254 69 354 183 327 387 157 149 188 394 316 63 262 1 255 250 28 42 400 395 377 345 356 264 259 246 308 229 197 218 151 77 107 164 67 302 388 3 106 173 261 320 364 393 312 201 362 329 300 123 51 145 322 121 146 294 174 339 132 120 142 37 269 321 299 340 233 135 88 249 35 161 235 68 58 34 386 231 289 366 267 228 44 130 52 72 303 357 319 266 141 86 92 199 156 94 230 311 374 11 36 397 350 4 314 193 182 172 13 19 226 221 242 96 80 38 0,33 106 174 200 303 311 394
PFG_MOEA,511,4,759.34,4800.0,0 378 83 155 103 18 190 251 175 99 315 346 372 301 167 21 139 291 265 390 234 0,
PFG_MOEA,511,5,759.34,4800.0,0 179 391 271 39 30 272 268 46 54 93 398 227 213 232 0,391
PFG_MOEA,511,6,759.34,4800.0,0 225 0,
PFG_MOEA,511,7,759.34,4800.0,0 97 209 361 170 367 0,
PFG_MOEA,511,8,759.34,4800.0,0 399 15 168 203 338 202 306 370 342 144 176 27 98 78 196 369 380 16 41 82 178 117 243 344 349 66 343 290 368 376 258 248 328 75 348 353 45 210 278 153 171 87 6 208 205 166 158 189 220 241 62 297 65 283 204 154 305 326 110 140 180 333 317 286 25 55 217 56 7 124 126 20 64 287 10 383 382 0,62 66 205 220 342
PFG_MOEA,511,9,759.34,4800.0,0 2 119 128 295 40 32 276 239 122 296 332 347 138 336 222 95 101 194 147 324 275 323 363 352 277 102 223 244 211 104 310 100 282 143 79 160 50 60 257 270 379 195 5 309 280 351 237 256 274 49 198 252 236 0,
PFG_MOEA,511,10,759.34,4800.0,0 381 23 90 12 207 307 0,
PFG_MOEA,511,11,759.34,4800.0,0 335 187 359 313 360 214 0,
PFG_MOEA,511,12,759.34,4800.0,0 185 118 281 26 334 298 371 0,
PFG_MOEA,512,1,314.81,5596.11,0 12 90 128 236 252 336 276 138 222 198 49 274 256 237 351 280 309 5 290 343 313 207 0,222
PFG_MOEA,512,2,314.81,5596.11,0 91 292 263 8 373 169 108 14 375 212 24 371 219 341 298 334 26 281 118 185 214 295 40 32 239 122 95 101 352 363 323 194 275 277 102 100 23 381 119 2 307 359 187 148 48 31 304 0,23
PFG_MOEA,512,3,314.81,5596.11,0 260 224 71 33 127 152 191 112 165 200 129 238 330 192 0,33
PFG_MOEA,512,4,314.81,5596.11,0 57 67 302 173 106 3 388 164 107 77 151 218 197 229 308 246 259 264 356 345 377 395 400 42 28 250 255 1 262 63 316 394 188 149 157 387 327 183 354 69 254 73 215 85 43 17 247 136 273 137 59 109 0,
PFG_MOEA,512,5,314.81,5596.11,0 329 300 362 123 51 145 322 121 146 201 261 320 364 393 312 294 174 339 132 206 253 365 360 335 0,362 393
PFG_MOEA,512,6,314.81,5596.11,0 61 358 181 177 288 385 240 396 245 115 392 285 331 133 293 53 163 150 9 125 47 216 89 0,
PFG_MOEA,512,7,314.81,5596.11,0 80 13 19 226 35 161 235 58 34 386 231 289 366 267 228 44 130 52 72 318 70 184 284 74 279 159 162 389 114 355 325 384 337 111 116 76 113 81 29 131 84 105 186 134 22 0,
PFG_MOEA,512,8,314.81,5596.11,0 38 96 242 221 172 182 397 350 311 4 314 193 230 94 156 374 36 11 92 319 357 303 266 141 86 199 68 135 88 249 233 340 299 321 269 120 142 37 301 21 139 291 167 372 346 315 99 175 251 0,182
PFG_MOEA,512,9,314.81,5596.11,0 97 225 232 179 391 271 158 241 62 297 65 283 204 154 305 326 110 140 286 317 333 180 220 126 124 7 56 217 55 25 367 170 361 209 227 234 213 190 390 265 18 103 155 83 378 398 93 54 46 268 272 30 39 0,65 154
PFG_MOEA,512,10,314.81,5596.11,0 399 15 16 380 41 82 178 117 243 344 349 20 189 64 166 205 208 6 87 171 153 278 210 353 258 376 368 66 287 10 383 382 0,243
PFG_MOEA,512,11,314.81,5596.11,0 369 338 203 168 0,
PFG_MOEA,512,12,314.81,5596.11,0 202 306 370 342 144 176 27 98 78 196 296 347 332 324 147 211 244 223 104 310 282 143 79 160 50 60 257 270 379 195 45 348 75 328 248 0,370
PFG_MOEA,513,1,411.21,4974.5,0 12 90 381 23 32 276 239 336 138 222 198 49 274 256 237 351 280 252 236 128 119 2 0,23
PFG_MOEA,513,2,411.21,4974.5,0 22 118 185 214 295 40 122 392 285 331 133 293 53 101 352 363 323 194 275 277 102 100 95 163 61 89 207 307 313 359 365 253 206 187 0,22 100
PFG_MOEA,513,3,411.21,4974.5,0 115 0,
PFG_MOEA,513,4,411.21,4974.5,0 245 396 240 385 288 177 181 358 337 384 111 116 76 113 81 29 325 355 0,
PFG_MOEA,513,5,411.21,4974.5,0 281 26 334 298 341 134 186 131 84 114 389 105 219 371 162 159 74 279 91 24 212 375 284 14 184 318 70 292 263 8 373 169 108 72 52 130 44 386 362 201 312 67 164 107 302 173 106 261 388 197 218 151 77 273 136 137 59 109 127 57 226 19 13 80 0,77 106 284
PFG_MOEA,513,6,411.21,4974.5,0 38 172 182 319 303 357 266 141 86 199 228 267 366 289 231 34 58 68 161 235 35 249 88 135 233 156 94 230 374 92 11 36 397 350 311 4 314 193 340 299 321 269 120 142 37 51 123 145 132 339 322 121 146 294 174 320 364 393 3 229 308 356 264 259 246 42 300 329 112 221 242 96 0,51 174 229 246 299
PFG_MOEA,513,7,411.21,4974.5,0 399 200 165 191 152 247 255 1 262 250 28 345 377 395 400 394 188 301 372 21 167 291 139 149 157 63 316 387 327 17 43 85 215 73 254 183 354 69 265 346 315 99 175 251 190 390 18 103 155 83 378 213 234 227 398 93 224 179 232 225 97 71 33 260 148 238 129 330 192 48 31 304 0,93
PFG_MOEA,513,8,411.21,4974.5,0 382 383 10 391 271 39 46 54 268 272 30 66 166 205 208 6 204 154 305 326 283 65 297 62 241 110 140 286 317 333 180 220 158 189 64 20 126 124 7 56 217 55 25 367 170 361 209 287 0,55 62 66 220
PFG_MOEA,513,9,411.21,4974.5,0 380 0,
PFG_MOEA,513,10,411.21,4974.5,0 16 369 15 0,
PFG_MOEA,513,11,411.21,4974.5,0 168 203 178 82 41 0,178
PFG_MOEA,513,12,411.21,4974.5,0 335 360 338 202 306 370 342 144 176 27 98 78 196 296 347 332 216 47 125 9 150 147 324 211 244 223 104 310 282 143 309 5 195 379 79 160 50 60 270 257 210 45 153 278 87 171 353 348 75 328 248 258 376 368 290 343 349 344 243 117 0,
PFG_MOEA,514,1,312.55,5795.78,0 336 138 239 122 296 347 332 324 275 277 104 211 244 223 102 352 363 323 194 147 101 95 222 0,122 211 222 277
PFG_MOEA,514,2,312.55,5795.78,0 335 360 207 307 313 359 187 100 310 282 143 79 160 50 60 257 270 379 195 5 309 280 351 237 256 274 49 198 252 236 381 23 90 12 214 185 118 281 26 334 298 371 72 52 130 44 386 80 0,5 307
PFG_MOEA,514,3,312.55,5795.78,0 13 19 226 57 127 109 59 137 136 273 77 151 218 197 388 261 106 173 302 107 164 67 312 201 362 123 51 145 294 174 339 132 142 120 269 321 299 0,174
PFG_MOEA,514,4,312.55,5795.78,0 340 233 135 88 249 35 235 161 68 58 34 231 289 366 267 228 141 266 303 357 319 86 199 156 94 0,303
PFG_MOEA,514,5,312.55,5795.78,0 38 172 182 397 36 11 92 374 230 311 350 4 314 193 37 322 121 146 320 364 393 3 229 308 356 264 259 246 42 300 329 112 191 152 221 242 96 0,42 264
PFG_MOEA,514,6,312.55,5795.78,0 200 165 129 0,
PFG_MOEA,514,7,312.55,5795.78,0 304 330 395 400 394 188 301 372 21 167 291 139 149 157 63 316 387 17 43 33 71 224 260 0,
PFG_MOEA,514,8,312.55,5795.78,0 399 247 28 250 345 377 262 1 255 327 254 73 215 85 93 179 232 225 97 148 238 192 48 31 0,93
PFG_MOEA,514,9,312.55,5795.78,0 378 69 183 354 265 346 315 99 175 251 190 390 18 103 155 83 234 213 227 398 209 361 170 367 25 55 217 56 7 180 333 317 286 140 110 62 297 65 283 326 305 154 204 6 208 241 220 158 189 64 20 126 124 0,175
PFG_MOEA,514,10,312.55,5795.78,0 287 382 383 10 268 272 30 66 166 205 271 39 391 53 293 133 331 285 392 115 245 396 240 385 288 177 181 358 337 384 111 116 76 113 81 29 325 355 131 84 114 389 105 341 219 0,
PFG_MOEA,514,11,312.55,5795.78,0 91 24 212 375 14 108 169 373 8 263 292 70 318 184 284 74 279 159 162 22 134 186 89 216 47 125 9 150 163 61 365 253 206 46 54 0,
PFG_MOEA,514,12,312.55,5795.78,0 41 82 178 117 243 344 349 343 290 368 376 258 248 328 75 171 87 153 278 210 45 353 348 2 119 128 295 40 32 276 196 78 98 27 176 144 342 370 306 202 338 203 168 369 380 16 15 0,16 87 203
PFG_MOEA,515,1,389.39,5146.42,0 163 78 53 293 133 331 285 392 98 115 245 27 396 240 385 288 177 181 358 337 384 111 116 76 113 81 29 325 355 131 84 114 389 91 279 74 159 162 371 219 298 341 22 134 186 105 118 185 0,
PFG_MOEA,515,2,389.39,5146.42,0 281 26 334 24 212 375 284 14 184 318 70 292 263 8 373 169 108 72 52 130 44 386 51 145 123 362 201 294 312 67 164 107 302 173 106 261 388 197 218 151 77 273 136 137 59 109 127 57 226 19 13 80 0,
PFG_MOEA,515,3,389.39,5146.42,0 142 339 174 132 120 269 321 299 340 233 135 88 249 35 235 161 68 58 34 231 289 366 267 228 141 266 303 357 319 86 199 156 94 230 374 92 11 36 397 350 311 4 314 193 0,88
PFG_MOEA,515,4,389.39,5146.42,0 182 172 38 0,
PFG_MOEA,515,5,389.39,5146.42,0 37 322 121 146 320 364 393 3 229 308 356 264 259 246 42 300 329 112 152 191 165 200 221 242 96 0,152 264 329
PFG_MOEA,515,6,389.39,5146.42,0 129 33 71 224 260 0,
PFG_MOEA,515,7,389.39,5146.42,0 399 247 255 1 262 250 28 345 377 395 400 394 188 301 372 21 167 291 139 149 157 63 316 387 17 43 73 254 327 183 354 69 215 85 93 179 232 225 97 148 48 238 330 192 31 304 0,395
PFG_MOEA,515,8,389.39,5146.42,0 16 15 168 203 369 380 391 271 39 268 272 30 66 166 205 208 6 204 154 305 326 283 65 297 62 241 110 140 286 317 333 180 220 158 189 64 20 126 124 7 56 217 55 25 367 170 361 209 398 227 234 213 190 251 175 99 315 346 265 390 18 103 155 83 378 54 46 287 10 383 382 41 0,7 16 20 103 272
PFG_MOEA,515,9,389.39,5146.42,0 82 178 117 243 368 376 258 353 153 171 87 278 210 143 237 256 274 49 100 282 310 104 102 277 275 194 323 363 352 101 198 95 222 138 122 276 336 252 236 128 23 381 90 119 2 12 0,
PFG_MOEA,515,10,389.39,5146.42,0 344 349 351 280 309 5 79 160 50 60 257 270 379 195 45 348 75 328 248 290 343 187 0,
PFG_MOEA,515,11,389.39,5146.42,0 214 295 40 32 239 370 342 144 176 150 47 9 125 216 89 61 207 307 313 359 206 253 365 360 335 0,176
PFG_MOEA,515,12,389.39,5146.42,0 338 202 306 196 296 347 332 324 147 211 244 223 0,
PFG_MOEA,516,1,413.96,4915.5,0 187 206 253 365 359 313 307 207 61 12 89 2 119 128 236 252 336 138 163 222 95 198 351 280 237 256 274 49 100 102 277 275 194 323 363 352 101 53 293 133 331 285 392 122 239 276 32 40 295 23 381 90 113 81 29 76 116 111 384 337 358 181 177 288 385 240 396 245 115 22 118 185 214 0,245 381
PFG_MOEA,516,2,413.96,4915.5,0 281 84 131 325 355 114 389 186 134 341 298 26 334 0,
PFG_MOEA,516,3,413.96,4915.5,0 371 219 105 162 159 74 279 91 24 212 375 284 14 184 318 70 292 263 8 373 169 108 72 52 130 44 386 362 201 312 67 164 107 302 173 106 261 388 197 218 151 77 273 136 137 59 0,
PFG_MOEA,516,4,413.96,4915.5,0 57 127 109 226 0,
PFG_MOEA,516,5,413.96,4915.5,0 19 0,
PFG_MOEA,516,6,413.96,4915.5,0 38 303 357 266 141 86 199 228 267 366 289 231 34 58 68 161 235 35 249 88 135 233 319 182 172 13 80 0,88
PFG_MOEA,516,7,413.96,4915.5,0 399 397 36 11 92 156 94 230 374 350 311 4 314 193 340 299 321 269 120 142 37 51 123 145 132 339 322 121 146 294 174 320 364 393 3 229 308 356 264 259 246 42 300 329 112 191 165 200 221 242 96 0,11 340 374 393
PFG_MOEA,516,8,413.96,4915.5,0 152 247 255 1 262 250 28 345 377 395 400 394 188 301 372 21 167 291 139 149 157 63 316 387 327 17 43 85 215 73 254 183 354 69 265 346 315 99 175 251 190 390 18 103 155 83 378 213 234 227 398 93 0,1 152 175 227
PFG_MOEA,516,9,413.96,4915.5,0 304 31 48 192 330 238 129 148 260 391 271 39 268 272 30 66 166 205 208 6 204 154 305 326 283 65 297 62 241 110 140 286 317 333 180 220 158 189 64 20 126 124 7 56 217 55 25 367 170 361 209 71 33 97 225 232 179 224 0,55 391
PFG_MOEA,516,10,413.96,4915.5,0 287 10 383 382 0,
PFG_MOEA,516,11,413.96,4915.5,0 16 15 168 203 369 380 82 178 117 243 349 344 54 46 41 0,
PFG_MOEA,516,12,413.96,4915.5,0 335 360 216 150 9 47 125 309 5 343 290 368 376 258 248 328 75 171 87 278 153 353 348 45 210 195 379 270 257 60 50 160 79 143 282 310 104 223 244 211 324 147 332 347 296 196 78 98 27 176 144 342 370 306 202 338 0,
PFG_MOEA,517,1,759.34,4800.0,0 219 341 105 389 114 84 131 355 325 29 81 113 76 116 111 384 337 358 181 177 288 385 240 396 245 115 392 285 331 133 293 53 163 150 9 125 47 216 89 61 206 253 365 0,245
PFG_MOEA,517,2,759.34,4800.0,0 22 134 186 162 159 279 74 284 184 318 70 292 263 8 373 169 108 14 375 212 24 91 0,318
PFG_MOEA,517,3,759.34,4800.0,0 304 31 48 148 260 224 71 33 129 238 330 192 200 165 112 191 152 127 57 109 59 137 273 136 247 17 43 85 215 73 254 69 354 183 327 387 157 149 188 394 316 63 262 1 255 250 28 42 400 395 377 345 356 264 259 246 308 229 197 218 151 77 107 164 67 302 388 3 106 173 261 320 364 393 312 201 362 329 300 123 51 145 322 121 146 294 174 339 132 120 142 37 269 321 299 340 233 135 88 249 35 161 235 68 58 34 386 231 289 366 267 228 44 130 52 72 303 357 319 266 141 86 92 199 156 94 230 311 374 11 36 397 350 4 314 193 182 172 13 19 226 221 242 96 80 38 0,33 106 174 200 303 311 394
PFG_MOEA,517,4,759.34,4800.0,0 378 83 155 103 18 190 251 175 99 315 346 372 301 167 21 139 291 265 390 234 0,
PFG_MOEA,517,5,759.34,4800.0,0 179 391 271 39 30 272 268 46 54 93 398 227 213 232 0,391
PFG_MOEA,517,6,759.34,4800.0,0 225 0,
PFG_MOEA,517,7,759.34,4800.0,0 97 209 361 170 367 0,
PFG_MOEA,517,8,759.34,4800.0,0 399 15 168 203 338 202 306 370 342 144 176 27 98 78 196 369 380 16 41 82 178 117 243 344 349 66 343 290 368 376 258 248 328 75 348 353 45 210 278 153 171 87 6 208 205 166 158 189 220 241 62 297 65 283 204 154 305 326 110 140 180 333 317 286 25 55 217 56 7 124 126 20 64 287 10 383 382 0,62 66 205 220 342
PFG_MOEA,517,9,759.34,4800.0,0 2 119 128 295 40 32 276 239 122 296 332 347 138 336 222 95 101 194 147 324 275 323 363 352 277 102 223 244 211 104 310 100 282 143 79 160 50 60 257 270 379 195 5 309 280 351 237 256 274 49 198 252 236 0,
PFG_MOEA,517,10,759.34,4800.0,0 381 23 90 12 207 307 0,
PFG_MOEA,517,11,759.34,4800.0,0 335 187 359 313 360 214 0,
PFG_MOEA,517,12,759.34,4800.0,0 185 118 281 26 334 298 371 0,
PFG_MOEA,518,1,314.81,5596.11,0 12 90 128 236 252 336 276 138 222 198 49 274 256 237 351 280 309 5 290 343 313 207 0,222
PFG_MOEA,518,2,314.81,5596.11,0 91 292 263 8 373 169 108 14 375 212 24 371 219 341 298 334 26 281 118 185 214 295 40 32 239 122 95 101 352 363 323 194 275 277 102 100 23 381 119 2 307 359 187 148 48 31 304 0,23
PFG_MOEA,518,3,314.81,5596.11,0 260 224 71 33 127 152 191 112 165 200 129 238 330 192 0,33
PFG_MOEA,518,4,314.81,5596.11,0 57 67 302 173 106 3 388 164 107 77 151 218 197 229 308 246 259 264 356 345 377 395 400 42 28 250 255 1 262 63 316 394 188 149 157 387 327 183 354 69 254 73 215 85 43 17 247 136 273 137 59 109 0,
PFG_MOEA,518,5,314.81,5596.11,0 329 300 362 123 51 145 322 121 146 201 261 320 364 393 312 294 174 339 132 206 253 365 360 335 0,362 393
PFG_MOEA,518,6,314.81,5596.11,0 61 358 181 177 288 385 240 396 245 115 392 285 331 133 293 53 163 150 9 125 47 216 89 0,
PFG_MOEA,518,7,314.81,5596.11,0 80 13 19 226 35 161 235 58 34 386 231 289 366 267 228 44 130 52 72 318 70 184 284 74 279 159 162 389 114 355 325 384 337 111 116 76 113 81 29 131 84 105 186 134 22 0,
PFG_MOEA,518,8,314.81,5596.11,0 38 96 242 221 172 182 397 350 311 4 314 193 230 94 156 374 36 11 92 319 357 303 266 141 86 199 68 135 88 249 233 340 299 321 269 120 142 37 301 21 139 291 167 372 346 315 99 175 251 0,182
PFG_MOEA,518,9,314.81,5596.11,0 97 225 232 179 391 271 158 241 62 297 65 283 204 154 305 326 110 140 286 317 333 180 220 126 124 7 56 217 55 25 367 170 361 209 227 234 213 190 390 265 18 103 155 83 378 398 93 54 46 268 272 30 39 0,65 154
PFG_MOEA,518,10,314.81,5596.11,0 399 15 16 380 41 82 178 117 243 344 349 20 189 64 166 205 208 6 87 171 153 278 210 353 258 376 368 66 287 10 383 382 0,243
PFG_MOEA,518,11,314.81,5596.11,0 369 338 203 168 0,
PFG_MOEA,518,12,314.81,5596.11,0 202 306 370 342 144 176 27 98 78 196 296 347 332 324 147 211 244 223 104 310 282 143 79 160 50 60 257 270 379 195 45 348 75 328 248 0,370
PFG_MOEA,519,1,411.21,4974.5,0 12 90 381 23 32 276 239 336 138 222 198 49 274 256 237 351 280 252 236 128 119 2 0,23
PFG_MOEA,519,2,411.21,4974.5,0 22 118 185 214 295 40 122 392 285 331 133 293 53 101 352 363 323 194 275 277 102 100 95 163 61 89 207 307 313 359 365 253 206 187 0,22 100
PFG_MOEA,519,3,411.21,4974.5,0 115 0,
PFG_MOEA,519,4,411.21,4974.5,0 245 396 240 385 288 177 181 358 337 384 111 116 76 113 81 29 325 355 0,
PFG_MOEA,519,5,411.21,4974.5,0 281 26 334 298 341 134 186 131 84 114 389 105 219 371 162 159 74 279 91 24 212 375 284 14 184 318 70 292 263 8 373 169 108 72 52 130 44 386 362 201 312 67 164 107 302 173 106 261 388 197 218 151 77 273 136 137 59 109 127 57 226 19 13 80 0,77 106 284
PFG_MOEA,519,6,411.21,4974.5,0 38 172 182 319 303 357 266 141 86 199 228 267 366 289 231 34 58 68 161 235 35 249 88 135 233 156 94 230 374 92 11 36 397 350 311 4 314 193 340 299 321 269 120 142 37 51 123 145 132 339 322 121 146 294 174 320 364 393 3 229 308 356 264 259 246 42 300 329 112 221 242 96 0,51 174 229 246 299
PFG_MOEA,519,7,411.21,4974.5,0 399 200 165 191 152 247 255 1 262 250 28 345 377 395 400 394 188 301 372 21 167 291 139 149 157 63 316 387 327 17 43 85 215 73 254 183 354 69 265 346 315 99 175 251 190 390 18 103 155 83 378 213 234 227 398 93 224 179 232 225 97 71 33 260 148 238 129 330 192 48 31 304 0,93
PFG_MOEA,519,8,411.21,4974.5,0 382 383 10 391 271 39 46 54 268 272 30 66 166 205 208 6 204 154 305 326 283 65 297 62 241 110 140 286 317 333 180 220 158 189 64 20 126 124 7 56 217 55 25 367 170 361 209 287 0,55 62 66 220
PFG_MOEA,519,9,411.21,4974.5,0 380 0,
PFG_MOEA,519,10,411.21,4974.5,0 16 369 15 0,
PFG_MOEA,519,11,411.21,4974.5,0 168 203 178 82 41 0,178
PFG_MOEA,519,12,411.21,4974.5,0 335 360 338 202 306 370 342 144 176 27 98 78 196 296 347 332 216 47 125 9 150 147 324 211 244 223 104 310 282 143 309 5 195 379 79 160 50 60 270 257 210 45 153 278 87 171 353 348 75 328 248 258 376 368 290 343 349 344 243 117 0,
PFG_MOEA,520,1,312.55,5795.78,0 336 138 239 122 296 347 332 324 275 277 104 211 244 223 102 352 363 323 194 147 101 95 222 0,122 211 222 277
PFG_MOEA,520,2,312.55,5795.78,0 335 360 207 307 313 359 187 100 310 282 143 79 160 50 60 257 270 379 195 5 309 280 351 237 256 274 49 198 252 236 381 23 90 12 214 185 118 281 26 334 298 371 72 52 130 44 386 80 0,5 307
PFG_MOEA,520,3,312.55,5795.78,0 13 19 226 57 127 109 59 137 136 273 77 151 218 197 388 261 106 173 302 107 164 67 312 201 362 123 51 145 294 174 339 132 142 120 269 321 299 0,174
PFG_MOEA,520,4,312.55,5795.78,0 340 233 135 88 249 35 235 161 68 58 34 231 289 366 267 228 141 266 303 357 319 86 199 156 94 0,303
PFG_MOEA,520,5,312.55,5795.78,0 38 172 182 397 36 11 92 374 230 311 350 4 314 193 37 322 121 146 320 364 393 3 229 308 356 264 259 246 42 300 329 112 191 152 221 242 96 0,42 264
PFG_MOEA,520,6,312.55,5795.78,0 200 165 129 0,
PFG_MOEA,520,7,312.55,5795.78,0 304 330 395 400 394 188 301 372 21 167 291 139 149 157 63 316 387 17 43 33 71 224 260 0,
PFG_MOEA,520,8,312.55,5795.78,0 399 247 28 250 345 377 262 1 255 327 254 73 215 85 93 179 232 225 97 148 238 192 48 31 0,93
PFG_MOEA,520,9,312.55,5795.78,0 378 69 183 354 265 346 315 99 175 251 190 390 18 103 155 83 234 213 227 398 209 361 170 367 25 55 217 56 7 180 333 317 286 140 110 62 297 65 283 326 305 154 204 6 208 241 220 158 189 64 20 126 124 0,175
PFG_MOEA,520,10,312.55,5795.78,0 287 382 383 10 268 272 30 66 166 205 271 39 391 53 293 133 331 285 392 115 245 396 240 385 288 177 181 358 337 384 111 116 76 113 81 29 325 355 131 84 114 389 105 341 219 0,
PFG_MOEA,520,11,312.55,5795.78,0 91 24 212 375 14 108 169 373 8 263 292 70 318 184 284 74 279 159 162 22 134 186 89 216 47 125 9 150 163 61 365 253 206 46 54 0,
PFG_MOEA,520,12,312.55,5795.78,0 41 82 178 117 243 344 349 343 290 368 376 258 248 328 75 171 87 153 278 210 45 353 348 2 119 128 295 40 32 276 196 78 98 27 176 144 342 370 306 202 338 203 168 369 380 16 15 0,16 87 203
PFG_MOEA,521,1,389.39,5146.42,0 163 78 53 293 133 331 285 392 98 115 245 27 396 240 385 288 177 181 358 337 384 111 116 76 113 81 29 325 355 131 84 114 389 91 279 74 159 162 371 219 298 341 22 134 186 105 118 185 0,
PFG_MOEA,521,2,389.39,5146.42,0 281 26 334 24 212 375 284 14 184 318 70 292 263 8 373 169 108 72 52 130 44 386 51 145 123 362 201 294 312 67 164 107 302 173 106 261 388 197 218 151 77 273 136 137 59 109 127 57 226 19 13 80 0,
PFG_MOEA,521,3,389.39,5146.42,0 142 339 174 132 120 269 321 299 340 233 135 88 249 35 235 161 68 58 34 231 289 366 267 228 141 266 303 357 319 86 199 156 94 230 374 92 11 36 397 350 311 4 314 193 0,88
PFG_MOEA,521,4,389.39,5146.42,0 182 172 38 0,
PFG_MOEA,521,5,389.39,5146.42,0 37 322 121 146 320 364 393 3 229 308 356 264 259 246 42 300 329 112 152 191 165 200 221 242 96 0,152 264 329
PFG_MOEA,521,6,389.39,5146.42,0 129 33 71 224 260 0,
PFG_MOEA,521,7,389.39,5146.42,0 399 247 255 1 262 250 28 345 377 395 400 394 188 301 372 21 167 291 139 149 157 63 316 387 17 43 73 254 327 183 354 69 215 85 93 179 232 225 97 148 48 238 330 192 31 304 0,395
PFG_MOEA,521,8,389.39,5146.42,0 16 15 168 203 369 380 391 271 39 268 272 30 66 166 205 208 6 204 154 305 326 283 65 297 62 241 110 140 286 317 333 180 220 158 189 64 20 126 124 7 56 217 55 25 367 170 361 209 398 227 234 213 190 251 175 99 315 346 265 390 18 103 155 83 378 54 46 287 10 383 382 41 0,7 16 20 103 272
PFG_MOEA,521,9,389.39,5146.42,0 82 178 117 243 368 376 258 353 153 171 87 278 210 143 237 256 274 49 100 282 310 104 102 277 275 194 323 363 352 101 198 95 222 138 122 276 336 252 236 128 23 381 90 119 2 12 0,
PFG_MOEA,521,10,389.39,5146.42,0 344 349 351 280 309 5 79 160 50 60 257 270 379 195 45 348 75 328 248 290 343 187 0,
PFG_MOEA,521,11,389.39,5146.42,0 214 295 40 32 239 370 342 144 176 150 47 9 125 216 89 61 207 307 313 359 206 253 365 360 335 0,176
PFG_MOEA,521,12,389.39,5146.42,0 338 202 306 196 296 347 332 324 147 211 244 223 0,
PFG_MOEA,522,1,413.96,4915.5,0 187 206 253 365 359 313 307 207 61 12 89 2 119 128 236 252 336 138 163 222 95 198 351 280 237 256 274 49 100 102 277 275 194 323 363 352 101 53 293 133 331 285 392 122 239 276 32 40 295 23 381 90 113 81 29 76 116 111 384 337 358 181 177 288 385 240 396 245 115 22 118 185 214 0,245 381
PFG_MOEA,522,2,413.96,4915.5,0 281 84 131 325 355 114 389 186 134 341 298 26 334 0,
PFG_MOEA,522,3,413.96,4915.5,0 371 219 105 162 159 74 279 91 24 212 375 284 14 184 318 70 292 263 8 373 169 108 72 52 130 44 386 362 201 312 67 164 107 302 173 106 261 388 197 218 151 77 273 136 137 59 0,
PFG_MOEA,522,4,413.96,4915.5,0 57 127 109 226 0,
PFG_MOEA,522,5,413.96,4915.5,0 19 0,
PFG_MOEA,522,6,413.96,4915.5,0 38 303 357 266 141 86 199 228 267 366 289 231 34 58 68 161 235 35 249 88 135 233 319 182 172 13 80 0,88
PFG_MOEA,522,7,413.96,4915.5,0 399 397 36 11 92 156 94 230 374 350 311 4 314 193 340 299 321 269 120 142 37 51 123 145 132 339 322 121 146 294 174 320 364 393 3 229 308 356 264 259 246 42 300 329 112 191 165 200 221 242 96 0,11 340 374 393
PFG_MOEA,522,8,413.96,4915.5,0 152 247 255 1 262 250 28 345 377 395 400 394 188 301 372 21 167 291 139 149 157 63 316 387 327 17 43 85 215 73 254 183 354 69 265 346 315 99 175 251 190 390 18 103 155 83 378 213 234 227 398 93 0,1 152 175 227
PFG_MOEA,522,9,413.96,4915.5,0 304 31 48 192 330 238 129 148 260 391 271 39 268 272 30 66 166 205 208 6 204 154 305 326 283 65 297 62 241 110 140 286 317 333 180 220 158 189 64 20 126 124 7 56 217 55 25 367 170 361 209 71 33 97 225 232 179 224 0,55 391
PFG_MOEA,522,10,413.96,4915.5,0 287 10 383 382 0,
PFG_MOEA,522,11,413.96,4915.5,0 16 15 168 203 369 380 82 178 117 243 349 344 54 46 41 0,
PFG_MOEA,522,12,413.96,4915.5,0 335 360 216 150 9 47 125 309 5 343 290 368 376 258 248 328 75 171 87 278 153 353 348 45 210 195 379 270 257 60 50 160 79 143 282 310 104 223 244 211 324 147 332 347 296 196 78 98 27 176 144 342 370 306 202 338 0,
PFG_MOEA,523,1,759.34,4800.0,0 219 341 105 389 114 84 131 355 325 29 81 113 76 116 111 384 337 358 181 177 288 385 240 396 245 115 392 285 331 133 293 53 163 150 9 125 47 216 89 61 206 253 365 0,245
PFG_MOEA,523,2,759.34,4800.0,0 22 134 186 162 159 279 74 284 184 318 70 292 263 8 373 169 108 14 375 212 24 91 0,318
PFG_MOEA,523,3,759.34,4800.0,0 304 31 48 148 260 224 71 33 129 238 330 192 200 165 112 191 152 127 57 109 59 137 273 136 247 17 43 85 215 73 254 69 354 183 327 387 157 149 188 394 316 63 262 1 255 250 28 42 400 395 377 345 356 264 259 246 308 229 197 218 151 77 107 164 67 302 388 3 106 173 261 320 364 393 312 201 362 329 300 123 51 145 322 121 146 294 174 339 132 120 142 37 269 321 299 340 233 135 88 249 35 161 235 68 58 34 386 231 289 366 267 228 44 130 52 72 303 357 319 266 141 86 92 199 156 94 230 311 374 11 36 397 350 4 314 193 182 172 13 19 226 221 242 96 80 38 0,33 106 174 200 303 311 394
PFG_MOEA,523,4,759.34,4800.0,0 378 83 155 103 18 190 251 175 99 315 346 372 301 167 21 139 291 265 390 234 0,
PFG_MOEA,523,5,759.34,4800.0,0 179 391 271 39 30 272 268 46 54 93 398 227 213 232 0,391
PFG_MOEA,523,6,759.34,4800.0,0 225 0,
PFG_MOEA,523,7,759.34,4800.0,0 97 209 361 170 367 0,
PFG_MOEA,523,8,759.34,4800.0,0 399 15 168 203 338 202 306 370 342 144 176 27 98 78 196 369 380 16 41 82 178 117 243 344 349 66 343 290 368 376 258 248 328 75 348 353 45 210 278 153 171 87 6 208 205 166 158 189 220 241 62 297 65 283 204 154 305 326 110 140 180 333 317 286 25 55 217 56 7 124 126 20 64 287 10 383 382 0,62 66 205 220 342
PFG_MOEA,523,9,759.34,4800.0,0 2 119 128 295 40 32 276 239 122 296 332 347 138 336 222 95 101 194 147 324 275 323 363 352 277 102 223 244 211 104 310 100 282 143 79 160 50 60 257 270 379 195 5 309 280 351 237 256 274 49 198 252 236 0,
PFG_MOEA,523,10,759.34,4800.0,0 381 23 90 12 207 307 0,
PFG_MOEA,523,11,759.34,4800.0,0 335 187 359 313 360 214 0,
PFG_MOEA,523,12,759.34,4800.0,0 185 118 281 26 334 298 371 0,
PFG_MOEA,524,1,314.81,5596.11,0 12 90 128 236 252 336 276 138 222 198 49 274 256 237 351 280 309 5 290 343 313 207 0,222
PFG_MOEA,524,2,314.81,5596.11,0 91 292 263 8 373 169 108 14 375 212 24 371 219 341 298 334 26 281 118 185 214 295 40 32 239 122 95 101 352 363 323 194 275 277 102 100 23 381 119 2 307 359 187 148 48 31 304 0,23
PFG_MOEA,524,3,314.81,5596.11,0 260 224 71 33 127 152 191 112 165 200 129 238 330 192 0,33
PFG_MOEA,524,4,314.81,5596.11,0 57 67 302 173 106 3 388 164 107 77 151 218 197 229 308 246 259 264 356 345 377 395 400 42 28 250 255 1 262 63 316 394 188 149 157 387 327 183 354 69 254 73 215 85 43 17 247 136 273 137 59 109 0,
PFG_MOEA,524,5,314.81,5596.11,0 329 300 362 123 51 145 322 121 146 201 261 320 364 393 312 294 174 339 132 206 253 365 360 335 0,362 393
PFG_MOEA,524,6,314.81,5596.11,0 61 358 181 177 288 385 240 396 245 115 392 285 331 133 293 53 163 150 9 125 47 216 89 0,
PFG_MOEA,524,7,314.81,5596.11,0 80 13 19 226 35 161 235 58 34 386 231 289 366 267 228 44 130 52 72 318 70 184 284 74 279 159 162 389 114 355 325 384 337 111 116 76 113 81 29 131 84 105 186 134 22 0,
PFG_MOEA,524,8,314.81,5596.11,0 38 96 242 221 172 182 397 350 311 4 314 193 230 94 156 374 36 11 92 319 357 303 266 141 86 199 68 135 88 249 233 340 299 321 269 120 142 37 301 21 139 291 167 372 346 315 99 175 251 0,182
PFG_MOEA,524,9,314.81,5596.11,0 97 225 232 179 391 271 158 241 62 297 65 283 204 154 305 326 110 140 286 317 333 180 220 126 124 7 56 217 55 25 367 170 361 209 227 234 213 190 390 265 18 103 155 83 378 398 93 54 46 268 272 30 39 0,65 154
PFG_MOEA,524,10,314.81,5596.11,0 399 15 16 380 41 82 178 117 243 344 349 20 189 64 166 205 208 6 87 171 153 278 210 353 258 376 368 66 287 10 383 382 0,243
PFG_MOEA,524,11,314.81,5596.11,0 369 338 203 168 0,
PFG_MOEA,524,12,314.81,5596.11,0 202 306 370 342 144 176 27 98 78 196 296 347 332 324 147 211 244 223 104 310 282 143 79 160 50 60 257 270 379 195 45 348 75 328 248 0,370
PFG_MOEA,525,1,411.21,4974.5,0 12 90 381 23 32 276 239 336 138 222 198 49 274 256 237 351 280 252 236 128 119 2 0,23
PFG_MOEA,525,2,411.21,4974.5,0 22 118 185 214 295 40 122 392 285 331 133 293 53 101 352 363 323 194 275 277 102 100 95 163 61 89 207 307 313 359 365 253 206 187 0,22 100
PFG_MOEA,525,3,411.21,4974.5,0 115 0,
PFG_MOEA,525,4,411.21,4974.5,0 245 396 240 385 288 177 181 358 337 384 111 116 76 113 81 29 325 355 0,
PFG_MOEA,525,5,411.21,4974.5,0 281 26 334 298 341 134 186 131 84 114 389 105 219 371 162 159 74 279 91 24 212 375 284 14 184 318 70 292 263 8 373 169 108 72 52 130 44 386 362 201 312 67 164 107 302 173 106 261 388 197 218 151 77 273 136 137 59 109 127 57 226 19 13 80 0,77 106 284
PFG_MOEA,525,6,411.21,4974.5,0 38 172 182 319 303 357 266 141 86 199 228 267 366 289 231 34 58 68 161 235 35 249 88 135 233 156 94 230 374 92 11 36 397 350 311 4 314 193 340 299 321 269 120 142 37 51 123 145 132 339 322 121 146 294 174 320 364 393 3 229 308 356 264 259 246 42 300 329 112 221 242 96 0,51 174 229 246 299
PFG_MOEA,525,7,411.21,4974.5,0 399 200 165 191 152 247 255 1 262 250 28 345 377 395 400 394 188 301 372 21 167 291 139 149 157 63 316 387 327 17 43 85 215 73 254 183 354 69 265 346 315 99 175 251 190 390 18 103 155 83 378 213 234 227 398 93 224 179 232 225 97 71 33 260 148 238 129 330 192 48 31 304 0,93
PFG_MOEA,525,8,411.21,4974.5,0 382 383 10 391 271 39 46 54 268 272 30 66 166 205 208 6 204 154 305 326 283 65 297 62 241 110 140 286 317 333 180 220 158 189 64 20 126 124 7 56 217 55 25 367 170 361 209 287 0,55 62 66 220
PFG_MOEA,525,9,411.21,4974.5,0 380 0,
PFG_MOEA,525,10,411.21,4974.5,0 16 369 15 0,
PFG_MOEA,525,11,411.21,4974.5,0 168 203 178 82 41 0,178
PFG_MOEA,525,12,411.21,4974.5,0 335 360 338 202 306 370 342 144 176 27 98 78 196 296 347 332 216 47 125 9 150 147 324 211 244 223 104 310 282 143 309 5 195 379 79 160 50 60 270 257 210 45 153 278 87 171 353 348 75 328 248 258 376 368 290 343 349 344 243 117 0,
PFG_MOEA,526,1,312.55,5795.78,0 336 138 239 122 296 347 332 324 275 277 104 211 244 223 102 352 363 323 194 147 101 95 222 0,122 211 222 277
PFG_MOEA,526,2,312.55,5795.78,0 335 360 207 307 313 359 187 100 310 282 143 79 160 50 60 257 270 379 195 5 309 280 351 237 256 274 49 198 252 236 381 23 90 12 214 185 118 281 26 334 298 371 72 52 130 44 386 80 0,5 307
PFG_MOEA,526,3,312.55,5795.78,0 13 19 226 57 127 109 59 137 136 273 77 151 218 197 388 261 106 173 302 107 164 67 312 201 362 123 51 145 294 174 339 132 142 120 269 321 299 0,174
PFG_MOEA,526,4,312.55,5795.78,0 340 233 135 88 249 35 235 161 68 58 34 231 289 366 267 228 141 266 303 357 319 86 199 156 94 0,303
PFG_MOEA,526,5,312.55,5795.78,0 38 172 182 397 36 11 92 374 230 311 350 4 314 193 37 322 121 146 320 364 393 3 229 308 356 264 259 246 42 300 329 112 191 152 221 242 96 0,42 264
PFG_MOEA,526,6,312.55,5795.78,0 200 165 129 0,
PFG_MOEA,526,7,312.55,5795.78,0 304 330 395 400 394 188 301 372 21 167 291 139 149 157 63 316 387 17 43 33 71 224 260 0,
PFG_MOEA,526,8,312.55,5795.78,0 399 247 28 250 345 377 262 1 255 327 254 73 215 85 93 179 232 225 97 148 238 192 48 31 0,93
PFG_MOEA,526,9,312.55,5795.78,0 378 69 183 354 265 346 315 99 175 251 190 390 18 103 155 83 234 213 227 398 209 361 170 367 25 55 217 56 7 180 333 317 286 140 110 62 297 65 283 326 305 154 204 6 208 241 220 158 189 64 20 126 124 0,175
PFG_MOEA,526,10,312.55,5795.78,0 287 382 383 10 268 272 30 66 166 205 271 39 391 53 293 133 331 285 392 115 245 396 240 385 288 177 181 358 337 384 111 116 76 113 81 29 325 355 131 84 114 389 105 341 219 0,
PFG_MOEA,526,11,312.55,5795.78,0 91 24 212 375 14 108 169 373 8 263 292 70 318 184 284 74 279 159 162 22 134 186 89 216 47 125 9 150 163 61 365 253 206 46 54 0,
PFG_MOEA,526,12,312.55,5795.78,0 41 82 178 117 243 344 349 343 290 368 376 258 248 328 75 171 87 153 278 210 45 353 348 2 119 128 295 40 32 276 196 78 98 27 176 144 342 370 306 202 338 203 168 369 380 16 15 0,16 87 203
PFG_MOEA,527,1,389.39,5146.42,0 163 78 53 293 133 331 285 392 98 115 245 27 396 240 385 288 177 181 358 337 384 111 116 76 113 81 29 325 355 131 84 114 389 91 279 74 159 162 371 219 298 341 22 134 186 105 118 185 0,
PFG_MOEA,527,2,389.39,5146.42,0 281 26 334 24 212 375 284 14 184 318 70 292 263 8 373 169 108 72 52 130 44 386 51 145 123 362 201 294 312 67 164 107 302 173 106 261 388 197 218 151 77 273 136 137 59 109 127 57 226 19 13 80 0,
PFG_MOEA,527,3,389.39,5146.42,0 142 339 174 132 120 269 321 299 340 233 135 88 249 35 235 161 68 58 34 231 289 366 267 228 141 266 303 357 319 86 199 156 94 230 374 92 11 36 397 350 311 4 314 193 0,88
PFG_MOEA,527,4,389.39,5146.42,0 182 172 38 0,
PFG_MOEA,527,5,389.39,5146.42,0 37 322 121 146 320 364 393 3 229 308 356 264 259 246 42 300 329 112 152 191 165 200 221 242 96 0,152 264 329
PFG_MOEA,527,6,389.39,5146.42,0 129 33 71 224 260 0,
PFG_MOEA,527,7,389.39,5146.42,0 399 247 255 1 262 250 28 345 377 395 400 394 188 301 372 21 167 291 139 149 157 63 316 387 17 43 73 254 327 183 354 69 215 85 93 179 232 225 97 148 48 238 330 192 31 304 0,395
PFG_MOEA,527,8,389.39,5146.42,0 16 15 168 203 369 380 391 271 39 268 272 30 66 166 205 208 6 204 154 305 326 283 65 297 62 241 110 140 286 317 333 180 220 158 189 64 20 126 124 7 56 217 55 25 367 170 361 209 398 227 234 213 190 251 175 99 315 346 265 390 18 103 155 83 378 54 46 287 10 383 382 41 0,7 16 20 103 272
PFG_MOEA,527,9,389.39,5146.42,0 82 178 117 243 368 376 258 353 153 171 87 278 210 143 237 256 274 49 100 282 310 104 102 277 275 194 323 363 352 101 198 95 222 138 122 276 336 252 236 128 23 381 90 119 2 12 0,
PFG_MOEA,527,10,389.39,5146.42,0 344 349 351 280 309 5 79 160 50 60 257 270 379 195 45 348 75 328 248 290 343 187 0,
PFG_MOEA,527,11,389.39,5146.42,0 214 295 40 32 239 370 342 144 176 150 47 9 125 216 89 61 207 307 313 359 206 253 365 360 335 0,176
PFG_MOEA,527,12,389.39,5146.42,0 338 202 306 196 296 347 332 324 147 211 244 223 0,
PFG_MOEA,528,1,413.96,4915.5,0 187 206 253 365 359 313 307 207 61 12 89 2 119 128 236 252 336 138 163 222 95 198 351 280 237 256 274 49 100 102 277 275 194 323 363 352 101 53 293 133 331 285 392 122 239 276 32 40 295 23 381 90 113 81 29 76 116 111 384 337 358 181 177 288 385 240 396 245 115 22 118 185 214 0,245 381
PFG_MOEA,528,2,413.96,4915.5,0 281 84 131 325 355 114 389 186 134 341 298 26 334 0,
PFG_MOEA,528,3,413.96,4915.5,0 371 219 105 162 159 74 279 91 24 212 375 284 14 184 318 70 292 263 8 373 169 108 72 52 130 44 386 362 201 312 67 164 107 302 173 106 261 388 197 218 151 77 273 136 137 59 0,
PFG_MOEA,528,4,413.96,4915.5,0 57 127 109 226 0,
PFG_MOEA,528,5,413.96,4915.5,0 19 0,
PFG_MOEA,528,6,413.96,4915.5,0 38 303 357 266 141 86 199 228 267 366 289 231 34 58 68 161 235 35 249 88 135 233 319 182 172 13 80 0,88
PFG_MOEA,528,7,413.96,4915.5,0 399 397 36 11 92 156 94 230 374 350 311 4 314 193 340 299 321 269 120 142 37 51 123 145 132 339 322 121 146 294 174 320 364 393 3 229 308 356 264 259 246 42 300 329 112 191 165 200 221 242 96 0,11 340 374 393
PFG_MOEA,528,8,413.96,4915.5,0 152 247 255 1 262 250 28 345 377 395 400 394 188 301 372 21 167 291 139 149 157 63 316 387 327 17 43 85 215 73 254 183 354 69 265 346 315 99 175 251 190 390 18 103 155 83 378 213 234 227 398 93 0,1 152 175 227
PFG_MOEA,528,9,413.96,4915.5,0 304 31 48 192 330 238 129 148 260 391 271 39 268 272 30 66 166 205 208 6 204 154 305 326 283 65 297 62 241 110 140 286 317 333 180 220 158 189 64 20 126 124 7 56 217 55 25 367 170 361 209 71 33 97 225 232 179 224 0,55 391
PFG_MOEA,528,10,413.96,4915.5,0 287 10 383 382 0,
PFG_MOEA,528,11,413.96,4915.5,0 16 15 168 203 369 380 82 178 117 243 349 344 54 46 41 0,
PFG_MOEA,528,12,413.96,4915.5,0 335 360 216 150 9 47 125 309 5 343 290 368 376 258 248 328 75 171 87 278 153 353 348 45 210 195 379 270 257 60 50 160 79 143 282 310 104 223 244 211 324 147 332 347 296 196 78 98 27 176 144 342 370 306 202 338 0,
PFG_MOEA,529,1,759.34,4800.0,0 219 341 105 389 114 84 131 355 325 29 81 113 76 116 111 384 337 358 181 177 288 385 240 396 245 115 392 285 331 133 293 53 163 150 9 125 47 216 89 61 206 253 365 0,245
PFG_MOEA,529,2,759.34,4800.0,0 22 134 186 162 159 279 74 284 184 318 70 292 263 8 373 169 108 14 375 212 24 91 0,318
PFG_MOEA,529,3,759.34,4800.0,0 304 31 48 148 260 224 71 33 129 238 330 192 200 165 112 191 152 127 57 109 59 137 273 136 247 17 43 85 215 73 254 69 354 183 327 387 157 149 188 394 316 63 262 1 255 250 28 42 400 395 377 345 356 264 259 246 308 229 197 218 151 77 107 164 67 302 388 3 106 173 261 320 364 393 312 201 362 329 300 123 51 145 322 121 146 294 174 339 132 120 142 37 269 321 299 340 233 135 88 249 35 161 235 68 58 34 386 231 289 366 267 228 44 130 52 72 303 357 319 266 141 86 92 199 156 94 230 311 374 11 36 397 350 4 314 193 182 172 13 19 226 221 242 96 80 38 0,33 106 174 200 303 311 394
PFG_MOEA,529,4,759.34,4800.0,0 378 83 155 103 18 190 251 175 99 315 346 372 301 167 21 139 291 265 390 234 0,
PFG_MOEA,529,5,759.34,4800.0,0 179 391 271 39 30 272 268 46 54 93 398 227 213 232 0,391
PFG_MOEA,529,6,759.34,4800.0,0 225 0,
PFG_MOEA,529,7,759.34,4800.0,0 97 209 361 170 367 0,
PFG_MOEA,529,8,759.34,4800.0,0 399 15 168 203 338 202 306 370 342 144 176 27 98 78 196 369 380 16 41 82 178 117 243 344 349 66 343 290 368 376 258 248 328 75 348 353 45 210 278 153 171 87 6 208 205 166 158 189 220 241 62 297 65 283 204 154 305 326 110 140 180 333 317 286 25 55 217 56 7 124 126 20 64 287 10 383 382 0,62 66 205 220 342
PFG_MOEA,529,9,759.34,4800.0,0 2 119 128 295 40 32 276 239 122 296 332 347 138 336 222 95 101 194 147 324 275 323 363 352 277 102 223 244 211 104 310 100 282 143 79 160 50 60 257 270 379 195 5 309 280 351 237 256 274 49 198 252 236 0,
PFG_MOEA,529,10,759.34,4800.0,0 381 23 90 12 207 307 0,
PFG_MOEA,529,11,759.34,4800.0,0 335 187 359 313 360 214 0,
PFG_MOEA,529,12,759.34,4800.0,0 185 118 281 26 334 298 371 0,
PFG_MOEA,530,1,314.81,5596.11,0 12 90 128 236 252 336 276 138 222 198 49 274 256 237 351 280 309 5 290 343 313 207 0,222
PFG_MOEA,530,2,314.81,5596.11,0 91 292 263 8 373 169 108 14 375 212 24 371 219 341 298 334 26 281 118 185 214 295 40 32 239 122 95 101 352 363 323 194 275 277 102 100 23 381 119 2 307 359 187 148 48 31 304 0,23
PFG_MOEA,530,3,314.81,5596.11,0 260 224 71 33 127 152 191 112 165 200 129 238 330 192 0,33
PFG_MOEA,530,4,314.81,5596.11,0 57 67 302 173 106 3 388 164 107 77 151 218 197 229 308 246 259 264 356 345 377 395 400 42 28 250 255 1 262 63 316 394 188 149 157 387 327 183 354 69 254 73 215 85 43 17 247 136 273 137 59 109 0,
PFG_MOEA,530,5,314.81,5596.11,0 329 300 362 123 51 145 322 121 146 201 261 320 364 393 312 294 174 339 132 206 253 365 360 335 0,362 393
PFG_MOEA,530,6,314.81,5596.11,0 61 358 181 177 288 385 240 396 245 115 392 285 331 133 293 53 163 150 9 125 47 216 89 0,
PFG_MOEA,530,7,314.81,5596.11,0 80 13 19 226 35 161 235 58 34 386 231 289 366 267 228 44 130 52 72 318 70 184 284 74 279 159 162 389 114 355 325 384 337 111 116 76 113 81 29 131 84 105 186 134 22 0,
PFG_MOEA,530,8,314.81,5596.11,0 38 96 242 221 172 182 397 350 311 4 314 193 230 94 156 374 36 11 92 319 357 303 266 141 86 199 68 135 88 249 233 340 299 321 269 120 142 37 301 21 139 291 167 372 346 315 99 175 251 0,182
PFG_MOEA,530,9,314.81,5596.11,0 97 225 232 179 391 271 158 241 62 297 65 283 204 154 305 326 110 140 286 317 333 180 220 126 124 7 56 217 55 25 367 170 361 209 227 234 213 190 390 265 18 103 155 83 378 398 93 54 46 268 272 30 39 0,65 154
PFG_MOEA,530,10,314.81,5596.11,0 399 15 16 380 41 82 178 117 243 344 349 20 189 64 166 205 208 6 87 171 153 278 210 353 258 376 368 66 287 10 383 382 0,243
PFG_MOEA,530,11,314.81,5596.11,0 369 338 203 168 0,
PFG_MOEA,530,12,314.81,5596.11,0 202 306 370 342 144 176 27 98 78 196 296 347 332 324 147 211 244 223 104 310 282 143 79 160 50 60 257 270 379 195 45 348 75 328 248 0,370
PFG_MOEA,531,1,411.21,4974.5,0 12 90 381 23 32 276 239 336 138 222 198 49 274 256 237 351 280 252 236 128 119 2 0,23
PFG_MOEA,531,2,411.21,4974.5,0 22 118 185 214 295 40 122 392 285 331 133 293 53 101 352 363 323 194 275 277 102 100 95 163 61 89 207 307 313 359 365 253 206 187 0,22 100
PFG_MOEA,531,3,411.21,4974.5,0 115 0,
PFG_MOEA,531,4,411.21,4974.5,0 245 396 240 385 288 177 181 358 337 384 111 116 76 113 81 29 325 355 0,
PFG_MOEA,531,5,411.21,4974.5,0 281 26 334 298 341 134 186 131 84 114 389 105 219 371 162 159 74 279 91 24 212 375 284 14 184 318 70 292 263 8 373 169 108 72 52 130 44 386 362 201 312 67 164 107 302 173 106 261 388 197 218 151 77 273 136 137 59 109 127 57 226 19 13 80 0,77 106 284
PFG_MOEA,531,6,411.21,4974.5,0 38 172 182 319 303 357 266 141 86 199 228 267 366 289 231 34 58 68 161 235 35 249 88 135 233 156 94 230 374 92 11 36 397 350 311 4 314 193 340 299 321 269 120 142 37 51 123 145 132 339 322 121 146 294 174 320 364 393 3 229 308 356 264 259 246 42 300 329 112 221 242 96 0,51 174 229 246 299
PFG_MOEA,531,7,411.21,4974.5,0 399 200 165 191 152 247 255 1 262 250 28 345 377 395 400 394 188 301 372 21 167 291 139 149 157 63 316 387 327 17 43 85 215 73 254 183 354 69 265 346 315 99 175 251 190 390 18 103 155 83 378 213 234 227 398 93 224 179 232 225 97 71 33 260 148 238 129 330 192 48 31 304 0,93
PFG_MOEA,531,8,411.21,4974.5,0 382 383 10 391 271 39 46 54 268 272 30 66 166 205 208 6 204 154 305 326 283 65 297 62 241 110 140 286 317 333 180 220 158 189 64 20 126 124 7 56 217 55 25 367 170 361 209 287 0,55 62 66 220
PFG_MOEA,531,9,411.21,4974.5,0 380 0,
PFG_MOEA,531,10,411.21,4974.5,0 16 369 15 0,
PFG_MOEA,531,11,411.21,4974.5,0 168 203 178 82 41 0,178
PFG_MOEA,531,12,411.21,4974.5,0 335 360 338 202 306 370 342 144 176 27 98 78 196 296 347 332 216 47 125 9 150 147 324 211 244 223 104 310 282 143 309 5 195 379 79 160 50 60 270 257 210 45 153 278 87 171 353 348 75 328 248 258 376 368 290 343 349 344 243 117 0,
PFG_MOEA,532,1,312.55,5795.78,0 336 138 239 122 296 347 332 324 275 277 104 211 244 223 102 352 363 323 194 147 101 95 222 0,122 211 222 277
PFG_MOEA,532,2,312.55,5795.78,0 335 360 207 307 313 359 187 100 310 282 143 79 160 50 60 257 270 379 195 5 309 280 351 237 256 274 49 198 252 236 381 23 90 12 214 185 118 281 26 334 298 371 72 52 130 44 386 80 0,5 307
PFG_MOEA,532,3,312.55,5795.78,0 13 19 226 57 127 109 59 137 136 273 77 151 218 197 388 261 106 173 302 107 164 67 312 201 362 123 51 145 294 174 339 132 142 120 269 321 299 0,174
PFG_MOEA,532,4,312.55,5795.78,0 340 233 135 88 249 35 235 161 68 58 34 231 289 366 267 228 141 266 303 357 319 86 199 156 94 0,303
PFG_MOEA,532,5,312.55,5795.78,0 38 172 182 397 36 11 92 374 230 311 350 4 314 193 37 322 121 146 320 364 393 3 229 308 356 264 259 246 42 300 329 112 191 152 221 242 96 0,42 264
PFG_MOEA,532,6,312.55,5795.78,0 200 165 129 0,
PFG_MOEA,532,7,312.55,5795.78,0 304 330 395 400 394 188 301 372 21 167 291 139 149 157 63 316 387 17 43 33 71 224 260 0,
PFG_MOEA,532,8,312.55,5795.78,0 399 247 28 250 345 377 262 1 255 327 254 73 215 85 93 179 232 225 97 148 238 192 48 31 0,93
PFG_MOEA,532,9,312.55,5795.78,0 378 69 183 354 265 346 315 99 175 251 190 390 18 103 155 83 234 213 227 398 209 361 170 367 25 55 217 56 7 180 333 317 286 140 110 62 297 65 283 326 305 154 204 6 208 241 220 158 189 64 20 126 124 0,175
PFG_MOEA,532,10,312.55,5795.78,0 287 382 383 10 268 272 30 66 166 205 271 39 391 53 293 133 331 285 392 115 245 396 240 385 288 177 181 358 337 384 111 116 76 113 81 29 325 355 131 84 114 389 105 341 219 0,
PFG_MOEA,532,11,312.55,5795.78,0 91 24 212 375 14 108 169 373 8 263 292 70 318 184 284 74 279 159 162 22 134 186 89 216 47 125 9 150 163 61 365 253 206 46 54 0,
PFG_MOEA,532,12,312.55,5795.78,0 41 82 178 117 243 344 349 343 290 368 376 258 248 328 75 171 87 153 278 210 45 353 348 2 119 128 295 40 32 276 196 78 98 27 176 144 342 370 306 202 338 203 168 369 380 16 15 0,16 87 203
PFG_MOEA,533,1,389.39,5146.42,0 163 78 53 293 133 331 285 392 98 115 245 27 396 240 385 288 177 181 358 337 384 111 116 76 113 81 29 325 355 131 84 114 389 91 279 74 159 162 371 219 298 341 22 134 186 105 118 185 0,
PFG_MOEA,533,2,389.39,5146.42,0 281 26 334 24 212 375 284 14 184 318 70 292 263 8 373 169 108 72 52 130 44 386 51 145 123 362 201 294 312 67 164 107 302 173 106 261 388 197 218 151 77 273 136 137 59 109 127 57 226 19 13 80 0,
PFG_MOEA,533,3,389.39,5146.42,0 142 339 174 132 120 269 321 299 340 233 135 88 249 35 235 161 68 58 34 231 289 366 267 228 141 266 303 357 319 86 199 156 94 230 374 92 11 36 397 350 311 4 314 193 0,88
PFG_MOEA,533,4,389.39,5146.42,0 182 172 38 0,
PFG_MOEA,533,5,389.39,5146.42,0 37 322 121 146 320 364 393 3 229 308 356 264 259 246 42 300 329 112 152 191 165 200 221 242 96 0,152 264 329
PFG_MOEA,533,6,389.39,5146.42,0 129 33 71 224 260 0,
PFG_MOEA,533,7,389.39,5146.42,0 399 247 255 1 262 250 28 345 377 395 400 394 188 301 372 21 167 291 139 149 157 63 316 387 17 43 73 254 327 183 354 69 215 85 93 179 232 225 97 148 48 238 330 192 31 304 0,395
PFG_MOEA,533,8,389.39,5146.42,0 16 15 168 203 369 380 391 271 39 268 272 30 66 166 205 208 6 204 154 305 326 283 65 297 62 241 110 140 286 317 333 180 220 158 189 64 20 126 124 7 56 217 55 25 367 170 361 209 398 227 234 213 190 251 175 99 315 346 265 390 18 103 155 83 378 54 46 287 10 383 382 41 0,7 16 20 103 272
PFG_MOEA,533,9,389.39,5146.42,0 82 178 117 243 368 376 258 353 153 171 87 278 210 143 237 256 274 49 100 282 310 104 102 277 275 194 323 363 352 101 198 95 222 138 122 276 336 252 236 128 23 381 90 119 2 12 0,
PFG_MOEA,533,10,389.39,5146.42,0 344 349 351 280 309 5 79 160 50 60 257 270 379 195 45 348 75 328 248 290 343 187 0,
PFG_MOEA,533,11,389.39,5146.42,0 214 295 40 32 239 370 342 144 176 150 47 9 125 216 89 61 207 307 313 359 206 253 365 360 335 0,176
PFG_MOEA,533,12,389.39,5146.42,0 338 202 306 196 296 347 332 324 147 211 244 223 0,
PFG_MOEA,534,1,413.96,4915.5,0 187 206 253 365 359 313 307 207 61 12 89 2 119 128 236 252 336 138 163 222 95 198 351 280 237 256 274 49 100 102 277 275 194 323 363 352 101 53 293 133 331 285 392 122 239 276 32 40 295 23 381 90 113 81 29 76 116 111 384 337 358 181 177 288 385 240 396 245 115 22 118 185 214 0,245 381
PFG_MOEA,534,2,413.96,4915.5,0 281 84 131 325 355 114 389 186 134 341 298 26 334 0,
PFG_MOEA,534,3,413.96,4915.5,0 371 219 105 162 159 74 279 91 24 212 375 284 14 184 318 70 292 263 8 373 169 108 72 52 130 44 386 362 201 312 67 164 107 302 173 106 261 388 197 218 151 77 273 136 137 59 0,
PFG_MOEA,534,4,413.96,4915.5,0 57 127 109 226 0,
PFG_MOEA,534,5,413.96,4915.5,0 19 0,
PFG_MOEA,534,6,413.96,4915.5,0 38 303 357 266 141 86 199 228 267 366 289 231 34 58 68 161 235 35 249 88 135 233 319 182 172 13 80 0,88
PFG_MOEA,534,7,413.96,4915.5,0 399 397 36 11 92 156 94 230 374 350 311 4 314 193 340 299 321 269 120 142 37 51 123 145 132 339 322 121 146 294 174 320 364 393 3 229 308 356 264 259 246 42 300 329 112 191 165 200 221 242 96 0,11 340 374 393
PFG_MOEA,534,8,413.96,4915.5,0 152 247 255 1 262 250 28 345 377 395 400 394 188 301 372 21 167 291 139 149 157 63 316 387 327 17 43 85 215 73 254 183 354 69 265 346 315 99 175 251 190 390 18 103 155 83 378 213 234 227 398 93 0,1 152 175 227
PFG_MOEA,534,9,413.96,4915.5,0 304 31 48 192 330 238 129 148 260 391 271 39 268 272 30 66 166 205 208 6 204 154 305 326 283 65 297 62 241 110 140 286 317 333 180 220 158 189 64 20 126 124 7 56 217 55 25 367 170 361 209 71 33 97 225 232 179 224 0,55 391
PFG_MOEA,534,10,413.96,4915.5,0 287 10 383 382 0,
PFG_MOEA,534,11,413.96,4915.5,0 16 15 168 203 369 380 82 178 117 243 349 344 54 46 41 0,
PFG_MOEA,534,12,413.96,4915.5,0 335 360 216 150 9 47 125 309 5 343 290 368 376 258 248 328 75 171 87 278 153 353 348 45 210 195 379 270 257 60 50 160 79 143 282 310 104 223 244 211 324 147 332 347 296 196 78 98 27 176 144 342 370 306 202 338 0,
PFG_MOEA,535,1,759.34,4800.0,0 219 341 105 389 114 84 131 355 325 29 81 113 76 116 111 384 337 358 181 177 288 385 240 396 245 115 392 285 331 133 293 53 163 150 9 125 47 216 89 61 206 253 365 0,245
PFG_MOEA,535,2,759.34,4800.0,0 22 134 186 162 159 279 74 284 184 318 70 292 263 8 373 169 108 14 375 212 24 91 0,318
PFG_MOEA,535,3,759.34,4800.0,0 304 31 48 148 260 224 71 33 129 238 330 192 200 165 112 191 152 127 57 109 59 137 273 136 247 17 43 85 215 73 254 69 354 183 327 387 157 149 188 394 316 63 262 1 255 250 28 42 400 395 377 345 356 264 259 246 308 229 197 218 151 77 107 164 67 302 388 3 106 173 261 320 364 393 312 201 362 329 300 123 51 145 322 121 146 294 174 339 132 120 142 37 269 321 299 340 233 135 88 249 35 161 235 68 58 34 386 231 289 366 267 228 44 130 52 72 303 357 319 266 141 86 92 199 156 94 230 311 374 11 36 397 350 4 314 193 182 172 13 19 226 221 242 96 80 38 0,33 106 174 200 303 311 394
PFG_MOEA,535,4,759.34,4800.0,0 378 83 155 103 18 190 251 175 99 315 346 372 301 167 21 139 291 265 390 234 0,
PFG_MOEA,535,5,759.34,4800.0,0 179 391 271 39 30 272 268 46 54 93 398 227 213 232 0,391
PFG_MOEA,535,6,759.34,4800.0,0 225 0,
PFG_MOEA,535,7,759.34,4800.0,0 97 209 361 170 367 0,
PFG_MOEA,535,8,759.34,4800.0,0 399 15 168 203 338 202 306 370 342 144 176 27 98 78 196 369 380 16 41 82 178 117 243 344 349 66 343 290 368 376 258 248 328 75 348 353 45 210 278 153 171 87 6 208 205 166 158 189 220 241 62 297 65 283 204 154 305 326 110 140 180 333 317 286 25 55 217 56 7 124 126 20 64 287 10 383 382 0,62 66 205 220 342
PFG_MOEA,535,9,759.34,4800.0,0 2 119 128 295 40 32 276 239 122 296 332 347 138 336 222 95 101 194 147 324 275 323 363 352 277 102 223 244 211 104 310 100 282 143 79 160 50 60 257 270 379 195 5 309 280 351 237 256 274 49 198 252 236 0,
PFG_MOEA,535,10,759.34,4800.0,0 381 23 90 12 207 307 0,
PFG_MOEA,535,11,759.34,4800.0,0 335 187 359 313 360 214 0,
PFG_MOEA,535,12,759.34,4800.0,0 185 118 281 26 334 298 371 0,
PFG_MOEA,536,1,314.81,5596.11,0 12 90 128 236 252 336 276 138 222 198 49 274 256 237 351 280 309 5 290 343 313 207 0,222
PFG_MOEA,536,2,314.81,5596.11,0 91 292 263 8 373 169 108 14 375 212 24 371 219 341 298 334 26 281 118 185 214 295 40 32 239 122 95 101 352 363 323 194 275 277 102 100 23 381 119 2 307 359 187 148 48 31 304 0,23
PFG_MOEA,536,3,314.81,5596.11,0 260 224 71 33 127 152 191 112 165 200 129 238 330 192 0,33
PFG_MOEA,536,4,314.81,5596.11,0 57 67 302 173 106 3 388 164 107 77 151 218 197 229 308 246 259 264 356 345 377 395 400 42 28 250 255 1 262 63 316 394 188 149 157 387 327 183 354 69 254 73 215 85 43 17 247 136 273 137 59 109 0,
PFG_MOEA,536,5,314.81,5596.11,0 329 300 362 123 51 145 322 121 146 201 261 320 364 393 312 294 174 339 132 206 253 365 360 335 0,362 393
PFG_MOEA,536,6,314.81,5596.11,0 61 358 181 177 288 385 240 396 245 115 392 285 331 133 293 53 163 150 9 125 47 216 89 0,
PFG_MOEA,536,7,314.81,5596.11,0 80 13 19 226 35 161 235 58 34 386 231 289 366 267 228 44 130 52 72 318 70 184 284 74 279 159 162 389 114 355 325 384 337 111 116 76 113 81 29 131 84 105 186 134 22 0,
PFG_MOEA,536,8,314.81,5596.11,0 38 96 242 221 172 182 397 350 311 4 314 193 230 94 156 374 36 11 92 319 357 303 266 141 86 199 68 135 88 249 233 340 299 321 269 120 142 37 301 21 139 291 167 372 346 315 99 175 251 0,182
PFG_MOEA,536,9,314.81,5596.11,0 97 225 232 179 391 271 158 241 62 297 65 283 204 154 305 326 110 140 286 317 333 180 220 126 124 7 56 217 55 25 367 170 361 209 227 234 213 190 390 265 18 103 155 83 378 398 93 54 46 268 272 30 39 0,65 154
PFG_MOEA,536,10,314.81,5596.11,0 399 15 16 380 41 82 178 117 243 344 349 20 189 64 166 205 208 6 87 171 153 278 210 353 258 376 368 66 287 10 383 382 0,243
PFG_MOEA,536,11,314.81,5596.11,0 369 338 203 168 0,
PFG_MOEA,536,12,314.81,5596.11,0 202 306 370 342 144 176 27 98 78 196 296 347 332 324 147 211 244 223 104 310 282 143 79 160 50 60 257 270 379 195 45 348 75 328 248 0,370
PFG_MOEA,537,1,411.21,4974.5,0 12 90 381 23 32 276 239 336 138 222 198 49 274 256 237 351 280 252 236 128 119 2 0,23
PFG_MOEA,537,2,411.21,4974.5,0 22 118 185 214 295 40 122 392 285 331 133 293 53 101 352 363 323 194 275 277 102 100 95 163 61 89 207 307 313 359 365 253 206 187 0,22 100
PFG_MOEA,537,3,411.21,4974.5,0 115 0,
PFG_MOEA,537,4,411.21,4974.5,0 245 396 240 385 288 177 181 358 337 384 111 116 76 113 81 29 325 355 0,
PFG_MOEA,537,5,411.21,4974.5,0 281 26 334 298 341 134 186 131 84 114 389 105 219 371 162 159 74 279 91 24 212 375 284 14 184 318 70 292 263 8 373 169 108 72 52 130 44 386 362 201 312 67 164 107 302 173 106 261 388 197 218 151 77 273 136 137 59 109 127 57 226 19 13 80 0,77 106 284
PFG_MOEA,537,6,411.21,4974.5,0 38 172 182 319 303 357 266 141 86 199 228 267 366 289 231 34 58 68 161 235 35 249 88 135 233 156 94 230 374 92 11 36 397 350 311 4 314 193 340 299 321 269 120 142 37 51 123 145 132 339 322 121 146 294 174 320 364 393 3 229 308 356 264 259 246 42 300 329 112 221 242 96 0,51 174 229 246 299
PFG_MOEA,537,7,411.21,4974.5,0 399 200 165 191 152 247 255 1 262 250 28 345 377 395 400 394 188 301 372 21 167 291 139 149 157 63 316 387 327 17 43 85 215 73 254 183 354 69 265 346 315 99 175 251 190 390 18 103 155 83 378 213 234 227 398 93 224 179 232 225 97 71 33 260 148 238 129 330 192 48 31 304 0,93
PFG_MOEA,537,8,411.21,4974.5,0 382 383 10 391 271 39 46 54 268 272 30 66 166 205 208 6 204 154 305 326 283 65 297 62 241 110 140 286 317 333 180 220 158 189 64 20 126 124 7 56 217 55 25 367 170 361 209 287 0,55 62 66 220
PFG_MOEA,537,9,411.21,4974.5,0 380 0,
PFG_MOEA,537,10,411.21,4974.5,0 16 369 15 0,
PFG_MOEA,537,11,411.21,4974.5,0 168 203 178 82 41 0,178
PFG_MOEA,537,12,411.21,4974.5,0 335 360 338 202 306 370 342 144 176 27 98 78 196 296 347 332 216 47 125 9 150 147 324 211 244 223 104 310 282 143 309 5 195 379 79 160 50 60 270 257 210 45 153 278 87 171 353 348 75 328 248 258 376 368 290 343 349 344 243 117 0,
PFG_MOEA,538,1,312.55,5795.78,0 336 138 239 122 296 347 332 324 275 277 104 211 244 223 102 352 363 323 194 147 101 95 222 0,122 211 222 277
PFG_MOEA,538,2,312.55,5795.78,0 335 360 207 307 313 359 187 100 310 282 143 79 160 50 60 257 270 379 195 5 309 280 351 237 256 274 49 198 252 236 381 23 90 12 214 185 118 281 26 334 298 371 72 52 130 44 386 80 0,5 307
PFG_MOEA,538,3,312.55,5795.78,0 13 19 226 57 127 109 59 137 136 273 77 151 218 197 388 261 106 173 302 107 164 67 312 201 362 123 51 145 294 174 339 132 142 120 269 321 299 0,174
PFG_MOEA,538,4,312.55,5795.78,0 340 233 135 88 249 35 235 161 68 58 34 231 289 366 267 228 141 266 303 357 319 86 199 156 94 0,303
PFG_MOEA,538,5,312.55,5795.78,0 38 172 182 397 36 11 92 374 230 311 350 4 314 193 37 322 121 146 320 364 393 3 229 308 356 264 259 246 42 300 329 112 191 152 221 242 96 0,42 264
PFG_MOEA,538,6,312.55,5795.78,0 200 165 129 0,
PFG_MOEA,538,7,312.55,5795.78,0 304 330 395 400 394 188 301 372 21 167 291 139 149 157 63 316 387 17 43 33 71 224 260 0,
PFG_MOEA,538,8,312.55,5795.78,0 399 247 28 250 345 377 262 1 255 327 254 73 215 85 93 179 232 225 97 148 238 192 48 31 0,93
PFG_MOEA,538,9,312.55,5795.78,0 378 69 183 354 265 346 315 99 175 251 190 390 18 103 155 83 234 213 227 398 209 361 170 367 25 55 217 56 7 180 333 317 286 140 110 62 297 65 283 326 305 154 204 6 208 241 220 158 189 64 20 126 124 0,175
PFG_MOEA,538,10,312.55,5795.78,0 287 382 383 10 268 272 30 66 166 205 271 39 391 53 293 133 331 285 392 115 245 396 240 385 288 177 181 358 337 384 111 116 76 113 81 29 325 355 131 84 114 389 105 341 219 0,
PFG_MOEA,538,11,312.55,5795.78,0 91 24 212 375 14 108 169 373 8 263 292 70 318 184 284 74 279 159 162 22 134 186 89 216 47 125 9 150 163 61 365 253 206 46 54 0,
PFG_MOEA,538,12,312.55,5795.78,0 41 82 178 117 243 344 349 343 290 368 376 258 248 328 75 171 87 153 278 210 45 353 348 2 119 128 295 40 32 276 196 78 98 27 176 144 342 370 306 202 338 203 168 369 380 16 15 0,16 87 203
PFG_MOEA,539,1,389.39,5146.42,0 163 78 53 293 133 331 285 392 98 115 245 27 396 240 385 288 177 181 358 337 384 111 116 76 113 81 29 325 355 131 84 114 389 91 279 74 159 162 371 219 298 341 22 134 186 105 118 185 0,
PFG_MOEA,539,2,389.39,5146.42,0 281 26 334 24 212 375 284 14 184 318 70 292 263 8 373 169 108 72 52 130 44 386 51 145 123 362 201 294 312 67 164 107 302 173 106 261 388 197 218 151 77 273 136 137 59 109 127 57 226 19 13 80 0,
PFG_MOEA,539,3,389.39,5146.42,0 142 339 174 132 120 269 321 299 340 233 135 88 249 35 235 161 68 58 34 231 289 366 267 228 141 266 303 357 319 86 199 156 94 230 374 92 11 36 397 350 311 4 314 193 0,88
PFG_MOEA,539,4,389.39,5146.42,0 182 172 38 0,
PFG_MOEA,539,5,389.39,5146.42,0 37 322 121 146 320 364 393 3 229 308 356 264 259 246 42 300 329 112 152 191 165 200 221 242 96 0,152 264 329
PFG_MOEA,539,6,389.39,5146.42,0 129 33 71 224 260 0,
PFG_MOEA,539,7,389.39,5146.42,0 399 247 255 1 262 250 28 345 377 395 400 394 188 301 372 21 167 291 139 149 157 63 316 387 17 43 73 254 327 183 354 69 215 85 93 179 232 225 97 148 48 238 330 192 31 304 0,395
PFG_MOEA,539,8,389.39,5146.42,0 16 15 168 203 369 380 391 271 39 268 272 30 66 166 205 208 6 204 154 305 326 283 65 297 62 241 110 140 286 317 333 180 220 158 189 64 20 126 124 7 56 217 55 25 367 170 361 209 398 227 234 213 190 251 175 99 315 346 265 390 18 103 155 83 378 54 46 287 10 383 382 41 0,7 16 20 103 272
PFG_MOEA,539,9,389.39,5146.42,0 82 178 117 243 368 376 258 353 153 171 87 278 210 143 237 256 274 49 100 282 310 104 102 277 275 194 323 363 352 101 198 95 222 138 122 276 336 252 236 128 23 381 90 119 2 12 0,
PFG_MOEA,539,10,389.39,5146.42,0 344 349 351 280 309 5 79 160 50 60 257 270 379 195 45 348 75 328 248 290 343 187 0,
PFG_MOEA,539,11,389.39,5146.42,0 214 295 40 32 239 370 342 144 176 150 47 9 125 216 89 61 207 307 313 359 206 253 365 360 335 0,176
PFG_MOEA,539,12,389.39,5146.42,0 338 202 306 196 296 347 332 324 147 211 244 223 0,
PFG_MOEA,540,1,413.96,4915.5,0 187 206 253 365 359 313 307 207 61 12 89 2 119 128 236 252 336 138 163 222 95 198 351 280 237 256 274 49 100 102 277 275 194 323 363 352 101 53 293 133 331 285 392 122 239 276 32 40 295 23 381 90 113 81 29 76 116 111 384 337 358 181 177 288 385 240 396 245 115 22 118 185 214 0,245 381
PFG_MOEA,540,2,413.96,4915.5,0 281 84 131 325 355 114 389 186 134 341 298 26 334 0,
PFG_MOEA,540,3,413.96,4915.5,0 371 219 105 162 159 74 279 91 24 212 375 284 14 184 318 70 292 263 8 373 169 108 72 52 130 44 386 362 201 312 67 164 107 302 173 106 261 388 197 218 151 77 273 136 137 59 0,
PFG_MOEA,540,4,413.96,4915.5,0 57 127 109 226 0,
PFG_MOEA,540,5,413.96,4915.5,0 19 0,
PFG_MOEA,540,6,413.96,4915.5,0 38 303 357 266 141 86 199 228 267 366 289 231 34 58 68 161 235 35 249 88 135 233 319 182 172 13 80 0,88
PFG_MOEA,540,7,413.96,4915.5,0 399 397 36 11 92 156 94 230 374 350 311 4 314 193 340 299 321 269 120 142 37 51 123 145 132 339 322 121 146 294 174 320 364 393 3 229 308 356 264 259 246 42 300 329 112 191 165 200 221 242 96 0,11 340 374 393
PFG_MOEA,540,8,413.96,4915.5,0 152 247 255 1 262 250 28 345 377 395 400 394 188 301 372 21 167 291 139 149 157 63 316 387 327 17 43 85 215 73 254 183 354 69 265 346 315 99 175 251 190 390 18 103 155 83 378 213 234 227 398 93 0,1 152 175 227
PFG_MOEA,540,9,413.96,4915.5,0 304 31 48 192 330 238 129 148 260 391 271 39 268 272 30 66 166 205 208 6 204 154 305 326 283 65 297 62 241 110 140 286 317 333 180 220 158 189 64 20 126 124 7 56 217 55 25 367 170 361 209 71 33 97 225 232 179 224 0,55 391
PFG_MOEA,540,10,413.96,4915.5,0 287 10 383 382 0,
PFG_MOEA,540,11,413.96,4915.5,0 16 15 168 203 369 380 82 178 117 243 349 344 54 46 41 0,
PFG_MOEA,540,12,413.96,4915.5,0 335 360 216 150 9 47 125 309 5 343 290 368 376 258 248 328 75 171 87 278 153 353 348 45 210 195 379 270 257 60 50 160 79 143 282 310 104 223 244 211 324 147 332 347 296 196 78 98 27 176 144 342 370 306 202 338 0,
PFG_MOEA,541,1,759.34,4800.0,0 219 341 105 389 114 84 131 355 325 29 81 113 76 116 111 384 337 358 181 177 288 385 240 396 245 115 392 285 331 133 293 53 163 150 9 125 47 216 89 61 206 253 365 0,245
PFG_MOEA,541,2,759.34,4800.0,0 22 134 186 162 159 279 74 284 184 318 70 292 263 8 373 169 108 14 375 212 24 91 0,318
PFG_MOEA,541,3,759.34,4800.0,0 304 31 48 148 260 224 71 33 129 238 330 192 200 165 112 191 152 127 57 109 59 137 273 136 247 17 43 85 215 73 254 69 354 183 327 387 157 149 188 394 316 63 262 1 255 250 28 42 400 395 377 345 356 264 259 246 308 229 197 218 151 77 107 164 67 302 388 3 106 173 261 320 364 393 312 201 362 329 300 123 51 145 322 121 146 294 174 339 132 120 142 37 269 321 299 340 233 135 88 249 35 161 235 68 58 34 386 231 289 366 267 228 44 130 52 72 303 357 319 266 141 86 92 199 156 94 230 311 374 11 36 397 350 4 314 193 182 172 13 19 226 221 242 96 80 38 0,33 106 174 200 303 311 394
PFG_MOEA,541,4,759.34,4800.0,0 378 83 155 103 18 190 251 175 99 315 346 372 301 167 21 139 291 265 390 234 0,
PFG_MOEA,541,5,759.34,4800.0,0 179 391 271 39 30 272 268 46 54 93 398 227 213 232 0,391
PFG_MOEA,541,6,759.34,4800.0,0 225 0,
PFG_MOEA,541,7,759.34,4800.0,0 97 209 361 170 367 0,
PFG_MOEA,541,8,759.34,4800.0,0 399 15 168 203 338 202 306 370 342 144 176 27 98 78 196 369 380 16 41 82 178 117 243 344 349 66 343 290 368 376 258 248 328 75 348 353 45 210 278 153 171 87 6 208 205 166 158 189 220 241 62 297 65 283 204 154 305 326 110 140 180 333 317 286 25 55 217 56 7 124 126 20 64 287 10 383 382 0,62 66 205 220 342
PFG_MOEA,541,9,759.34,4800.0,0 2 119 128 295 40 32 276 239 122 296 332 347 138 336 222 95 101 194 147 324 275 323 363 352 277 102 223 244 211 104 310 100 282 143 79 160 50 60 257 270 379 195 5 309 280 351 237 256 274 49 198 252 236 0,
PFG_MOEA,541,10,759.34,4800.0,0 381 23 90 12 207 307 0,
PFG_MOEA,541,11,759.34,4800.0,0 335 187 359 313 360 214 0,
PFG_MOEA,541,12,759.34,4800.0,0 185 118 281 26 334 298 371 0,
PFG_MOEA,542,1,314.81,5596.11,0 12 90 128 236 252 336 276 138 222 198 49 274 256 237 351 280 309 5 290 343 313 207 0,222
PFG_MOEA,542,2,314.81,5596.11,0 91 292 263 8 373 169 108 14 375 212 24 371 219 341 298 334 26 281 118 185 214 295 40 32 239 122 95 101 352 363 323 194 275 277 102 100 23 381 119 2 307 359 187 148 48 31 304 0,23
PFG_MOEA,542,3,314.81,5596.11,0 260 224 71 33 127 152 191 112 165 200 129 238 330 192 0,33
PFG_MOEA,542,4,314.81,5596.11,0 57 67 302 173 106 3 388 164 107 77 151 218 197 229 308 246 259 264 356 345 377 395 400 42 28 250 255 1 262 63 316 394 188 149 157 387 327 183 354 69 254 73 215 85 43 17 247 136 273 137 59 109 0,
PFG_MOEA,542,5,314.81,5596.11,0 329 300 362 123 51 145 322 121 146 201 261 320 364 393 312 294 174 339 132 206 253 365 360 335 0,362 393
PFG_MOEA,542,6,314.81,5596.11,0 61 358 181 177 288 385 240 396 245 115 392 285 331 133 293 53 163 150 9 125 47 216 89 0,
PFG_MOEA,542,7,314.81,5596.11,0 80 13 19 226 35 161 235 58 34 386 231 289 366 267 228 44 130 52 72 318 70 184 284 74 279 159 162 389 114 355 325 384 337 111 116 76 113 81 29 131 84 105 186 134 22 0,
PFG_MOEA,542,8,314.81,5596.11,0 38 96 242 221 172 182 397 350 311 4 314 193 230 94 156 374 36 11 92 319 357 303 266 141 86 199 68 135 88 249 233 340 299 321 269 120 142 37 301 21 139 291 167 372 346 315 99 175 251 0,182
PFG_MOEA,542,9,314.81,5596.11,0 97 225 232 179 391 271 158 241 62 297 65 283 204 154 305 326 110 140 286 317 333 180 220 126 124 7 56 217 55 25 367 170 361 209 227 234 213 190 390 265 18 103 155 83 378 398 93 54 46 268 272 30 39 0,65 154
PFG_MOEA,542,10,314.81,5596.11,0 399 15 16 380 41 82 178 117 243 344 349 20 189 64 166 205 208 6 87 171 153 278 210 353 258 376 368 66 287 10 383 382 0,243
PFG_MOEA,542,11,314.81,5596.11,0 369 338 203 168 0,
PFG_MOEA,542,12,314.81,5596.11,0 202 306 370 342 144 176 27 98 78 196 296 347 332 324 147 211 244 223 104 310 282 143 79 160 50 60 257 270 379 195 45 348 75 328 248 0,370
PFG_MOEA,543,1,411.21,4974.5,0 12 90 381 23 32 276 239 336 138 222 198 49 274 256 237 351 280 252 236 128 119 2 0,23
PFG_MOEA,543,2,411.21,4974.5,0 22 118 185 214 295 40 122 392 285 331 133 293 53 101 352 363 323 194 275 277 102 100 95 163 61 89 207 307 313 359 365 253 206 187 0,22 100
PFG_MOEA,543,3,411.21,4974.5,0 115 0,
PFG_MOEA,543,4,411.21,4974.5,0 245 396 240 385 288 177 181 358 337 384 111 116 76 113 81 29 325 355 0,
PFG_MOEA,543,5,411.21,4974.5,0 281 26 334 298 341 134 186 131 84 114 389 105 219 371 162 159 74 279 91 24 212 375 284 14 184 318 70 292 263 8 373 169 108 72 52 130 44 386 362 201 312 67 164 107 302 173 106 261 388 197 218 151 77 273 136 137 59 109 127 57 226 19 13 80 0,77 106 284
PFG_MOEA,543,6,411.21,4974.5,0 38 172 182 319 303 357 266 141 86 199 228 267 366 289 231 34 58 68 161 235 35 249 88 135 233 156 94 230 374 92 11 36 397 350 311 4 314 193 340 299 321 269 120 142 37 51 123 145 132 339 322 121 146 294 174 320 364 393 3 229 308 356 264 259 246 42 300 329 112 221 242 96 0,51 174 229 246 299
PFG_MOEA,543,7,411.21,4974.5,0 399 200 165 191 152 247 255 1 262 250 28 345 377 395 400 394 188 301 372 21 167 291 139 149 157 63 316 387 327 17 43 85 215 73 254 183 354 69 265 346 315 99 175 251 190 390 18 103 155 83 378 213 234 227 398 93 224 179 232 225 97 71 33 260 148 238 129 330 192 48 31 304 0,93
PFG_MOEA,543,8,411.21,4974.5,0 382 383 10 391 271 39 46 54 268 272 30 66 166 205 208 6 204 154 305 326 283 65 297 62 241 110 140 286 317 333 180 220 158 189 64 20 126 124 7 56 217 55 25 367 170 361 209 287 0,55 62 66 220
PFG_MOEA,543,9,411.21,4974.5,0 380 0,
PFG_MOEA,543,10,411.21,4974.5,0 16 369 15 0,
PFG_MOEA,543,11,411.21,4974.5,0 168 203 178 82 41 0,178
PFG_MOEA,543,12,411.21,4974.5,0 335 360 338 202 306 370 342 144 176 27 98 78 196 296 347 332 216 47 125 9 150 147 324 211 244 223 104 310 282 143 309 5 195 379 79 160 50 60 270 257 210 45 153 278 87 171 353 348 75 328 248 258 376 368 290 343 349 344 243 117 0,
PFG_MOEA,544,1,312.55,5795.78,0 336 138 239 122 296 347 332 324 275 277 104 211 244 223 102 352 363 323 194 147 101 95 222 0,122 211 222 277
PFG_MOEA,544,2,312.55,5795.78,0 335 360 207 307 313 359 187 100 310 282 143 79 160 50 60 257 270 379 195 5 309 280 351 237 256 274 49 198 252 236 381 23 90 12 214 185 118 281 26 334 298 371 72 52 130 44 386 80 0,5 307
PFG_MOEA,544,3,312.55,5795.78,0 13 19 226 57 127 109 59 137 136 273 77 151 218 197 388 261 106 173 302 107 164 67 312 201 362 123 51 145 294 174 339 132 142 120 269 321 299 0,174
PFG_MOEA,544,4,312.55,5795.78,0 340 233 135 88 249 35 235 161 68 58 34 231 289 366 267 228 141 266 303 357 319 86 199 156 94 0,303
PFG_MOEA,544,5,312.55,5795.78,0 38 172 182 397 36 11 92 374 230 311 350 4 314 193 37 322 121 146 320 364 393 3 229 308 356 264 259 246 42 300 329 112 191 152 221 242 96 0,42 264
PFG_MOEA,544,6,312.55,5795.78,0 200 165 129 0,
PFG_MOEA,544,7,312.55,5795.78,0 304 330 395 400 394 188 301 372 21 167 291 139 149 157 63 316 387 17 43 33 71 224 260 0,
PFG_MOEA,544,8,312.55,5795.78,0 399 247 28 250 345 377 262 1 255 327 254 73 215 85 93 179 232 225 97 148 238 192 48 31 0,93
PFG_MOEA,544,9,312.55,5795.78,0 378 69 183 354 265 346 315 99 175 251 190 390 18 103 155 83 234 213 227 398 209 361 170 367 25 55 217 56 7 180 333 317 286 140 110 62 297 65 283 326 305 154 204 6 208 241 220 158 189 64 20 126 124 0,175
PFG_MOEA,544,10,312.55,5795.78,0 287 382 383 10 268 272 30 66 166 205 271 39 391 53 293 133 331 285 392 115 245 396 240 385 288 177 181 358 337 384 111 116 76 113 81 29 325 355 131 84 114 389 105 341 219 0,
PFG_MOEA,544,11,312.55,5795.78,0 91 24 212 375 14 108 169 373 8 263 292 70 318 184 284 74 279 159 162 22 134 186 89 216 47 125 9 150 163 61 365 253 206 46 54 0,
PFG_MOEA,544,12,312.55,5795.78,0 41 82 178 117 243 344 349 343 290 368 376 258 248 328 75 171 87 153 278 210 45 353 348 2 119 128 295 40 32 276 196 78 98 27 176 144 342 370 306 202 338 203 168 369 380 16 15 0,16 87 203
PFG_MOEA,545,1,389.39,5146.42,0 163 78 53 293 133 331 285 392 98 115 245 27 396 240 385 288 177 181 358 337 384 111 116 76 113 81 29 325 355 131 84 114 389 91 279 74 159 162 371 219 298 341 22 134 186 105 118 185 0,
PFG_MOEA,545,2,389.39,5146.42,0 281 26 334 24 212 375 284 14 184 318 70 292 263 8 373 169 108 72 52 130 44 386 51 145 123 362 201 294 312 67 164 107 302 173 106 261 388 197 218 151 77 273 136 137 59 109 127 57 226 19 13 80 0,
PFG_MOEA,545,3,389.39,5146.42,0 142 339 174 132 120 269 321 299 340 233 135 88 249 35 235 161 68 58 34 231 289 366 267 228 141 266 303 357 319 86 199 156 94 230 374 92 11 36 397 350 311 4 314 193 0,88
PFG_MOEA,545,4,389.39,5146.42,0 182 172 38 0,
PFG_MOEA,545,5,389.39,5146.42,0 37 322 121 146 320 364 393 3 229 308 356 264 259 246 42 300 329 112 152 191 165 200 221 242 96 0,152 264 329
PFG_MOEA,545,6,389.39,5146.42,0 129 33 71 224 260 0,
PFG_MOEA,545,7,389.39,5146.42,0 399 247 255 1 262 250 28 345 377 395 400 394 188 301 372 21 167 291 139 149 157 63 316 387 17 43 73 254 327 183 354 69 215 85 93 179 232 225 97 148 48 238 330 192 31 304 0,395
PFG_MOEA,545,8,389.39,5146.42,0 16 15 168 203 369 380 391 271 39 268 272 30 66 166 205 208 6 204 154 305 326 283 65 297 62 241 110 140 286 317 333 180 220 158 189 64 20 126 124 7 56 217 55 25 367 170 361 209 398 227 234 213 190 251 175 99 315 346 265 390 18 103 155 83 378 54 46 287 10 383 382 41 0,7 16 20 103 272
PFG_MOEA,545,9,389.39,5146.42,0 82 178 117 243 368 376 258 353 153 171 87 278 210 143 237 256 274 49 100 282 310 104 102 277 275 194 323 363 352 101 198 95 222 138 122 276 336 252 236 128 23 381 90 119 2 12 0,
PFG_MOEA,545,10,389.39,5146.42,0 344 349 351 280 309 5 79 160 50 60 257 270 379 195 45 348 75 328 248 290 343 187 0,
PFG_MOEA,545,11,389.39,5146.42,0 214 295 40 32 239 370 342 144 176 150 47 9 125 216 89 61 207 307 313 359 206 253 365 360 335 0,176
PFG_MOEA,545,12,389.39,5146.42,0 338 202 306 196 296 347 332 324 147 211 244 223 0,
PFG_MOEA,546,1,413.96,4915.5,0 187 206 253 365 359 313 307 207 61 12 89 2 119 128 236 252 336 138 163 222 95 198 351 280 237 256 274 49 100 102 277 275 194 323 363 352 101 53 293 133 331 285 392 122 239 276 32 40 295 23 381 90 113 81 29 76 116 111 384 337 358 181 177 288 385 240 396 245 115 22 118 185 214 0,245 381
PFG_MOEA,546,2,413.96,4915.5,0 281 84 131 325 355 114 389 186 134 341 298 26 334 0,
PFG_MOEA,546,3,413.96,4915.5,0 371 219 105 162 159 74 279 91 24 212 375 284 14 184 318 70 292 263 8 373 169 108 72 52 130 44 386 362 201 312 67 164 107 302 173 106 261 388 197 218 151 77 273 136 137 59 0,
PFG_MOEA,546,4,413.96,4915.5,0 57 127 109 226 0,
PFG_MOEA,546,5,413.96,4915.5,0 19 0,
PFG_MOEA,546,6,413.96,4915.5,0 38 303 357 266 141 86 199 228 267 366 289 231 34 58 68 161 235 35 249 88 135 233 319 182 172 13 80 0,88
PFG_MOEA,546,7,413.96,4915.5,0 399 397 36 11 92 156 94 230 374 350 311 4 314 193 340 299 321 269 120 142 37 51 123 145 132 339 322 121 146 294 174 320 364 393 3 229 308 356 264 259 246 42 300 329 112 191 165 200 221 242 96 0,11 340 374 393
PFG_MOEA,546,8,413.96,4915.5,0 152 247 255 1 262 250 28 345 377 395 400 394 188 301 372 21 167 291 139 149 157 63 316 387 327 17 43 85 215 73 254 183 354 69 265 346 315 99 175 251 190 390 18 103 155 83 378 213 234 227 398 93 0,1 152 175 227
PFG_MOEA,546,9,413.96,4915.5,0 304 31 48 192 330 238 129 148 260 391 271 39 268 272 30 66 166 205 208 6 204 154 305 326 283 65 297 62 241 110 140 286 317 333 180 220 158 189 64 20 126 124 7 56 217 55 25 367 170 361 209 71 33 97 225 232 179 224 0,55 391
PFG_MOEA,546,10,413.96,4915.5,0 287 10 383 382 0,
PFG_MOEA,546,11,413.96,4915.5,0 16 15 168 203 369 380 82 178 117 243 349 344 54 46 41 0,
PFG_MOEA,546,12,413.96,4915.5,0 335 360 216 150 9 47 125 309 5 343 290 368 376 258 248 328 75 171 87 278 153 353 348 45 210 195 379 270 257 60 50 160 79 143 282 310 104 223 244 211 324 147 332 347 296 196 78 98 27 176 144 342 370 306 202 338 0,
PFG_MOEA,547,1,759.34,4800.0,0 219 341 105 389 114 84 131 355 325 29 81 113 76 116 111 384 337 358 181 177 288 385 240 396 245 115 392 285 331 133 293 53 163 150 9 125 47 216 89 61 206 253 365 0,245
PFG_MOEA,547,2,759.34,4800.0,0 22 134 186 162 159 279 74 284 184 318 70 292 263 8 373 169 108 14 375 212 24 91 0,318
PFG_MOEA,547,3,759.34,4800.0,0 304 31 48 148 260 224 71 33 129 238 330 192 200 165 112 191 152 127 57 109 59 137 273 136 247 17 43 85 215 73 254 69 354 183 327 387 157 149 188 394 316 63 262 1 255 250 28 42 400 395 377 345 356 264 259 246 308 229 197 218 151 77 107 164 67 302 388 3 106 173 261 320 364 393 312 201 362 329 300 123 51 145 322 121 146 294 174 339 132 120 142 37 269 321 299 340 233 135 88 249 35 161 235 68 58 34 386 231 289 366 267 228 44 130 52 72 303 357 319 266 141 86 92 199 156 94 230 311 374 11 36 397 350 4 314 193 182 172 13 19 226 221 242 96 80 38 0,33 106 174 200 303 311 394
PFG_MOEA,547,4,759.34,4800.0,0 378 83 155 103 18 190 251 175 99 315 346 372 301 167 21 139 291 265 390 234 0,
PFG_MOEA,547,5,759.34,4800.0,0 179 391 271 39 30 272 268 46 54 93 398 227 213 232 0,391
PFG_MOEA,547,6,759.34,4800.0,0 225 0,
PFG_MOEA,547,7,759.34,4800.0,0 97 209 361 170 367 0,
PFG_MOEA,547,8,759.34,4800.0,0 399 15 168 203 338 202 306 370 342 144 176 27 98 78 196 369 380 16 41 82 178 117 243 344 349 66 343 290 368 376 258 248 328 75 348 353 45 210 278 153 171 87 6 208 205 166 158 189 220 241 62 297 65 283 204 154 305 326 110 140 180 333 317 286 25 55 217 56 7 124 126 20 64 287 10 383 382 0,62 66 205 220 342
PFG_MOEA,547,9,759.34,4800.0,0 2 119 128 295 40 32 276 239 122 296 332 347 138 336 222 95 101 194 147 324 275 323 363 352 277 102 223 244 211 104 310 100 282 143 79 160 50 60 257 270 379 195 5 309 280 351 237 256 274 49 198 252 236 0,
PFG_MOEA,547,10,759.34,4800.0,0 381 23 90 12 207 307 0,
PFG_MOEA,547,11,759.34,4800.0,0 335 187 359 313 360 214 0,
PFG_MOEA,547,12,759.34,4800.0,0 185 118 281 26 334 298 371 0,
PFG_MOEA,548,1,314.81,5596.11,0 12 90 128 236 252 336 276 138 222 198 49 274 256 237 351 280 309 5 290 343 313 207 0,222
PFG_MOEA,548,2,314.81,5596.11,0 91 292 263 8 373 169 108 14 375 212 24 371 219 341 298 334 26 281 118 185 214 295 40 32 239 122 95 101 352 363 323 194 275 277 102 100 23 381 119 2 307 359 187 148 48 31 304 0,23
PFG_MOEA,548,3,314.81,5596.11,0 260 224 71 33 127 152 191 112 165 200 129 238 330 192 0,33
PFG_MOEA,548,4,314.81,5596.11,0 57 67 302 173 106 3 388 164 107 77 151 218 197 229 308 246 259 264 356 345 377 395 400 42 28 250 255 1 262 63 316 394 188 149 157 387 327 183 354 69 254 73 215 85 43 17 247 136 273 137 59 109 0,
PFG_MOEA,548,5,314.81,5596.11,0 329 300 362 123 51 145 322 121 146 201 261 320 364 393 312 294 174 339 132 206 253 365 360 335 0,362 393
PFG_MOEA,548,6,314.81,5596.11,0 61 358 181 177 288 385 240 396 245 115 392 285 331 133 293 53 163 150 9 125 47 216 89 0,
PFG_MOEA,548,7,314.81,5596.11,0 80 13 19 226 35 161 235 58 34 386 231 289 366 267 228 44 130 52 72 318 70 184 284 74 279 159 162 389 114 355 325 384 337 111 116 76 113 81 29 131 84 105 186 134 22 0,
PFG_MOEA,548,8,314.81,5596.11,0 38 96 242 221 172 182 397 350 311 4 314 193 230 94 156 374 36 11 92 319 357 303 266 141 86 199 68 135 88 249 233 340 299 321 269 120 142 37 301 21 139 291 167 372 346 315 99 175 251 0,182
PFG_MOEA,548,9,314.81,5596.11,0 97 225 232 179 391 271 158 241 62 297 65 283 204 154 305 326 110 140 286 317 333 180 220 126 124 7 56 217 55 25 367 170 361 209 227 234 213 190 390 265 18 103 155 83 378 398 93 54 46 268 272 30 39 0,65 154
PFG_MOEA,548,10,314.81,5596.11,0 399 15 16 380 41 82 178 117 243 344 349 20 189 64 166 205 208 6 87 171 153 278 210 353 258 376 368 66 287 10 383 382 0,243
PFG_MOEA,548,11,314.81,5596.11,0 369 338 203 168 0,
PFG_MOEA,548,12,314.81,5596.11,0 202 306 370 342 144 176 27 98 78 196 296 347 332 324 147 211 244 223 104 310 282 143 79 160 50 60 257 270 379 195 45 348 75 328 248 0,370
PFG_MOEA,549,1,411.21,4974.5,0 12 90 381 23 32 276 239 336 138 222 198 49 274 256 237 351 280 252 236 128 119 2 0,23
PFG_MOEA,549,2,411.21,4974.5,0 22 118 185 214 295 40 122 392 285 331 133 293 53 101 352 363 323 194 275 277 102 100 95 163 61 89 207 307 313 359 365 253 206 187 0,22 100
PFG_MOEA,549,3,411.21,4974.5,0 115 0,
PFG_MOEA,549,4,411.21,4974.5,0 245 396 240 385 288 177 181 358 337 384 111 116 76 113 81 29 325 355 0,
PFG_MOEA,549,5,411.21,4974.5,0 281 26 334 298 341 134 186 131 84 114 389 105 219 371 162 159 74 279 91 24 212 375 284 14 184 318 70 292 263 8 373 169 108 72 52 130 44 386 362 201 312 67 164 107 302 173 106 261 388 197 218 151 77 273 136 137 59 109 127 57 226 19 13 80 0,77 106 284
PFG_MOEA,549,6,411.21,4974.5,0 38 172 182 319 303 357 266 141 86 199 228 267 366 289 231 34 58 68 161 235 35 249 88 135 233 156 94 230 374 92 11 36 397 350 311 4 314 193 340 299 321 269 120 142 37 51 123 145 132 339 322 121 146 294 174 320 364 393 3 229 308 356 264 259 246 42 300 329 112 221 242 96 0,51 174 229 246 299
PFG_MOEA,549,7,411.21,4974.5,0 399 200 165 191 152 247 255 1 262 250 28 345 377 395 400 394 188 301 372 21 167 291 139 149 157 63 316 387 327 17 43 85 215 73 254 183 354 69 265 346 315 99 175 251 190 390 18 103 155 83 378 213 234 227 398 93 224 179 232 225 97 71 33 260 148 238 129 330 192 48 31 304 0,93
PFG_MOEA,549,8,411.21,4974.5,0 382 383 10 391 271 39 46 54 268 272 30 66 166 205 208 6 204 154 305 326 283 65 297 62 241 110 140 286 317 333 180 220 158 189 64 20 126 124 7 56 217 55 25 367 170 361 209 287 0,55 62 66 220
PFG_MOEA,549,9,411.21,4974.5,0 380 0,
PFG_MOEA,549,10,411.21,4974.5,0 16 369 15 0,
PFG_MOEA,549,11,411.21,4974.5,0 168 203 178 82 41 0,178
PFG_MOEA,549,12,411.21,4974.5,0 335 360 338 202 306 370 342 144 176 27 98 78 196 296 347 332 216 47 125 9 150 147 324 211 244 223 104 310 282 143 309 5 195 379 79 160 50 60 270 257 210 45 153 278 87 171 353 348 75 328 248 258 376 368 290 343 349 344 243 117 0,
PFG_MOEA,550,1,312.55,5795.78,0 336 138 239 122 296 347 332 324 275 277 104 211 244 223 102 352 363 323 194 147 101 95 222 0,122 211 222 277
PFG_MOEA,550,2,312.55,5795.78,0 335 360 207 307 313 359 187 100 310 282 143 79 160 50 60 257 270 379 195 5 309 280 351 237 256 274 49 198 252 236 381 23 90 12 214 185 118 281 26 334 298 371 72 52 130 44 386 80 0,5 307
PFG_MOEA,550,3,312.55,5795.78,0 13 19 226 57 127 109 59 137 136 273 77 151 218 197 388 261 106 173 302 107 164 67 312 201 362 123 51 145 294 174 339 132 142 120 269 321 299 0,174
PFG_MOEA,550,4,312.55,5795.78,0 340 233 135 88 249 35 235 161 68 58 34 231 289 366 267 228 141 266 303 357 319 86 199 156 94 0,303
PFG_MOEA,550,5,312.55,5795.78,0 38 172 182 397 36 11 92 374 230 311 350 4 314 193 37 322 121 146 320 364 393 3 229 308 356 264 259 246 42 300 329 112 191 152 221 242 96 0,42 264
PFG_MOEA,550,6,312.55,5795.78,0 200 165 129 0,
PFG_MOEA,550,7,312.55,5795.78,0 304 330 395 400 394 188 301 372 21 167 291 139 149 157 63 316 387 17 43 33 71 224 260 0,
PFG_MOEA,550,8,312.55,5795.78,0 399 247 28 250 345 377 262 1 255 327 254 73 215 85 93 179 232 225 97 148 238 192 48 31 0,93
PFG_MOEA,550,9,312.55,5795.78,0 378 69 183 354 265 346 315 99 175 251 190 390 18 103 155 83 234 213 227 398 209 361 170 367 25 55 217 56 7 180 333 317 286 140 110 62 297 65 283 326 305 154 204 6 208 241 220 158 189 64 20 126 124 0,175
PFG_MOEA,550,10,312.55,5795.78,0 287 382 383 10 268 272 30 66 166 205 271 39 391 53 293 133 331 285 392 115 245 396 240 385 288 177 181 358 337 384 111 116 76 113 81 29 325 355 131 84 114 389 105 341 219 0,
PFG_MOEA,550,11,312.55,5795.78,0 91 24 212 375 14 108 169 373 8 263 292 70 318 184 284 74 279 159 162 22 134 186 89 216 47 125 9 150 163 61 365 253 206 46 54 0,
PFG_MOEA,550,12,312.55,5795.78,0 41 82 178 117 243 344 349 343 290 368 376 258 248 328 75 171 87 153 278 210 45 353 348 2 119 128 295 40 32 276 196 78 98 27 176 144 342 370 306 202 338 203 168 369 380 16 15 0,16 87 203
PFG_MOEA,551,1,389.39,5146.42,0 163 78 53 293 133 331 285 392 98 115 245 27 396 240 385 288 177 181 358 337 384 111 116 76 113 81 29 325 355 131 84 114 389 91 279 74 159 162 371 219 298 341 22 134 186 105 118 185 0,
PFG_MOEA,551,2,389.39,5146.42,0 281 26 334 24 212 375 284 14 184 318 70 292 263 8 373 169 108 72 52 130 44 386 51 145 123 362 201 294 312 67 164 107 302 173 106 261 388 197 218 151 77 273 136 137 59 109 127 57 226 19 13 80 0,
PFG_MOEA,551,3,389.39,5146.42,0 142 339 174 132 120 269 321 299 340 233 135 88 249 35 235 161 68 58 34 231 289 366 267 228 141 266 303 357 319 86 199 156 94 230 374 92 11 36 397 350 311 4 314 193 0,88
PFG_MOEA,551,4,389.39,5146.42,0 182 172 38 0,
PFG_MOEA,551,5,389.39,5146.42,0 37 322 121 146 320 364 393 3 229 308 356 264 259 246 42 300 329 112 152 191 165 200 221 242 96 0,152 264 329
PFG_MOEA,551,6,389.39,5146.42,0 129 33 71 224 260 0,
PFG_MOEA,551,7,389.39,5146.42,0 399 247 255 1 262 250 28 345 377 395 400 394 188 301 372 21 167 291 139 149 157 63 316 387 17 43 73 254 327 183 354 69 215 85 93 179 232 225 97 148 48 238 330 192 31 304 0,395
PFG_MOEA,551,8,389.39,5146.42,0 16 15 168 203 369 380 391 271 39 268 272 30 66 166 205 208 6 204 154 305 326 283 65 297 62 241 110 140 286 317 333 180 220 158 189 64 20 126 124 7 56 217 55 25 367 170 361 209 398 227 234 213 190 251 175 99 315 346 265 390 18 103 155 83 378 54 46 287 10 383 382 41 0,7 16 20 103 272
PFG_MOEA,551,9,389.39,5146.42,0 82 178 117 243 368 376 258 353 153 171 87 278 210 143 237 256 274 49 100 282 310 104 102 277 275 194 323 363 352 101 198 95 222 138 122 276 336 252 236 128 23 381 90 119 2 12 0,
PFG_MOEA,551,10,389.39,5146.42,0 344 349 351 280 309 5 79 160 50 60 257 270 379 195 45 348 75 328 248 290 343 187 0,
PFG_MOEA,551,11,389.39,5146.42,0 214 295 40 32 239 370 342 144 176 150 47 9 125 216 89 61 207 307 313 359 206 253 365 360 335 0,176
PFG_MOEA,551,12,389.39,5146.42,0 338 202 306 196 296 347 332 324 147 211 244 223 0,
PFG_MOEA,552,1,413.96,4915.5,0 187 206 253 365 359 313 307 207 61 12 89 2 119 128 236 252 336 138 163 222 95 198 351 280 237 256 274 49 100 102 277 275 194 323 363 352 101 53 293 133 331 285 392 122 239 276 32 40 295 23 381 90 113 81 29 76 116 111 384 337 358 181 177 288 385 240 396 245 115 22 118 185 214 0,245 381
PFG_MOEA,552,2,413.96,4915.5,0 281 84 131 325 355 114 389 186 134 341 298 26 334 0,
PFG_MOEA,552,3,413.96,4915.5,0 371 219 105 162 159 74 279 91 24 212 375 284 14 184 318 70 292 263 8 373 169 108 72 52 130 44 386 362 201 312 67 164 107 302 173 106 261 388 197 218 151 77 273 136 137 59 0,
PFG_MOEA,552,4,413.96,4915.5,0 57 127 109 226 0,
PFG_MOEA,552,5,413.96,4915.5,0 19 0,
PFG_MOEA,552,6,413.96,4915.5,0 38 303 357 266 141 86 199 228 267 366 289 231 34 58 68 161 235 35 249 88 135 233 319 182 172 13 80 0,88
PFG_MOEA,552,7,413.96,4915.5,0 399 397 36 11 92 156 94 230 374 350 311 4 314 193 340 299 321 269 120 142 37 51 123 145 132 339 322 121 146 294 174 320 364 393 3 229 308 356 264 259 246 42 300 329 112 191 165 200 221 242 96 0,11 340 374 393
PFG_MOEA,552,8,413.96,4915.5,0 152 247 255 1 262 250 28 345 377 395 400 394 188 301 372 21 167 291 139 149 157 63 316 387 327 17 43 85 215 73 254 183 354 69 265 346 315 99 175 251 190 390 18 103 155 83 378 213 234 227 398 93 0,1 152 175 227
PFG_MOEA,552,9,413.96,4915.5,0 304 31 48 192 330 238 129 148 260 391 271 39 268 272 30 66 166 205 208 6 204 154 305 326 283 65 297 62 241 110 140 286 317 333 180 220 158 189 64 20 126 124 7 56 217 55 25 367 170 361 209 71 33 97 225 232 179 224 0,55 391
PFG_MOEA,552,10,413.96,4915.5,0 287 10 383 382 0,
PFG_MOEA,552,11,413.96,4915.5,0 16 15 168 203 369 380 82 178 117 243 349 344 54 46 41 0,
PFG_MOEA,552,12,413.96,4915.5,0 335 360 216 150 9 47 125 309 5 343 290 368 376 258 248 328 75 171 87 278 153 353 348 45 210 195 379 270 257 60 50 160 79 143 282 310 104 223 244 211 324 147 332 347 296 196 78 98 27 176 144 342 370 306 202 338 0,
PFG_MOEA,553,1,320.55,5348.04,0 80 13 172 182 397 36 11 92 233 135 88 249 35 235 161 68 58 34 231 289 319 399 0,
PFG_MOEA,553,2,320.55,5348.04,0 374 230 94 156 311 350 4 314 193 340 299 321 269 120 142 132 339 174 320 364 308 229 3 393 294 146 121 322 123 145 51 37 0,393
PFG_MOEA,553,3,320.55,5348.04,0 96 242 221 200 165 112 329 300 191 152 247 255 1 262 42 250 28 246 259 264 356 345 377 395 400 394 188 301 372 21 167 291 139 149 157 63 316 387 327 17 43 85 215 73 254 183 354 69 265 346 315 99 175 251 190 0,215
PFG_MOEA,553,4,320.55,5348.04,0 304 31 192 330 238 129 398 227 234 213 18 390 286 140 110 241 93 260 148 48 0,
PFG_MOEA,553,5,320.55,5348.04,0 317 333 0,
PFG_MOEA,553,6,320.55,5348.04,0 33 71 209 361 170 367 25 55 217 56 7 180 220 158 189 64 20 126 124 224 10 383 382 16 203 168 15 0,25
PFG_MOEA,553,7,320.55,5348.04,0 380 369 335 360 216 150 9 47 125 309 5 195 379 270 210 45 348 353 153 278 87 171 75 328 248 258 376 368 290 343 54 46 344 349 243 117 178 82 41 0,
PFG_MOEA,553,8,320.55,5348.04,0 338 202 306 370 342 144 176 27 98 78 196 296 347 332 147 324 211 244 223 104 310 282 143 79 160 50 60 257 6 204 154 305 326 283 62 297 65 208 205 166 66 30 272 268 0,66
PFG_MOEA,553,9,320.55,5348.04,0 187 206 253 365 359 313 307 207 61 12 89 2 119 128 236 252 336 138 163 222 95 198 351 256 237 280 391 271 39 378 83 155 103 232 179 287 225 97 0,138 307
PFG_MOEA,553,10,320.55,5348.04,0 22 389 114 84 131 325 355 29 81 113 76 116 111 384 337 358 181 177 288 385 240 396 245 115 392 285 331 133 293 53 101 352 363 323 194 275 277 102 100 49 274 122 239 276 32 40 295 23 381 90 214 185 281 118 0,323 331
PFG_MOEA,553,11,320.55,5348.04,0 334 298 26 105 186 134 341 219 371 24 212 375 14 184 318 70 292 263 8 373 169 284 74 279 91 159 162 0,134
PFG_MOEA,553,12,320.55,5348.04,0 38 19 226 57 127 109 59 137 136 273 77 151 218 197 388 261 106 173 302 107 164 67 312 201 362 366 267 228 386 44 130 52 72 108 303 357 266 141 86 199 0,106 386
PFG_MOEA,554,1,759.34,4800.0,0 219 341 105 389 114 84 131 355 325 29 81 113 76 116 111 384 337 358 181 177 288 385 240 396 245 115 392 285 331 133 293 53 163 150 9 125 47 216 89 61 206 253 365 0,245
PFG_MOEA,554,2,759.34,4800.0,0 22 134 186 162 159 279 74 284 184 318 70 292 263 8 373 169 108 14 375 212 24 91 0,318
PFG_MOEA,554,3,759.34,4800.0,0 304 31 48 148 260 224 71 33 129 238 330 192 200 165 112 191 152 127 57 109 59 137 273 136 247 17 43 85 215 73 254 69 354 183 327 387 157 149 188 394 316 63 262 1 255 250 28 42 400 395 377 345 356 264 259 246 308 229 197 218 151 77 107 164 67 302 388 3 106 173 261 320 364 393 312 201 362 329 300 123 51 145 322 121 146 294 174 339 132 120 142 37 269 321 299 340 233 135 88 249 35 161 235 68 58 34 386 231 289 366 267 228 44 130 52 72 303 357 319 266 141 86 92 199 156 94 230 311 374 11 36 397 350 4 314 193 182 172 13 19 226 221 242 96 80 38 0,33 106 174 200 303 311 394
PFG_MOEA,554,4,759.34,4800.0,0 378 83 155 103 18 190 251 175 99 315 346 372 301 167 21 139 291 265 390 234 0,
PFG_MOEA,554,5,759.34,4800.0,0 179 391 271 39 30 272 268 46 54 93 398 227 213 232 0,391
PFG_MOEA,554,6,759.34,4800.0,0 225 0,
PFG_MOEA,554,7,759.34,4800.0,0 97 209 361 170 367 0,
PFG_MOEA,554,8,759.34,4800.0,0 399 15 168 203 338 202 306 370 342 144 176 27 98 78 196 369 380 16 41 82 178 117 243 344 349 66 343 290 368 376 258 248 328 75 348 353 45 210 278 153 171 87 6 208 205 166 158 189 220 241 62 297 65 283 204 154 305 326 110 140 180 333 317 286 25 55 217 56 7 124 126 20 64 287 10 383 382 0,62 66 205 220 342
PFG_MOEA,554,9,759.34,4800.0,0 2 119 128 295 40 32 276 239 122 296 332 347 138 336 222 95 101 194 147 324 275 323 363 352 277 102 223 244 211 104 310 100 282 143 79 160 50 60 257 270 379 195 5 309 280 351 237 256 274 49 198 252 236 0,
PFG_MOEA,554,10,759.34,4800.0,0 381 23 90 12 207 307 0,
PFG_MOEA,554,11,759.34,4800.0,0 335 187 359 313 360 214 0,
PFG_MOEA,554,12,759.34,4800.0,0 185 118 281 26 334 298 371 0,
PFG_MOEA,555,1,314.81,5596.11,0 12 90 128 236 252 336 276 138 222 198 49 274 256 237 351 280 309 5 290 343 313 207 0,222
PFG_MOEA,555,2,314.81,5596.11,0 91 292 263 8 373 169 108 14 375 212 24 371 219 341 298 334 26 281 118 185 214 295 40 32 239 122 95 101 352 363 323 194 275 277 102 100 23 381 119 2 307 359 187 148 48 31 304 0,23
PFG_MOEA,555,3,314.81,5596.11,0 260 224 71 33 127 152 191 112 165 200 129 238 330 192 0,33
PFG_MOEA,555,4,314.81,5596.11,0 57 67 302 173 106 3 388 164 107 77 151 218 197 229 308 246 259 264 356 345 377 395 400 42 28 250 255 1 262 63 316 394 188 149 157 387 327 183 354 69 254 73 215 85 43 17 247 136 273 137 59 109 0,
PFG_MOEA,555,5,314.81,5596.11,0 329 300 362 123 51 145 322 121 146 201 261 320 364 393 312 294 174 339 132 206 253 365 360 335 0,362 393
PFG_MOEA,555,6,314.81,5596.11,0 61 358 181 177 288 385 240 396 245 115 392 285 331 133 293 53 163 150 9 125 47 216 89 0,
PFG_MOEA,555,7,314.81,5596.11,0 80 13 19 226 35 161 235 58 34 386 231 289 366 267 228 44 130 52 72 318 70 184 284 74 279 159 162 389 114 355 325 384 337 111 116 76 113 81 29 131 84 105 186 134 22 0,
PFG_MOEA,555,8,314.81,5596.11,0 38 96 242 221 172 182 397 350 311 4 314 193 230 94 156 374 36 11 92 319 357 303 266 141 86 199 68 135 88 249 233 340 299 321 269 120 142 37 301 21 139 291 167 372 346 315 99 175 251 0,182
PFG_MOEA,555,9,314.81,5596.11,0 97 225 232 179 391 271 158 241 62 297 65 283 204 154 305 326 110 140 286 317 333 180 220 126 124 7 56 217 55 25 367 170 361 209 227 234 213 190 390 265 18 103 155 83 378 398 93 54 46 268 272 30 39 0,65 154
PFG_MOEA,555,10,314.81,5596.11,0 399 15 16 380 41 82 178 117 243 344 349 20 189 64 166 205 208 6 87 171 153 278 210 353 258 376 368 66 287 10 383 382 0,243
PFG_MOEA,555,11,314.81,5596.11,0 369 338 203 168 0,
PFG_MOEA,555,12,314.81,5596.11,0 202 306 370 342 144 176 27 98 78 196 296 347 332 324 147 211 244 223 104 310 282 143 79 160 50 60 257 270 379 195 45 348 75 328 248 0,370
PFG_MOEA,556,1,411.21,4974.5,0 12 90 381 23 32 276 239 336 138 222 198 49 274 256 237 351 280 252 236 128 119 2 0,23
PFG_MOEA,556,2,411.21,4974.5,0 22 118 185 214 295 40 122 392 285 331 133 293 53 101 352 363 323 194 275 277 102 100 95 163 61 89 207 307 313 359 365 253 206 187 0,22 100
PFG_MOEA,556,3,411.21,4974.5,0 115 0,
PFG_MOEA,556,4,411.21,4974.5,0 245 396 240 385 288 177 181 358 337 384 111 116 76 113 81 29 325 355 0,
PFG_MOEA,556,5,411.21,4974.5,0 281 26 334 298 341 134 186 131 84 114 389 105 219 371 162 159 74 279 91 24 212 375 284 14 184 318 70 292 263 8 373 169 108 72 52 130 44 386 362 201 312 67 164 107 302 173 106 261 388 197 218 151 77 273 136 137 59 109 127 57 226 19 13 80 0,77 106 284
PFG_MOEA,556,6,411.21,4974.5,0 38 172 182 319 303 357 266 141 86 199 228 267 366 289 231 34 58 68 161 235 35 249 88 135 233 156 94 230 374 92 11 36 397 350 311 4 314 193 340 299 321 269 120 142 37 51 123 145 132 339 322 121 146 294 174 320 364 393 3 229 308 356 264 259 246 42 300 329 112 221 242 96 0,51 174 229 246 299
PFG_MOEA,556,7,411.21,4974.5,0 399 200 165 191 152 247 255 1 262 250 28 345 377 395 400 394 188 301 372 21 167 291 139 149 157 63 316 387 327 17 43 85 215 73 254 183 354 69 265 346 315 99 175 251 190 390 18 103 155 83 378 213 234 227 398 93 224 179 232 225 97 71 33 260 148 238 129 330 192 48 31 304 0,93
PFG_MOEA,556,8,411.21,4974.5,0 382 383 10 391 271 39 46 54 268 272 30 66 166 205 208 6 204 154 305 326 283 65 297 62 241 110 140 286 317 333 180 220 158 189 64 20 126 124 7 56 217 55 25 367 170 361 209 287 0,55 62 66 220
PFG_MOEA,556,9,411.21,4974.5,0 380 0,
PFG_MOEA,556,10,411.21,4974.5,0 16 369 15 0,
PFG_MOEA,556,11,411.21,4974.5,0 168 203 178 82 41 0,178
PFG_MOEA,556,12,411.21,4974.5,0 335 360 338 202 306 370 342 144 176 27 98 78 196 296 347 332 216 47 125 9 150 147 324 211 244 223 104 310 282 143 309 5 195 379 79 160 50 60 270 257 210 45 153 278 87 171 353 348 75 328 248 258 376 368 290 343 349 344 243 117 0,
PFG_MOEA,557,1,312.55,5795.78,0 336 138 239 122 296 347 332 324 275 277 104 211 244 223 102 352 363 323 194 147 101 95 222 0,122 211 222 277
PFG_MOEA,557,2,312.55,5795.78,0 335 360 207 307 313 359 187 100 310 282 143 79 160 50 60 257 270 379 195 5 309 280 351 237 256 274 49 198 252 236 381 23 90 12 214 185 118 281 26 334 298 371 72 52 130 44 386 80 0,5 307
PFG_MOEA,557,3,312.55,5795.78,0 13 19 226 57 127 109 59 137 136 273 77 151 218 197 388 261 106 173 302 107 164 67 312 201 362 123 51 145 294 174 339 132 142 120 269 321 299 0,174
PFG_MOEA,557,4,312.55,5795.78,0 340 233 135 88 249 35 235 161 68 58 34 231 289 366 267 228 141 266 303 357 319 86 199 156 94 0,303
PFG_MOEA,557,5,312.55,5795.78,0 38 172 182 397 36 11 92 374 230 311 350 4 314 193 37 322 121 146 320 364 393 3 229 308 356 264 259 246 42 300 329 112 191 152 221 242 96 0,42 264
PFG_MOEA,557,6,312.55,5795.78,0 200 165 129 0,
PFG_MOEA,557,7,312.55,5795.78,0 304 330 395 400 394 188 301 372 21 167 291 139 149 157 63 316 387 17 43 33 71 224 260 0,
PFG_MOEA,557,8,312.55,5795.78,0 399 247 28 250 345 377 262 1 255 327 254 73 215 85 93 179 232 225 97 148 238 192 48 31 0,93
PFG_MOEA,557,9,312.55,5795.78,0 378 69 183 354 265 346 315 99 175 251 190 390 18 103 155 83 234 213 227 398 209 361 170 367 25 55 217 56 7 180 333 317 286 140 110 62 297 65 283 326 305 154 204 6 208 241 220 158 189 64 20 126 124 0,175
PFG_MOEA,557,10,312.55,5795.78,0 287 382 383 10 268 272 30 66 166 205 271 39 391 53 293 133 331 285 392 115 245 396 240 385 288 177 181 358 337 384 111 116 76 113 81 29 325 355 131 84 114 389 105 341 219 0,
PFG_MOEA,557,11,312.55,5795.78,0 91 24 212 375 14 108 169 373 8 263 292 70 318 184 284 74 279 159 162 22 134 186 89 216 47 125 9 150 163 61 365 253 206 46 54 0,
PFG_MOEA,557,12,312.55,5795.78,0 41 82 178 117 243 344 349 343 290 368 376 258 248 328 75 171 87 153 278 210 45 353 348 2 119 128 295 40 32 276 196 78 98 27 176 144 342 370 306 202 338 203 168 369 380 16 15 0,16 87 203
PFG_MOEA,558,1,389.39,5146.42,0 163 78 53 293 133 331 285 392 98 115 245 27 396 240 385 288 177 181 358 337 384 111 116 76 113 81 29 325 355 131 84 114 389 91 279 74 159 162 371 219 298 341 22 134 186 105 118 185 0,
PFG_MOEA,558,2,389.39,5146.42,0 281 26 334 24 212 375 284 14 184 318 70 292 263 8 373 169 108 72 52 130 44 386 51 145 123 362 201 294 312 67 164 107 302 173 106 261 388 197 218 151 77 273 136 137 59 109 127 57 226 19 13 80 0,
PFG_MOEA,558,3,389.39,5146.42,0 142 339 174 132 120 269 321 299 340 233 135 88 249 35 235 161 68 58 34 231 289 366 267 228 141 266 303 357 319 86 199 156 94 230 374 92 11 36 397 350 311 4 314 193 0,88
PFG_MOEA,558,4,389.39,5146.42,0 182 172 38 0,
PFG_MOEA,558,5,389.39,5146.42,0 37 322 121 146 320 364 393 3 229 308 356 264 259 246 42 300 329 112 152 191 165 200 221 242 96 0,152 264 329
PFG_MOEA,558,6,389.39,5146.42,0 129 33 71 224 260 0,
PFG_MOEA,558,7,389.39,5146.42,0 399 247 255 1 262 250 28 345 377 395 400 394 188 301 372 21 167 291 139 149 157 63 316 387 17 43 73 254 327 183 354 69 215 85 93 179 232 225 97 148 48 238 330 192 31 304 0,395
PFG_MOEA,558,8,389.39,5146.42,0 16 15 168 203 369 380 391 271 39 268 272 30 66 166 205 208 6 204 154 305 326 283 65 297 62 241 110 140 286 317 333 180 220 158 189 64 20 126 124 7 56 217 55 25 367 170 361 209 398 227 234 213 190 251 175 99 315 346 265 390 18 103 155 83 378 54 46 287 10 383 382 41 0,7 16 20 103 272
PFG_MOEA,558,9,389.39,5146.42,0 82 178 117 243 368 376 258 353 153 171 87 278 210 143 237 256 274 49 100 282 310 104 102 277 275 194 323 363 352 101 198 95 222 138 122 276 336 252 236 128 23 381 90 119 2 12 0,
PFG_MOEA,558,10,389.39,5146.42,0 344 349 351 280 309 5 79 160 50 60 257 270 379 195 45 348 75 328 248 290 343 187 0,
PFG_MOEA,558,11,389.39,5146.42,0 214 295 40 32 239 370 342 144 176 150 47 9 125 216 89 61 207 307 313 359 206 253 365 360 335 0,176
PFG_MOEA,558,12,389.39,5146.42,0 338 202 306 196 296 347 332 324 147 211 244 223 0,
PFG_MOEA,559,1,413.96,4915.5,0 187 206 253 365 359 313 307 207 61 12 89 2 119 128 236 252 336 138 163 222 95 198 351 280 237 256 274 49 100 102 277 275 194 323 363 352 101 53 293 133 331 285 392 122 239 276 32 40 295 23 381 90 113 81 29 76 116 111 384 337 358 181 177 288 385 240 396 245 115 22 118 185 214 0,245 381
PFG_MOEA,559,2,413.96,4915.5,0 281 84 131 325 355 114 389 186 134 341 298 26 334 0,
PFG_MOEA,559,3,413.96,4915.5,0 371 219 105 162 159 74 279 91 24 212 375 284 14 184 318 70 292 263 8 373 169 108 72 52 130 44 386 362 201 312 67 164 107 302 173 106 261 388 197 218 151 77 273 136 137 59 0,
PFG_MOEA,559,4,413.96,4915.5,0 57 127 109 226 0,
PFG_MOEA,559,5,413.96,4915.5,0 19 0,
PFG_MOEA,559,6,413.96,4915.5,0 38 303 357 266 141 86 199 228 267 366 289 231 34 58 68 161 235 35 249 88 135 233 319 182 172 13 80 0,88
PFG_MOEA,559,7,413.96,4915.5,0 399 397 36 11 92 156 94 230 374 350 311 4 314 193 340 299 321 269 120 142 37 51 123 145 132 339 322 121 146 294 174 320 364 393 3 229 308 356 264 259 246 42 300 329 112 191 165 200 221 242 96 0,11 340 374 393
PFG_MOEA,559,8,413.96,4915.5,0 152 247 255 1 262 250 28 345 377 395 400 394 188 301 372 21 167 291 139 149 157 63 316 387 327 17 43 85 215 73 254 183 354 69 265 346 315 99 175 251 190 390 18 103 155 83 378 213 234 227 398 93 0,1 152 175 227
PFG_MOEA,559,9,413.96,4915.5,0 304 31 48 192 330 238 129 148 260 391 271 39 268 272 30 66 166 205 208 6 204 154 305 326 283 65 297 62 241 110 140 286 317 333 180 220 158 189 64 20 126 124 7 56 217 55 25 367 170 361 209 71 33 97 225 232 179 224 0,55 391
PFG_MOEA,559,10,413.96,4915.5,0 287 10 383 382 0,
PFG_MOEA,559,11,413.96,4915.5,0 16 15 168 203 369 380 82 178 117 243 349 344 54 46 41 0,
PFG_MOEA,559,12,413.96,4915.5,0 335 360 216 150 9 47 125 309 5 343 290 368 376 258 248 328 75 171 87 278 153 353 348 45 210 195 379 270 257 60 50 160 79 143 282 310 104 223 244 211 324 147 332 347 296 196 78 98 27 176 144 342 370 306 202 338 0,
PFG_MOEA,560,1,320.55,5348.04,0 80 13 172 182 397 36 11 92 233 135 88 249 35 235 161 68 58 34 231 289 319 399 0,
PFG_MOEA,560,2,320.55,5348.04,0 374 230 94 156 311 350 4 314 193 340 299 321 269 120 142 132 339 174 320 364 308 229 3 393 294 146 121 322 123 145 51 37 0,393
PFG_MOEA,560,3,320.55,5348.04,0 96 242 221 200 165 112 329 300 191 152 247 255 1 262 42 250 28 246 259 264 356 345 377 395 400 394 188 301 372 21 167 291 139 149 157 63 316 387 327 17 43 85 215 73 254 183 354 69 265 346 315 99 175 251 190 0,215
PFG_MOEA,560,4,320.55,5348.04,0 304 31 192 330 238 129 398 227 234 213 18 390 286 140 110 241 93 260 148 48 0,
PFG_MOEA,560,5,320.55,5348.04,0 317 333 0,
PFG_MOEA,560,6,320.55,5348.04,0 33 71 209 361 170 367 25 55 217 56 7 180 220 158 189 64 20 126 124 224 10 383 382 16 203 168 15 0,25
PFG_MOEA,560,7,320.55,5348.04,0 380 369 335 360 216 150 9 47 125 309 5 195 379 270 210 45 348 353 153 278 87 171 75 328 248 258 376 368 290 343 54 46 344 349 243 117 178 82 41 0,
PFG_MOEA,560,8,320.55,5348.04,0 338 202 306 370 342 144 176 27 98 78 196 296 347 332 147 324 211 244 223 104 310 282 143 79 160 50 60 257 6 204 154 305 326 283 62 297 65 208 205 166 66 30 272 268 0,66
PFG_MOEA,560,9,320.55,5348.04,0 187 206 253 365 359 313 307 207 61 12 89 2 119 128 236 252 336 138 163 222 95 198 351 256 237 280 391 271 39 378 83 155 103 232 179 287 225 97 0,138 307
PFG_MOEA,560,10,320.55,5348.04,0 22 389 114 84 131 325 355 29 81 113 76 116 111 384 337 358 181 177 288 385 240 396 245 115 392 285 331 133 293 53 101 352 363 323 194 275 277 102 100 49 274 122 239 276 32 40 295 23 381 90 214 185 281 118 0,323 331
PFG_MOEA,560,11,320.55,5348.04,0 334 298 26 105 186 134 341 219 371 24 212 375 14 184 318 70 292 263 8 373 169 284 74 279 91 159 162 0,134
PFG_MOEA,560,12,320.55,5348.04,0 38 19 226 57 127 109 59 137 136 273 77 151 218 197 388 261 106 173 302 107 164 67 312 201 362 366 267 228 386 44 130 52 72 108 303 357 266 141 86 199 0,106 386
PFG_MOEA,561,1,759.34,4800.0,0 219 341 105 389 114 84 131 355 325 29 81 113 76 116 111 384 337 358 181 177 288 385 240 396 245 115 392 285 331 133 293 53 163 150 9 125 47 216 89 61 206 253 365 0,245
PFG_MOEA,561,2,759.34,4800.0,0 22 134 186 162 159 279 74 284 184 318 70 292 263 8 373 169 108 14 375 212 24 91 0,318
PFG_MOEA,561,3,759.34,4800.0,0 304 31 48 148 260 224 71 33 129 238 330 192 200 165 112 191 152 127 57 109 59 137 273 136 247 17 43 85 215 73 254 69 354 183 327 387 157 149 188 394 316 63 262 1 255 250 28 42 400 395 377 345 356 264 259 246 308 229 197 218 151 77 107 164 67 302 388 3 106 173 261 320 364 393 312 201 362 329 300 123 51 145 322 121 146 294 174 339 132 120 142 37 269 321 299 340 233 135 88 249 35 161 235 68 58 34 386 231 289 366 267 228 44 130 52 72 303 357 319 266 141 86 92 199 156 94 230 311 374 11 36 397 350 4 314 193 182 172 13 19 226 221 242 96 80 38 0,33 106 174 200 303 311 394
PFG_MOEA,561,4,759.34,4800.0,0 378 83 155 103 18 190 251 175 99 315 346 372 301 167 21 139 291 265 390 234 0,
PFG_MOEA,561,5,759.34,4800.0,0 179 391 271 39 30 272 268 46 54 93 398 227 213 232 0,391
PFG_MOEA,561,6,759.34,4800.0,0 225 0,
PFG_MOEA,561,7,759.34,4800.0,0 97 209 361 170 367 0,
PFG_MOEA,561,8,759.34,4800.0,0 399 15 168 203 338 202 306 370 342 144 176 27 98 78 196 369 380 16 41 82 178 117 243 344 349 66 343 290 368 376 258 248 328 75 348 353 45 210 278 153 171 87 6 208 205 166 158 189 220 241 62 297 65 283 204 154 305 326 110 140 180 333 317 286 25 55 217 56 7 124 126 20 64 287 10 383 382 0,62 66 205 220 342
PFG_MOEA,561,9,759.34,4800.0,0 2 119 128 295 40 32 276 239 122 296 332 347 138 336 222 95 101 194 147 324 275 323 363 352 277 102 223 244 211 104 310 100 282 143 79 160 50 60 257 270 379 195 5 309 280 351 237 256 274 49 198 252 236 0,
PFG_MOEA,561,10,759.34,4800.0,0 381 23 90 12 207 307 0,
PFG_MOEA,561,11,759.34,4800.0,0 335 187 359 313 360 214 0,
PFG_MOEA,561,12,759.34,4800.0,0 185 118 281 26 334 298 371 0,
PFG_MOEA,562,1,314.81,5596.11,0 12 90 128 236 252 336 276 138 222 198 49 274 256 237 351 280 309 5 290 343 313 207 0,222
PFG_MOEA,562,2,314.81,5596.11,0 91 292 263 8 373 169 108 14 375 212 24 371 219 341 298 334 26 281 118 185 214 295 40 32 239 122 95 101 352 363 323 194 275 277 102 100 23 381 119 2 307 359 187 148 48 31 304 0,23
PFG_MOEA,562,3,314.81,5596.11,0 260 224 71 33 127 152 191 112 165 200 129 238 330 192 0,33
PFG_MOEA,562,4,314.81,5596.11,0 57 67 302 173 106 3 388 164 107 77 151 218 197 229 308 246 259 264 356 345 377 395 400 42 28 250 255 1 262 63 316 394 188 149 157 387 327 183 354 69 254 73 215 85 43 17 247 136 273 137 59 109 0,
PFG_MOEA,562,5,314.81,5596.11,0 329 300 362 123 51 145 322 121 146 201 261 320 364 393 312 294 174 339 132 206 253 365 360 335 0,362 393
PFG_MOEA,562,6,314.81,5596.11,0 61 358 181 177 288 385 240 396 245 115 392 285 331 133 293 53 163 150 9 125 47 216 89 0,
PFG_MOEA,562,7,314.81,5596.11,0 80 13 19 226 35 161 235 58 34 386 231 289 366 267 228 44 130 52 72 318 70 184 284 74 279 159 162 389 114 355 325 384 337 111 116 76 113 81 29 131 84 105 186 134 22 0,
PFG_MOEA,562,8,314.81,5596.11,0 38 96 242 221 172 182 397 350 311 4 314 193 230 94 156 374 36 11 92 319 357 303 266 141 86 199 68 135 88 249 233 340 299 321 269 120 142 37 301 21 139 291 167 372 346 315 99 175 251 0,182
PFG_MOEA,562,9,314.81,5596.11,0 97 225 232 179 391 271 158 241 62 297 65 283 204 154 305 326 110 140 286 317 333 180 220 126 124 7 56 217 55 25 367 170 361 209 227 234 213 190 390 265 18 103 155 83 378 398 93 54 46 268 272 30 39 0,65 154
PFG_MOEA,562,10,314.81,5596.11,0 399 15 16 380 41 82 178 117 243 344 349 20 189 64 166 205 208 6 87 171 153 278 210 353 258 376 368 66 287 10 383 382 0,243
PFG_MOEA,562,11,314.81,5596.11,0 369 338 203 168 0,
PFG_MOEA,562,12,314.81,5596.11,0 202 306 370 342 144 176 27 98 78 196 296 347 332 324 147 211 244 223 104 310 282 143 79 160 50 60 257 270 379 195 45 348 75 328 248 0,370
PFG_MOEA,563,1,411.21,4974.5,0 12 90 381 23 32 276 239 336 138 222 198 49 274 256 237 351 280 252 236 128 119 2 0,23
PFG_MOEA,563,2,411.21,4974.5,0 22 118 185 214 295 40 122 392 285 331 133 293 53 101 352 363 323 194 275 277 102 100 95 163 61 89 207 307 313 359 365 253 206 187 0,22 100
PFG_MOEA,563,3,411.21,4974.5,0 115 0,
PFG_MOEA,563,4,411.21,4974.5,0 245 396 240 385 288 177 181 358 337 384 111 116 76 113 81 29 325 355 0,
PFG_MOEA,563,5,411.21,4974.5,0 281 26 334 298 341 134 186 131 84 114 389 105 219 371 162 159 74 279 91 24 212 375 284 14 184 318 70 292 263 8 373 169 108 72 52 130 44 386 362 201 312 67 164 107 302 173 106 261 388 197 218 151 77 273 136 137 59 109 127 57 226 19 13 80 0,77 106 284
PFG_MOEA,563,6,411.21,4974.5,0 38 172 182 319 303 357 266 141 86 199 228 267 366 289 231 34 58 68 161 235 35 249 88 135 233 156 94 230 374 92 11 36 397 350 311 4 314 193 340 299 321 269 120 142 37 51 123 145 132 339 322 121 146 294 174 320 364 393 3 229 308 356 264 259 246 42 300 329 112 221 242 96 0,51 174 229 246 299
PFG_MOEA,563,7,411.21,4974.5,0 399 200 165 191 152 247 255 1 262 250 28 345 377 395 400 394 188 301 372 21 167 291 139 149 157 63 316 387 327 17 43 85 215 73 254 183 354 69 265 346 315 99 175 251 190 390 18 103 155 83 378 213 234 227 398 93 224 179 232 225 97 71 33 260 148 238 129 330 192 48 31 304 0,93
PFG_MOEA,563,8,411.21,4974.5,0 382 383 10 391 271 39 46 54 268 272 30 66 166 205 208 6 204 154 305 326 283 65 297 62 241 110 140 286 317 333 180 220 158 189 64 20 126 124 7 56 217 55 25 367 170 361 209 287 0,55 62 66 220
PFG_MOEA,563,9,411.21,4974.5,0 380 0,
PFG_MOEA,563,10,411.21,4974.5,0 16 369 15 0,
PFG_MOEA,563,11,411.21,4974.5,0 168 203 178 82 41 0,178
PFG_MOEA,563,12,411.21,4974.5,0 335 360 338 202 306 370 342 144 176 27 98 78 196 296 347 332 216 47 125 9 150 147 324 211 244 223 104 310 282 143 309 5 195 379 79 160 50 60 270 257 210 45 153 278 87 171 353 348 75 328 248 258 376 368 290 343 349 344 243 117 0,
PFG_MOEA,564,1,312.55,5795.78,0 336 138 239 122 296 347 332 324 275 277 104 211 244 223 102 352 363 323 194 147 101 95 222 0,122 211 222 277
PFG_MOEA,564,2,312.55,5795.78,0 335 360 207 307 313 359 187 100 310 282 143 79 160 50 60 257 270 379 195 5 309 280 351 237 256 274 49 198 252 236 381 23 90 12 214 185 118 281 26 334 298 371 72 52 130 44 386 80 0,5 307
PFG_MOEA,564,3,312.55,5795.78,0 13 19 226 57 127 109 59 137 136 273 77 151 218 197 388 261 106 173 302 107 164 67 312 201 362 123 51 145 294 174 339 132 142 120 269 321 299 0,174
PFG_MOEA,564,4,312.55,5795.78,0 340 233 135 88 249 35 235 161 68 58 34 231 289 366 267 228 141 266 303 357 319 86 199 156 94 0,303
PFG_MOEA,564,5,312.55,5795.78,0 38 172 182 397 36 11 92 374 230 311 350 4 314 193 37 322 121 146 320 364 393 3 229 308 356 264 259 246 42 300 329 112 191 152 221 242 96 0,42 264
PFG_MOEA,564,6,312.55,5795.78,0 200 165 129 0,
PFG_MOEA,564,7,312.55,5795.78,0 304 330 395 400 394 188 301 372 21 167 291 139 149 157 63 316 387 17 43 33 71 224 260 0,
PFG_MOEA,564,8,312.55,5795.78,0 399 247 28 250 345 377 262 1 255 327 254 73 215 85 93 179 232 225 97 148 238 192 48 31 0,93
PFG_MOEA,564,9,312.55,5795.78,0 378 69 183 354 265 346 315 99 175 251 190 390 18 103 155 83 234 213 227 398 209 361 170 367 25 55 217 56 7 180 333 317 286 140 110 62 297 65 283 326 305 154 204 6 208 241 220 158 189 64 20 126 124 0,175
PFG_MOEA,564,10,312.55,5795.78,0 287 382 383 10 268 272 30 66 166 205 271 39 391 53 293 133 331 285 392 115 245 396 240 385 288 177 181 358 337 384 111 116 76 113 81 29 325 355 131 84 114 389 105 341 219 0,
PFG_MOEA,564,11,312.55,5795.78,0 91 24 212 375 14 108 169 373 8 263 292 70 318 184 284 74 279 159 162 22 134 186 89 216 47 125 9 150 163 61 365 253 206 46 54 0,
PFG_MOEA,564,12,312.55,5795.78,0 41 82 178 117 243 344 349 343 290 368 376 258 248 328 75 171 87 153 278 210 45 353 348 2 119 128 295 40 32 276 196 78 98 27 176 144 342 370 306 202 338 203 168 369 380 16 15 0,16 87 203
PFG_MOEA,565,1,389.39,5146.42,0 163 78 53 293 133 331 285 392 98 115 245 27 396 240 385 288 177 181 358 337 384 111 116 76 113 81 29 325 355 131 84 114 389 91 279 74 159 162 371 219 298 341 22 134 186 105 118 185 0,
PFG_MOEA,565,2,389.39,5146.42,0 281 26 334 24 212 375 284 14 184 318 70 292 263 8 373 169 108 72 52 130 44 386 51 145 123 362 201 294 312 67 164 107 302 173 106 261 388 197 218 151 77 273 136 137 59 109 127 57 226 19 13 80 0,
PFG_MOEA,565,3,389.39,5146.42,0 142 339 174 132 120 269 321 299 340 233 135 88 249 35 235 161 68 58 34 231 289 366 267 228 141 266 303 357 319 86 199 156 94 230 374 92 11 36 397 350 311 4 314 193 0,88
PFG_MOEA,565,4,389.39,5146.42,0 182 172 38 0,
PFG_MOEA,565,5,389.39,5146.42,0 37 322 121 146 320 364 393 3 229 308 356 264 259 246 42 300 329 112 152 191 165 200 221 242 96 0,152 264 329
PFG_MOEA,565,6,389.39,5146.42,0 129 33 71 224 260 0,
PFG_MOEA,565,7,389.39,5146.42,0 399 247 255 1 262 250 28 345 377 395 400 394 188 301 372 21 167 291 139 149 157 63 316 387 17 43 73 254 327 183 354 69 215 85 93 179 232 225 97 148 48 238 330 192 31 304 0,395
PFG_MOEA,565,8,389.39,5146.42,0 16 15 168 203 369 380 391 271 39 268 272 30 66 166 205 208 6 204 154 305 326 283 65 297 62 241 110 140 286 317 333 180 220 158 189 64 20 126 124 7 56 217 55 25 367 170 361 209 398 227 234 213 190 251 175 99 315 346 265 390 18 103 155 83 378 54 46 287 10 383 382 41 0,7 16 20 103 272
PFG_MOEA,565,9,389.39,5146.42,0 82 178 117 243 368 376 258 353 153 171 87 278 210 143 237 256 274 49 100 282 310 104 102 277 275 194 323 363 352 101 198 95 222 138 122 276 336 252 236 128 23 381 90 119 2 12 0,
PFG_MOEA,565,10,389.39,5146.42,0 344 349 351 280 309 5 79 160 50 60 257 270 379 195 45 348 75 328 248 290 343 187 0,
PFG_MOEA,565,11,389.39,5146.42,0 214 295 40 32 239 370 342 144 176 150 47 9 125 216 89 61 207 307 313 359 206 253 365 360 335 0,176
PFG_MOEA,565,12,389.39,5146.42,0 338 202 306 196 296 347 332 324 147 211 244 223 0,
PFG_MOEA,566,1,413.96,4915.5,0 187 206 253 365 359 313 307 207 61 12 89 2 119 128 236 252 336 138 163 222 95 198 351 280 237 256 274 49 100 102 277 275 194 323 363 352 101 53 293 133 331 285 392 122 239 276 32 40 295 23 381 90 113 81 29 76 116 111 384 337 358 181 177 288 385 240 396 245 115 22 118 185 214 0,245 381
PFG_MOEA,566,2,413.96,4915.5,0 281 84 131 325 355 114 389 186 134 341 298 26 334 0,
PFG_MOEA,566,3,413.96,4915.5,0 371 219 105 162 159 74 279 91 24 212 375 284 14 184 318 70 292 263 8 373 169 108 72 52 130 44 386 362 201 312 67 164 107 302 173 106 261 388 197 218 151 77 273 136 137 59 0,
PFG_MOEA,566,4,413.96,4915.5,0 57 127 109 226 0,
PFG_MOEA,566,5,413.96,4915.5,0 19 0,
PFG_MOEA,566,6,413.96,4915.5,0 38 303 357 266 141 86 199 228 267 366 289 231 34 58 68 161 235 35 249 88 135 233 319 182 172 13 80 0,88
PFG_MOEA,566,7,413.96,4915.5,0 399 397 36 11 92 156 94 230 374 350 311 4 314 193 340 299 321 269 120 142 37 51 123 145 132 339 322 121 146 294 174 320 364 393 3 229 308 356 264 259 246 42 300 329 112 191 165 200 221 242 96 0,11 340 374 393
PFG_MOEA,566,8,413.96,4915.5,0 152 247 255 1 262 250 28 345 377 395 400 394 188 301 372 21 167 291 139 149 157 63 316 387 327 17 43 85 215 73 254 183 354 69 265 346 315 99 175 251 190 390 18 103 155 83 378 213 234 227 398 93 0,1 152 175 227
PFG_MOEA,566,9,413.96,4915.5,0 304 31 48 192 330 238 129 148 260 391 271 39 268 272 30 66 166 205 208 6 204 154 305 326 283 65 297 62 241 110 140 286 317 333 180 220 158 189 64 20 126 124 7 56 217 55 25 367 170 361 209 71 33 97 225 232 179 224 0,55 391
PFG_MOEA,566,10,413.96,4915.5,0 287 10 383 382 0,
PFG_MOEA,566,11,413.96,4915.5,0 16 15 168 203 369 380 82 178 117 243 349 344 54 46 41 0,
PFG_MOEA,566,12,413.96,4915.5,0 335 360 216 150 9 47 125 309 5 343 290 368 376 258 248 328 75 171 87 278 153 353 348 45 210 195 379 270 257 60 50 160 79 143 282 310 104 223 244 211 324 147 332 347 296 196 78 98 27 176 144 342 370 306 202 338 0,
PFG_MOEA,567,1,320.55,5348.04,0 80 13 172 182 397 36 11 92 233 135 88 249 35 235 161 68 58 34 231 289 319 399 0,
PFG_MOEA,567,2,320.55,5348.04,0 374 230 94 156 311 350 4 314 193 340 299 321 269 120 142 132 339 174 320 364 308 229 3 393 294 146 121 322 123 145 51 37 0,393
PFG_MOEA,567,3,320.55,5348.04,0 96 242 221 200 165 112 329 300 191 152 247 255 1 262 42 250 28 246 259 264 356 345 377 395 400 394 188 301 372 21 167 291 139 149 157 63 316 387 327 17 43 85 215 73 254 183 354 69 265 346 315 99 175 251 190 0,215
PFG_MOEA,567,4,320.55,5348.04,0 304 31 192 330 238 129 398 227 234 213 18 390 286 140 110 241 93 260 148 48 0,
PFG_MOEA,567,5,320.55,5348.04,0 317 333 0,
PFG_MOEA,567,6,320.55,5348.04,0 33 71 209 361 170 367 25 55 217 56 7 180 220 158 189 64 20 126 124 224 10 383 382 16 203 168 15 0,25
PFG_MOEA,567,7,320.55,5348.04,0 380 369 335 360 216 150 9 47 125 309 5 195 379 270 210 45 348 353 153 278 87 171 75 328 248 258 376 368 290 343 54 46 344 349 243 117 178 82 41 0,
PFG_MOEA,567,8,320.55,5348.04,0 338 202 306 370 342 144 176 27 98 78 196 296 347 332 147 324 211 244 223 104 310 282 143 79 160 50 60 257 6 204 154 305 326 283 62 297 65 208 205 166 66 30 272 268 0,66
PFG_MOEA,567,9,320.55,5348.04,0 187 206 253 365 359 313 307 207 61 12 89 2 119 128 236 252 336 138 163 222 95 198 351 256 237 280 391 271 39 378 83 155 103 232 179 287 225 97 0,138 307
PFG_MOEA,567,10,320.55,5348.04,0 22 389 114 84 131 325 355 29 81 113 76 116 111 384 337 358 181 177 288 385 240 396 245 115 392 285 331 133 293 53 101 352 363 323 194 275 277 102 100 49 274 122 239 276 32 40 295 23 381 90 214 185 281 118 0,323 331
PFG_MOEA,567,11,320.55,5348.04,0 334 298 26 105 186 134 341 219 371 24 212 375 14 184 318 70 292 263 8 373 169 284 74 279 91 159 162 0,134
PFG_MOEA,567,12,320.55,5348.04,0 38 19 226 57 127 109 59 137 136 273 77 151 218 197 388 261 106 173 302 107 164 67 312 201 362 366 267 228 386 44 130 52 72 108 303 357 266 141 86 199 0,106 386
PFG_MOEA,568,1,759.34,4800.0,0 219 341 105 389 114 84 131 355 325 29 81 113 76 116 111 384 337 358 181 177 288 385 240 396 245 115 392 285 331 133 293 53 163 150 9 125 47 216 89 61 206 253 365 0,245
PFG_MOEA,568,2,759.34,4800.0,0 22 134 186 162 159 279 74 284 184 318 70 292 263 8 373 169 108 14 375 212 24 91 0,318
PFG_MOEA,568,3,759.34,4800.0,0 304 31 48 148 260 224 71 33 129 238 330 192 200 165 112 191 152 127 57 109 59 137 273 136 247 17 43 85 215 73 254 69 354 183 327 387 157 149 188 394 316 63 262 1 255 250 28 42 400 395 377 345 356 264 259 246 308 229 197 218 151 77 107 164 67 302 388 3 106 173 261 320 364 393 312 201 362 329 300 123 51 145 322 121 146 294 174 339 132 120 142 37 269 321 299 340 233 135 88 249 35 161 235 68 58 34 386 231 289 366 267 228 44 130 52 72 303 357 319 266 141 86 92 199 156 94 230 311 374 11 36 397 350 4 314 193 182 172 13 19 226 221 242 96 80 38 0,33 106 174 200 303 311 394
PFG_MOEA,568,4,759.34,4800.0,0 378 83 155 103 18 190 251 175 99 315 346 372 301 167 21 139 291 265 390 234 0,
PFG_MOEA,568,5,759.34,4800.0,0 179 391 271 39 30 272 268 46 54 93 398 227 213 232 0,391
PFG_MOEA,568,6,759.34,4800.0,0 225 0,
PFG_MOEA,568,7,759.34,4800.0,0 97 209 361 170 367 0,
PFG_MOEA,568,8,759.34,4800.0,0 399 15 168 203 338 202 306 370 342 144 176 27 98 78 196 369 380 16 41 82 178 117 243 344 349 66 343 290 368 376 258 248 328 75 348 353 45 210 278 153 171 87 6 208 205 166 158 189 220 241 62 297 65 283 204 154 305 326 110 140 180 333 317 286 25 55 217 56 7 124 126 20 64 287 10 383 382 0,62 66 205 220 342
PFG_MOEA,568,9,759.34,4800.0,0 2 119 128 295 40 32 276 239 122 296 332 347 138 336 222 95 101 194 147 324 275 323 363 352 277 102 223 244 211 104 310 100 282 143 79 160 50 60 257 270 379 195 5 309 280 351 237 256 274 49 198 252 236 0,
PFG_MOEA,568,10,759.34,4800.0,0 381 23 90 12 207 307 0,
PFG_MOEA,568,11,759.34,4800.0,0 335 187 359 313 360 214 0,
PFG_MOEA,568,12,759.34,4800.0,0 185 118 281 26 334 298 371 0,
PFG_MOEA,569,1,314.81,5596.11,0 12 90 128 236 252 336 276 138 222 198 49 274 256 237 351 280 309 5 290 343 313 207 0,222
PFG_MOEA,569,2,314.81,5596.11,0 91 292 263 8 373 169 108 14 375 212 24 371 219 341 298 334 26 281 118 185 214 295 40 32 239 122 95 101 352 363 323 194 275 277 102 100 23 381 119 2 307 359 187 148 48 31 304 0,23
PFG_MOEA,569,3,314.81,5596.11,0 260 224 71 33 127 152 191 112 165 200 129 238 330 192 0,33
PFG_MOEA,569,4,314.81,5596.11,0 57 67 302 173 106 3 388 164 107 77 151 218 197 229 308 246 259 264 356 345 377 395 400 42 28 250 255 1 262 63 316 394 188 149 157 387 327 183 354 69 254 73 215 85 43 17 247 136 273 137 59 109 0,
PFG_MOEA,569,5,314.81,5596.11,0 329 300 362 123 51 145 322 121 146 201 261 320 364 393 312 294 174 339 132 206 253 365 360 335 0,362 393
PFG_MOEA,569,6,314.81,5596.11,0 61 358 181 177 288 385 240 396 245 115 392 285 331 133 293 53 163 150 9 125 47 216 89 0,
PFG_MOEA,569,7,314.81,5596.11,0 80 13 19 226 35 161 235 58 34 386 231 289 366 267 228 44 130 52 72 318 70 184 284 74 279 159 162 389 114 355 325 384 337 111 116 76 113 81 29 131 84 105 186 134 22 0,
PFG_MOEA,569,8,314.81,5596.11,0 38 96 242 221 172 182 397 350 311 4 314 193 230 94 156 374 36 11 92 319 357 303 266 141 86 199 68 135 88 249 233 340 299 321 269 120 142 37 301 21 139 291 167 372 346 315 99 175 251 0,182
PFG_MOEA,569,9,314.81,5596.11,0 97 225 232 179 391 271 158 241 62 297 65 283 204 154 305 326 110 140 286 317 333 180 220 126 124 7 56 217 55 25 367 170 361 209 227 234 213 190 390 265 18 103 155 83 378 398 93 54 46 268 272 30 39 0,65 154
PFG_MOEA,569,10,314.81,5596.11,0 399 15 16 380 41 82 178 117 243 344 349 20 189 64 166 205 208 6 87 171 153 278 210 353 258 376 368 66 287 10 383 382 0,243
PFG_MOEA,569,11,314.81,5596.11,0 369 338 203 168 0,
PFG_MOEA,569,12,314.81,5596.11,0 202 306 370 342 144 176 27 98 78 196 296 347 332 324 147 211 244 223 104 310 282 143 79 160 50 60 257 270 379 195 45 348 75 328 248 0,370
PFG_MOEA,570,1,411.21,4974.5,0 12 90 381 23 32 276 239 336 138 222 198 49 274 256 237 351 280 252 236 128 119 2 0,23
PFG_MOEA,570,2,411.21,4974.5,0 22 118 185 214 295 40 122 392 285 331 133 293 53 101 352 363 323 194 275 277 102 100 95 163 61 89 207 307 313 359 365 253 206 187 0,22 100
PFG_MOEA,570,3,411.21,4974.5,0 115 0,
PFG_MOEA,570,4,411.21,4974.5,0 245 396 240 385 288 177 181 358 337 384 111 116 76 113 81 29 325 355 0,
PFG_MOEA,570,5,411.21,4974.5,0 281 26 334 298 341 134 186 131 84 114 389 105 219 371 162 159 74 279 91 24 212 375 284 14 184 318 70 292 263 8 373 169 108 72 52 130 44 386 362 201 312 67 164 107 302 173 106 261 388 197 218 151 77 273 136 137 59 109 127 57 226 19 13 80 0,77 106 284
PFG_MOEA,570,6,411.21,4974.5,0 38 172 182 319 303 357 266 141 86 199 228 267 366 289 231 34 58 68 161 235 35 249 88 135 233 156 94 230 374 92 11 36 397 350 311 4 314 193 340 299 321 269 120 142 37 51 123 145 132 339 322 121 146 294 174 320 364 393 3 229 308 356 264 259 246 42 300 329 112 221 242 96 0,51 174 229 246 299
PFG_MOEA,570,7,411.21,4974.5,0 399 200 165 191 152 247 255 1 262 250 28 345 377 395 400 394 188 301 372 21 167 291 139 149 157 63 316 387 327 17 43 85 215 73 254 183 354 69 265 346 315 99 175 251 190 390 18 103 155 83 378 213 234 227 398 93 224 179 232 225 97 71 33 260 148 238 129 330 192 48 31 304 0,93
PFG_MOEA,570,8,411.21,4974.5,0 382 383 10 391 271 39 46 54 268 272 30 66 166 205 208 6 204 154 305 326 283 65 297 62 241 110 140 286 317 333 180 220 158 189 64 20 126 124 7 56 217 55 25 367 170 361 209 287 0,55 62 66 220
PFG_MOEA,570,9,411.21,4974.5,0 380 0,
PFG_MOEA,570,10,411.21,4974.5,0 16 369 15 0,
PFG_MOEA,570,11,411.21,4974.5,0 168 203 178 82 41 0,178
PFG_MOEA,570,12,411.21,4974.5,0 335 360 338 202 306 370 342 144 176 27 98 78 196 296 347 332 216 47 125 9 150 147 324 211 244 223 104 310 282 143 309 5 195 379 79 160 50 60 270 257 210 45 153 278 87 171 353 348 75 328 248 258 376 368 290 343 349 344 243 117 0,
PFG_MOEA,571,1,312.55,5795.78,0 336 138 239 122 296 347 332 324 275 277 104 211 244 223 102 352 363 323 194 147 101 95 222 0,122 211 222 277
PFG_MOEA,571,2,312.55,5795.78,0 335 360 207 307 313 359 187 100 310 282 143 79 160 50 60 257 270 379 195 5 309 280 351 237 256 274 49 198 252 236 381 23 90 12 214 185 118 281 26 334 298 371 72 52 130 44 386 80 0,5 307
PFG_MOEA,571,3,312.55,5795.78,0 13 19 226 57 127 109 59 137 136 273 77 151 218 197 388 261 106 173 302 107 164 67 312 201 362 123 51 145 294 174 339 132 142 120 269 321 299 0,174
PFG_MOEA,571,4,312.55,5795.78,0 340 233 135 88 249 35 235 161 68 58 34 231 289 366 267 228 141 266 303 357 319 86 199 156 94 0,303
PFG_MOEA,571,5,312.55,5795.78,0 38 172 182 397 36 11 92 374 230 311 350 4 314 193 37 322 121 146 320 364 393 3 229 308 356 264 259 246 42 300 329 112 191 152 221 242 96 0,42 264
PFG_MOEA,571,6,312.55,5795.78,0 200 165 129 0,
PFG_MOEA,571,7,312.55,5795.78,0 304 330 395 400 394 188 301 372 21 167 291 139 149 157 63 316 387 17 43 33 71 224 260 0,
PFG_MOEA,571,8,312.55,5795.78,0 399 247 28 250 345 377 262 1 255 327 254 73 215 85 93 179 232 225 97 148 238 192 48 31 0,93
PFG_MOEA,571,9,312.55,5795.78,0 378 69 183 354 265 346 315 99 175 251 190 390 18 103 155 83 234 213 227 398 209 361 170 367 25 55 217 56 7 180 333 317 286 140 110 62 297 65 283 326 305 154 204 6 208 241 220 158 189 64 20 126 124 0,175
PFG_MOEA,571,10,312.55,5795.78,0 287 382 383 10 268 272 30 66 166 205 271 39 391 53 293 133 331 285 392 115 245 396 240 385 288 177 181 358 337 384 111 116 76 113 81 29 325 355 131 84 114 389 105 341 219 0,
PFG_MOEA,571,11,312.55,5795.78,0 91 24 212 375 14 108 169 373 8 263 292 70 318 184 284 74 279 159 162 22 134 186 89 216 47 125 9 150 163 61 365 253 206 46 54 0,
PFG_MOEA,571,12,312.55,5795.78,0 41 82 178 117 243 344 349 343 290 368 376 258 248 328 75 171 87 153 278 210 45 353 348 2 119 128 295 40 32 276 196 78 98 27 176 144 342 370 306 202 338 203 168 369 380 16 15 0,16 87 203
PFG_MOEA,572,1,389.39,5146.42,0 163 78 53 293 133 331 285 392 98 115 245 27 396 240 385 288 177 181 358 337 384 111 116 76 113 81 29 325 355 131 84 114 389 91 279 74 159 162 371 219 298 341 22 134 186 105 118 185 0,
PFG_MOEA,572,2,389.39,5146.42,0 281 26 334 24 212 375 284 14 184 318 70 292 263 8 373 169 108 72 52 130 44 386 51 145 123 362 201 294 312 67 164 107 302 173 106 261 388 197 218 151 77 273 136 137 59 109 127 57 226 19 13 80 0,
PFG_MOEA,572,3,389.39,5146.42,0 142 339 174 132 120 269 321 299 340 233 135 88 249 35 235 161 68 58 34 231 289 366 267 228 141 266 303 357 319 86 199 156 94 230 374 92 11 36 397 350 311 4 314 193 0,88
PFG_MOEA,572,4,389.39,5146.42,0 182 172 38 0,
PFG_MOEA,572,5,389.39,5146.42,0 37 322 121 146 320 364 393 3 229 308 356 264 259 246 42 300 329 112 152 191 165 200 221 242 96 0,152 264 329
PFG_MOEA,572,6,389.39,5146.42,0 129 33 71 224 260 0,
PFG_MOEA,572,7,389.39,5146.42,0 399 247 255 1 262 250 28 345 377 395 400 394 188 301 372 21 167 291 139 149 157 63 316 387 17 43 73 254 327 183 354 69 215 85 93 179 232 225 97 148 48 238 330 192 31 304 0,395
PFG_MOEA,572,8,389.39,5146.42,0 16 15 168 203 369 380 391 271 39 268 272 30 66 166 205 208 6 204 154 305 326 283 65 297 62 241 110 140 286 317 333 180 220 158 189 64 20 126 124 7 56 217 55 25 367 170 361 209 398 227 234 213 190 251 175 99 315 346 265 390 18 103 155 83 378 54 46 287 10 383 382 41 0,7 16 20 103 272
PFG_MOEA,572,9,389.39,5146.42,0 82 178 117 243 368 376 258 353 153 171 87 278 210 143 237 256 274 49 100 282 310 104 102 277 275 194 323 363 352 101 198 95 222 138 122 276 336 252 236 128 23 381 90 119 2 12 0,
PFG_MOEA,572,10,389.39,5146.42,0 344 349 351 280 309 5 79 160 50 60 257 270 379 195 45 348 75 328 248 290 343 187 0,
PFG_MOEA,572,11,389.39,5146.42,0 214 295 40 32 239 370 342 144 176 150 47 9 125 216 89 61 207 307 313 359 206 253 365 360 335 0,176
PFG_MOEA,572,12,389.39,5146.42,0 338 202 306 196 296 347 332 324 147 211 244 223 0,
PFG_MOEA,573,1,413.96,4915.5,0 187 206 253 365 359 313 307 207 61 12 89 2 119 128 236 252 336 138 163 222 95 198 351 280 237 256 274 49 100 102 277 275 194 323 363 352 101 53 293 133 331 285 392 122 239 276 32 40 295 23 381 90 113 81 29 76 116 111 384 337 358 181 177 288 385 240 396 245 115 22 118 185 214 0,245 381
PFG_MOEA,573,2,413.96,4915.5,0 281 84 131 325 355 114 389 186 134 341 298 26 334 0,
PFG_MOEA,573,3,413.96,4915.5,0 371 219 105 162 159 74 279 91 24 212 375 284 14 184 318 70 292 263 8 373 169 108 72 52 130 44 386 362 201 312 67 164 107 302 173 106 261 388 197 218 151 77 273 136 137 59 0,
PFG_MOEA,573,4,413.96,4915.5,0 57 127 109 226 0,
PFG_MOEA,573,5,413.96,4915.5,0 19 0,
PFG_MOEA,573,6,413.96,4915.5,0 38 303 357 266 141 86 199 228 267 366 289 231 34 58 68 161 235 35 249 88 135 233 319 182 172 13 80 0,88
PFG_MOEA,573,7,413.96,4915.5,0 399 397 36 11 92 156 94 230 374 350 311 4 314 193 340 299 321 269 120 142 37 51 123 145 132 339 322 121 146 294 174 320 364 393 3 229 308 356 264 259 246 42 300 329 112 191 165 200 221 242 96 0,11 340 374 393
PFG_MOEA,573,8,413.96,4915.5,0 152 247 255 1 262 250 28 345 377 395 400 394 188 301 372 21 167 291 139 149 157 63 316 387 327 17 43 85 215 73 254 183 354 69 265 346 315 99 175 251 190 390 18 103 155 83 378 213 234 227 398 93 0,1 152 175 227
PFG_MOEA,573,9,413.96,4915.5,0 304 31 48 192 330 238 129 148 260 391 271 39 268 272 30 66 166 205 208 6 204 154 305 326 283 65 297 62 241 110 140 286 317 333 180 220 158 189 64 20 126 124 7 56 217 55 25 367 170 361 209 71 33 97 225 232 179 224 0,55 391
PFG_MOEA,573,10,413.96,4915.5,0 287 10 383 382 0,
PFG_MOEA,573,11,413.96,4915.5,0 16 15 168 203 369 380 82 178 117 243 349 344 54 46 41 0,
PFG_MOEA,573,12,413.96,4915.5,0 335 360 216 150 9 47 125 309 5 343 290 368 376 258 248 328 75 171 87 278 153 353 348 45 210 195 379 270 257 60 50 160 79 143 282 310 104 223 244 211 324 147 332 347 296 196 78 98 27 176 144 342 370 306 202 338 0,
PFG_MOEA,574,1,320.55,5348.04,0 80 13 172 182 397 36 11 92 233 135 88 249 35 235 161 68 58 34 231 289 319 399 0,
PFG_MOEA,574,2,320.55,5348.04,0 374 230 94 156 311 350 4 314 193 340 299 321 269 120 142 132 339 174 320 364 308 229 3 393 294 146 121 322 123 145 51 37 0,393
PFG_MOEA,574,3,320.55,5348.04,0 96 242 221 200 165 112 329 300 191 152 247 255 1 262 42 250 28 246 259 264 356 345 377 395 400 394 188 301 372 21 167 291 139 149 157 63 316 387 327 17 43 85 215 73 254 183 354 69 265 346 315 99 175 251 190 0,215
PFG_MOEA,574,4,320.55,5348.04,0 304 31 192 330 238 129 398 227 234 213 18 390 286 140 110 241 93 260 148 48 0,
PFG_MOEA,574,5,320.55,5348.04,0 317 333 0,
PFG_MOEA,574,6,320.55,5348.04,0 33 71 209 361 170 367 25 55 217 56 7 180 220 158 189 64 20 126 124 224 10 383 382 16 203 168 15 0,25
PFG_MOEA,574,7,320.55,5348.04,0 380 369 335 360 216 150 9 47 125 309 5 195 379 270 210 45 348 353 153 278 87 171 75 328 248 258 376 368 290 343 54 46 344 349 243 117 178 82 41 0,
PFG_MOEA,574,8,320.55,5348.04,0 338 202 306 370 342 144 176 27 98 78 196 296 347 332 147 324 211 244 223 104 310 282 143 79 160 50 60 257 6 204 154 305 326 283 62 297 65 208 205 166 66 30 272 268 0,66
PFG_MOEA,574,9,320.55,5348.04,0 187 206 253 365 359 313 307 207 61 12 89 2 119 128 236 252 336 138 163 222 95 198 351 256 237 280 391 271 39 378 83 155 103 232 179 287 225 97 0,138 307
PFG_MOEA,574,10,320.55,5348.04,0 22 389 114 84 131 325 355 29 81 113 76 116 111 384 337 358 181 177 288 385 240 396 245 115 392 285 331 133 293 53 101 352 363 323 194 275 277 102 100 49 274 122 239 276 32 40 295 23 381 90 214 185 281 118 0,323 331
PFG_MOEA,574,11,320.55,5348.04,0 334 298 26 105 186 134 341 219 371 24 212 375 14 184 318 70 292 263 8 373 169 284 74 279 91 159 162 0,134
PFG_MOEA,574,12,320.55,5348.04,0 38 19 226 57 127 109 59 137 136 273 77 151 218 197 388 261 106 173 302 107 164 67 312 201 362 366 267 228 386 44 130 52 72 108 303 357 266 141 86 199 0,106 386
PFG_MOEA,575,1,759.34,4800.0,0 219 341 105 389 114 84 131 355 325 29 81 113 76 116 111 384 337 358 181 177 288 385 240 396 245 115 392 285 331 133 293 53 163 150 9 125 47 216 89 61 206 253 365 0,245
PFG_MOEA,575,2,759.34,4800.0,0 22 134 186 162 159 279 74 284 184 318 70 292 263 8 373 169 108 14 375 212 24 91 0,318
PFG_MOEA,575,3,759.34,4800.0,0 304 31 48 148 260 224 71 33 129 238 330 192 200 165 112 191 152 127 57 109 59 137 273 136 247 17 43 85 215 73 254 69 354 183 327 387 157 149 188 394 316 63 262 1 255 250 28 42 400 395 377 345 356 264 259 246 308 229 197 218 151 77 107 164 67 302 388 3 106 173 261 320 364 393 312 201 362 329 300 123 51 145 322 121 146 294 174 339 132 120 142 37 269 321 299 340 233 135 88 249 35 161 235 68 58 34 386 231 289 366 267 228 44 130 52 72 303 357 319 266 141 86 92 199 156 94 230 311 374 11 36 397 350 4 314 193 182 172 13 19 226 221 242 96 80 38 0,33 106 174 200 303 311 394
PFG_MOEA,575,4,759.34,4800.0,0 378 83 155 103 18 190 251 175 99 315 346 372 301 167 21 139 291 265 390 234 0,
PFG_MOEA,575,5,759.34,4800.0,0 179 391 271 39 30 272 268 46 54 93 398 227 213 232 0,391
PFG_MOEA,575,6,759.34,4800.0,0 225 0,
PFG_MOEA,575,7,759.34,4800.0,0 97 209 361 170 367 0,
PFG_MOEA,575,8,759.34,4800.0,0 399 15 168 203 338 202 306 370 342 144 176 27 98 78 196 369 380 16 41 82 178 117 243 344 349 66 343 290 368 376 258 248 328 75 348 353 45 210 278 153 171 87 6 208 205 166 158 189 220 241 62 297 65 283 204 154 305 326 110 140 180 333 317 286 25 55 217 56 7 124 126 20 64 287 10 383 382 0,62 66 205 220 342
PFG_MOEA,575,9,759.34,4800.0,0 2 119 128 295 40 32 276 239 122 296 332 347 138 336 222 95 101 194 147 324 275 323 363 352 277 102 223 244 211 104 310 100 282 143 79 160 50 60 257 270 379 195 5 309 280 351 237 256 274 49 198 252 236 0,
PFG_MOEA,575,10,759.34,4800.0,0 381 23 90 12 207 307 0,
PFG_MOEA,575,11,759.34,4800.0,0 335 187 359 313 360 214 0,
PFG_MOEA,575,12,759.34,4800.0,0 185 118 281 26 334 298 371 0,
PFG_MOEA,576,1,314.81,5596.11,0 12 90 128 236 252 336 276 138 222 198 49 274 256 237 351 280 309 5 290 343 313 207 0,222
PFG_MOEA,576,2,314.81,5596.11,0 91 292 263 8 373 169 108 14 375 212 24 371 219 341 298 334 26 281 118 185 214 295 40 32 239 122 95 101 352 363 323 194 275 277 102 100 23 381 119 2 307 359 187 148 48 31 304 0,23
PFG_MOEA,576,3,314.81,5596.11,0 260 224 71 33 127 152 191 112 165 200 129 238 330 192 0,33
PFG_MOEA,576,4,314.81,5596.11,0 57 67 302 173 106 3 388 164 107 77 151 218 197 229 308 246 259 264 356 345 377 395 400 42 28 250 255 1 262 63 316 394 188 149 157 387 327 183 354 69 254 73 215 85 43 17 247 136 273 137 59 109 0,
PFG_MOEA,576,5,314.81,5596.11,0 329 300 362 123 51 145 322 121 146 201 261 320 364 393 312 294 174 339 132 206 253 365 360 335 0,362 393
PFG_MOEA,576,6,314.81,5596.11,0 61 358 181 177 288 385 240 396 245 115 392 285 331 133 293 53 163 150 9 125 47 216 89 0,
PFG_MOEA,576,7,314.81,5596.11,0 80 13 19 226 35 161 235 58 34 386 231 289 366 267 228 44 130 52 72 318 70 184 284 74 279 159 162 389 114 355 325 384 337 111 116 76 113 81 29 131 84 105 186 134 22 0,
PFG_MOEA,576,8,314.81,5596.11,0 38 96 242 221 172 182 397 350 311 4 314 193 230 94 156 374 36 11 92 319 357 303 266 141 86 199 68 135 88 249 233 340 299 321 269 120 142 37 301 21 139 291 167 372 346 315 99 175 251 0,182
PFG_MOEA,576,9,314.81,5596.11,0 97 225 232 179 391 271 158 241 62 297 65 283 204 154 305 326 110 140 286 317 333 180 220 126 124 7 56 217 55 25 367 170 361 209 227 234 213 190 390 265 18 103 155 83 378 398 93 54 46 268 272 30 39 0,65 154
PFG_MOEA,576,10,314.81,5596.11,0 399 15 16 380 41 82 178 117 243 344 349 20 189 64 166 205 208 6 87 171 153 278 210 353 258 376 368 66 287 10 383 382 0,243
PFG_MOEA,576,11,314.81,5596.11,0 369 338 203 168 0,
PFG_MOEA,576,12,314.81,5596.11,0 202 306 370 342 144 176 27 98 78 196 296 347 332 324 147 211 244 223 104 310 282 143 79 160 50 60 257 270 379 195 45 348 75 328 248 0,370
PFG_MOEA,577,1,411.21,4974.5,0 12 90 381 23 32 276 239 336 138 222 198 49 274 256 237 351 280 252 236 128 119 2 0,23
PFG_MOEA,577,2,411.21,4974.5,0 22 118 185 214 295 40 122 392 285 331 133 293 53 101 352 363 323 194 275 277 102 100 95 163 61 89 207 307 313 359 365 253 206 187 0,22 100
PFG_MOEA,577,3,411.21,4974.5,0 115 0,
PFG_MOEA,577,4,411.21,4974.5,0 245 396 240 385 288 177 181 358 337 384 111 116 76 113 81 29 325 355 0,
PFG_MOEA,577,5,411.21,4974.5,0 281 26 334 298 341 134 186 131 84 114 389 105 219 371 162 159 74 279 91 24 212 375 284 14 184 318 70 292 263 8 373 169 108 72 52 130 44 386 362 201 312 67 164 107 302 173 106 261 388 197 218 151 77 273 136 137 59 109 127 57 226 19 13 80 0,77 106 284
PFG_MOEA,577,6,411.21,4974.5,0 38 172 182 319 303 357 266 141 86 199 228 267 366 289 231 34 58 68 161 235 35 249 88 135 233 156 94 230 374 92 11 36 397 350 311 4 314 193 340 299 321 269 120 142 37 51 123 145 132 339 322 121 146 294 174 320 364 393 3 229 308 356 264 259 246 42 300 329 112 221 242 96 0,51 174 229 246 299
PFG_MOEA,577,7,411.21,4974.5,0 399 200 165 191 152 247 255 1 262 250 28 345 377 395 400 394 188 301 372 21 167 291 139 149 157 63 316 387 327 17 43 85 215 73 254 183 354 69 265 346 315 99 175 251 190 390 18 103 155 83 378 213 234 227 398 93 224 179 232 225 97 71 33 260 148 238 129 330 192 48 31 304 0,93
PFG_MOEA,577,8,411.21,4974.5,0 382 383 10 391 271 39 46 54 268 272 30 66 166 205 208 6 204 154 305 326 283 65 297 62 241 110 140 286 317 333 180 220 158 189 64 20 126 124 7 56 217 55 25 367 170 361 209 287 0,55 62 66 220
PFG_MOEA,577,9,411.21,4974.5,0 380 0,
PFG_MOEA,577,10,411.21,4974.5,0 16 369 15 0,
PFG_MOEA,577,11,411.21,4974.5,0 168 203 178 82 41 0,178
PFG_MOEA,577,12,411.21,4974.5,0 335 360 338 202 306 370 342 144 176 27 98 78 196 296 347 332 216 47 125 9 150 147 324 211 244 223 104 310 282 143 309 5 195 379 79 160 50 60 270 257 210 45 153 278 87 171 353 348 75 328 248 258 376 368 290 343 349 344 243 117 0,
PFG_MOEA,578,1,312.55,5795.78,0 336 138 239 122 296 347 332 324 275 277 104 211 244 223 102 352 363 323 194 147 101 95 222 0,122 211 222 277
PFG_MOEA,578,2,312.55,5795.78,0 335 360 207 307 313 359 187 100 310 282 143 79 160 50 60 257 270 379 195 5 309 280 351 237 256 274 49 198 252 236 381 23 90 12 214 185 118 281 26 334 298 371 72 52 130 44 386 80 0,5 307
PFG_MOEA,578,3,312.55,5795.78,0 13 19 226 57 127 109 59 137 136 273 77 151 218 197 388 261 106 173 302 107 164 67 312 201 362 123 51 145 294 174 339 132 142 120 269 321 299 0,174
PFG_MOEA,578,4,312.55,5795.78,0 340 233 135 88 249 35 235 161 68 58 34 231 289 366 267 228 141 266 303 357 319 86 199 156 94 0,303
PFG_MOEA,578,5,312.55,5795.78,0 38 172 182 397 36 11 92 374 230 311 350 4 314 193 37 322 121 146 320 364 393 3 229 308 356 264 259 246 42 300 329 112 191 152 221 242 96 0,42 264
PFG_MOEA,578,6,312.55,5795.78,0 200 165 129 0,
PFG_MOEA,578,7,312.55,5795.78,0 304 330 395 400 394 188 301 372 21 167 291 139 149 157 63 316 387 17 43 33 71 224 260 0,
PFG_MOEA,578,8,312.55,5795.78,0 399 247 28 250 345 377 262 1 255 327 254 73 215 85 93 179 232 225 97 148 238 192 48 31 0,93
PFG_MOEA,578,9,312.55,5795.78,0 378 69 183 354 265 346 315 99 175 251 190 390 18 103 155 83 234 213 227 398 209 361 170 367 25 55 217 56 7 180 333 317 286 140 110 62 297 65 283 326 305 154 204 6 208 241 220 158 189 64 20 126 124 0,175
PFG_MOEA,578,10,312.55,5795.78,0 287 382 383 10 268 272 30 66 166 205 271 39 391 53 293 133 331 285 392 115 245 396 240 385 288 177 181 358 337 384 111 116 76 113 81 29 325 355 131 84 114 389 105 341 219 0,
PFG_MOEA,578,11,312.55,5795.78,0 91 24 212 375 14 108 169 373 8 263 292 70 318 184 284 74 279 159 162 22 134 186 89 216 47 125 9 150 163 61 365 253 206 46 54 0,
PFG_MOEA,578,12,312.55,5795.78,0 41 82 178 117 243 344 349 343 290 368 376 258 248 328 75 171 87 153 278 210 45 353 348 2 119 128 295 40 32 276 196 78 98 27 176 144 342 370 306 202 338 203 168 369 380 16 15 0,16 87 203
PFG_MOEA,579,1,389.39,5146.42,0 163 78 53 293 133 331 285 392 98 115 245 27 396 240 385 288 177 181 358 337 384 111 116 76 113 81 29 325 355 131 84 114 389 91 279 74 159 162 371 219 298 341 22 134 186 105 118 185 0,
PFG_MOEA,579,2,389.39,5146.42,0 281 26 334 24 212 375 284 14 184 318 70 292 263 8 373 169 108 72 52 130 44 386 51 145 123 362 201 294 312 67 164 107 302 173 106 261 388 197 218 151 77 273 136 137 59 109 127 57 226 19 13 80 0,
PFG_MOEA,579,3,389.39,5146.42,0 142 339 174 132 120 269 321 299 340 233 135 88 249 35 235 161 68 58 34 231 289 366 267 228 141 266 303 357 319 86 199 156 94 230 374 92 11 36 397 350 311 4 314 193 0,88
PFG_MOEA,579,4,389.39,5146.42,0 182 172 38 0,
PFG_MOEA,579,5,389.39,5146.42,0 37 322 121 146 320 364 393 3 229 308 356 264 259 246 42 300 329 112 152 191 165 200 221 242 96 0,152 264 329
PFG_MOEA,579,6,389.39,5146.42,0 129 33 71 224 260 0,
PFG_MOEA,579,7,389.39,5146.42,0 399 247 255 1 262 250 28 345 377 395 400 394 188 301 372 21 167 291 139 149 157 63 316 387 17 43 73 254 327 183 354 69 215 85 93 179 232 225 97 148 48 238 330 192 31 304 0,395
PFG_MOEA,579,8,389.39,5146.42,0 16 15 168 203 369 380 391 271 39 268 272 30 66 166 205 208 6 204 154 305 326 283 65 297 62 241 110 140 286 317 333 180 220 158 189 64 20 126 124 7 56 217 55 25 367 170 361 209 398 227 234 213 190 251 175 99 315 346 265 390 18 103 155 83 378 54 46 287 10 383 382 41 0,7 16 20 103 272
PFG_MOEA,579,9,389.39,5146.42,0 82 178 117 243 368 376 258 353 153 171 87 278 210 143 237 256 274 49 100 282 310 104 102 277 275 194 323 363 352 101 198 95 222 138 122 276 336 252 236 128 23 381 90 119 2 12 0,
PFG_MOEA,579,10,389.39,5146.42,0 344 349 351 280 309 5 79 160 50 60 257 270 379 195 45 348 75 328 248 290 343 187 0,
PFG_MOEA,579,11,389.39,5146.42,0 214 295 40 32 239 370 342 144 176 150 47 9 125 216 89 61 207 307 313 359 206 253 365 360 335 0,176
PFG_MOEA,579,12,389.39,5146.42,0 338 202 306 196 296 347 332 324 147 211 244 223 0,
PFG_MOEA,580,1,413.96,4915.5,0 187 206 253 365 359 313 307 207 61 12 89 2 119 128 236 252 336 138 163 222 95 198 351 280 237 256 274 49 100 102 277 275 194 323 363 352 101 53 293 133 331 285 392 122 239 276 32 40 295 23 381 90 113 81 29 76 116 111 384 337 358 181 177 288 385 240 396 245 115 22 118 185 214 0,245 381
PFG_MOEA,580,2,413.96,4915.5,0 281 84 131 325 355 114 389 186 134 341 298 26 334 0,
PFG_MOEA,580,3,413.96,4915.5,0 371 219 105 162 159 74 279 91 24 212 375 284 14 184 318 70 292 263 8 373 169 108 72 52 130 44 386 362 201 312 67 164 107 302 173 106 261 388 197 218 151 77 273 136 137 59 0,
PFG_MOEA,580,4,413.96,4915.5,0 57 127 109 226 0,
PFG_MOEA,580,5,413.96,4915.5,0 19 0,
PFG_MOEA,580,6,413.96,4915.5,0 38 303 357 266 141 86 199 228 267 366 289 231 34 58 68 161 235 35 249 88 135 233 319 182 172 13 80 0,88
PFG_MOEA,580,7,413.96,4915.5,0 399 397 36 11 92 156 94 230 374 350 311 4 314 193 340 299 321 269 120 142 37 51 123 145 132 339 322 121 146 294 174 320 364 393 3 229 308 356 264 259 246 42 300 329 112 191 165 200 221 242 96 0,11 340 374 393
PFG_MOEA,580,8,413.96,4915.5,0 152 247 255 1 262 250 28 345 377 395 400 394 188 301 372 21 167 291 139 149 157 63 316 387 327 17 43 85 215 73 254 183 354 69 265 346 315 99 175 251 190 390 18 103 155 83 378 213 234 227 398 93 0,1 152 175 227
PFG_MOEA,580,9,413.96,4915.5,0 304 31 48 192 330 238 129 148 260 391 271 39 268 272 30 66 166 205 208 6 204 154 305 326 283 65 297 62 241 110 140 286 317 333 180 220 158 189 64 20 126 124 7 56 217 55 25 367 170 361 209 71 33 97 225 232 179 224 0,55 391
PFG_MOEA,580,10,413.96,4915.5,0 287 10 383 382 0,
PFG_MOEA,580,11,413.96,4915.5,0 16 15 168 203 369 380 82 178 117 243 349 344 54 46 41 0,
PFG_MOEA,580,12,413.96,4915.5,0 335 360 216 150 9 47 125 309 5 343 290 368 376 258 248 328 75 171 87 278 153 353 348 45 210 195 379 270 257 60 50 160 79 143 282 310 104 223 244 211 324 147 332 347 296 196 78 98 27 176 144 342 370 306 202 338 0,
PFG_MOEA,581,1,320.55,5348.04,0 80 13 172 182 397 36 11 92 233 135 88 249 35 235 161 68 58 34 231 289 319 399 0,
PFG_MOEA,581,2,320.55,5348.04,0 374 230 94 156 311 350 4 314 193 340 299 321 269 120 142 132 339 174 320 364 308 229 3 393 294 146 121 322 123 145 51 37 0,393
PFG_MOEA,581,3,320.55,5348.04,0 96 242 221 200 165 112 329 300 191 152 247 255 1 262 42 250 28 246 259 264 356 345 377 395 400 394 188 301 372 21 167 291 139 149 157 63 316 387 327 17 43 85 215 73 254 183 354 69 265 346 315 99 175 251 190 0,215
PFG_MOEA,581,4,320.55,5348.04,0 304 31 192 330 238 129 398 227 234 213 18 390 286 140 110 241 93 260 148 48 0,
PFG_MOEA,581,5,320.55,5348.04,0 317 333 0,
PFG_MOEA,581,6,320.55,5348.04,0 33 71 209 361 170 367 25 55 217 56 7 180 220 158 189 64 20 126 124 224 10 383 382 16 203 168 15 0,25
PFG_MOEA,581,7,320.55,5348.04,0 380 369 335 360 216 150 9 47 125 309 5 195 379 270 210 45 348 353 153 278 87 171 75 328 248 258 376 368 290 343 54 46 344 349 243 117 178 82 41 0,
PFG_MOEA,581,8,320.55,5348.04,0 338 202 306 370 342 144 176 27 98 78 196 296 347 332 147 324 211 244 223 104 310 282 143 79 160 50 60 257 6 204 154 305 326 283 62 297 65 208 205 166 66 30 272 268 0,66
PFG_MOEA,581,9,320.55,5348.04,0 187 206 253 365 359 313 307 207 61 12 89 2 119 128 236 252 336 138 163 222 95 198 351 256 237 280 391 271 39 378 83 155 103 232 179 287 225 97 0,138 307
PFG_MOEA,581,10,320.55,5348.04,0 22 389 114 84 131 325 355 29 81 113 76 116 111 384 337 358 181 177 288 385 240 396 245 115 392 285 331 133 293 53 101 352 363 323 194 275 277 102 100 49 274 122 239 276 32 40 295 23 381 90 214 185 281 118 0,323 331
PFG_MOEA,581,11,320.55,5348.04,0 334 298 26 105 186 134 341 219 371 24 212 375 14 184 318 70 292 263 8 373 169 284 74 279 91 159 162 0,134
PFG_MOEA,581,12,320.55,5348.04,0 38 19 226 57 127 109 59 137 136 273 77 151 218 197 388 261 106 173 302 107 164 67 312 201 362 366 267 228 386 44 130 52 72 108 303 357 266 141 86 199 0,106 386
PFG_MOEA,582,1,759.34,4800.0,0 219 341 105 389 114 84 131 355 325 29 81 113 76 116 111 384 337 358 181 177 288 385 240 396 245 115 392 285 331 133 293 53 163 150 9 125 47 216 89 61 206 253 365 0,245
PFG_MOEA,582,2,759.34,4800.0,0 22 134 186 162 159 279 74 284 184 318 70 292 263 8 373 169 108 14 375 212 24 91 0,318
PFG_MOEA,582,3,759.34,4800.0,0 304 31 48 148 260 224 71 33 129 238 330 192 200 165 112 191 152 127 57 109 59 137 273 136 247 17 43 85 215 73 254 69 354 183 327 387 157 149 188 394 316 63 262 1 255 250 28 42 400 395 377 345 356 264 259 246 308 229 197 218 151 77 107 164 67 302 388 3 106 173 261 320 364 393 312 201 362 329 300 123 51 145 322 121 146 294 174 339 132 120 142 37 269 321 299 340 233 135 88 249 35 161 235 68 58 34 386 231 289 366 267 228 44 130 52 72 303 357 319 266 141 86 92 199 156 94 230 311 374 11 36 397 350 4 314 193 182 172 13 19 226 221 242 96 80 38 0,33 106 174 200 303 311 394
PFG_MOEA,582,4,759.34,4800.0,0 378 83 155 103 18 190 251 175 99 315 346 372 301 167 21 139 291 265 390 234 0,
PFG_MOEA,582,5,759.34,4800.0,0 179 391 271 39 30 272 268 46 54 93 398 227 213 232 0,391
PFG_MOEA,582,6,759.34,4800.0,0 225 0,
PFG_MOEA,582,7,759.34,4800.0,0 97 209 361 170 367 0,
PFG_MOEA,582,8,759.34,4800.0,0 399 15 168 203 338 202 306 370 342 144 176 27 98 78 196 369 380 16 41 82 178 117 243 344 349 66 343 290 368 376 258 248 328 75 348 353 45 210 278 153 171 87 6 208 205 166 158 189 220 241 62 297 65 283 204 154 305 326 110 140 180 333 317 286 25 55 217 56 7 124 126 20 64 287 10 383 382 0,62 66 205 220 342
PFG_MOEA,582,9,759.34,4800.0,0 2 119 128 295 40 32 276 239 122 296 332 347 138 336 222 95 101 194 147 324 275 323 363 352 277 102 223 244 211 104 310 100 282 143 79 160 50 60 257 270 379 195 5 309 280 351 237 256 274 49 198 252 236 0,
PFG_MOEA,582,10,759.34,4800.0,0 381 23 90 12 207 307 0,
PFG_MOEA,582,11,759.34,4800.0,0 335 187 359 313 360 214 0,
PFG_MOEA,582,12,759.34,4800.0,0 185 118 281 26 334 298 371 0,
PFG_MOEA,583,1,314.81,5596.11,0 12 90 128 236 252 336 276 138 222 198 49 274 256 237 351 280 309 5 290 343 313 207 0,222
PFG_MOEA,583,2,314.81,5596.11,0 91 292 263 8 373 169 108 14 375 212 24 371 219 341 298 334 26 281 118 185 214 295 40 32 239 122 95 101 352 363 323 194 275 277 102 100 23 381 119 2 307 359 187 148 48 31 304 0,23
PFG_MOEA,583,3,314.81,5596.11,0 260 224 71 33 127 152 191 112 165 200 129 238 330 192 0,33
PFG_MOEA,583,4,314.81,5596.11,0 57 67 302 173 106 3 388 164 107 77 151 218 197 229 308 246 259 264 356 345 377 395 400 42 28 250 255 1 262 63 316 394 188 149 157 387 327 183 354 69 254 73 215 85 43 17 247 136 273 137 59 109 0,
PFG_MOEA,583,5,314.81,5596.11,0 329 300 362 123 51 145 322 121 146 201 261 320 364 393 312 294 174 339 132 206 253 365 360 335 0,362 393
PFG_MOEA,583,6,314.81,5596.11,0 61 358 181 177 288 385 240 396 245 115 392 285 331 133 293 53 163 150 9 125 47 216 89 0,
PFG_MOEA,583,7,314.81,5596.11,0 80 13 19 226 35 161 235 58 34 386 231 289 366 267 228 44 130 52 72 318 70 184 284 74 279 159 162 389 114 355 325 384 337 111 116 76 113 81 29 131 84 105 186 134 22 0,
PFG_MOEA,583,8,314.81,5596.11,0 38 96 242 221 172 182 397 350 311 4 314 193 230 94 156 374 36 11 92 319 357 303 266 141 86 199 68 135 88 249 233 340 299 321 269 120 142 37 301 21 139 291 167 372 346 315 99 175 251 0,182
PFG_MOEA,583,9,314.81,5596.11,0 97 225 232 179 391 271 158 241 62 297 65 283 204 154 305 326 110 140 286 317 333 180 220 126 124 7 56 217 55 25 367 170 361 209 227 234 213 190 390 265 18 103 155 83 378 398 93 54 46 268 272 30 39 0,65 154
PFG_MOEA,583,10,314.81,5596.11,0 399 15 16 380 41 82 178 117 243 344 349 20 189 64 166 205 208 6 87 171 153 278 210 353 258 376 368 66 287 10 383 382 0,243
PFG_MOEA,583,11,314.81,5596.11,0 369 338 203 168 0,
PFG_MOEA,583,12,314.81,5596.11,0 202 306 370 342 144 176 27 98 78 196 296 347 332 324 147 211 244 223 104 310 282 143 79 160 50 60 257 270 379 195 45 348 75 328 248 0,370
PFG_MOEA,584,1,411.21,4974.5,0 12 90 381 23 32 276 239 336 138 222 198 49 274 256 237 351 280 252 236 128 119 2 0,23
PFG_MOEA,584,2,411.21,4974.5,0 22 118 185 214 295 40 122 392 285 331 133 293 53 101 352 363 323 194 275 277 102 100 95 163 61 89 207 307 313 359 365 253 206 187 0,22 100
PFG_MOEA,584,3,411.21,4974.5,0 115 0,
PFG_MOEA,584,4,411.21,4974.5,0 245 396 240 385 288 177 181 358 337 384 111 116 76 113 81 29 325 355 0,
PFG_MOEA,584,5,411.21,4974.5,0 281 26 334 298 341 134 186 131 84 114 389 105 219 371 162 159 74 279 91 24 212 375 284 14 184 318 70 292 263 8 373 169 108 72 52 130 44 386 362 201 312 67 164 107 302 173 106 261 388 197 218 151 77 273 136 137 59 109 127 57 226 19 13 80 0,77 106 284
PFG_MOEA,584,6,411.21,4974.5,0 38 172 182 319 303 357 266 141 86 199 228 267 366 289 231 34 58 68 161 235 35 249 88 135 233 156 94 230 374 92 11 36 397 350 311 4 314 193 340 299 321 269 120 142 37 51 123 145 132 339 322 121 146 294 174 320 364 393 3 229 308 356 264 259 246 42 300 329 112 221 242 96 0,51 174 229 246 299
PFG_MOEA,584,7,411.21,4974.5,0 399 200 165 191 152 247 255 1 262 250 28 345 377 395 400 394 188 301 372 21 167 291 139 149 157 63 316 387 327 17 43 85 215 73 254 183 354 69 265 346 315 99 175 251 190 390 18 103 155 83 378 213 234 227 398 93 224 179 232 225 97 71 33 260 148 238 129 330 192 48 31 304 0,93
PFG_MOEA,584,8,411.21,4974.5,0 382 383 10 391 271 39 46 54 268 272 30 66 166 205 208 6 204 154 305 326 283 65 297 62 241 110 140 286 317 333 180 220 158 189 64 20 126 124 7 56 217 55 25 367 170 361 209 287 0,55 62 66 220
PFG_MOEA,584,9,411.21,4974.5,0 380 0,
PFG_MOEA,584,10,411.21,4974.5,0 16 369 15 0,
PFG_MOEA,584,11,411.21,4974.5,0 168 203 178 82 41 0,178
PFG_MOEA,584,12,411.21,4974.5,0 335 360 338 202 306 370 342 144 176 27 98 78 196 296 347 332 216 47 125 9 150 147 324 211 244 223 104 310 282 143 309 5 195 379 79 160 50 60 270 257 210 45 153 278 87 171 353 348 75 328 248 258 376 368 290 343 349 344 243 117 0,
PFG_MOEA,585,1,312.55,5795.78,0 336 138 239 122 296 347 332 324 275 277 104 211 244 223 102 352 363 323 194 147 101 95 222 0,122 211 222 277
PFG_MOEA,585,2,312.55,5795.78,0 335 360 207 307 313 359 187 100 310 282 143 79 160 50 60 257 270 379 195 5 309 280 351 237 256 274 49 198 252 236 381 23 90 12 214 185 118 281 26 334 298 371 72 52 130 44 386 80 0,5 307
PFG_MOEA,585,3,312.55,5795.78,0 13 19 226 57 127 109 59 137 136 273 77 151 218 197 388 261 106 173 302 107 164 67 312 201 362 123 51 145 294 174 339 132 142 120 269 321 299 0,174
PFG_MOEA,585,4,312.55,5795.78,0 340 233 135 88 249 35 235 161 68 58 34 231 289 366 267 228 141 266 303 357 319 86 199 156 94 0,303
PFG_MOEA,585,5,312.55,5795.78,0 38 172 182 397 36 11 92 374 230 311 350 4 314 193 37 322 121 146 320 364 393 3 229 308 356 264 259 246 42 300 329 112 191 152 221 242 96 0,42 264
PFG_MOEA,585,6,312.55,5795.78,0 200 165 129 0,
PFG_MOEA,585,7,312.55,5795.78,0 304 330 395 400 394 188 301 372 21 167 291 139 149 157 63 316 387 17 43 33 71 224 260 0,
PFG_MOEA,585,8,312.55,5795.78,0 399 247 28 250 345 377 262 1 255 327 254 73 215 85 93 179 232 225 97 148 238 192 48 31 0,93
PFG_MOEA,585,9,312.55,5795.78,0 378 69 183 354 265 346 315 99 175 251 190 390 18 103 155 83 234 213 227 398 209 361 170 367 25 55 217 56 7 180 333 317 286 140 110 62 297 65 283 326 305 154 204 6 208 241 220 158 189 64 20 126 124 0,175
PFG_MOEA,585,10,312.55,5795.78,0 287 382 383 10 268 272 30 66 166 205 271 39 391 53 293 133 331 285 392 115 245 396 240 385 288 177 181 358 337 384 111 116 76 113 81 29 325 355 131 84 114 389 105 341 219 0,
PFG_MOEA,585,11,312.55,5795.78,0 91 24 212 375 14 108 169 373 8 263 292 70 318 184 284 74 279 159 162 22 134 186 89 216 47 125 9 150 163 61 365 253 206 46 54 0,
PFG_MOEA,585,12,312.55,5795.78,0 41 82 178 117 243 344 349 343 290 368 376 258 248 328 75 171 87 153 278 210 45 353 348 2 119 128 295 40 32 276 196 78 98 27 176 144 342 370 306 202 338 203 168 369 380 16 15 0,16 87 203
PFG_MOEA,586,1,389.39,5146.42,0 163 78 53 293 133 331 285 392 98 115 245 27 396 240 385 288 177 181 358 337 384 111 116 76 113 81 29 325 355 131 84 114 389 91 279 74 159 162 371 219 298 341 22 134 186 105 118 185 0,
PFG_MOEA,586,2,389.39,5146.42,0 281 26 334 24 212 375 284 14 184 318 70 292 263 8 373 169 108 72 52 130 44 386 51 145 123 362 201 294 312 67 164 107 302 173 106 261 388 197 218 151 77 273 136 137 59 109 127 57 226 19 13 80 0,
PFG_MOEA,586,3,389.39,5146.42,0 142 339 174 132 120 269 321 299 340 233 135 88 249 35 235 161 68 58 34 231 289 366 267 228 141 266 303 357 319 86 199 156 94 230 374 92 11 36 397 350 311 4 314 193 0,88
PFG_MOEA,586,4,389.39,5146.42,0 182 172 38 0,
PFG_MOEA,586,5,389.39,5146.42,0 37 322 121 146 320 364 393 3 229 308 356 264 259 246 42 300 329 112 152 191 165 200 221 242 96 0,152 264 329
PFG_MOEA,586,6,389.39,5146.42,0 129 33 71 224 260 0,
PFG_MOEA,586,7,389.39,5146.42,0 399 247 255 1 262 250 28 345 377 395 400 394 188 301 372 21 167 291 139 149 157 63 316 387 17 43 73 254 327 183 354 69 215 85 93 179 232 225 97 148 48 238 330 192 31 304 0,395
PFG_MOEA,586,8,389.39,5146.42,0 16 15 168 203 369 380 391 271 39 268 272 30 66 166 205 208 6 204 154 305 326 283 65 297 62 241 110 140 286 317 333 180 220 158 189 64 20 126 124 7 56 217 55 25 367 170 361 209 398 227 234 213 190 251 175 99 315 346 265 390 18 103 155 83 378 54 46 287 10 383 382 41 0,7 16 20 103 272
PFG_MOEA,586,9,389.39,5146.42,0 82 178 117 243 368 376 258 353 153 171 87 278 210 143 237 256 274 49 100 282 310 104 102 277 275 194 323 363 352 101 198 95 222 138 122 276 336 252 236 128 23 381 90 119 2 12 0,
PFG_MOEA,586,10,389.39,5146.42,0 344 349 351 280 309 5 79 160 50 60 257 270 379 195 45 348 75 328 248 290 343 187 0,
PFG_MOEA,586,11,389.39,5146.42,0 214 295 40 32 239 370 342 144 176 150 47 9 125 216 89 61 207 307 313 359 206 253 365 360 335 0,176
PFG_MOEA,586,12,389.39,5146.42,0 338 202 306 196 296 347 332 324 147 211 244 223 0,
PFG_MOEA,587,1,413.96,4915.5,0 187 206 253 365 359 313 307 207 61 12 89 2 119 128 236 252 336 138 163 222 95 198 351 280 237 256 274 49 100 102 277 275 194 323 363 352 101 53 293 133 331 285 392 122 239 276 32 40 295 23 381 90 113 81 29 76 116 111 384 337 358 181 177 288 385 240 396 245 115 22 118 185 214 0,245 381
PFG_MOEA,587,2,413.96,4915.5,0 281 84 131 325 355 114 389 186 134 341 298 26 334 0,
PFG_MOEA,587,3,413.96,4915.5,0 371 219 105 162 159 74 279 91 24 212 375 284 14 184 318 70 292 263 8 373 169 108 72 52 130 44 386 362 201 312 67 164 107 302 173 106 261 388 197 218 151 77 273 136 137 59 0,
PFG_MOEA,587,4,413.96,4915.5,0 57 127 109 226 0,
PFG_MOEA,587,5,413.96,4915.5,0 19 0,
PFG_MOEA,587,6,413.96,4915.5,0 38 303 357 266 141 86 199 228 267 366 289 231 34 58 68 161 235 35 249 88 135 233 319 182 172 13 80 0,88
PFG_MOEA,587,7,413.96,4915.5,0 399 397 36 11 92 156 94 230 374 350 311 4 314 193 340 299 321 269 120 142 37 51 123 145 132 339 322 121 146 294 174 320 364 393 3 229 308 356 264 259 246 42 300 329 112 191 165 200 221 242 96 0,11 340 374 393
PFG_MOEA,587,8,413.96,4915.5,0 152 247 255 1 262 250 28 345 377 395 400 394 188 301 372 21 167 291 139 149 157 63 316 387 327 17 43 85 215 73 254 183 354 69 265 346 315 99 175 251 190 390 18 103 155 83 378 213 234 227 398 93 0,1 152 175 227
PFG_MOEA,587,9,413.96,4915.5,0 304 31 48 192 330 238 129 148 260 391 271 39 268 272 30 66 166 205 208 6 204 154 305 326 283 65 297 62 241 110 140 286 317 333 180 220 158 189 64 20 126 124 7 56 217 55 25 367 170 361 209 71 33 97 225 232 179 224 0,55 391
PFG_MOEA,587,10,413.96,4915.5,0 287 10 383 382 0,
PFG_MOEA,587,11,413.96,4915.5,0 16 15 168 203 369 380 82 178 117 243 349 344 54 46 41 0,
PFG_MOEA,587,12,413.96,4915.5,0 335 360 216 150 9 47 125 309 5 343 290 368 376 258 248 328 75 171 87 278 153 353 348 45 210 195 379 270 257 60 50 160 79 143 282 310 104 223 244 211 324 147 332 347 296 196 78 98 27 176 144 342 370 306 202 338 0,
PFG_MOEA,588,1,320.55,5348.04,0 80 13 172 182 397 36 11 92 233 135 88 249 35 235 161 68 58 34 231 289 319 399 0,
PFG_MOEA,588,2,320.55,5348.04,0 374 230 94 156 311 350 4 314 193 340 299 321 269 120 142 132 339 174 320 364 308 229 3 393 294 146 121 322 123 145 51 37 0,393
PFG_MOEA,588,3,320.55,5348.04,0 96 242 221 200 165 112 329 300 191 152 247 255 1 262 42 250 28 246 259 264 356 345 377 395 400 394 188 301 372 21 167 291 139 149 157 63 316 387 327 17 43 85 215 73 254 183 354 69 265 346 315 99 175 251 190 0,215
PFG_MOEA,588,4,320.55,5348.04,0 304 31 192 330 238 129 398 227 234 213 18 390 286 140 110 241 93 260 148 48 0,
PFG_MOEA,588,5,320.55,5348.04,0 317 333 0,
PFG_MOEA,588,6,320.55,5348.04,0 33 71 209 361 170 367 25 55 217 56 7 180 220 158 189 64 20 126 124 224 10 383 382 16 203 168 15 0,25
PFG_MOEA,588,7,320.55,5348.04,0 380 369 335 360 216 150 9 47 125 309 5 195 379 270 210 45 348 353 153 278 87 171 75 328 248 258 376 368 290 343 54 46 344 349 243 117 178 82 41 0,
PFG_MOEA,588,8,320.55,5348.04,0 338 202 306 370 342 144 176 27 98 78 196 296 347 332 147 324 211 244 223 104 310 282 143 79 160 50 60 257 6 204 154 305 326 283 62 297 65 208 205 166 66 30 272 268 0,66
PFG_MOEA,588,9,320.55,5348.04,0 187 206 253 365 359 313 307 207 61 12 89 2 119 128 236 252 336 138 163 222 95 198 351 256 237 280 391 271 39 378 83 155 103 232 179 287 225 97 0,138 307
PFG_MOEA,588,10,320.55,5348.04,0 22 389 114 84 131 325 355 29 81 113 76 116 111 384 337 358 181 177 288 385 240 396 245 115 392 285 331 133 293 53 101 352 363 323 194 275 277 102 100 49 274 122 239 276 32 40 295 23 381 90 214 185 281 118 0,323 331
PFG_MOEA,588,11,320.55,5348.04,0 334 298 26 105 186 134 341 219 371 24 212 375 14 184 318 70 292 263 8 373 169 284 74 279 91 159 162 0,134
PFG_MOEA,588,12,320.55,5348.04,0 38 19 226 57 127 109 59 137 136 273 77 151 218 197 388 261 106 173 302 107 164 67 312 201 362 366 267 228 386 44 130 52 72 108 303 357 266 141 86 199 0,106 386
PFG_MOEA,589,1,759.34,4800.0,0 219 341 105 389 114 84 131 355 325 29 81 113 76 116 111 384 337 358 181 177 288 385 240 396 245 115 392 285 331 133 293 53 163 150 9 125 47 216 89 61 206 253 365 0,245
PFG_MOEA,589,2,759.34,4800.0,0 22 134 186 162 159 279 74 284 184 318 70 292 263 8 373 169 108 14 375 212 24 91 0,318
PFG_MOEA,589,3,759.34,4800.0,0 304 31 48 148 260 224 71 33 129 238 330 192 200 165 112 191 152 127 57 109 59 137 273 136 247 17 43 85 215 73 254 69 354 183 327 387 157 149 188 394 316 63 262 1 255 250 28 42 400 395 377 345 356 264 259 246 308 229 197 218 151 77 107 164 67 302 388 3 106 173 261 320 364 393 312 201 362 329 300 123 51 145 322 121 146 294 174 339 132 120 142 37 269 321 299 340 233 135 88 249 35 161 235 68 58 34 386 231 289 366 267 228 44 130 52 72 303 357 319 266 141 86 92 199 156 94 230 311 374 11 36 397 350 4 314 193 182 172 13 19 226 221 242 96 80 38 0,33 106 174 200 303 311 394
PFG_MOEA,589,4,759.34,4800.0,0 378 83 155 103 18 190 251 175 99 315 346 372 301 167 21 139 291 265 390 234 0,
PFG_MOEA,589,5,759.34,4800.0,0 179 391 271 39 30 272 268 46 54 93 398 227 213 232 0,391
PFG_MOEA,589,6,759.34,4800.0,0 225 0,
PFG_MOEA,589,7,759.34,4800.0,0 97 209 361 170 367 0,
PFG_MOEA,589,8,759.34,4800.0,0 399 15 168 203 338 202 306 370 342 144 176 27 98 78 196 369 380 16 41 82 178 117 243 344 349 66 343 290 368 376 258 248 328 75 348 353 45 210 278 153 171 87 6 208 205 166 158 189 220 241 62 297 65 283 204 154 305 326 110 140 180 333 317 286 25 55 217 56 7 124 126 20 64 287 10 383 382 0,62 66 205 220 342
PFG_MOEA,589,9,759.34,4800.0,0 2 119 128 295 40 32 276 239 122 296 332 347 138 336 222 95 101 194 147 324 275 323 363 352 277 102 223 244 211 104 310 100 282 143 79 160 50 60 257 270 379 195 5 309 280 351 237 256 274 49 198 252 236 0,
PFG_MOEA,589,10,759.34,4800.0,0 381 23 90 12 207 307 0,
PFG_MOEA,589,11,759.34,4800.0,0 335 187 359 313 360 214 0,
PFG_MOEA,589,12,759.34,4800.0,0 185 118 281 26 334 298 371 0,
PFG_MOEA,590,1,314.81,5596.11,0 12 90 128 236 252 336 276 138 222 198 49 274 256 237 351 280 309 5 290 343 313 207 0,222
PFG_MOEA,590,2,314.81,5596.11,0 91 292 263 8 373 169 108 14 375 212 24 371 219 341 298 334 26 281 118 185 214 295 40 32 239 122 95 101 352 363 323 194 275 277 102 100 23 381 119 2 307 359 187 148 48 31 304 0,23
PFG_MOEA,590,3,314.81,5596.11,0 260 224 71 33 127 152 191 112 165 200 129 238 330 192 0,33
PFG_MOEA,590,4,314.81,5596.11,0 57 67 302 173 106 3 388 164 107 77 151 218 197 229 308 246 259 264 356 345 377 395 400 42 28 250 255 1 262 63 316 394 188 149 157 387 327 183 354 69 254 73 215 85 43 17 247 136 273 137 59 109 0,
PFG_MOEA,590,5,314.81,5596.11,0 329 300 362 123 51 145 322 121 146 201 261 320 364 393 312 294 174 339 132 206 253 365 360 335 0,362 393
PFG_MOEA,590,6,314.81,5596.11,0 61 358 181 177 288 385 240 396 245 115 392 285 331 133 293 53 163 150 9 125 47 216 89 0,
PFG_MOEA,590,7,314.81,5596.11,0 80 13 19 226 35 161 235 58 34 386 231 289 366 267 228 44 130 52 72 318 70 184 284 74 279 159 162 389 114 355 325 384 337 111 116 76 113 81 29 131 84 105 186 134 22 0,
PFG_MOEA,590,8,314.81,5596.11,0 38 96 242 221 172 182 397 350 311 4 314 193 230 94 156 374 36 11 92 319 357 303 266 141 86 199 68 135 88 249 233 340 299 321 269 120 142 37 301 21 139 291 167 372 346 315 99 175 251 0,182
PFG_MOEA,590,9,314.81,5596.11,0 97 225 232 179 391 271 158 241 62 297 65 283 204 154 305 326 110 140 286 317 333 180 220 126 124 7 56 217 55 25 367 170 361 209 227 234 213 190 390 265 18 103 155 83 378 398 93 54 46 268 272 30 39 0,65 154
PFG_MOEA,590,10,314.81,5596.11,0 399 15 16 380 41 82 178 117 243 344 349 20 189 64 166 205 208 6 87 171 153 278 210 353 258 376 368 66 287 10 383 382 0,243
PFG_MOEA,590,11,314.81,5596.11,0 369 338 203 168 0,
PFG_MOEA,590,12,314.81,5596.11,0 202 306 370 342 144 176 27 98 78 196 296 347 332 324 147 211 244 223 104 310 282 143 79 160 50 60 257 270 379 195 45 348 75 328 248 0,370
PFG_MOEA,591,1,411.21,4974.5,0 12 90 381 23 32 276 239 336 138 222 198 49 274 256 237 351 280 252 236 128 119 2 0,23
PFG_MOEA,591,2,411.21,4974.5,0 22 118 185 214 295 40 122 392 285 331 133 293 53 101 352 363 323 194 275 277 102 100 95 163 61 89 207 307 313 359 365 253 206 187 0,22 100
PFG_MOEA,591,3,411.21,4974.5,0 115 0,
PFG_MOEA,591,4,411.21,4974.5,0 245 396 240 385 288 177 181 358 337 384 111 116 76 113 81 29 325 355 0,
PFG_MOEA,591,5,411.21,4974.5,0 281 26 334 298 341 134 186 131 84 114 389 105 219 371 162 159 74 279 91 24 212 375 284 14 184 318 70 292 263 8 373 169 108 72 52 130 44 386 362 201 312 67 164 107 302 173 106 261 388 197 218 151 77 273 136 137 59 109 127 57 226 19 13 80 0,77 106 284
PFG_MOEA,591,6,411.21,4974.5,0 38 172 182 319 303 357 266 141 86 199 228 267 366 289 231 34 58 68 161 235 35 249 88 135 233 156 94 230 374 92 11 36 397 350 311 4 314 193 340 299 321 269 120 142 37 51 123 145 132 339 322 121 146 294 174 320 364 393 3 229 308 356 264 259 246 42 300 329 112 221 242 96 0,51 174 229 246 299
PFG_MOEA,591,7,411.21,4974.5,0 399 200 165 191 152 247 255 1 262 250 28 345 377 395 400 394 188 301 372 21 167 291 139 149 157 63 316 387 327 17 43 85 215 73 254 183 354 69 265 346 315 99 175 251 190 390 18 103 155 83 378 213 234 227 398 93 224 179 232 225 97 71 33 260 148 238 129 330 192 48 31 304 0,93
PFG_MOEA,591,8,411.21,4974.5,0 382 383 10 391 271 39 46 54 268 272 30 66 166 205 208 6 204 154 305 326 283 65 297 62 241 110 140 286 317 333 180 220 158 189 64 20 126 124 7 56 217 55 25 367 170 361 209 287 0,55 62 66 220
PFG_MOEA,591,9,411.21,4974.5,0 380 0,
PFG_MOEA,591,10,411.21,4974.5,0 16 369 15 0,
PFG_MOEA,591,11,411.21,4974.5,0 168 203 178 82 41 0,178
PFG_MOEA,591,12,411.21,4974.5,0 335 360 338 202 306 370 342 144 176 27 98 78 196 296 347 332 216 47 125 9 150 147 324 211 244 223 104 310 282 143 309 5 195 379 79 160 50 60 270 257 210 45 153 278 87 171 353 348 75 328 248 258 376 368 290 343 349 344 243 117 0,
PFG_MOEA,592,1,312.55,5795.78,0 336 138 239 122 296 347 332 324 275 277 104 211 244 223 102 352 363 323 194 147 101 95 222 0,122 211 222 277
PFG_MOEA,592,2,312.55,5795.78,0 335 360 207 307 313 359 187 100 310 282 143 79 160 50 60 257 270 379 195 5 309 280 351 237 256 274 49 198 252 236 381 23 90 12 214 185 118 281 26 334 298 371 72 52 130 44 386 80 0,5 307
PFG_MOEA,592,3,312.55,5795.78,0 13 19 226 57 127 109 59 137 136 273 77 151 218 197 388 261 106 173 302 107 164 67 312 201 362 123 51 145 294 174 339 132 142 120 269 321 299 0,174
PFG_MOEA,592,4,312.55,5795.78,0 340 233 135 88 249 35 235 161 68 58 34 231 289 366 267 228 141 266 303 357 319 86 199 156 94 0,303
PFG_MOEA,592,5,312.55,5795.78,0 38 172 182 397 36 11 92 374 230 311 350 4 314 193 37 322 121 146 320 364 393 3 229 308 356 264 259 246 42 300 329 112 191 152 221 242 96 0,42 264
PFG_MOEA,592,6,312.55,5795.78,0 200 165 129 0,
PFG_MOEA,592,7,312.55,5795.78,0 304 330 395 400 394 188 301 372 21 167 291 139 149 157 63 316 387 17 43 33 71 224 260 0,
PFG_MOEA,592,8,312.55,5795.78,0 399 247 28 250 345 377 262 1 255 327 254 73 215 85 93 179 232 225 97 148 238 192 48 31 0,93
PFG_MOEA,592,9,312.55,5795.78,0 378 69 183 354 265 346 315 99 175 251 190 390 18 103 155 83 234 213 227 398 209 361 170 367 25 55 217 56 7 180 333 317 286 140 110 62 297 65 283 326 305 154 204 6 208 241 220 158 189 64 20 126 124 0,175
PFG_MOEA,592,10,312.55,5795.78,0 287 382 383 10 268 272 30 66 166 205 271 39 391 53 293 133 331 285 392 115 245 396 240 385 288 177 181 358 337 384 111 116 76 113 81 29 325 355 131 84 114 389 105 341 219 0,
PFG_MOEA,592,11,312.55,5795.78,0 91 24 212 375 14 108 169 373 8 263 292 70 318 184 284 74 279 159 162 22 134 186 89 216 47 125 9 150 163 61 365 253 206 46 54 0,
PFG_MOEA,592,12,312.55,5795.78,0 41 82 178 117 243 344 349 343 290 368 376 258 248 328 75 171 87 153 278 210 45 353 348 2 119 128 295 40 32 276 196 78 98 27 176 144 342 370 306 202 338 203 168 369 380 16 15 0,16 87 203
PFG_MOEA,593,1,389.39,5146.42,0 163 78 53 293 133 331 285 392 98 115 245 27 396 240 385 288 177 181 358 337 384 111 116 76 113 81 29 325 355 131 84 114 389 91 279 74 159 162 371 219 298 341 22 134 186 105 118 185 0,
PFG_MOEA,593,2,389.39,5146.42,0 281 26 334 24 212 375 284 14 184 318 70 292 263 8 373 169 108 72 52 130 44 386 51 145 123 362 201 294 312 67 164 107 302 173 106 261 388 197 218 151 77 273 136 137 59 109 127 57 226 19 13 80 0,
PFG_MOEA,593,3,389.39,5146.42,0 142 339 174 132 120 269 321 299 340 233 135 88 249 35 235 161 68 58 34 231 289 366 267 228 141 266 303 357 319 86 199 156 94 230 374 92 11 36 397 350 311 4 314 193 0,88
PFG_MOEA,593,4,389.39,5146.42,0 182 172 38 0,
PFG_MOEA,593,5,389.39,5146.42,0 37 322 121 146 320 364 393 3 229 308 356 264 259 246 42 300 329 112 152 191 165 200 221 242 96 0,152 264 329
PFG_MOEA,593,6,389.39,5146.42,0 129 33 71 224 260 0,
PFG_MOEA,593,7,389.39,5146.42,0 399 247 255 1 262 250 28 345 377 395 400 394 188 301 372 21 167 291 139 149 157 63 316 387 17 43 73 254 327 183 354 69 215 85 93 179 232 225 97 148 48 238 330 192 31 304 0,395
PFG_MOEA,593,8,389.39,5146.42,0 16 15 168 203 369 380 391 271 39 268 272 30 66 166 205 208 6 204 154 305 326 283 65 297 62 241 110 140 286 317 333 180 220 158 189 64 20 126 124 7 56 217 55 25 367 170 361 209 398 227 234 213 190 251 175 99 315 346 265 390 18 103 155 83 378 54 46 287 10 383 382 41 0,7 16 20 103 272
PFG_MOEA,593,9,389.39,5146.42,0 82 178 117 243 368 376 258 353 153 171 87 278 210 143 237 256 274 49 100 282 310 104 102 277 275 194 323 363 352 101 198 95 222 138 122 276 336 252 236 128 23 381 90 119 2 12 0,
PFG_MOEA,593,10,389.39,5146.42,0 344 349 351 280 309 5 79 160 50 60 257 270 379 195 45 348 75 328 248 290 343 187 0,
PFG_MOEA,593,11,389.39,5146.42,0 214 295 40 32 239 370 342 144 176 150 47 9 125 216 89 61 207 307 313 359 206 253 365 360 335 0,176
PFG_MOEA,593,12,389.39,5146.42,0 338 202 306 196 296 347 332 324 147 211 244 223 0,
PFG_MOEA,594,1,413.96,4915.5,0 187 206 253 365 359 313 307 207 61 12 89 2 119 128 236 252 336 138 163 222 95 198 351 280 237 256 274 49 100 102 277 275 194 323 363 352 101 53 293 133 331 285 392 122 239 276 32 40 295 23 381 90 113 81 29 76 116 111 384 337 358 181 177 288 385 240 396 245 115 22 118 185 214 0,245 381
PFG_MOEA,594,2,413.96,4915.5,0 281 84 131 325 355 114 389 186 134 341 298 26 334 0,
PFG_MOEA,594,3,413.96,4915.5,0 371 219 105 162 159 74 279 91 24 212 375 284 14 184 318 70 292 263 8 373 169 108 72 52 130 44 386 362 201 312 67 164 107 302 173 106 261 388 197 218 151 77 273 136 137 59 0,
PFG_MOEA,594,4,413.96,4915.5,0 57 127 109 226 0,
PFG_MOEA,594,5,413.96,4915.5,0 19 0,
PFG_MOEA,594,6,413.96,4915.5,0 38 303 357 266 141 86 199 228 267 366 289 231 34 58 68 161 235 35 249 88 135 233 319 182 172 13 80 0,88
PFG_MOEA,594,7,413.96,4915.5,0 399 397 36 11 92 156 94 230 374 350 311 4 314 193 340 299 321 269 120 142 37 51 123 145 132 339 322 121 146 294 174 320 364 393 3 229 308 356 264 259 246 42 300 329 112 191 165 200 221 242 96 0,11 340 374 393
PFG_MOEA,594,8,413.96,4915.5,0 152 247 255 1 262 250 28 345 377 395 400 394 188 301 372 21 167 291 139 149 157 63 316 387 327 17 43 85 215 73 254 183 354 69 265 346 315 99 175 251 190 390 18 103 155 83 378 213 234 227 398 93 0,1 152 175 227
PFG_MOEA,594,9,413.96,4915.5,0 304 31 48 192 330 238 129 148 260 391 271 39 268 272 30 66 166 205 208 6 204 154 305 326 283 65 297 62 241 110 140 286 317 333 180 220 158 189 64 20 126 124 7 56 217 55 25 367 170 361 209 71 33 97 225 232 179 224 0,55 391
PFG_MOEA,594,10,413.96,4915.5,0 287 10 383 382 0,
PFG_MOEA,594,11,413.96,4915.5,0 16 15 168 203 369 380 82 178 117 243 349 344 54 46 41 0,
PFG_MOEA,594,12,413.96,4915.5,0 335 360 216 150 9 47 125 309 5 343 290 368 376 258 248 328 75 171 87 278 153 353 348 45 210 195 379 270 257 60 50 160 79 143 282 310 104 223 244 211 324 147 332 347 296 196 78 98 27 176 144 342 370 306 202 338 0,
PFG_MOEA,595,1,320.55,5348.04,0 80 13 172 182 397 36 11 92 233 135 88 249 35 235 161 68 58 34 231 289 319 399 0,
PFG_MOEA,595,2,320.55,5348.04,0 374 230 94 156 311 350 4 314 193 340 299 321 269 120 142 132 339 174 320 364 308 229 3 393 294 146 121 322 123 145 51 37 0,393
PFG_MOEA,595,3,320.55,5348.04,0 96 242 221 200 165 112 329 300 191 152 247 255 1 262 42 250 28 246 259 264 356 345 377 395 400 394 188 301 372 21 167 291 139 149 157 63 316 387 327 17 43 85 215 73 254 183 354 69 265 346 315 99 175 251 190 0,215
PFG_MOEA,595,4,320.55,5348.04,0 304 31 192 330 238 129 398 227 234 213 18 390 286 140 110 241 93 260 148 48 0,
PFG_MOEA,595,5,320.55,5348.04,0 317 333 0,
PFG_MOEA,595,6,320.55,5348.04,0 33 71 209 361 170 367 25 55 217 56 7 180 220 158 189 64 20 126 124 224 10 383 382 16 203 168 15 0,25
PFG_MOEA,595,7,320.55,5348.04,0 380 369 335 360 216 150 9 47 125 309 5 195 379 270 210 45 348 353 153 278 87 171 75 328 248 258 376 368 290 343 54 46 344 349 243 117 178 82 41 0,
PFG_MOEA,595,8,320.55,5348.04,0 338 202 306 370 342 144 176 27 98 78 196 296 347 332 147 324 211 244 223 104 310 282 143 79 160 50 60 257 6 204 154 305 326 283 62 297 65 208 205 166 66 30 272 268 0,66
PFG_MOEA,595,9,320.55,5348.04,0 187 206 253 365 359 313 307 207 61 12 89 2 119 128 236 252 336 138 163 222 95 198 351 256 237 280 391 271 39 378 83 155 103 232 179 287 225 97 0,138 307
PFG_MOEA,595,10,320.55,5348.04,0 22 389 114 84 131 325 355 29 81 113 76 116 111 384 337 358 181 177 288 385 240 396 245 115 392 285 331 133 293 53 101 352 363 323 194 275 277 102 100 49 274 122 239 276 32 40 295 23 381 90 214 185 281 118 0,323 331
PFG_MOEA,595,11,320.55,5348.04,0 334 298 26 105 186 134 341 219 371 24 212 375 14 184 318 70 292 263 8 373 169 284 74 279 91 159 162 0,134
PFG_MOEA,595,12,320.55,5348.04,0 38 19 226 57 127 109 59 137 136 273 77 151 218 197 388 261 106 173 302 107 164 67 312 201 362 366 267 228 386 44 130 52 72 108 303 357 266 141 86 199 0,106 386
PFG_MOEA,596,1,759.34,4800.0,0 219 341 105 389 114 84 131 355 325 29 81 113 76 116 111 384 337 358 181 177 288 385 240 396 245 115 392 285 331 133 293 53 163 150 9 125 47 216 89 61 206 253 365 0,245
PFG_MOEA,596,2,759.34,4800.0,0 22 134 186 162 159 279 74 284 184 318 70 292 263 8 373 169 108 14 375 212 24 91 0,318
PFG_MOEA,596,3,759.34,4800.0,0 304 31 48 148 260 224 71 33 129 238 330 192 200 165 112 191 152 127 57 109 59 137 273 136 247 17 43 85 215 73 254 69 354 183 327 387 157 149 188 394 316 63 262 1 255 250 28 42 400 395 377 345 356 264 259 246 308 229 197 218 151 77 107 164 67 302 388 3 106 173 261 320 364 393 312 201 362 329 300 123 51 145 322 121 146 294 174 339 132 120 142 37 269 321 299 340 233 135 88 249 35 161 235 68 58 34 386 231 289 366 267 228 44 130 52 72 303 357 319 266 141 86 92 199 156 94 230 311 374 11 36 397 350 4 314 193 182 172 13 19 226 221 242 96 80 38 0,33 106 174 200 303 311 394
PFG_MOEA,596,4,759.34,4800.0,0 378 83 155 103 18 190 251 175 99 315 346 372 301 167 21 139 291 265 390 234 0,
PFG_MOEA,596,5,759.34,4800.0,0 179 391 271 39 30 272 268 46 54 93 398 227 213 232 0,391
PFG_MOEA,596,6,759.34,4800.0,0 225 0,
PFG_MOEA,596,7,759.34,4800.0,0 97 209 361 170 367 0,
PFG_MOEA,596,8,759.34,4800.0,0 399 15 168 203 338 202 306 370 342 144 176 27 98 78 196 369 380 16 41 82 178 117 243 344 349 66 343 290 368 376 258 248 328 75 348 353 45 210 278 153 171 87 6 208 205 166 158 189 220 241 62 297 65 283 204 154 305 326 110 140 180 333 317 286 25 55 217 56 7 124 126 20 64 287 10 383 382 0,62 66 205 220 342
PFG_MOEA,596,9,759.34,4800.0,0 2 119 128 295 40 32 276 239 122 296 332 347 138 336 222 95 101 194 147 324 275 323 363 352 277 102 223 244 211 104 310 100 282 143 79 160 50 60 257 270 379 195 5 309 280 351 237 256 274 49 198 252 236 0,
PFG_MOEA,596,10,759.34,4800.0,0 381 23 90 12 207 307 0,
PFG_MOEA,596,11,759.34,4800.0,0 335 187 359 313 360 214 0,
PFG_MOEA,596,12,759.34,4800.0,0 185 118 281 26 334 298 371 0,
PFG_MOEA,597,1,314.81,5596.11,0 12 90 128 236 252 336 276 138 222 198 49 274 256 237 351 280 309 5 290 343 313 207 0,222
PFG_MOEA,597,2,314.81,5596.11,0 91 292 263 8 373 169 108 14 375 212 24 371 219 341 298 334 26 281 118 185 214 295 40 32 239 122 95 101 352 363 323 194 275 277 102 100 23 381 119 2 307 359 187 148 48 31 304 0,23
PFG_MOEA,597,3,314.81,5596.11,0 260 224 71 33 127 152 191 112 165 200 129 238 330 192 0,33
PFG_MOEA,597,4,314.81,5596.11,0 57 67 302 173 106 3 388 164 107 77 151 218 197 229 308 246 259 264 356 345 377 395 400 42 28 250 255 1 262 63 316 394 188 149 157 387 327 183 354 69 254 73 215 85 43 17 247 136 273 137 59 109 0,
PFG_MOEA,597,5,314.81,5596.11,0 329 300 362 123 51 145 322 121 146 201 261 320 364 393 312 294 174 339 132 206 253 365 360 335 0,362 393
PFG_MOEA,597,6,314.81,5596.11,0 61 358 181 177 288 385 240 396 245 115 392 285 331 133 293 53 163 150 9 125 47 216 89 0,
PFG_MOEA,597,7,314.81,5596.11,0 80 13 19 226 35 161 235 58 34 386 231 289 366 267 228 44 130 52 72 318 70 184 284 74 279 159 162 389 114 355 325 384 337 111 116 76 113 81 29 131 84 105 186 134 22 0,
PFG_MOEA,597,8,314.81,5596.11,0 38 96 242 221 172 182 397 350 311 4 314 193 230 94 156 374 36 11 92 319 357 303 266 141 86 199 68 135 88 249 233 340 299 321 269 120 142 37 301 21 139 291 167 372 346 315 99 175 251 0,182
PFG_MOEA,597,9,314.81,5596.11,0 97 225 232 179 391 271 158 241 62 297 65 283 204 154 305 326 110 140 286 317 333 180 220 126 124 7 56 217 55 25 367 170 361 209 227 234 213 190 390 265 18 103 155 83 378 398 93 54 46 268 272 30 39 0,65 154
PFG_MOEA,597,10,314.81,5596.11,0 399 15 16 380 41 82 178 117 243 344 349 20 189 64 166 205 208 6 87 171 153 278 210 353 258 376 368 66 287 10 383 382 0,243
PFG_MOEA,597,11,314.81,5596.11,0 369 338 203 168 0,
PFG_MOEA,597,12,314.81,5596.11,0 202 306 370 342 144 176 27 98 78 196 296 347 332 324 147 211 244 223 104 310 282 143 79 160 50 60 257 270 379 195 45 348 75 328 248 0,370
PFG_MOEA,598,1,411.21,4974.5,0 12 90 381 23 32 276 239 336 138 222 198 49 274 256 237 351 280 252 236 128 119 2 0,23
PFG_MOEA,598,2,411.21,4974.5,0 22 118 185 214 295 40 122 392 285 331 133 293 53 101 352 363 323 194 275 277 102 100 95 163 61 89 207 307 313 359 365 253 206 187 0,22 100
PFG_MOEA,598,3,411.21,4974.5,0 115 0,
PFG_MOEA,598,4,411.21,4974.5,0 245 396 240 385 288 177 181 358 337 384 111 116 76 113 81 29 325 355 0,
PFG_MOEA,598,5,411.21,4974.5,0 281 26 334 298 341 134 186 131 84 114 389 105 219 371 162 159 74 279 91 24 212 375 284 14 184 318 70 292 263 8 373 169 108 72 52 130 44 386 362 201 312 67 164 107 302 173 106 261 388 197 218 151 77 273 136 137 59 109 127 57 226 19 13 80 0,77 106 284
PFG_MOEA,598,6,411.21,4974.5,0 38 172 182 319 303 357 266 141 86 199 228 267 366 289 231 34 58 68 161 235 35 249 88 135 233 156 94 230 374 92 11 36 397 350 311 4 314 193 340 299 321 269 120 142 37 51 123 145 132 339 322 121 146 294 174 320 364 393 3 229 308 356 264 259 246 42 300 329 112 221 242 96 0,51 174 229 246 299
PFG_MOEA,598,7,411.21,4974.5,0 399 200 165 191 152 247 255 1 262 250 28 345 377 395 400 394 188 301 372 21 167 291 139 149 157 63 316 387 327 17 43 85 215 73 254 183 354 69 265 346 315 99 175 251 190 390 18 103 155 83 378 213 234 227 398 93 224 179 232 225 97 71 33 260 148 238 129 330 192 48 31 304 0,93
PFG_MOEA,598,8,411.21,4974.5,0 382 383 10 391 271 39 46 54 268 272 30 66 166 205 208 6 204 154 305 326 283 65 297 62 241 110 140 286 317 333 180 220 158 189 64 20 126 124 7 56 217 55 25 367 170 361 209 287 0,55 62 66 220
PFG_MOEA,598,9,411.21,4974.5,0 380 0,
PFG_MOEA,598,10,411.21,4974.5,0 16 369 15 0,
PFG_MOEA,598,11,411.21,4974.5,0 168 203 178 82 41 0,178
PFG_MOEA,598,12,411.21,4974.5,0 335 360 338 202 306 370 342 144 176 27 98 78 196 296 347 332 216 47 125 9 150 147 324 211 244 223 104 310 282 143 309 5 195 379 79 160 50 60 270 257 210 45 153 278 87 171 353 348 75 328 248 258 376 368 290 343 349 344 243 117 0,
PFG_MOEA,599,1,312.55,5795.78,0 336 138 239 122 296 347 332 324 275 277 104 211 244 223 102 352 363 323 194 147 101 95 222 0,122 211 222 277
PFG_MOEA,599,2,312.55,5795.78,0 335 360 207 307 313 359 187 100 310 282 143 79 160 50 60 257 270 379 195 5 309 280 351 237 256 274 49 198 252 236 381 23 90 12 214 185 118 281 26 334 298 371 72 52 130 44 386 80 0,5 307
PFG_MOEA,599,3,312.55,5795.78,0 13 19 226 57 127 109 59 137 136 273 77 151 218 197 388 261 106 173 302 107 164 67 312 201 362 123 51 145 294 174 339 132 142 120 269 321 299 0,174
PFG_MOEA,599,4,312.55,5795.78,0 340 233 135 88 249 35 235 161 68 58 34 231 289 366 267 228 141 266 303 357 319 86 199 156 94 0,303
PFG_MOEA,599,5,312.55,5795.78,0 38 172 182 397 36 11 92 374 230 311 350 4 314 193 37 322 121 146 320 364 393 3 229 308 356 264 259 246 42 300 329 112 191 152 221 242 96 0,42 264
PFG_MOEA,599,6,312.55,5795.78,0 200 165 129 0,
PFG_MOEA,599,7,312.55,5795.78,0 304 330 395 400 394 188 301 372 21 167 291 139 149 157 63 316 387 17 43 33 71 224 260 0,
PFG_MOEA,599,8,312.55,5795.78,0 399 247 28 250 345 377 262 1 255 327 254 73 215 85 93 179 232 225 97 148 238 192 48 31 0,93
PFG_MOEA,599,9,312.55,5795.78,0 378 69 183 354 265 346 315 99 175 251 190 390 18 103 155 83 234 213 227 398 209 361 170 367 25 55 217 56 7 180 333 317 286 140 110 62 297 65 283 326 305 154 204 6 208 241 220 158 189 64 20 126 124 0,175
PFG_MOEA,599,10,312.55,5795.78,0 287 382 383 10 268 272 30 66 166 205 271 39 391 53 293 133 331 285 392 115 245 396 240 385 288 177 181 358 337 384 111 116 76 113 81 29 325 355 131 84 114 389 105 341 219 0,
PFG_MOEA,599,11,312.55,5795.78,0 91 24 212 375 14 108 169 373 8 263 292 70 318 184 284 74 279 159 162 22 134 186 89 216 47 125 9 150 163 61 365 253 206 46 54 0,
PFG_MOEA,599,12,312.55,5795.78,0 41 82 178 117 243 344 349 343 290 368 376 258 248 328 75 171 87 153 278 210 45 353 348 2 119 128 295 40 32 276 196 78 98 27 176 144 342 370 306 202 338 203 168 369 380 16 15 0,16 87 203
PFG_MOEA,600,1,389.39,5146.42,0 163 78 53 293 133 331 285 392 98 115 245 27 396 240 385 288 177 181 358 337 384 111 116 76 113 81 29 325 355 131 84 114 389 91 279 74 159 162 371 219 298 341 22 134 186 105 118 185 0,
PFG_MOEA,600,2,389.39,5146.42,0 281 26 334 24 212 375 284 14 184 318 70 292 263 8 373 169 108 72 52 130 44 386 51 145 123 362 201 294 312 67 164 107 302 173 106 261 388 197 218 151 77 273 136 137 59 109 127 57 226 19 13 80 0,
PFG_MOEA,600,3,389.39,5146.42,0 142 339 174 132 120 269 321 299 340 233 135 88 249 35 235 161 68 58 34 231 289 366 267 228 141 266 303 357 319 86 199 156 94 230 374 92 11 36 397 350 311 4 314 193 0,88
PFG_MOEA,600,4,389.39,5146.42,0 182 172 38 0,
PFG_MOEA,600,5,389.39,5146.42,0 37 322 121 146 320 364 393 3 229 308 356 264 259 246 42 300 329 112 152 191 165 200 221 242 96 0,152 264 329
PFG_MOEA,600,6,389.39,5146.42,0 129 33 71 224 260 0,
PFG_MOEA,600,7,389.39,5146.42,0 399 247 255 1 262 250 28 345 377 395 400 394 188 301 372 21 167 291 139 149 157 63 316 387 17 43 73 254 327 183 354 69 215 85 93 179 232 225 97 148 48 238 330 192 31 304 0,395
PFG_MOEA,600,8,389.39,5146.42,0 16 15 168 203 369 380 391 271 39 268 272 30 66 166 205 208 6 204 154 305 326 283 65 297 62 241 110 140 286 317 333 180 220 158 189 64 20 126 124 7 56 217 55 25 367 170 361 209 398 227 234 213 190 251 175 99 315 346 265 390 18 103 155 83 378 54 46 287 10 383 382 41 0,7 16 20 103 272
PFG_MOEA,600,9,389.39,5146.42,0 82 178 117 243 368 376 258 353 153 171 87 278 210 143 237 256 274 49 100 282 310 104 102 277 275 194 323 363 352 101 198 95 222 138 122 276 336 252 236 128 23 381 90 119 2 12 0,
PFG_MOEA,600,10,389.39,5146.42,0 344 349 351 280 309 5 79 160 50 60 257 270 379 195 45 348 75 328 248 290 343 187 0,
PFG_MOEA,600,11,389.39,5146.42,0 214 295 40 32 239 370 342 144 176 150 47 9 125 216 89 61 207 307 313 359 206 253 365 360 335 0,176
PFG_MOEA,600,12,389.39,5146.42,0 338 202 306 196 296 347 332 324 147 211 244 223 0,
PFG_MOEA,601,1,413.96,4915.5,0 187 206 253 365 359 313 307 207 61 12 89 2 119 128 236 252 336 138 163 222 95 198 351 280 237 256 274 49 100 102 277 275 194 323 363 352 101 53 293 133 331 285 392 122 239 276 32 40 295 23 381 90 113 81 29 76 116 111 384 337 358 181 177 288 385 240 396 245 115 22 118 185 214 0,245 381
PFG_MOEA,601,2,413.96,4915.5,0 281 84 131 325 355 114 389 186 134 341 298 26 334 0,
PFG_MOEA,601,3,413.96,4915.5,0 371 219 105 162 159 74 279 91 24 212 375 284 14 184 318 70 292 263 8 373 169 108 72 52 130 44 386 362 201 312 67 164 107 302 173 106 261 388 197 218 151 77 273 136 137 59 0,
PFG_MOEA,601,4,413.96,4915.5,0 57 127 109 226 0,
PFG_MOEA,601,5,413.96,4915.5,0 19 0,
PFG_MOEA,601,6,413.96,4915.5,0 38 303 357 266 141 86 199 228 267 366 289 231 34 58 68 161 235 35 249 88 135 233 319 182 172 13 80 0,88
PFG_MOEA,601,7,413.96,4915.5,0 399 397 36 11 92 156 94 230 374 350 311 4 314 193 340 299 321 269 120 142 37 51 123 145 132 339 322 121 146 294 174 320 364 393 3 229 308 356 264 259 246 42 300 329 112 191 165 200 221 242 96 0,11 340 374 393
PFG_MOEA,601,8,413.96,4915.5,0 152 247 255 1 262 250 28 345 377 395 400 394 188 301 372 21 167 291 139 149 157 63 316 387 327 17 43 85 215 73 254 183 354 69 265 346 315 99 175 251 190 390 18 103 155 83 378 213 234 227 398 93 0,1 152 175 227
PFG_MOEA,601,9,413.96,4915.5,0 304 31 48 192 330 238 129 148 260 391 271 39 268 272 30 66 166 205 208 6 204 154 305 326 283 65 297 62 241 110 140 286 317 333 180 220 158 189 64 20 126 124 7 56 217 55 25 367 170 361 209 71 33 97 225 232 179 224 0,55 391
PFG_MOEA,601,10,413.96,4915.5,0 287 10 383 382 0,
PFG_MOEA,601,11,413.96,4915.5,0 16 15 168 203 369 380 82 178 117 243 349 344 54 46 41 0,
PFG_MOEA,601,12,413.96,4915.5,0 335 360 216 150 9 47 125 309 5 343 290 368 376 258 248 328 75 171 87 278 153 353 348 45 210 195 379 270 257 60 50 160 79 143 282 310 104 223 244 211 324 147 332 347 296 196 78 98 27 176 144 342 370 306 202 338 0,
PFG_MOEA,602,1,320.55,5348.04,0 80 13 172 182 397 36 11 92 233 135 88 249 35 235 161 68 58 34 231 289 319 399 0,
PFG_MOEA,602,2,320.55,5348.04,0 374 230 94 156 311 350 4 314 193 340 299 321 269 120 142 132 339 174 320 364 308 229 3 393 294 146 121 322 123 145 51 37 0,393
PFG_MOEA,602,3,320.55,5348.04,0 96 242 221 200 165 112 329 300 191 152 247 255 1 262 42 250 28 246 259 264 356 345 377 395 400 394 188 301 372 21 167 291 139 149 157 63 316 387 327 17 43 85 215 73 254 183 354 69 265 346 315 99 175 251 190 0,215
PFG_MOEA,602,4,320.55,5348.04,0 304 31 192 330 238 129 398 227 234 213 18 390 286 140 110 241 93 260 148 48 0,
PFG_MOEA,602,5,320.55,5348.04,0 317 333 0,
PFG_MOEA,602,6,320.55,5348.04,0 33 71 209 361 170 367 25 55 217 56 7 180 220 158 189 64 20 126 124 224 10 383 382 16 203 168 15 0,25
PFG_MOEA,602,7,320.55,5348.04,0 380 369 335 360 216 150 9 47 125 309 5 195 379 270 210 45 348 353 153 278 87 171 75 328 248 258 376 368 290 343 54 46 344 349 243 117 178 82 41 0,
PFG_MOEA,602,8,320.55,5348.04,0 338 202 306 370 342 144 176 27 98 78 196 296 347 332 147 324 211 244 223 104 310 282 143 79 160 50 60 257 6 204 154 305 326 283 62 297 65 208 205 166 66 30 272 268 0,66
PFG_MOEA,602,9,320.55,5348.04,0 187 206 253 365 359 313 307 207 61 12 89 2 119 128 236 252 336 138 163 222 95 198 351 256 237 280 391 271 39 378 83 155 103 232 179 287 225 97 0,138 307
PFG_MOEA,602,10,320.55,5348.04,0 22 389 114 84 131 325 355 29 81 113 76 116 111 384 337 358 181 177 288 385 240 396 245 115 392 285 331 133 293 53 101 352 363 323 194 275 277 102 100 49 274 122 239 276 32 40 295 23 381 90 214 185 281 118 0,323 331
PFG_MOEA,602,11,320.55,5348.04,0 334 298 26 105 186 134 341 219 371 24 212 375 14 184 318 70 292 263 8 373 169 284 74 279 91 159 162 0,134
PFG_MOEA,602,12,320.55,5348.04,0 38 19 226 57 127 109 59 137 136 273 77 151 218 197 388 261 106 173 302 107 164 67 312 201 362 366 267 228 386 44 130 52 72 108 303 357 266 141 86 199 0,106 386
PFG_MOEA,603,1,759.34,4800.0,0 219 341 105 389 114 84 131 355 325 29 81 113 76 116 111 384 337 358 181 177 288 385 240 396 245 115 392 285 331 133 293 53 163 150 9 125 47 216 89 61 206 253 365 0,245
PFG_MOEA,603,2,759.34,4800.0,0 22 134 186 162 159 279 74 284 184 318 70 292 263 8 373 169 108 14 375 212 24 91 0,318
PFG_MOEA,603,3,759.34,4800.0,0 304 31 48 148 260 224 71 33 129 238 330 192 200 165 112 191 152 127 57 109 59 137 273 136 247 17 43 85 215 73 254 69 354 183 327 387 157 149 188 394 316 63 262 1 255 250 28 42 400 395 377 345 356 264 259 246 308 229 197 218 151 77 107 164 67 302 388 3 106 173 261 320 364 393 312 201 362 329 300 123 51 145 322 121 146 294 174 339 132 120 142 37 269 321 299 340 233 135 88 249 35 161 235 68 58 34 386 231 289 366 267 228 44 130 52 72 303 357 319 266 141 86 92 199 156 94 230 311 374 11 36 397 350 4 314 193 182 172 13 19 226 221 242 96 80 38 0,33 106 174 200 303 311 394
PFG_MOEA,603,4,759.34,4800.0,0 378 83 155 103 18 190 251 175 99 315 346 372 301 167 21 139 291 265 390 234 0,
PFG_MOEA,603,5,759.34,4800.0,0 179 391 271 39 30 272 268 46 54 93 398 227 213 232 0,391
PFG_MOEA,603,6,759.34,4800.0,0 225 0,
PFG_MOEA,603,7,759.34,4800.0,0 97 209 361 170 367 0,
PFG_MOEA,603,8,759.34,4800.0,0 399 15 168 203 338 202 306 370 342 144 176 27 98 78 196 369 380 16 41 82 178 117 243 344 349 66 343 290 368 376 258 248 328 75 348 353 45 210 278 153 171 87 6 208 205 166 158 189 220 241 62 297 65 283 204 154 305 326 110 140 180 333 317 286 25 55 217 56 7 124 126 20 64 287 10 383 382 0,62 66 205 220 342
PFG_MOEA,603,9,759.34,4800.0,0 2 119 128 295 40 32 276 239 122 296 332 347 138 336 222 95 101 194 147 324 275 323 363 352 277 102 223 244 211 104 310 100 282 143 79 160 50 60 257 270 379 195 5 309 280 351 237 256 274 49 198 252 236 0,
PFG_MOEA,603,10,759.34,4800.0,0 381 23 90 12 207 307 0,
PFG_MOEA,603,11,759.34,4800.0,0 335 187 359 313 360 214 0,
PFG_MOEA,603,12,759.34,4800.0,0 185 118 281 26 334 298 371 0,
PFG_MOEA,604,1,314.81,5596.11,0 12 90 128 236 252 336 276 138 222 198 49 274 256 237 351 280 309 5 290 343 313 207 0,222
PFG_MOEA,604,2,314.81,5596.11,0 91 292 263 8 373 169 108 14 375 212 24 371 219 341 298 334 26 281 118 185 214 295 40 32 239 122 95 101 352 363 323 194 275 277 102 100 23 381 119 2 307 359 187 148 48 31 304 0,23
PFG_MOEA,604,3,314.81,5596.11,0 260 224 71 33 127 152 191 112 165 200 129 238 330 192 0,33
PFG_MOEA,604,4,314.81,5596.11,0 57 67 302 173 106 3 388 164 107 77 151 218 197 229 308 246 259 264 356 345 377 395 400 42 28 250 255 1 262 63 316 394 188 149 157 387 327 183 354 69 254 73 215 85 43 17 247 136 273 137 59 109 0,
PFG_MOEA,604,5,314.81,5596.11,0 329 300 362 123 51 145 322 121 146 201 261 320 364 393 312 294 174 339 132 206 253 365 360 335 0,362 393
PFG_MOEA,604,6,314.81,5596.11,0 61 358 181 177 288 385 240 396 245 115 392 285 331 133 293 53 163 150 9 125 47 216 89 0,
PFG_MOEA,604,7,314.81,5596.11,0 80 13 19 226 35 161 235 58 34 386 231 289 366 267 228 44 130 52 72 318 70 184 284 74 279 159 162 389 114 355 325 384 337 111 116 76 113 81 29 131 84 105 186 134 22 0,
PFG_MOEA,604,8,314.81,5596.11,0 38 96 242 221 172 182 397 350 311 4 314 193 230 94 156 374 36 11 92 319 357 303 266 141 86 199 68 135 88 249 233 340 299 321 269 120 142 37 301 21 139 291 167 372 346 315 99 175 251 0,182
PFG_MOEA,604,9,314.81,5596.11,0 97 225 232 179 391 271 158 241 62 297 65 283 204 154 305 326 110 140 286 317 333 180 220 126 124 7 56 217 55 25 367 170 361 209 227 234 213 190 390 265 18 103 155 83 378 398 93 54 46 268 272 30 39 0,65 154
PFG_MOEA,604,10,314.81,5596.11,0 399 15 16 380 41 82 178 117 243 344 349 20 189 64 166 205 208 6 87 171 153 278 210 353 258 376 368 66 287 10 383 382 0,243
PFG_MOEA,604,11,314.81,5596.11,0 369 338 203 168 0,
PFG_MOEA,604,12,314.81,5596.11,0 202 306 370 342 144 176 27 98 78 196 296 347 332 324 147 211 244 223 104 310 282 143 79 160 50 60 257 270 379 195 45 348 75 328 248 0,370
PFG_MOEA,605,1,411.21,4974.5,0 12 90 381 23 32 276 239 336 138 222 198 49 274 256 237 351 280 252 236 128 119 2 0,23
PFG_MOEA,605,2,411.21,4974.5,0 22 118 185 214 295 40 122 392 285 331 133 293 53 101 352 363 323 194 275 277 102 100 95 163 61 89 207 307 313 359 365 253 206 187 0,22 100
PFG_MOEA,605,3,411.21,4974.5,0 115 0,
PFG_MOEA,605,4,411.21,4974.5,0 245 396 240 385 288 177 181 358 337 384 111 116 76 113 81 29 325 355 0,
PFG_MOEA,605,5,411.21,4974.5,0 281 26 334 298 341 134 186 131 84 114 389 105 219 371 162 159 74 279 91 24 212 375 284 14 184 318 70 292 263 8 373 169 108 72 52 130 44 386 362 201 312 67 164 107 302 173 106 261 388 197 218 151 77 273 136 137 59 109 127 57 226 19 13 80 0,77 106 284
PFG_MOEA,605,6,411.21,4974.5,0 38 172 182 319 303 357 266 141 86 199 228 267 366 289 231 34 58 68 161 235 35 249 88 135 233 156 94 230 374 92 11 36 397 350 311 4 314 193 340 299 321 269 120 142 37 51 123 145 132 339 322 121 146 294 174 320 364 393 3 229 308 356 264 259 246 42 300 329 112 221 242 96 0,51 174 229 246 299
PFG_MOEA,605,7,411.21,4974.5,0 399 200 165 191 152 247 255 1 262 250 28 345 377 395 400 394 188 301 372 21 167 291 139 149 157 63 316 387 327 17 43 85 215 73 254 183 354 69 265 346 315 99 175 251 190 390 18 103 155 83 378 213 234 227 398 93 224 179 232 225 97 71 33 260 148 238 129 330 192 48 31 304 0,93
PFG_MOEA,605,8,411.21,4974.5,0 382 383 10 391 271 39 46 54 268 272 30 66 166 205 208 6 204 154 305 326 283 65 297 62 241 110 140 286 317 333 180 220 158 189 64 20 126 124 7 56 217 55 25 367 170 361 209 287 0,55 62 66 220
PFG_MOEA,605,9,411.21,4974.5,0 380 0,
PFG_MOEA,605,10,411.21,4974.5,0 16 369 15 0,
PFG_MOEA,605,11,411.21,4974.5,0 168 203 178 82 41 0,178
PFG_MOEA,605,12,411.21,4974.5,0 335 360 338 202 306 370 342 144 176 27 98 78 196 296 347 332 216 47 125 9 150 147 324 211 244 223 104 310 282 143 309 5 195 379 79 160 50 60 270 257 210 45 153 278 87 171 353 348 75 328 248 258 376 368 290 343 349 344 243 117 0,
PFG_MOEA,606,1,312.55,5795.78,0 336 138 239 122 296 347 332 324 275 277 104 211 244 223 102 352 363 323 194 147 101 95 222 0,122 211 222 277
PFG_MOEA,606,2,312.55,5795.78,0 335 360 207 307 313 359 187 100 310 282 143 79 160 50 60 257 270 379 195 5 309 280 351 237 256 274 49 198 252 236 381 23 90 12 214 185 118 281 26 334 298 371 72 52 130 44 386 80 0,5 307
PFG_MOEA,606,3,312.55,5795.78,0 13 19 226 57 127 109 59 137 136 273 77 151 218 197 388 261 106 173 302 107 164 67 312 201 362 123 51 145 294 174 339 132 142 120 269 321 299 0,174
PFG_MOEA,606,4,312.55,5795.78,0 340 233 135 88 249 35 235 161 68 58 34 231 289 366 267 228 141 266 303 357 319 86 199 156 94 0,303
PFG_MOEA,606,5,312.55,5795.78,0 38 172 182 397 36 11 92 374 230 311 350 4 314 193 37 322 121 146 320 364 393 3 229 308 356 264 259 246 42 300 329 112 191 152 221 242 96 0,42 264
PFG_MOEA,606,6,312.55,5795.78,0 200 165 129 0,
PFG_MOEA,606,7,312.55,5795.78,0 304 330 395 400 394 188 301 372 21 167 291 139 149 157 63 316 387 17 43 33 71 224 260 0,
PFG_MOEA,606,8,312.55,5795.78,0 399 247 28 250 345 377 262 1 255 327 254 73 215 85 93 179 232 225 97 148 238 192 48 31 0,93
PFG_MOEA,606,9,312.55,5795.78,0 378 69 183 354 265 346 315 99 175 251 190 390 18 103 155 83 234 213 227 398 209 361 170 367 25 55 217 56 7 180 333 317 286 140 110 62 297 65 283 326 305 154 204 6 208 241 220 158 189 64 20 126 124 0,175
PFG_MOEA,606,10,312.55,5795.78,0 287 382 383 10 268 272 30 66 166 205 271 39 391 53 293 133 331 285 392 115 245 396 240 385 288 177 181 358 337 384 111 116 76 113 81 29 325 355 131 84 114 389 105 341 219 0,
PFG_MOEA,606,11,312.55,5795.78,0 91 24 212 375 14 108 169 373 8 263 292 70 318 184 284 74 279 159 162 22 134 186 89 216 47 125 9 150 163 61 365 253 206 46 54 0,
PFG_MOEA,606,12,312.55,5795.78,0 41 82 178 117 243 344 349 343 290 368 376 258 248 328 75 171 87 153 278 210 45 353 348 2 119 128 295 40 32 276 196 78 98 27 176 144 342 370 306 202 338 203 168 369 380 16 15 0,16 87 203
PFG_MOEA,607,1,389.39,5146.42,0 163 78 53 293 133 331 285 392 98 115 245 27 396 240 385 288 177 181 358 337 384 111 116 76 113 81 29 325 355 131 84 114 389 91 279 74 159 162 371 219 298 341 22 134 186 105 118 185 0,
PFG_MOEA,607,2,389.39,5146.42,0 281 26 334 24 212 375 284 14 184 318 70 292 263 8 373 169 108 72 52 130 44 386 51 145 123 362 201 294 312 67 164 107 302 173 106 261 388 197 218 151 77 273 136 137 59 109 127 57 226 19 13 80 0,
PFG_MOEA,607,3,389.39,5146.42,0 142 339 174 132 120 269 321 299 340 233 135 88 249 35 235 161 68 58 34 231 289 366 267 228 141 266 303 357 319 86 199 156 94 230 374 92 11 36 397 350 311 4 314 193 0,88
PFG_MOEA,607,4,389.39,5146.42,0 182 172 38 0,
PFG_MOEA,607,5,389.39,5146.42,0 37 322 121 146 320 364 393 3 229 308 356 264 259 246 42 300 329 112 152 191 165 200 221 242 96 0,152 264 329
PFG_MOEA,607,6,389.39,5146.42,0 129 33 71 224 260 0,
PFG_MOEA,607,7,389.39,5146.42,0 399 247 255 1 262 250 28 345 377 395 400 394 188 301 372 21 167 291 139 149 157 63 316 387 17 43 73 254 327 183 354 69 215 85 93 179 232 225 97 148 48 238 330 192 31 304 0,395
PFG_MOEA,607,8,389.39,5146.42,0 16 15 168 203 369 380 391 271 39 268 272 30 66 166 205 208 6 204 154 305 326 283 65 297 62 241 110 140 286 317 333 180 220 158 189 64 20 126 124 7 56 217 55 25 367 170 361 209 398 227 234 213 190 251 175 99 315 346 265 390 18 103 155 83 378 54 46 287 10 383 382 41 0,7 16 20 103 272
PFG_MOEA,607,9,389.39,5146.42,0 82 178 117 243 368 376 258 353 153 171 87 278 210 143 237 256 274 49 100 282 310 104 102 277 275 194 323 363 352 101 198 95 222 138 122 276 336 252 236 128 23 381 90 119 2 12 0,
PFG_MOEA,607,10,389.39,5146.42,0 344 349 351 280 309 5 79 160 50 60 257 270 379 195 45 348 75 328 248 290 343 187 0,
PFG_MOEA,607,11,389.39,5146.42,0 214 295 40 32 239 370 342 144 176 150 47 9 125 216 89 61 207 307 313 359 206 253 365 360 335 0,176
PFG_MOEA,607,12,389.39,5146.42,0 338 202 306 196 296 347 332 324 147 211 244 223 0,
PFG_MOEA,608,1,413.96,4915.5,0 187 206 253 365 359 313 307 207 61 12 89 2 119 128 236 252 336 138 163 222 95 198 351 280 237 256 274 49 100 102 277 275 194 323 363 352 101 53 293 133 331 285 392 122 239 276 32 40 295 23 381 90 113 81 29 76 116 111 384 337 358 181 177 288 385 240 396 245 115 22 118 185 214 0,245 381
PFG_MOEA,608,2,413.96,4915.5,0 281 84 131 325 355 114 389 186 134 341 298 26 334 0,
PFG_MOEA,608,3,413.96,4915.5,0 371 219 105 162 159 74 279 91 24 212 375 284 14 184 318 70 292 263 8 373 169 108 72 52 130 44 386 362 201 312 67 164 107 302 173 106 261 388 197 218 151 77 273 136 137 59 0,
PFG_MOEA,608,4,413.96,4915.5,0 57 127 109 226 0,
PFG_MOEA,608,5,413.96,4915.5,0 19 0,
PFG_MOEA,608,6,413.96,4915.5,0 38 303 357 266 141 86 199 228 267 366 289 231 34 58 68 161 235 35 249 88 135 233 319 182 172 13 80 0,88
PFG_MOEA,608,7,413.96,4915.5,0 399 397 36 11 92 156 94 230 374 350 311 4 314 193 340 299 321 269 120 142 37 51 123 145 132 339 322 121 146 294 174 320 364 393 3 229 308 356 264 259 246 42 300 329 112 191 165 200 221 242 96 0,11 340 374 393
PFG_MOEA,608,8,413.96,4915.5,0 152 247 255 1 262 250 28 345 377 395 400 394 188 301 372 21 167 291 139 149 157 63 316 387 327 17 43 85 215 73 254 183 354 69 265 346 315 99 175 251 190 390 18 103 155 83 378 213 234 227 398 93 0,1 152 175 227
PFG_MOEA,608,9,413.96,4915.5,0 304 31 48 192 330 238 129 148 260 391 271 39 268 272 30 66 166 205 208 6 204 154 305 326 283 65 297 62 241 110 140 286 317 333 180 220 158 189 64 20 126 124 7 56 217 55 25 367 170 361 209 71 33 97 225 232 179 224 0,55 391
PFG_MOEA,608,10,413.96,4915.5,0 287 10 383 382 0,
PFG_MOEA,608,11,413.96,4915.5,0 16 15 168 203 369 380 82 178 117 243 349 344 54 46 41 0,
PFG_MOEA,608,12,413.96,4915.5,0 335 360 216 150 9 47 125 309 5 343 290 368 376 258 248 328 75 171 87 278 153 353 348 45 210 195 379 270 257 60 50 160 79 143 282 310 104 223 244 211 324 147 332 347 296 196 78 98 27 176 144 342 370 306 202 338 0,
PFG_MOEA,609,1,320.55,5348.04,0 80 13 172 182 397 36 11 92 233 135 88 249 35 235 161 68 58 34 231 289 319 399 0,
PFG_MOEA,609,2,320.55,5348.04,0 374 230 94 156 311 350 4 314 193 340 299 321 269 120 142 132 339 174 320 364 308 229 3 393 294 146 121 322 123 145 51 37 0,393
PFG_MOEA,609,3,320.55,5348.04,0 96 242 221 200 165 112 329 300 191 152 247 255 1 262 42 250 28 246 259 264 356 345 377 395 400 394 188 301 372 21 167 291 139 149 157 63 316 387 327 17 43 85 215 73 254 183 354 69 265 346 315 99 175 251 190 0,215
PFG_MOEA,609,4,320.55,5348.04,0 304 31 192 330 238 129 398 227 234 213 18 390 286 140 110 241 93 260 148 48 0,
PFG_MOEA,609,5,320.55,5348.04,0 317 333 0,
PFG_MOEA,609,6,320.55,5348.04,0 33 71 209 361 170 367 25 55 217 56 7 180 220 158 189 64 20 126 124 224 10 383 382 16 203 168 15 0,25
PFG_MOEA,609,7,320.55,5348.04,0 380 369 335 360 216 150 9 47 125 309 5 195 379 270 210 45 348 353 153 278 87 171 75 328 248 258 376 368 290 343 54 46 344 349 243 117 178 82 41 0,
PFG_MOEA,609,8,320.55,5348.04,0 338 202 306 370 342 144 176 27 98 78 196 296 347 332 147 324 211 244 223 104 310 282 143 79 160 50 60 257 6 204 154 305 326 283 62 297 65 208 205 166 66 30 272 268 0,66
PFG_MOEA,609,9,320.55,5348.04,0 187 206 253 365 359 313 307 207 61 12 89 2 119 128 236 252 336 138 163 222 95 198 351 256 237 280 391 271 39 378 83 155 103 232 179 287 225 97 0,138 307
PFG_MOEA,609,10,320.55,5348.04,0 22 389 114 84 131 325 355 29 81 113 76 116 111 384 337 358 181 177 288 385 240 396 245 115 392 285 331 133 293 53 101 352 363 323 194 275 277 102 100 49 274 122 239 276 32 40 295 23 381 90 214 185 281 118 0,323 331
PFG_MOEA,609,11,320.55,5348.04,0 334 298 26 105 186 134 341 219 371 24 212 375 14 184 318 70 292 263 8 373 169 284 74 279 91 159 162 0,134
PFG_MOEA,609,12,320.55,5348.04,0 38 19 226 57 127 109 59 137 136 273 77 151 218 197 388 261 106 173 302 107 164 67 312 201 362 366 267 228 386 44 130 52 72 108 303 357 266 141 86 199 0,106 386
PFG_MOEA,610,1,759.34,4800.0,0 219 341 105 389 114 84 131 355 325 29 81 113 76 116 111 384 337 358 181 177 288 385 240 396 245 115 392 285 331 133 293 53 163 150 9 125 47 216 89 61 206 253 365 0,245
PFG_MOEA,610,2,759.34,4800.0,0 22 134 186 162 159 279 74 284 184 318 70 292 263 8 373 169 108 14 375 212 24 91 0,318
PFG_MOEA,610,3,759.34,4800.0,0 304 31 48 148 260 224 71 33 129 238 330 192 200 165 112 191 152 127 57 109 59 137 273 136 247 17 43 85 215 73 254 69 354 183 327 387 157 149 188 394 316 63 262 1 255 250 28 42 400 395 377 345 356 264 259 246 308 229 197 218 151 77 107 164 67 302 388 3 106 173 261 320 364 393 312 201 362 329 300 123 51 145 322 121 146 294 174 339 132 120 142 37 269 321 299 340 233 135 88 249 35 161 235 68 58 34 386 231 289 366 267 228 44 130 52 72 303 357 319 266 141 86 92 199 156 94 230 311 374 11 36 397 350 4 314 193 182 172 13 19 226 221 242 96 80 38 0,33 106 174 200 303 311 394
PFG_MOEA,610,4,759.34,4800.0,0 378 83 155 103 18 190 251 175 99 315 346 372 301 167 21 139 291 265 390 234 0,
PFG_MOEA,610,5,759.34,4800.0,0 179 391 271 39 30 272 268 46 54 93 398 227 213 232 0,391
PFG_MOEA,610,6,759.34,4800.0,0 225 0,
PFG_MOEA,610,7,759.34,4800.0,0 97 209 361 170 367 0,
PFG_MOEA,610,8,759.34,4800.0,0 399 15 168 203 338 202 306 370 342 144 176 27 98 78 196 369 380 16 41 82 178 117 243 344 349 66 343 290 368 376 258 248 328 75 348 353 45 210 278 153 171 87 6 208 205 166 158 189 220 241 62 297 65 283 204 154 305 326 110 140 180 333 317 286 25 55 217 56 7 124 126 20 64 287 10 383 382 0,62 66 205 220 342
PFG_MOEA,610,9,759.34,4800.0,0 2 119 128 295 40 32 276 239 122 296 332 347 138 336 222 95 101 194 147 324 275 323 363 352 277 102 223 244 211 104 310 100 282 143 79 160 50 60 257 270 379 195 5 309 280 351 237 256 274 49 198 252 236 0,
PFG_MOEA,610,10,759.34,4800.0,0 381 23 90 12 207 307 0,
PFG_MOEA,610,11,759.34,4800.0,0 335 187 359 313 360 214 0,
PFG_MOEA,610,12,759.34,4800.0,0 185 118 281 26 334 298 371 0,
PFG_MOEA,611,1,314.81,5596.11,0 12 90 128 236 252 336 276 138 222 198 49 274 256 237 351 280 309 5 290 343 313 207 0,222
PFG_MOEA,611,2,314.81,5596.11,0 91 292 263 8 373 169 108 14 375 212 24 371 219 341 298 334 26 281 118 185 214 295 40 32 239 122 95 101 352 363 323 194 275 277 102 100 23 381 119 2 307 359 187 148 48 31 304 0,23
PFG_MOEA,611,3,314.81,5596.11,0 260 224 71 33 127 152 191 112 165 200 129 238 330 192 0,33
PFG_MOEA,611,4,314.81,5596.11,0 57 67 302 173 106 3 388 164 107 77 151 218 197 229 308 246 259 264 356 345 377 395 400 42 28 250 255 1 262 63 316 394 188 149 157 387 327 183 354 69 254 73 215 85 43 17 247 136 273 137 59 109 0,
PFG_MOEA,611,5,314.81,5596.11,0 329 300 362 123 51 145 322 121 146 201 261 320 364 393 312 294 174 339 132 206 253 365 360 335 0,362 393
PFG_MOEA,611,6,314.81,5596.11,0 61 358 181 177 288 385 240 396 245 115 392 285 331 133 293 53 163 150 9 125 47 216 89 0,
PFG_MOEA,611,7,314.81,5596.11,0 80 13 19 226 35 161 235 58 34 386 231 289 366 267 228 44 130 52 72 318 70 184 284 74 279 159 162 389 114 355 325 384 337 111 116 76 113 81 29 131 84 105 186 134 22 0,
PFG_MOEA,611,8,314.81,5596.11,0 38 96 242 221 172 182 397 350 311 4 314 193 230 94 156 374 36 11 92 319 357 303 266 141 86 199 68 135 88 249 233 340 299 321 269 120 142 37 301 21 139 291 167 372 346 315 99 175 251 0,182
PFG_MOEA,611,9,314.81,5596.11,0 97 225 232 179 391 271 158 241 62 297 65 283 204 154 305 326 110 140 286 317 333 180 220 126 124 7 56 217 55 25 367 170 361 209 227 234 213 190 390 265 18 103 155 83 378 398 93 54 46 268 272 30 39 0,65 154
PFG_MOEA,611,10,314.81,5596.11,0 399 15 16 380 41 82 178 117 243 344 349 20 189 64 166 205 208 6 87 171 153 278 210 353 258 376 368 66 287 10 383 382 0,243
PFG_MOEA,611,11,314.81,5596.11,0 369 338 203 168 0,
PFG_MOEA,611,12,314.81,5596.11,0 202 306 370 342 144 176 27 98 78 196 296 347 332 324 147 211 244 223 104 310 282 143 79 160 50 60 257 270 379 195 45 348 75 328 248 0,370
PFG_MOEA,612,1,411.21,4974.5,0 12 90 381 23 32 276 239 336 138 222 198 49 274 256 237 351 280 252 236 128 119 2 0,23
PFG_MOEA,612,2,411.21,4974.5,0 22 118 185 214 295 40 122 392 285 331 133 293 53 101 352 363 323 194 275 277 102 100 95 163 61 89 207 307 313 359 365 253 206 187 0,22 100
PFG_MOEA,612,3,411.21,4974.5,0 115 0,
PFG_MOEA,612,4,411.21,4974.5,0 245 396 240 385 288 177 181 358 337 384 111 116 76 113 81 29 325 355 0,
PFG_MOEA,612,5,411.21,4974.5,0 281 26 334 298 341 134 186 131 84 114 389 105 219 371 162 159 74 279 91 24 212 375 284 14 184 318 70 292 263 8 373 169 108 72 52 130 44 386 362 201 312 67 164 107 302 173 106 261 388 197 218 151 77 273 136 137 59 109 127 57 226 19 13 80 0,77 106 284
PFG_MOEA,612,6,411.21,4974.5,0 38 172 182 319 303 357 266 141 86 199 228 267 366 289 231 34 58 68 161 235 35 249 88 135 233 156 94 230 374 92 11 36 397 350 311 4 314 193 340 299 321 269 120 142 37 51 123 145 132 339 322 121 146 294 174 320 364 393 3 229 308 356 264 259 246 42 300 329 112 221 242 96 0,51 174 229 246 299
PFG_MOEA,612,7,411.21,4974.5,0 399 200 165 191 152 247 255 1 262 250 28 345 377 395 400 394 188 301 372 21 167 291 139 149 157 63 316 387 327 17 43 85 215 73 254 183 354 69 265 346 315 99 175 251 190 390 18 103 155 83 378 213 234 227 398 93 224 179 232 225 97 71 33 260 148 238 129 330 192 48 31 304 0,93
PFG_MOEA,612,8,411.21,4974.5,0 382 383 10 391 271 39 46 54 268 272 30 66 166 205 208 6 204 154 305 326 283 65 297 62 241 110 140 286 317 333 180 220 158 189 64 20 126 124 7 56 217 55 25 367 170 361 209 287 0,55 62 66 220
PFG_MOEA,612,9,411.21,4974.5,0 380 0,
PFG_MOEA,612,10,411.21,4974.5,0 16 369 15 0,
PFG_MOEA,612,11,411.21,4974.5,0 168 203 178 82 41 0,178
PFG_MOEA,612,12,411.21,4974.5,0 335 360 338 202 306 370 342 144 176 27 98 78 196 296 347 332 216 47 125 9 150 147 324 211 244 223 104 310 282 143 309 5 195 379 79 160 50 60 270 257 210 45 153 278 87 171 353 348 75 328 248 258 376 368 290 343 349 344 243 117 0,
PFG_MOEA,613,1,312.55,5795.78,0 336 138 239 122 296 347 332 324 275 277 104 211 244 223 102 352 363 323 194 147 101 95 222 0,122 211 222 277
PFG_MOEA,613,2,312.55,5795.78,0 335 360 207 307 313 359 187 100 310 282 143 79 160 50 60 257 270 379 195 5 309 280 351 237 256 274 49 198 252 236 381 23 90 12 214 185 118 281 26 334 298 371 72 52 130 44 386 80 0,5 307
PFG_MOEA,613,3,312.55,5795.78,0 13 19 226 57 127 109 59 137 136 273 77 151 218 197 388 261 106 173 302 107 164 67 312 201 362 123 51 145 294 174 339 132 142 120 269 321 299 0,174
PFG_MOEA,613,4,312.55,5795.78,0 340 233 135 88 249 35 235 161 68 58 34 231 289 366 267 228 141 266 303 357 319 86 199 156 94 0,303
PFG_MOEA,613,5,312.55,5795.78,0 38 172 182 397 36 11 92 374 230 311 350 4 314 193 37 322 121 146 320 364 393 3 229 308 356 264 259 246 42 300 329 112 191 152 221 242 96 0,42 264
PFG_MOEA,613,6,312.55,5795.78,0 200 165 129 0,
PFG_MOEA,613,7,312.55,5795.78,0 304 330 395 400 394 188 301 372 21 167 291 139 149 157 63 316 387 17 43 33 71 224 260 0,
PFG_MOEA,613,8,312.55,5795.78,0 399 247 28 250 345 377 262 1 255 327 254 73 215 85 93 179 232 225 97 148 238 192 48 31 0,93
PFG_MOEA,613,9,312.55,5795.78,0 378 69 183 354 265 346 315 99 175 251 190 390 18 103 155 83 234 213 227 398 209 361 170 367 25 55 217 56 7 180 333 317 286 140 110 62 297 65 283 326 305 154 204 6 208 241 220 158 189 64 20 126 124 0,175
PFG_MOEA,613,10,312.55,5795.78,0 287 382 383 10 268 272 30 66 166 205 271 39 391 53 293 133 331 285 392 115 245 396 240 385 288 177 181 358 337 384 111 116 76 113 81 29 325 355 131 84 114 389 105 341 219 0,
PFG_MOEA,613,11,312.55,5795.78,0 91 24 212 375 14 108 169 373 8 263 292 70 318 184 284 74 279 159 162 22 134 186 89 216 47 125 9 150 163 61 365 253 206 46 54 0,
PFG_MOEA,613,12,312.55,5795.78,0 41 82 178 117 243 344 349 343 290 368 376 258 248 328 75 171 87 153 278 210 45 353 348 2 119 128 295 40 32 276 196 78 98 27 176 144 342 370 306 202 338 203 168 369 380 16 15 0,16 87 203
PFG_MOEA,614,1,389.39,5146.42,0 163 78 53 293 133 331 285 392 98 115 245 27 396 240 385 288 177 181 358 337 384 111 116 76 113 81 29 325 355 131 84 114 389 91 279 74 159 162 371 219 298 341 22 134 186 105 118 185 0,
PFG_MOEA,614,2,389.39,5146.42,0 281 26 334 24 212 375 284 14 184 318 70 292 263 8 373 169 108 72 52 130 44 386 51 145 123 362 201 294 312 67 164 107 302 173 106 261 388 197 218 151 77 273 136 137 59 109 127 57 226 19 13 80 0,
PFG_MOEA,614,3,389.39,5146.42,0 142 339 174 132 120 269 321 299 340 233 135 88 249 35 235 161 68 58 34 231 289 366 267 228 141 266 303 357 319 86 199 156 94 230 374 92 11 36 397 350 311 4 314 193 0,88
PFG_MOEA,614,4,389.39,5146.42,0 182 172 38 0,
PFG_MOEA,614,5,389.39,5146.42,0 37 322 121 146 320 364 393 3 229 308 356 264 259 246 42 300 329 112 152 191 165 200 221 242 96 0,152 264 329
PFG_MOEA,614,6,389.39,5146.42,0 129 33 71 224 260 0,
PFG_MOEA,614,7,389.39,5146.42,0 399 247 255 1 262 250 28 345 377 395 400 394 188 301 372 21 167 291 139 149 157 63 316 387 17 43 73 254 327 183 354 69 215 85 93 179 232 225 97 148 48 238 330 192 31 304 0,395
PFG_MOEA,614,8,389.39,5146.42,0 16 15 168 203 369 380 391 271 39 268 272 30 66 166 205 208 6 204 154 305 326 283 65 297 62 241 110 140 286 317 333 180 220 158 189 64 20 126 124 7 56 217 55 25 367 170 361 209 398 227 234 213 190 251 175 99 315 346 265 390 18 103 155 83 378 54 46 287 10 383 382 41 0,7 16 20 103 272
PFG_MOEA,614,9,389.39,5146.42,0 82 178 117 243 368 376 258 353 153 171 87 278 210 143 237 256 274 49 100 282 310 104 102 277 275 194 323 363 352 101 198 95 222 138 122 276 336 252 236 128 23 381 90 119 2 12 0,
PFG_MOEA,614,10,389.39,5146.42,0 344 349 351 280 309 5 79 160 50 60 257 270 379 195 45 348 75 328 248 290 343 187 0,
PFG_MOEA,614,11,389.39,5146.42,0 214 295 40 32 239 370 342 144 176 150 47 9 125 216 89 61 207 307 313 359 206 253 365 360 335 0,176
PFG_MOEA,614,12,389.39,5146.42,0 338 202 306 196 296 347 332 324 147 211 244 223 0,
PFG_MOEA,615,1,413.96,4915.5,0 187 206 253 365 359 313 307 207 61 12 89 2 119 128 236 252 336 138 163 222 95 198 351 280 237 256 274 49 100 102 277 275 194 323 363 352 101 53 293 133 331 285 392 122 239 276 32 40 295 23 381 90 113 81 29 76 116 111 384 337 358 181 177 288 385 240 396 245 115 22 118 185 214 0,245 381
PFG_MOEA,615,2,413.96,4915.5,0 281 84 131 325 355 114 389 186 134 341 298 26 334 0,
PFG_MOEA,615,3,413.96,4915.5,0 371 219 105 162 159 74 279 91 24 212 375 284 14 184 318 70 292 263 8 373 169 108 72 52 130 44 386 362 201 312 67 164 107 302 173 106 261 388 197 218 151 77 273 136 137 59 0,
PFG_MOEA,615,4,413.96,4915.5,0 57 127 109 226 0,
PFG_MOEA,615,5,413.96,4915.5,0 19 0,
PFG_MOEA,615,6,413.96,4915.5,0 38 303 357 266 141 86 199 228 267 366 289 231 34 58 68 161 235 35 249 88 135 233 319 182 172 13 80 0,88
PFG_MOEA,615,7,413.96,4915.5,0 399 397 36 11 92 156 94 230 374 350 311 4 314 193 340 299 321 269 120 142 37 51 123 145 132 339 322 121 146 294 174 320 364 393 3 229 308 356 264 259 246 42 300 329 112 191 165 200 221 242 96 0,11 340 374 393
PFG_MOEA,615,8,413.96,4915.5,0 152 247 255 1 262 250 28 345 377 395 400 394 188 301 372 21 167 291 139 149 157 63 316 387 327 17 43 85 215 73 254 183 354 69 265 346 315 99 175 251 190 390 18 103 155 83 378 213 234 227 398 93 0,1 152 175 227
PFG_MOEA,615,9,413.96,4915.5,0 304 31 48 192 330 238 129 148 260 391 271 39 268 272 30 66 166 205 208 6 204 154 305 326 283 65 297 62 241 110 140 286 317 333 180 220 158 189 64 20 126 124 7 56 217 55 25 367 170 361 209 71 33 97 225 232 179 224 0,55 391
PFG_MOEA,615,10,413.96,4915.5,0 287 10 383 382 0,
PFG_MOEA,615,11,413.96,4915.5,0 16 15 168 203 369 380 82 178 117 243 349 344 54 46 41 0,
PFG_MOEA,615,12,413.96,4915.5,0 335 360 216 150 9 47 125 309 5 343 290 368 376 258 248 328 75 171 87 278 153 353 348 45 210 195 379 270 257 60 50 160 79 143 282 310 104 223 244 211 324 147 332 347 296 196 78 98 27 176 144 342 370 306 202 338 0,
PFG_MOEA,616,1,320.55,5348.04,0 80 13 172 182 397 36 11 92 233 135 88 249 35 235 161 68 58 34 231 289 319 399 0,
PFG_MOEA,616,2,320.55,5348.04,0 374 230 94 156 311 350 4 314 193 340 299 321 269 120 142 132 339 174 320 364 308 229 3 393 294 146 121 322 123 145 51 37 0,393
PFG_MOEA,616,3,320.55,5348.04,0 96 242 221 200 165 112 329 300 191 152 247 255 1 262 42 250 28 246 259 264 356 345 377 395 400 394 188 301 372 21 167 291 139 149 157 63 316 387 327 17 43 85 215 73 254 183 354 69 265 346 315 99 175 251 190 0,215
PFG_MOEA,616,4,320.55,5348.04,0 304 31 192 330 238 129 398 227 234 213 18 390 286 140 110 241 93 260 148 48 0,
PFG_MOEA,616,5,320.55,5348.04,0 317 333 0,
PFG_MOEA,616,6,320.55,5348.04,0 33 71 209 361 170 367 25 55 217 56 7 180 220 158 189 64 20 126 124 224 10 383 382 16 203 168 15 0,25
PFG_MOEA,616,7,320.55,5348.04,0 380 369 335 360 216 150 9 47 125 309 5 195 379 270 210 45 348 353 153 278 87 171 75 328 248 258 376 368 290 343 54 46 344 349 243 117 178 82 41 0,
PFG_MOEA,616,8,320.55,5348.04,0 338 202 306 370 342 144 176 27 98 78 196 296 347 332 147 324 211 244 223 104 310 282 143 79 160 50 60 257 6 204 154 305 326 283 62 297 65 208 205 166 66 30 272 268 0,66
PFG_MOEA,616,9,320.55,5348.04,0 187 206 253 365 359 313 307 207 61 12 89 2 119 128 236 252 336 138 163 222 95 198 351 256 237 280 391 271 39 378 83 155 103 232 179 287 225 97 0,138 307
PFG_MOEA,616,10,320.55,5348.04,0 22 389 114 84 131 325 355 29 81 113 76 116 111 384 337 358 181 177 288 385 240 396 245 115 392 285 331 133 293 53 101 352 363 323 194 275 277 102 100 49 274 122 239 276 32 40 295 23 381 90 214 185 281 118 0,323 331
PFG_MOEA,616,11,320.55,5348.04,0 334 298 26 105 186 134 341 219 371 24 212 375 14 184 318 70 292 263 8 373 169 284 74 279 91 159 162 0,134
PFG_MOEA,616,12,320.55,5348.04,0 38 19 226 57 127 109 59 137 136 273 77 151 218 197 388 261 106 173 302 107 164 67 312 201 362 366 267 228 386 44 130 52 72 108 303 357 266 141 86 199 0,106 386
PFG_MOEA,617,1,759.34,4800.0,0 219 341 105 389 114 84 131 355 325 29 81 113 76 116 111 384 337 358 181 177 288 385 240 396 245 115 392 285 331 133 293 53 163 150 9 125 47 216 89 61 206 253 365 0,245
PFG_MOEA,617,2,759.34,4800.0,0 22 134 186 162 159 279 74 284 184 318 70 292 263 8 373 169 108 14 375 212 24 91 0,318
PFG_MOEA,617,3,759.34,4800.0,0 304 31 48 148 260 224 71 33 129 238 330 192 200 165 112 191 152 127 57 109 59 137 273 136 247 17 43 85 215 73 254 69 354 183 327 387 157 149 188 394 316 63 262 1 255 250 28 42 400 395 377 345 356 264 259 246 308 229 197 218 151 77 107 164 67 302 388 3 106 173 261 320 364 393 312 201 362 329 300 123 51 145 322 121 146 294 174 339 132 120 142 37 269 321 299 340 233 135 88 249 35 161 235 68 58 34 386 231 289 366 267 228 44 130 52 72 303 357 319 266 141 86 92 199 156 94 230 311 374 11 36 397 350 4 314 193 182 172 13 19 226 221 242 96 80 38 0,33 106 174 200 303 311 394
PFG_MOEA,617,4,759.34,4800.0,0 378 83 155 103 18 190 251 175 99 315 346 372 301 167 21 139 291 265 390 234 0,
PFG_MOEA,617,5,759.34,4800.0,0 179 391 271 39 30 272 268 46 54 93 398 227 213 232 0,391
PFG_MOEA,617,6,759.34,4800.0,0 225 0,
PFG_MOEA,617,7,759.34,4800.0,0 97 209 361 170 367 0,
PFG_MOEA,617,8,759.34,4800.0,0 399 15 168 203 338 202 306 370 342 144 176 27 98 78 196 369 380 16 41 82 178 117 243 344 349 66 343 290 368 376 258 248 328 75 348 353 45 210 278 153 171 87 6 208 205 166 158 189 220 241 62 297 65 283 204 154 305 326 110 140 180 333 317 286 25 55 217 56 7 124 126 20 64 287 10 383 382 0,62 66 205 220 342
PFG_MOEA,617,9,759.34,4800.0,0 2 119 128 295 40 32 276 239 122 296 332 347 138 336 222 95 101 194 147 324 275 323 363 352 277 102 223 244 211 104 310 100 282 143 79 160 50 60 257 270 379 195 5 309 280 351 237 256 274 49 198 252 236 0,
PFG_MOEA,617,10,759.34,4800.0,0 381 23 90 12 207 307 0,
PFG_MOEA,617,11,759.34,4800.0,0 335 187 359 313 360 214 0,
PFG_MOEA,617,12,759.34,4800.0,0 185 118 281 26 334 298 371 0,
PFG_MOEA,618,1,314.81,5596.11,0 12 90 128 236 252 336 276 138 222 198 49 274 256 237 351 280 309 5 290 343 313 207 0,222
PFG_MOEA,618,2,314.81,5596.11,0 91 292 263 8 373 169 108 14 375 212 24 371 219 341 298 334 26 281 118 185 214 295 40 32 239 122 95 101 352 363 323 194 275 277 102 100 23 381 119 2 307 359 187 148 48 31 304 0,23
PFG_MOEA,618,3,314.81,5596.11,0 260 224 71 33 127 152 191 112 165 200 129 238 330 192 0,33
PFG_MOEA,618,4,314.81,5596.11,0 57 67 302 173 106 3 388 164 107 77 151 218 197 229 308 246 259 264 356 345 377 395 400 42 28 250 255 1 262 63 316 394 188 149 157 387 327 183 354 69 254 73 215 85 43 17 247 136 273 137 59 109 0,
PFG_MOEA,618,5,314.81,5596.11,0 329 300 362 123 51 145 322 121 146 201 261 320 364 393 312 294 174 339 132 206 253 365 360 335 0,362 393
PFG_MOEA,618,6,314.81,5596.11,0 61 358 181 177 288 385 240 396 245 115 392 285 331 133 293 53 163 150 9 125 47 216 89 0,
PFG_MOEA,618,7,314.81,5596.11,0 80 13 19 226 35 161 235 58 34 386 231 289 366 267 228 44 130 52 72 318 70 184 284 74 279 159 162 389 114 355 325 384 337 111 116 76 113 81 29 131 84 105 186 134 22 0,
PFG_MOEA,618,8,314.81,5596.11,0 38 96 242 221 172 182 397 350 311 4 314 193 230 94 156 374 36 11 92 319 357 303 266 141 86 199 68 135 88 249 233 340 299 321 269 120 142 37 301 21 139 291 167 372 346 315 99 175 251 0,182
PFG_MOEA,618,9,314.81,5596.11,0 97 225 232 179 391 271 158 241 62 297 65 283 204 154 305 326 110 140 286 317 333 180 220 126 124 7 56 217 55 25 367 170 361 209 227 234 213 190 390 265 18 103 155 83 378 398 93 54 46 268 272 30 39 0,65 154
PFG_MOEA,618,10,314.81,5596.11,0 399 15 16 380 41 82 178 117 243 344 349 20 189 64 166 205 208 6 87 171 153 278 210 353 258 376 368 66 287 10 383 382 0,243
PFG_MOEA,618,11,314.81,5596.11,0 369 338 203 168 0,
PFG_MOEA,618,12,314.81,5596.11,0 202 306 370 342 144 176 27 98 78 196 296 347 332 324 147 211 244 223 104 310 282 143 79 160 50 60 257 270 379 195 45 348 75 328 248 0,370
PFG_MOEA,619,1,411.21,4974.5,0 12 90 381 23 32 276 239 336 138 222 198 49 274 256 237 351 280 252 236 128 119 2 0,23
PFG_MOEA,619,2,411.21,4974.5,0 22 118 185 214 295 40 122 392 285 331 133 293 53 101 352 363 323 194 275 277 102 100 95 163 61 89 207 307 313 359 365 253 206 187 0,22 100
PFG_MOEA,619,3,411.21,4974.5,0 115 0,
PFG_MOEA,619,4,411.21,4974.5,0 245 396 240 385 288 177 181 358 337 384 111 116 76 113 81 29 325 355 0,
PFG_MOEA,619,5,411.21,4974.5,0 281 26 334 298 341 134 186 131 84 114 389 105 219 371 162 159 74 279 91 24 212 375 284 14 184 318 70 292 263 8 373 169 108 72 52 130 44 386 362 201 312 67 164 107 302 173 106 261 388 197 218 151 77 273 136 137 59 109 127 57 226 19 13 80 0,77 106 284
PFG_MOEA,619,6,411.21,4974.5,0 38 172 182 319 303 357 266 141 86 199 228 267 366 289 231 34 58 68 161 235 35 249 88 135 233 156 94 230 374 92 11 36 397 350 311 4 314 193 340 299 321 269 120 142 37 51 123 145 132 339 322 121 146 294 174 320 364 393 3 229 308 356 264 259 246 42 300 329 112 221 242 96 0,51 174 229 246 299
PFG_MOEA,619,7,411.21,4974.5,0 399 200 165 191 152 247 255 1 262 250 28 345 377 395 400 394 188 301 372 21 167 291 139 149 157 63 316 387 327 17 43 85 215 73 254 183 354 69 265 346 315 99 175 251 190 390 18 103 155 83 378 213 234 227 398 93 224 179 232 225 97 71 33 260 148 238 129 330 192 48 31 304 0,93
PFG_MOEA,619,8,411.21,4974.5,0 382 383 10 391 271 39 46 54 268 272 30 66 166 205 208 6 204 154 305 326 283 65 297 62 241 110 140 286 317 333 180 220 158 189 64 20 126 124 7 56 217 55 25 367 170 361 209 287 0,55 62 66 220
PFG_MOEA,619,9,411.21,4974.5,0 380 0,
PFG_MOEA,619,10,411.21,4974.5,0 16 369 15 0,
PFG_MOEA,619,11,411.21,4974.5,0 168 203 178 82 41 0,178
PFG_MOEA,619,12,411.21,4974.5,0 335 360 338 202 306 370 342 144 176 27 98 78 196 296 347 332 216 47 125 9 150 147 324 211 244 223 104 310 282 143 309 5 195 379 79 160 50 60 270 257 210 45 153 278 87 171 353 348 75 328 248 258 376 368 290 343 349 344 243 117 0,
PFG_MOEA,620,1,312.55,5795.78,0 336 138 239 122 296 347 332 324 275 277 104 211 244 223 102 352 363 323 194 147 101 95 222 0,122 211 222 277
PFG_MOEA,620,2,312.55,5795.78,0 335 360 207 307 313 359 187 100 310 282 143 79 160 50 60 257 270 379 195 5 309 280 351 237 256 274 49 198 252 236 381 23 90 12 214 185 118 281 26 334 298 371 72 52 130 44 386 80 0,5 307
PFG_MOEA,620,3,312.55,5795.78,0 13 19 226 57 127 109 59 137 136 273 77 151 218 197 388 261 106 173 302 107 164 67 312 201 362 123 51 145 294 174 339 132 142 120 269 321 299 0,174
PFG_MOEA,620,4,312.55,5795.78,0 340 233 135 88 249 35 235 161 68 58 34 231 289 366 267 228 141 266 303 357 319 86 199 156 94 0,303
PFG_MOEA,620,5,312.55,5795.78,0 38 172 182 397 36 11 92 374 230 311 350 4 314 193 37 322 121 146 320 364 393 3 229 308 356 264 259 246 42 300 329 112 191 152 221 242 96 0,42 264
PFG_MOEA,620,6,312.55,5795.78,0 200 165 129 0,
PFG_MOEA,620,7,312.55,5795.78,0 304 330 395 400 394 188 301 372 21 167 291 139 149 157 63 316 387 17 43 33 71 224 260 0,
PFG_MOEA,620,8,312.55,5795.78,0 399 247 28 250 345 377 262 1 255 327 254 73 215 85 93 179 232 225 97 148 238 192 48 31 0,93
PFG_MOEA,620,9,312.55,5795.78,0 378 69 183 354 265 346 315 99 175 251 190 390 18 103 155 83 234 213 227 398 209 361 170 367 25 55 217 56 7 180 333 317 286 140 110 62 297 65 283 326 305 154 204 6 208 241 220 158 189 64 20 126 124 0,175
PFG_MOEA,620,10,312.55,5795.78,0 287 382 383 10 268 272 30 66 166 205 271 39 391 53 293 133 331 285 392 115 245 396 240 385 288 177 181 358 337 384 111 116 76 113 81 29 325 355 131 84 114 389 105 341 219 0,
PFG_MOEA,620,11,312.55,5795.78,0 91 24 212 375 14 108 169 373 8 263 292 70 318 184 284 74 279 159 162 22 134 186 89 216 47 125 9 150 163 61 365 253 206 46 54 0,
PFG_MOEA,620,12,312.55,5795.78,0 41 82 178 117 243 344 349 343 290 368 376 258 248 328 75 171 87 153 278 210 45 353 348 2 119 128 295 40 32 276 196 78 98 27 176 144 342 370 306 202 338 203 168 369 380 16 15 0,16 87 203
PFG_MOEA,621,1,389.39,5146.42,0 163 78 53 293 133 331 285 392 98 115 245 27 396 240 385 288 177 181 358 337 384 111 116 76 113 81 29 325 355 131 84 114 389 91 279 74 159 162 371 219 298 341 22 134 186 105 118 185 0,
PFG_MOEA,621,2,389.39,5146.42,0 281 26 334 24 212 375 284 14 184 318 70 292 263 8 373 169 108 72 52 130 44 386 51 145 123 362 201 294 312 67 164 107 302 173 106 261 388 197 218 151 77 273 136 137 59 109 127 57 226 19 13 80 0,
PFG_MOEA,621,3,389.39,5146.42,0 142 339 174 132 120 269 321 299 340 233 135 88 249 35 235 161 68 58 34 231 289 366 267 228 141 266 303 357 319 86 199 156 94 230 374 92 11 36 397 350 311 4 314 193 0,88
PFG_MOEA,621,4,389.39,5146.42,0 182 172 38 0,
PFG_MOEA,621,5,389.39,5146.42,0 37 322 121 146 320 364 393 3 229 308 356 264 259 246 42 300 329 112 152 191 165 200 221 242 96 0,152 264 329
PFG_MOEA,621,6,389.39,5146.42,0 129 33 71 224 260 0,
PFG_MOEA,621,7,389.39,5146.42,0 399 247 255 1 262 250 28 345 377 395 400 394 188 301 372 21 167 291 139 149 157 63 316 387 17 43 73 254 327 183 354 69 215 85 93 179 232 225 97 148 48 238 330 192 31 304 0,395
PFG_MOEA,621,8,389.39,5146.42,0 16 15 168 203 369 380 391 271 39 268 272 30 66 166 205 208 6 204 154 305 326 283 65 297 62 241 110 140 286 317 333 180 220 158 189 64 20 126 124 7 56 217 55 25 367 170 361 209 398 227 234 213 190 251 175 99 315 346 265 390 18 103 155 83 378 54 46 287 10 383 382 41 0,7 16 20 103 272
PFG_MOEA,621,9,389.39,5146.42,0 82 178 117 243 368 376 258 353 153 171 87 278 210 143 237 256 274 49 100 282 310 104 102 277 275 194 323 363 352 101 198 95 222 138 122 276 336 252 236 128 23 381 90 119 2 12 0,
PFG_MOEA,621,10,389.39,5146.42,0 344 349 351 280 309 5 79 160 50 60 257 270 379 195 45 348 75 328 248 290 343 187 0,
PFG_MOEA,621,11,389.39,5146.42,0 214 295 40 32 239 370 342 144 176 150 47 9 125 216 89 61 207 307 313 359 206 253 365 360 335 0,176
PFG_MOEA,621,12,389.39,5146.42,0 338 202 306 196 296 347 332 324 147 211 244 223 0,
PFG_MOEA,622,1,413.96,4915.5,0 187 206 253 365 359 313 307 207 61 12 89 2 119 128 236 252 336 138 163 222 95 198 351 280 237 256 274 49 100 102 277 275 194 323 363 352 101 53 293 133 331 285 392 122 239 276 32 40 295 23 381 90 113 81 29 76 116 111 384 337 358 181 177 288 385 240 396 245 115 22 118 185 214 0,245 381
PFG_MOEA,622,2,413.96,4915.5,0 281 84 131 325 355 114 389 186 134 341 298 26 334 0,
PFG_MOEA,622,3,413.96,4915.5,0 371 219 105 162 159 74 279 91 24 212 375 284 14 184 318 70 292 263 8 373 169 108 72 52 130 44 386 362 201 312 67 164 107 302 173 106 261 388 197 218 151 77 273 136 137 59 0,
PFG_MOEA,622,4,413.96,4915.5,0 57 127 109 226 0,
PFG_MOEA,622,5,413.96,4915.5,0 19 0,
PFG_MOEA,622,6,413.96,4915.5,0 38 303 357 266 141 86 199 228 267 366 289 231 34 58 68 161 235 35 249 88 135 233 319 182 172 13 80 0,88
PFG_MOEA,622,7,413.96,4915.5,0 399 397 36 11 92 156 94 230 374 350 311 4 314 193 340 299 321 269 120 142 37 51 123 145 132 339 322 121 146 294 174 320 364 393 3 229 308 356 264 259 246 42 300 329 112 191 165 200 221 242 96 0,11 340 374 393
PFG_MOEA,622,8,413.96,4915.5,0 152 247 255 1 262 250 28 345 377 395 400 394 188 301 372 21 167 291 139 149 157 63 316 387 327 17 43 85 215 73 254 183 354 69 265 346 315 99 175 251 190 390 18 103 155 83 378 213 234 227 398 93 0,1 152 175 227
PFG_MOEA,622,9,413.96,4915.5,0 304 31 48 192 330 238 129 148 260 391 271 39 268 272 30 66 166 205 208 6 204 154 305 326 283 65 297 62 241 110 140 286 317 333 180 220 158 189 64 20 126 124 7 56 217 55 25 367 170 361 209 71 33 97 225 232 179 224 0,55 391
PFG_MOEA,622,10,413.96,4915.5,0 287 10 383 382 0,
PFG_MOEA,622,11,413.96,4915.5,0 16 15 168 203 369 380 82 178 117 243 349 344 54 46 41 0,
PFG_MOEA,622,12,413.96,4915.5,0 335 360 216 150 9 47 125 309 5 343 290 368 376 258 248 328 75 171 87 278 153 353 348 45 210 195 379 270 257 60 50 160 79 143 282 310 104 223 244 211 324 147 332 347 296 196 78 98 27 176 144 342 370 306 202 338 0,
PFG_MOEA,623,1,320.55,5348.04,0 80 13 172 182 397 36 11 92 233 135 88 249 35 235 161 68 58 34 231 289 319 399 0,
PFG_MOEA,623,2,320.55,5348.04,0 374 230 94 156 311 350 4 314 193 340 299 321 269 120 142 132 339 174 320 364 308 229 3 393 294 146 121 322 123 145 51 37 0,393
PFG_MOEA,623,3,320.55,5348.04,0 96 242 221 200 165 112 329 300 191 152 247 255 1 262 42 250 28 246 259 264 356 345 377 395 400 394 188 301 372 21 167 291 139 149 157 63 316 387 327 17 43 85 215 73 254 183 354 69 265 346 315 99 175 251 190 0,215
PFG_MOEA,623,4,320.55,5348.04,0 304 31 192 330 238 129 398 227 234 213 18 390 286 140 110 241 93 260 148 48 0,
PFG_MOEA,623,5,320.55,5348.04,0 317 333 0,
PFG_MOEA,623,6,320.55,5348.04,0 33 71 209 361 170 367 25 55 217 56 7 180 220 158 189 64 20 126 124 224 10 383 382 16 203 168 15 0,25
PFG_MOEA,623,7,320.55,5348.04,0 380 369 335 360 216 150 9 47 125 309 5 195 379 270 210 45 348 353 153 278 87 171 75 328 248 258 376 368 290 343 54 46 344 349 243 117 178 82 41 0,
PFG_MOEA,623,8,320.55,5348.04,0 338 202 306 370 342 144 176 27 98 78 196 296 347 332 147 324 211 244 223 104 310 282 143 79 160 50 60 257 6 204 154 305 326 283 62 297 65 208 205 166 66 30 272 268 0,66
PFG_MOEA,623,9,320.55,5348.04,0 187 206 253 365 359 313 307 207 61 12 89 2 119 128 236 252 336 138 163 222 95 198 351 256 237 280 391 271 39 378 83 155 103 232 179 287 225 97 0,138 307
PFG_MOEA,623,10,320.55,5348.04,0 22 389 114 84 131 325 355 29 81 113 76 116 111 384 337 358 181 177 288 385 240 396 245 115 392 285 331 133 293 53 101 352 363 323 194 275 277 102 100 49 274 122 239 276 32 40 295 23 381 90 214 185 281 118 0,323 331
PFG_MOEA,623,11,320.55,5348.04,0 334 298 26 105 186 134 341 219 371 24 212 375 14 184 318 70 292 263 8 373 169 284 74 279 91 159 162 0,134
PFG_MOEA,623,12,320.55,5348.04,0 38 19 226 57 127 109 59 137 136 273 77 151 218 197 388 261 106 173 302 107 164 67 312 201 362 366 267 228 386 44 130 52 72 108 303 357 266 141 86 199 0,106 386
PFG_MOEA,624,1,270.73,5843.94,0 335 187 309 5 195 379 270 257 60 50 160 79 143 280 351 237 256 274 49 198 252 236 381 23 90 12 207 307 0,
PFG_MOEA,624,2,270.73,5843.94,0 61 313 359 206 253 365 360 214 185 118 281 26 334 298 371 22 134 186 162 159 292 263 8 373 318 70 184 284 74 279 0,134 284 313 318
PFG_MOEA,624,3,270.73,5843.94,0 91 169 108 14 375 212 24 192 330 238 129 200 165 112 191 152 127 57 109 59 137 273 136 247 17 43 85 215 33 71 224 260 148 48 31 304 0,33 200
PFG_MOEA,624,4,270.73,5843.94,0 73 254 69 354 183 327 387 157 149 188 394 316 63 262 1 255 250 28 42 400 395 377 345 356 264 259 246 308 229 197 218 151 77 107 164 67 302 388 3 106 173 261 320 364 0,
PFG_MOEA,624,5,270.73,5843.94,0 329 300 362 123 51 145 322 121 146 201 312 393 294 174 339 132 120 142 0,145 174
PFG_MOEA,624,6,270.73,5843.94,0 37 269 321 299 340 219 341 105 84 131 29 81 113 76 116 111 181 358 337 384 325 355 114 389 0,341
PFG_MOEA,624,7,270.73,5843.94,0 89 216 47 125 9 150 163 53 293 133 331 285 392 115 245 396 240 385 288 177 34 58 235 135 233 88 249 35 161 68 0,133 240
PFG_MOEA,624,8,270.73,5843.94,0 172 182 193 314 4 350 397 36 11 374 311 230 94 156 199 92 86 319 266 141 289 231 386 366 267 228 44 130 52 72 303 357 13 19 226 221 242 96 0,141 386
PFG_MOEA,624,9,270.73,5843.94,0 38 80 378 83 291 139 21 167 301 372 346 315 265 390 99 175 251 190 18 103 155 234 227 398 93 54 46 268 272 30 39 271 391 179 0,
PFG_MOEA,624,10,270.73,5843.94,0 97 225 232 209 361 213 170 367 328 248 258 376 368 290 343 66 349 344 243 117 178 82 41 16 380 369 196 78 98 27 176 144 342 370 306 202 338 203 168 15 399 0,82 176 225
PFG_MOEA,624,11,270.73,5843.94,0 287 64 166 205 75 348 353 45 210 278 153 171 87 6 208 158 189 220 241 62 297 65 283 204 154 305 326 110 140 180 333 317 286 25 55 217 56 7 124 126 20 10 0,65 126
PFG_MOEA,624,12,270.73,5843.94,0 2 119 128 295 40 32 276 239 122 296 332 347 138 336 222 95 101 194 147 324 275 323 363 352 277 102 223 244 211 104 310 100 282 383 382 0,2
PFG_MOEA,625,1,759.34,4800.0,0 219 341 105 389 114 84 131 355 325 29 81 113 76 116 111 384 337 358 181 177 288 385 240 396 245 115 392 285 331 133 293 53 163 150 9 125 47 216 89 61 206 253 365 0,245
PFG_MOEA,625,2,759.34,4800.0,0 22 134 186 162 159 279 74 284 184 318 70 292 263 8 373 169 108 14 375 212 24 91 0,318
PFG_MOEA,625,3,759.34,4800.0,0 304 31 48 148 260 224 71 33 129 238 330 192 200 165 112 191 152 127 57 109 59 137 273 136 247 17 43 85 215 73 254 69 354 183 327 387 157 149 188 394 316 63 262 1 255 250 28 42 400 395 377 345 356 264 259 246 308 229 197 218 151 77 107 164 67 302 388 3 106 173 261 320 364 393 312 201 362 329 300 123 51 145 322 121 146 294 174 339 132 120 142 37 269 321 299 340 233 135 88 249 35 161 235 68 58 34 386 231 289 366 267 228 44 130 52 72 303 357 319 266 141 86 92 199 156 94 230 311 374 11 36 397 350 4 314 193 182 172 13 19 226 221 242 96 80 38 0,33 106 174 200 303 311 394
PFG_MOEA,625,4,759.34,4800.0,0 378 83 155 103 18 190 251 175 99 315 346 372 301 167 21 139 291 265 390 234 0,
PFG_MOEA,625,5,759.34,4800.0,0 179 391 271 39 30 272 268 46 54 93 398 227 213 232 0,391
PFG_MOEA,625,6,759.34,4800.0,0 225 0,
PFG_MOEA,625,7,759.34,4800.0,0 97 209 361 170 367 0,
PFG_MOEA,625,8,759.34,4800.0,0 399 15 168 203 338 202 306 370 342 144 176 27 98 78 196 369 380 16 41 82 178 117 243 344 349 66 343 290 368 376 258 248 328 75 348 353 45 210 278 153 171 87 6 208 205 166 158 189 220 241 62 297 65 283 204 154 305 326 110 140 180 333 317 286 25 55 217 56 7 124 126 20 64 287 10 383 382 0,62 66 205 220 342
PFG_MOEA,625,9,759.34,4800.0,0 2 119 128 295 40 32 276 239 122 296 332 347 138 336 222 95 101 194 147 324 275 323 363 352 277 102 223 244 211 104 310 100 282 143 79 160 50 60 257 270 379 195 5 309 280 351 237 256 274 49 198 252 236 0,
PFG_MOEA,625,10,759.34,4800.0,0 381 23 90 12 207 307 0,
PFG_MOEA,625,11,759.34,4800.0,0 335 187 359 313 360 214 0,
PFG_MOEA,625,12,759.34,4800.0,0 185 118 281 26 334 298 371 0,
PFG_MOEA,626,1,314.81,5596.11,0 12 90 128 236 252 336 276 138 222 198 49 274 256 237 351 280 309 5 290 343 313 207 0,222
PFG_MOEA,626,2,314.81,5596.11,0 91 292 263 8 373 169 108 14 375 212 24 371 219 341 298 334 26 281 118 185 214 295 40 32 239 122 95 101 352 363 323 194 275 277 102 100 23 381 119 2 307 359 187 148 48 31 304 0,23
PFG_MOEA,626,3,314.81,5596.11,0 260 224 71 33 127 152 191 112 165 200 129 238 330 192 0,33
PFG_MOEA,626,4,314.81,5596.11,0 57 67 302 173 106 3 388 164 107 77 151 218 197 229 308 246 259 264 356 345 377 395 400 42 28 250 255 1 262 63 316 394 188 149 157 387 327 183 354 69 254 73 215 85 43 17 247 136 273 137 59 109 0,
PFG_MOEA,626,5,314.81,5596.11,0 329 300 362 123 51 145 322 121 146 201 261 320 364 393 312 294 174 339 132 206 253 365 360 335 0,362 393
PFG_MOEA,626,6,314.81,5596.11,0 61 358 181 177 288 385 240 396 245 115 392 285 331 133 293 53 163 150 9 125 47 216 89 0,
PFG_MOEA,626,7,314.81,5596.11,0 80 13 19 226 35 161 235 58 34 386 231 289 366 267 228 44 130 52 72 318 70 184 284 74 279 159 162 389 114 355 325 384 337 111 116 76 113 81 29 131 84 105 186 134 22 0,
PFG_MOEA,626,8,314.81,5596.11,0 38 96 242 221 172 182 397 350 311 4 314 193 230 94 156 374 36 11 92 319 357 303 266 141 86 199 68 135 88 249 233 340 299 321 269 120 142 37 301 21 139 291 167 372 346 315 99 175 251 0,182
PFG_MOEA,626,9,314.81,5596.11,0 97 225 232 179 391 271 158 241 62 297 65 283 204 154 305 326 110 140 286 317 333 180 220 126 124 7 56 217 55 25 367 170 361 209 227 234 213 190 390 265 18 103 155 83 378 398 93 54 46 268 272 30 39 0,65 154
PFG_MOEA,626,10,314.81,5596.11,0 399 15 16 380 41 82 178 117 243 344 349 20 189 64 166 205 208 6 87 171 153 278 210 353 258 376 368 66 287 10 383 382 0,243
PFG_MOEA,626,11,314.81,5596.11,0 369 338 203 168 0,
PFG_MOEA,626,12,314.81,5596.11,0 202 306 370 342 144 176 27 98 78 196 296 347 332 324 147 211 244 223 104 310 282 143 79 160 50 60 257 270 379 195 45 348 75 328 248 0,370
PFG_MOEA,627,1,411.21,4974.5,0 12 90 381 23 32 276 239 336 138 222 198 49 274 256 237 351 280 252 236 128 119 2 0,23
PFG_MOEA,627,2,411.21,4974.5,0 22 118 185 214 295 40 122 392 285 331 133 293 53 101 352 363 323 194 275 277 102 100 95 163 61 89 207 307 313 359 365 253 206 187 0,22 100
PFG_MOEA,627,3,411.21,4974.5,0 115 0,
PFG_MOEA,627,4,411.21,4974.5,0 245 396 240 385 288 177 181 358 337 384 111 116 76 113 81 29 325 355 0,
PFG_MOEA,627,5,411.21,4974.5,0 281 26 334 298 341 134 186 131 84 114 389 105 219 371 162 159 74 279 91 24 212 375 284 14 184 318 70 292 263 8 373 169 108 72 52 130 44 386 362 201 312 67 164 107 302 173 106 261 388 197 218 151 77 273 136 137 59 109 127 57 226 19 13 80 0,77 106 284
PFG_MOEA,627,6,411.21,4974.5,0 38 172 182 319 303 357 266 141 86 199 228 267 366 289 231 34 58 68 161 235 35 249 88 135 233 156 94 230 374 92 11 36 397 350 311 4 314 193 340 299 321 269 120 142 37 51 123 145 132 339 322 121 146 294 174 320 364 393 3 229 308 356 264 259 246 42 300 329 112 221 242 96 0,51 174 229 246 299
PFG_MOEA,627,7,411.21,4974.5,0 399 200 165 191 152 247 255 1 262 250 28 345 377 395 400 394 188 301 372 21 167 291 139 149 157 63 316 387 327 17 43 85 215 73 254 183 354 69 265 346 315 99 175 251 190 390 18 103 155 83 378 213 234 227 398 93 224 179 232 225 97 71 33 260 148 238 129 330 192 48 31 304 0,93
PFG_MOEA,627,8,411.21,4974.5,0 382 383 10 391 271 39 46 54 268 272 30 66 166 205 208 6 204 154 305 326 283 65 297 62 241 110 140 286 317 333 180 220 158 189 64 20 126 124 7 56 217 55 25 367 170 361 209 287 0,55 62 66 220
PFG_MOEA,627,9,411.21,4974.5,0 380 0,
PFG_MOEA,627,10,411.21,4974.5,0 16 369 15 0,
PFG_MOEA,627,11,411.21,4974.5,0 168 203 178 82 41 0,178
PFG_MOEA,627,12,411.21,4974.5,0 335 360 338 202 306 370 342 144 176 27 98 78 196 296 347 332 216 47 125 9 150 147 324 211 244 223 104 310 282 143 309 5 195 379 79 160 50 60 270 257 210 45 153 278 87 171 353 348 75 328 248 258 376 368 290 343 349 344 243 117 0,
PFG_MOEA,628,1,312.55,5795.78,0 336 138 239 122 296 347 332 324 275 277 104 211 244 223 102 352 363 323 194 147 101 95 222 0,122 211 222 277
PFG_MOEA,628,2,312.55,5795.78,0 335 360 207 307 313 359 187 100 310 282 143 79 160 50 60 257 270 379 195 5 309 280 351 237 256 274 49 198 252 236 381 23 90 12 214 185 118 281 26 334 298 371 72 52 130 44 386 80 0,5 307
PFG_MOEA,628,3,312.55,5795.78,0 13 19 226 57 127 109 59 137 136 273 77 151 218 197 388 261 106 173 302 107 164 67 312 201 362 123 51 145 294 174 339 132 142 120 269 321 299 0,174
PFG_MOEA,628,4,312.55,5795.78,0 340 233 135 88 249 35 235 161 68 58 34 231 289 366 267 228 141 266 303 357 319 86 199 156 94 0,303
PFG_MOEA,628,5,312.55,5795.78,0 38 172 182 397 36 11 92 374 230 311 350 4 314 193 37 322 121 146 320 364 393 3 229 308 356 264 259 246 42 300 329 112 191 152 221 242 96 0,42 264
PFG_MOEA,628,6,312.55,5795.78,0 200 165 129 0,
PFG_MOEA,628,7,312.55,5795.78,0 304 330 395 400 394 188 301 372 21 167 291 139 149 157 63 316 387 17 43 33 71 224 260 0,
PFG_MOEA,628,8,312.55,5795.78,0 399 247 28 250 345 377 262 1 255 327 254 73 215 85 93 179 232 225 97 148 238 192 48 31 0,93
PFG_MOEA,628,9,312.55,5795.78,0 378 69 183 354 265 346 315 99 175 251 190 390 18 103 155 83 234 213 227 398 209 361 170 367 25 55 217 56 7 180 333 317 286 140 110 62 297 65 283 326 305 154 204 6 208 241 220 158 189 64 20 126 124 0,175
PFG_MOEA,628,10,312.55,5795.78,0 287 382 383 10 268 272 30 66 166 205 271 39 391 53 293 133 331 285 392 115 245 396 240 385 288 177 181 358 337 384 111 116 76 113 81 29 325 355 131 84 114 389 105 341 219 0,
PFG_MOEA,628,11,312.55,5795.78,0 91 24 212 375 14 108 169 373 8 263 292 70 318 184 284 74 279 159 162 22 134 186 89 216 47 125 9 150 163 61 365 253 206 46 54 0,
PFG_MOEA,628,12,312.55,5795.78,0 41 82 178 117 243 344 349 343 290 368 376 258 248 328 75 171 87 153 278 210 45 353 348 2 119 128 295 40 32 276 196 78 98 27 176 144 342 370 306 202 338 203 168 369 380 16 15 0,16 87 203
PFG_MOEA,629,1,389.39,5146.42,0 163 78 53 293 133 331 285 392 98 115 245 27 396 240 385 288 177 181 358 337 384 111 116 76 113 81 29 325 355 131 84 114 389 91 279 74 159 162 371 219 298 341 22 134 186 105 118 185 0,
PFG_MOEA,629,2,389.39,5146.42,0 281 26 334 24 212 375 284 14 184 318 70 292 263 8 373 169 108 72 52 130 44 386 51 145 123 362 201 294 312 67 164 107 302 173 106 261 388 197 218 151 77 273 136 137 59 109 127 57 226 19 13 80 0,
PFG_MOEA,629,3,389.39,5146.42,0 142 339 174 132 120 269 321 299 340 233 135 88 249 35 235 161 68 58 34 231 289 366 267 228 141 266 303 357 319 86 199 156 94 230 374 92 11 36 397 350 311 4 314 193 0,88
PFG_MOEA,629,4,389.39,5146.42,0 182 172 38 0,
PFG_MOEA,629,5,389.39,5146.42,0 37 322 121 146 320 364 393 3 229 308 356 264 259 246 42 300 329 112 152 191 165 200 221 242 96 0,152 264 329
PFG_MOEA,629,6,389.39,5146.42,0 129 33 71 224 260 0,
PFG_MOEA,629,7,389.39,5146.42,0 399 247 255 1 262 250 28 345 377 395 400 394 188 301 372 21 167 291 139 149 157 63 316 387 17 43 73 254 327 183 354 69 215 85 93 179 232 225 97 148 48 238 330 192 31 304 0,395
PFG_MOEA,629,8,389.39,5146.42,0 16 15 168 203 369 380 391 271 39 268 272 30 66 166 205 208 6 204 154 305 326 283 65 297 62 241 110 140 286 317 333 180 220 158 189 64 20 126 124 7 56 217 55 25 367 170 361 209 398 227 234 213 190 251 175 99 315 346 265 390 18 103 155 83 378 54 46 287 10 383 382 41 0,7 16 20 103 272
PFG_MOEA,629,9,389.39,5146.42,0 82 178 117 243 368 376 258 353 153 171 87 278 210 143 237 256 274 49 100 282 310 104 102 277 275 194 323 363 352 101 198 95 222 138 122 276 336 252 236 128 23 381 90 119 2 12 0,
PFG_MOEA,629,10,389.39,5146.42,0 344 349 351 280 309 5 79 160 50 60 257 270 379 195 45 348 75 328 248 290 343 187 0,
PFG_MOEA,629,11,389.39,5146.42,0 214 295 40 32 239 370 342 144 176 150 47 9 125 216 89 61 207 307 313 359 206 253 365 360 335 0,176
PFG_MOEA,629,12,389.39,5146.42,0 338 202 306 196 296 347 332 324 147 211 244 223 0,
PFG_MOEA,630,1,413.96,4915.5,0 187 206 253 365 359 313 307 207 61 12 89 2 119 128 236 252 336 138 163 222 95 198 351 280 237 256 274 49 100 102 277 275 194 323 363 352 101 53 293 133 331 285 392 122 239 276 32 40 295 23 381 90 113 81 29 76 116 111 384 337 358 181 177 288 385 240 396 245 115 22 118 185 214 0,245 381
PFG_MOEA,630,2,413.96,4915.5,0 281 84 131 325 355 114 389 186 134 341 298 26 334 0,
PFG_MOEA,630,3,413.96,4915.5,0 371 219 105 162 159 74 279 91 24 212 375 284 14 184 318 70 292 263 8 373 169 108 72 52 130 44 386 362 201 312 67 164 107 302 173 106 261 388 197 218 151 77 273 136 137 59 0,
PFG_MOEA,630,4,413.96,4915.5,0 57 127 109 226 0,
PFG_MOEA,630,5,413.96,4915.5,0 19 0,
PFG_MOEA,630,6,413.96,4915.5,0 38 303 357 266 141 86 199 228 267 366 289 231 34 58 68 161 235 35 249 88 135 233 319 182 172 13 80 0,88
PFG_MOEA,630,7,413.96,4915.5,0 399 397 36 11 92 156 94 230 374 350 311 4 314 193 340 299 321 269 120 142 37 51 123 145 132 339 322 121 146 294 174 320 364 393 3 229 308 356 264 259 246 42 300 329 112 191 165 200 221 242 96 0,11 340 374 393
PFG_MOEA,630,8,413.96,4915.5,0 152 247 255 1 262 250 28 345 377 395 400 394 188 301 372 21 167 291 139 149 157 63 316 387 327 17 43 85 215 73 254 183 354 69 265 346 315 99 175 251 190 390 18 103 155 83 378 213 234 227 398 93 0,1 152 175 227
PFG_MOEA,630,9,413.96,4915.5,0 304 31 48 192 330 238 129 148 260 391 271 39 268 272 30 66 166 205 208 6 204 154 305 326 283 65 297 62 241 110 140 286 317 333 180 220 158 189 64 20 126 124 7 56 217 55 25 367 170 361 209 71 33 97 225 232 179 224 0,55 391
PFG_MOEA,630,10,413.96,4915.5,0 287 10 383 382 0,
PFG_MOEA,630,11,413.96,4915.5,0 16 15 168 203 369 380 82 178 117 243 349 344 54 46 41 0,
PFG_MOEA,630,12,413.96,4915.5,0 335 360 216 150 9 47 125 309 5 343 290 368 376 258 248 328 75 171 87 278 153 353 348 45 210 195 379 270 257 60 50 160 79 143 282 310 104 223 244 211 324 147 332 347 296 196 78 98 27 176 144 342 370 306 202 338 0,
PFG_MOEA,631,1,320.55,5348.04,0 80 13 172 182 397 36 11 92 233 135 88 249 35 235 161 68 58 34 231 289 319 399 0,
PFG_MOEA,631,2,320.55,5348.04,0 374 230 94 156 311 350 4 314 193 340 299 321 269 120 142 132 339 174 320 364 308 229 3 393 294 146 121 322 123 145 51 37 0,393
PFG_MOEA,631,3,320.55,5348.04,0 96 242 221 200 165 112 329 300 191 152 247 255 1 262 42 250 28 246 259 264 356 345 377 395 400 394 188 301 372 21 167 291 139 149 157 63 316 387 327 17 43 85 215 73 254 183 354 69 265 346 315 99 175 251 190 0,215
PFG_MOEA,631,4,320.55,5348.04,0 304 31 192 330 238 129 398 227 234 213 18 390 286 140 110 241 93 260 148 48 0,
PFG_MOEA,631,5,320.55,5348.04,0 317 333 0,
PFG_MOEA,631,6,320.55,5348.04,0 33 71 209 361 170 367 25 55 217 56 7 180 220 158 189 64 20 126 124 224 10 383 382 16 203 168 15 0,25
PFG_MOEA,631,7,320.55,5348.04,0 380 369 335 360 216 150 9 47 125 309 5 195 379 270 210 45 348 353 153 278 87 171 75 328 248 258 376 368 290 343 54 46 344 349 243 117 178 82 41 0,
PFG_MOEA,631,8,320.55,5348.04,0 338 202 306 370 342 144 176 27 98 78 196 296 347 332 147 324 211 244 223 104 310 282 143 79 160 50 60 257 6 204 154 305 326 283 62 297 65 208 205 166 66 30 272 268 0,66
PFG_MOEA,631,9,320.55,5348.04,0 187 206 253 365 359 313 307 207 61 12 89 2 119 128 236 252 336 138 163 222 95 198 351 256 237 280 391 271 39 378 83 155 103 232 179 287 225 97 0,138 307
PFG_MOEA,631,10,320.55,5348.04,0 22 389 114 84 131 325 355 29 81 113 76 116 111 384 337 358 181 177 288 385 240 396 245 115 392 285 331 133 293 53 101 352 363 323 194 275 277 102 100 49 274 122 239 276 32 40 295 23 381 90 214 185 281 118 0,323 331
PFG_MOEA,631,11,320.55,5348.04,0 334 298 26 105 186 134 341 219 371 24 212 375 14 184 318 70 292 263 8 373 169 284 74 279 91 159 162 0,134
PFG_MOEA,631,12,320.55,5348.04,0 38 19 226 57 127 109 59 137 136 273 77 151 218 197 388 261 106 173 302 107 164 67 312 201 362 366 267 228 386 44 130 52 72 108 303 357 266 141 86 199 0,106 386
PFG_MOEA,632,1,270.73,5843.94,0 335 187 309 5 195 379 270 257 60 50 160 79 143 280 351 237 256 274 49 198 252 236 381 23 90 12 207 307 0,
PFG_MOEA,632,2,270.73,5843.94,0 61 313 359 206 253 365 360 214 185 118 281 26 334 298 371 22 134 186 162 159 292 263 8 373 318 70 184 284 74 279 0,134 284 313 318
PFG_MOEA,632,3,270.73,5843.94,0 91 169 108 14 375 212 24 192 330 238 129 200 165 112 191 152 127 57 109 59 137 273 136 247 17 43 85 215 33 71 224 260 148 48 31 304 0,33 200
PFG_MOEA,632,4,270.73,5843.94,0 73 254 69 354 183 327 387 157 149 188 394 316 63 262 1 255 250 28 42 400 395 377 345 356 264 259 246 308 229 197 218 151 77 107 164 67 302 388 3 106 173 261 320 364 0,
PFG_MOEA,632,5,270.73,5843.94,0 329 300 362 123 51 145 322 121 146 201 312 393 294 174 339 132 120 142 0,145 174
PFG_MOEA,632,6,270.73,5843.94,0 37 269 321 299 340 219 341 105 84 131 29 81 113 76 116 111 181 358 337 384 325 355 114 389 0,341
PFG_MOEA,632,7,270.73,5843.94,0 89 216 47 125 9 150 163 53 293 133 331 285 392 115 245 396 240 385 288 177 34 58 235 135 233 88 249 35 161 68 0,133 240
PFG_MOEA,632,8,270.73,5843.94,0 172 182 193 314 4 350 397 36 11 374 311 230 94 156 199 92 86 319 266 141 289 231 386 366 267 228 44 130 52 72 303 357 13 19 226 221 242 96 0,141 386
PFG_MOEA,632,9,270.73,5843.94,0 38 80 378 83 291 139 21 167 301 372 346 315 265 390 99 175 251 190 18 103 155 234 227 398 93 54 46 268 272 30 39 271 391 179 0,
PFG_MOEA,632,10,270.73,5843.94,0 97 225 232 209 361 213 170 367 328 248 258 376 368 290 343 66 349 344 243 117 178 82 41 16 380 369 196 78 98 27 176 144 342 370 306 202 338 203 168 15 399 0,82 176 225
PFG_MOEA,632,11,270.73,5843.94,0 287 64 166 205 75 348 353 45 210 278 153 171 87 6 208 158 189 220 241 62 297 65 283 204 154 305 326 110 140 180 333 317 286 25 55 217 56 7 124 126 20 10 0,65 126
PFG_MOEA,632,12,270.73,5843.94,0 2 119 128 295 40 32 276 239 122 296 332 347 138 336 222 95 101 194 147 324 275 323 363 352 277 102 223 244 211 104 310 100 282 383 382 0,2
PFG_MOEA,633,1,759.34,4800.0,0 219 341 105 389 114 84 131 355 325 29 81 113 76 116 111 384 337 358 181 177 288 385 240 396 245 115 392 285 331 133 293 53 163 150 9 125 47 216 89 61 206 253 365 0,245
PFG_MOEA,633,2,759.34,4800.0,0 22 134 186 162 159 279 74 284 184 318 70 292 263 8 373 169 108 14 375 212 24 91 0,318
PFG_MOEA,633,3,759.34,4800.0,0 304 31 48 148 260 224 71 33 129 238 330 192 200 165 112 191 152 127 57 109 59 137 273 136 247 17 43 85 215 73 254 69 354 183 327 387 157 149 188 394 316 63 262 1 255 250 28 42 400 395 377 345 356 264 259 246 308 229 197 218 151 77 107 164 67 302 388 3 106 173 261 320 364 393 312 201 362 329 300 123 51 145 322 121 146 294 174 339 132 120 142 37 269 321 299 340 233 135 88 249 35 161 235 68 58 34 386 231 289 366 267 228 44 130 52 72 303 357 319 266 141 86 92 199 156 94 230 311 374 11 36 397 350 4 314 193 182 172 13 19 226 221 242 96 80 38 0,33 106 174 200 303 311 394
PFG_MOEA,633,4,759.34,4800.0,0 378 83 155 103 18 190 251 175 99 315 346 372 301 167 21 139 291 265 390 234 0,
PFG_MOEA,633,5,759.34,4800.0,0 179 391 271 39 30 272 268 46 54 93 398 227 213 232 0,391
PFG_MOEA,633,6,759.34,4800.0,0 225 0,
PFG_MOEA,633,7,759.34,4800.0,0 97 209 361 170 367 0,
PFG_MOEA,633,8,759.34,4800.0,0 399 15 168 203 338 202 306 370 342 144 176 27 98 78 196 369 380 16 41 82 178 117 243 344 349 66 343 290 368 376 258 248 328 75 348 353 45 210 278 153 171 87 6 208 205 166 158 189 220 241 62 297 65 283 204 154 305 326 110 140 180 333 317 286 25 55 217 56 7 124 126 20 64 287 10 383 382 0,62 66 205 220 342
PFG_MOEA,633,9,759.34,4800.0,0 2 119 128 295 40 32 276 239 122 296 332 347 138 336 222 95 101 194 147 324 275 323 363 352 277 102 223 244 211 104 310 100 282 143 79 160 50 60 257 270 379 195 5 309 280 351 237 256 274 49 198 252 236 0,
PFG_MOEA,633,10,759.34,4800.0,0 381 23 90 12 207 307 0,
PFG_MOEA,633,11,759.34,4800.0,0 335 187 359 313 360 214 0,
PFG_MOEA,633,12,759.34,4800.0,0 185 118 281 26 334 298 371 0,
PFG_MOEA,634,1,314.81,5596.11,0 12 90 128 236 252 336 276 138 222 198 49 274 256 237 351 280 309 5 290 343 313 207 0,222
PFG_MOEA,634,2,314.81,5596.11,0 91 292 263 8 373 169 108 14 375 212 24 371 219 341 298 334 26 281 118 185 214 295 40 32 239 122 95 101 352 363 323 194 275 277 102 100 23 381 119 2 307 359 187 148 48 31 304 0,23
PFG_MOEA,634,3,314.81,5596.11,0 260 224 71 33 127 152 191 112 165 200 129 238 330 192 0,33
PFG_MOEA,634,4,314.81,5596.11,0 57 67 302 173 106 3 388 164 107 77 151 218 197 229 308 246 259 264 356 345 377 395 400 42 28 250 255 1 262 63 316 394 188 149 157 387 327 183 354 69 254 73 215 85 43 17 247 136 273 137 59 109 0,
PFG_MOEA,634,5,314.81,5596.11,0 329 300 362 123 51 145 322 121 146 201 261 320 364 393 312 294 174 339 132 206 253 365 360 335 0,362 393
PFG_MOEA,634,6,314.81,5596.11,0 61 358 181 177 288 385 240 396 245 115 392 285 331 133 293 53 163 150 9 125 47 216 89 0,
PFG_MOEA,634,7,314.81,5596.11,0 80 13 19 226 35 161 235 58 34 386 231 289 366 267 228 44 130 52 72 318 70 184 284 74 279 159 162 389 114 355 325 384 337 111 116 76 113 81 29 131 84 105 186 134 22 0,
PFG_MOEA,634,8,314.81,5596.11,0 38 96 242 221 172 182 397 350 311 4 314 193 230 94 156 374 36 11 92 319 357 303 266 141 86 199 68 135 88 249 233 340 299 321 269 120 142 37 301 21 139 291 167 372 346 315 99 175 251 0,182
PFG_MOEA,634,9,314.81,5596.11,0 97 225 232 179 391 271 158 241 62 297 65 283 204 154 305 326 110 140 286 317 333 180 220 126 124 7 56 217 55 25 367 170 361 209 227 234 213 190 390 265 18 103 155 83 378 398 93 54 46 268 272 30 39 0,65 154
PFG_MOEA,634,10,314.81,5596.11,0 399 15 16 380 41 82 178 117 243 344 349 20 189 64 166 205 208 6 87 171 153 278 210 353 258 376 368 66 287 10 383 382 0,243
PFG_MOEA,634,11,314.81,5596.11,0 369 338 203 168 0,
PFG_MOEA,634,12,314.81,5596.11,0 202 306 370 342 144 176 27 98 78 196 296 347 332 324 147 211 244 223 104 310 282 143 79 160 50 60 257 270 379 195 45 348 75 328 248 0,370
PFG_MOEA,635,1,411.21,4974.5,0 12 90 381 23 32 276 239 336 138 222 198 49 274 256 237 351 280 252 236 128 119 2 0,23
PFG_MOEA,635,2,411.21,4974.5,0 22 118 185 214 295 40 122 392 285 331 133 293 53 101 352 363 323 194 275 277 102 100 95 163 61 89 207 307 313 359 365 253 206 187 0,22 100
PFG_MOEA,635,3,411.21,4974.5,0 115 0,
PFG_MOEA,635,4,411.21,4974.5,0 245 396 240 385 288 177 181 358 337 384 111 116 76 113 81 29 325 355 0,
PFG_MOEA,635,5,411.21,4974.5,0 281 26 334 298 341 134 186 131 84 114 389 105 219 371 162 159 74 279 91 24 212 375 284 14 184 318 70 292 263 8 373 169 108 72 52 130 44 386 362 201 312 67 164 107 302 173 106 261 388 197 218 151 77 273 136 137 59 109 127 57 226 19 13 80 0,77 106 284
PFG_MOEA,635,6,411.21,4974.5,0 38 172 182 319 303 357 266 141 86 199 228 267 366 289 231 34 58 68 161 235 35 249 88 135 233 156 94 230 374 92 11 36 397 350 311 4 314 193 340 299 321 269 120 142 37 51 123 145 132 339 322 121 146 294 174 320 364 393 3 229 308 356 264 259 246 42 300 329 112 221 242 96 0,51 174 229 246 299
PFG_MOEA,635,7,411.21,4974.5,0 399 200 165 191 152 247 255 1 262 250 28 345 377 395 400 394 188 301 372 21 167 291 139 149 157 63 316 387 327 17 43 85 215 73 254 183 354 69 265 346 315 99 175 251 190 390 18 103 155 83 378 213 234 227 398 93 224 179 232 225 97 71 33 260 148 238 129 330 192 48 31 304 0,93
PFG_MOEA,635,8,411.21,4974.5,0 382 383 10 391 271 39 46 54 268 272 30 66 166 205 208 6 204 154 305 326 283 65 297 62 241 110 140 286 317 333 180 220 158 189 64 20 126 124 7 56 217 55 25 367 170 361 209 287 0,55 62 66 220
PFG_MOEA,635,9,411.21,4974.5,0 380 0,
PFG_MOEA,635,10,411.21,4974.5,0 16 369 15 0,
PFG_MOEA,635,11,411.21,4974.5,0 168 203 178 82 41 0,178
PFG_MOEA,635,12,411.21,4974.5,0 335 360 338 202 306 370 342 144 176 27 98 78 196 296 347 332 216 47 125 9 150 147 324 211 244 223 104 310 282 143 309 5 195 379 79 160 50 60 270 257 210 45 153 278 87 171 353 348 75 328 248 258 376 368 290 343 349 344 243 117 0,
PFG_MOEA,636,1,312.55,5795.78,0 336 138 239 122 296 347 332 324 275 277 104 211 244 223 102 352 363 323 194 147 101 95 222 0,122 211 222 277
PFG_MOEA,636,2,312.55,5795.78,0 335 360 207 307 313 359 187 100 310 282 143 79 160 50 60 257 270 379 195 5 309 280 351 237 256 274 49 198 252 236 381 23 90 12 214 185 118 281 26 334 298 371 72 52 130 44 386 80 0,5 307
PFG_MOEA,636,3,312.55,5795.78,0 13 19 226 57 127 109 59 137 136 273 77 151 218 197 388 261 106 173 302 107 164 67 312 201 362 123 51 145 294 174 339 132 142 120 269 321 299 0,174
PFG_MOEA,636,4,312.55,5795.78,0 340 233 135 88 249 35 235 161 68 58 34 231 289 366 267 228 141 266 303 357 319 86 199 156 94 0,303
PFG_MOEA,636,5,312.55,5795.78,0 38 172 182 397 36 11 92 374 230 311 350 4 314 193 37 322 121 146 320 364 393 3 229 308 356 264 259 246 42 300 329 112 191 152 221 242 96 0,42 264
PFG_MOEA,636,6,312.55,5795.78,0 200 165 129 0,
PFG_MOEA,636,7,312.55,5795.78,0 304 330 395 400 394 188 301 372 21 167 291 139 149 157 63 316 387 17 43 33 71 224 260 0,
PFG_MOEA,636,8,312.55,5795.78,0 399 247 28 250 345 377 262 1 255 327 254 73 215 85 93 179 232 225 97 148 238 192 48 31 0,93
PFG_MOEA,636,9,312.55,5795.78,0 378 69 183 354 265 346 315 99 175 251 190 390 18 103 155 83 234 213 227 398 209 361 170 367 25 55 217 56 7 180 333 317 286 140 110 62 297 65 283 326 305 154 204 6 208 241 220 158 189 64 20 126 124 0,175
PFG_MOEA,636,10,312.55,5795.78,0 287 382 383 10 268 272 30 66 166 205 271 39 391 53 293 133 331 285 392 115 245 396 240 385 288 177 181 358 337 384 111 116 76 113 81 29 325 355 131 84 114 389 105 341 219 0,
PFG_MOEA,636,11,312.55,5795.78,0 91 24 212 375 14 108 169 373 8 263 292 70 318 184 284 74 279 159 162 22 134 186 89 216 47 125 9 150 163 61 365 253 206 46 54 0,
PFG_MOEA,636,12,312.55,5795.78,0 41 82 178 117 243 344 349 343 290 368 376 258 248 328 75 171 87 153 278 210 45 353 348 2 119 128 295 40 32 276 196 78 98 27 176 144 342 370 306 202 338 203 168 369 380 16 15 0,16 87 203
PFG_MOEA,637,1,389.39,5146.42,0 163 78 53 293 133 331 285 392 98 115 245 27 396 240 385 288 177 181 358 337 384 111 116 76 113 81 29 325 355 131 84 114 389 91 279 74 159 162 371 219 298 341 22 134 186 105 118 185 0,
PFG_MOEA,637,2,389.39,5146.42,0 281 26 334 24 212 375 284 14 184 318 70 292 263 8 373 169 108 72 52 130 44 386 51 145 123 362 201 294 312 67 164 107 302 173 106 261 388 197 218 151 77 273 136 137 59 109 127 57 226 19 13 80 0,
PFG_MOEA,637,3,389.39,5146.42,0 142 339 174 132 120 269 321 299 340 233 135 88 249 35 235 161 68 58 34 231 289 366 267 228 141 266 303 357 319 86 199 156 94 230 374 92 11 36 397 350 311 4 314 193 0,88
PFG_MOEA,637,4,389.39,5146.42,0 182 172 38 0,
PFG_MOEA,637,5,389.39,5146.42,0 37 322 121 146 320 364 393 3 229 308 356 264 259 246 42 300 329 112 152 191 165 200 221 242 96 0,152 264 329
PFG_MOEA,637,6,389.39,5146.42,0 129 33 71 224 260 0,
PFG_MOEA,637,7,389.39,5146.42,0 399 247 255 1 262 250 28 345 377 395 400 394 188 301 372 21 167 291 139 149 157 63 316 387 17 43 73 254 327 183 354 69 215 85 93 179 232 225 97 148 48 238 330 192 31 304 0,395
PFG_MOEA,637,8,389.39,5146.42,0 16 15 168 203 369 380 391 271 39 268 272 30 66 166 205 208 6 204 154 305 326 283 65 297 62 241 110 140 286 317 333 180 220 158 189 64 20 126 124 7 56 217 55 25 367 170 361 209 398 227 234 213 190 251 175 99 315 346 265 390 18 103 155 83 378 54 46 287 10 383 382 41 0,7 16 20 103 272
PFG_MOEA,637,9,389.39,5146.42,0 82 178 117 243 368 376 258 353 153 171 87 278 210 143 237 256 274 49 100 282 310 104 102 277 275 194 323 363 352 101 198 95 222 138 122 276 336 252 236 128 23 381 90 119 2 12 0,
PFG_MOEA,637,10,389.39,5146.42,0 344 349 351 280 309 5 79 160 50 60 257 270 379 195 45 348 75 328 248 290 343 187 0,
PFG_MOEA,637,11,389.39,5146.42,0 214 295 40 32 239 370 342 144 176 150 47 9 125 216 89 61 207 307 313 359 206 253 365 360 335 0,176
PFG_MOEA,637,12,389.39,5146.42,0 338 202 306 196 296 347 332 324 147 211 244 223 0,
PFG_MOEA,638,1,413.96,4915.5,0 187 206 253 365 359 313 307 207 61 12 89 2 119 128 236 252 336 138 163 222 95 198 351 280 237 256 274 49 100 102 277 275 194 323 363 352 101 53 293 133 331 285 392 122 239 276 32 40 295 23 381 90 113 81 29 76 116 111 384 337 358 181 177 288 385 240 396 245 115 22 118 185 214 0,245 381
PFG_MOEA,638,2,413.96,4915.5,0 281 84 131 325 355 114 389 186 134 341 298 26 334 0,
PFG_MOEA,638,3,413.96,4915.5,0 371 219 105 162 159 74 279 91 24 212 375 284 14 184 318 70 292 263 8 373 169 108 72 52 130 44 386 362 201 312 67 164 107 302 173 106 261 388 197 218 151 77 273 136 137 59 0,
PFG_MOEA,638,4,413.96,4915.5,0 57 127 109 226 0,
PFG_MOEA,638,5,413.96,4915.5,0 19 0,
PFG_MOEA,638,6,413.96,4915.5,0 38 303 357 266 141 86 199 228 267 366 289 231 34 58 68 161 235 35 249 88 135 233 319 182 172 13 80 0,88
PFG_MOEA,638,7,413.96,4915.5,0 399 397 36 11 92 156 94 230 374 350 311 4 314 193 340 299 321 269 120 142 37 51 123 145 132 339 322 121 146 294 174 320 364 393 3 229 308 356 264 259 246 42 300 329 112 191 165 200 221 242 96 0,11 340 374 393
PFG_MOEA,638,8,413.96,4915.5,0 152 247 255 1 262 250 28 345 377 395 400 394 188 301 372 21 167 291 139 149 157 63 316 387 327 17 43 85 215 73 254 183 354 69 265 346 315 99 175 251 190 390 18 103 155 83 378 213 234 227 398 93 0,1 152 175 227
PFG_MOEA,638,9,413.96,4915.5,0 304 31 48 192 330 238 129 148 260 391 271 39 268 272 30 66 166 205 208 6 204 154 305 326 283 65 297 62 241 110 140 286 317 333 180 220 158 189 64 20 126 124 7 56 217 55 25 367 170 361 209 71 33 97 225 232 179 224 0,55 391
PFG_MOEA,638,10,413.96,4915.5,0 287 10 383 382 0,
PFG_MOEA,638,11,413.96,4915.5,0 16 15 168 203 369 380 82 178 117 243 349 344 54 46 41 0,
PFG_MOEA,638,12,413.96,4915.5,0 335 360 216 150 9 47 125 309 5 343 290 368 376 258 248 328 75 171 87 278 153 353 348 45 210 195 379 270 257 60 50 160 79 143 282 310 104 223 244 211 324 147 332 347 296 196 78 98 27 176 144 342 370 306 202 338 0,
PFG_MOEA,639,1,320.55,5348.04,0 80 13 172 182 397 36 11 92 233 135 88 249 35 235 161 68 58 34 231 289 319 399 0,
PFG_MOEA,639,2,320.55,5348.04,0 374 230 94 156 311 350 4 314 193 340 299 321 269 120 142 132 339 174 320 364 308 229 3 393 294 146 121 322 123 145 51 37 0,393
PFG_MOEA,639,3,320.55,5348.04,0 96 242 221 200 165 112 329 300 191 152 247 255 1 262 42 250 28 246 259 264 356 345 377 395 400 394 188 301 372 21 167 291 139 149 157 63 316 387 327 17 43 85 215 73 254 183 354 69 265 346 315 99 175 251 190 0,215
PFG_MOEA,639,4,320.55,5348.04,0 304 31 192 330 238 129 398 227 234 213 18 390 286 140 110 241 93 260 148 48 0,
PFG_MOEA,639,5,320.55,5348.04,0 317 333 0,
PFG_MOEA,639,6,320.55,5348.04,0 33 71 209 361 170 367 25 55 217 56 7 180 220 158 189 64 20 126 124 224 10 383 382 16 203 168 15 0,25
PFG_MOEA,639,7,320.55,5348.04,0 380 369 335 360 216 150 9 47 125 309 5 195 379 270 210 45 348 353 153 278 87 171 75 328 248 258 376 368 290 343 54 46 344 349 243 117 178 82 41 0,
PFG_MOEA,639,8,320.55,5348.04,0 338 202 306 370 342 144 176 27 98 78 196 296 347 332 147 324 211 244 223 104 310 282 143 79 160 50 60 257 6 204 154 305 326 283 62 297 65 208 205 166 66 30 272 268 0,66
PFG_MOEA,639,9,320.55,5348.04,0 187 206 253 365 359 313 307 207 61 12 89 2 119 128 236 252 336 138 163 222 95 198 351 256 237 280 391 271 39 378 83 155 103 232 179 287 225 97 0,138 307
PFG_MOEA,639,10,320.55,5348.04,0 22 389 114 84 131 325 355 29 81 113 76 116 111 384 337 358 181 177 288 385 240 396 245 115 392 285 331 133 293 53 101 352 363 323 194 275 277 102 100 49 274 122 239 276 32 40 295 23 381 90 214 185 281 118 0,323 331
PFG_MOEA,639,11,320.55,5348.04,0 334 298 26 105 186 134 341 219 371 24 212 375 14 184 318 70 292 263 8 373 169 284 74 279 91 159 162 0,134
PFG_MOEA,639,12,320.55,5348.04,0 38 19 226 57 127 109 59 137 136 273 77 151 218 197 388 261 106 173 302 107 164 67 312 201 362 366 267 228 386 44 130 52 72 108 303 357 266 141 86 199 0,106 386
PFG_MOEA,640,1,270.73,5843.94,0 335 187 309 5 195 379 270 257 60 50 160 79 143 280 351 237 256 274 49 198 252 236 381 23 90 12 207 307 0,
PFG_MOEA,640,2,270.73,5843.94,0 61 313 359 206 253 365 360 214 185 118 281 26 334 298 371 22 134 186 162 159 292 263 8 373 318 70 184 284 74 279 0,134 284 313 318
PFG_MOEA,640,3,270.73,5843.94,0 91 169 108 14 375 212 24 192 330 238 129 200 165 112 191 152 127 57 109 59 137 273 136 247 17 43 85 215 33 71 224 260 148 48 31 304 0,33 200
PFG_MOEA,640,4,270.73,5843.94,0 73 254 69 354 183 327 387 157 149 188 394 316 63 262 1 255 250 28 42 400 395 377 345 356 264 259 246 308 229 197 218 151 77 107 164 67 302 388 3 106 173 261 320 364 0,
PFG_MOEA,640,5,270.73,5843.94,0 329 300 362 123 51 145 322 121 146 201 312 393 294 174 339 132 120 142 0,145 174
PFG_MOEA,640,6,270.73,5843.94,0 37 269 321 299 340 219 341 105 84 131 29 81 113 76 116 111 181 358 337 384 325 355 114 389 0,341
PFG_MOEA,640,7,270.73,5843.94,0 89 216 47 125 9 150 163 53 293 133 331 285 392 115 245 396 240 385 288 177 34 58 235 135 233 88 249 35 161 68 0,133 240
PFG_MOEA,640,8,270.73,5843.94,0 172 182 193 314 4 350 397 36 11 374 311 230 94 156 199 92 86 319 266 141 289 231 386 366 267 228 44 130 52 72 303 357 13 19 226 221 242 96 0,141 386
PFG_MOEA,640,9,270.73,5843.94,0 38 80 378 83 291 139 21 167 301 372 346 315 265 390 99 175 251 190 18 103 155 234 227 398 93 54 46 268 272 30 39 271 391 179 0,
PFG_MOEA,640,10,270.73,5843.94,0 97 225 232 209 361 213 170 367 328 248 258 376 368 290 343 66 349 344 243 117 178 82 41 16 380 369 196 78 98 27 176 144 342 370 306 202 338 203 168 15 399 0,82 176 225
PFG_MOEA,640,11,270.73,5843.94,0 287 64 166 205 75 348 353 45 210 278 153 171 87 6 208 158 189 220 241 62 297 65 283 204 154 305 326 110 140 180 333 317 286 25 55 217 56 7 124 126 20 10 0,65 126
PFG_MOEA,640,12,270.73,5843.94,0 2 119 128 295 40 32 276 239 122 296 332 347 138 336 222 95 101 194 147 324 275 323 363 352 277 102 223 244 211 104 310 100 282 383 382 0,2
PFG_MOEA,641,1,759.34,4800.0,0 219 341 105 389 114 84 131 355 325 29 81 113 76 116 111 384 337 358 181 177 288 385 240 396 245 115 392 285 331 133 293 53 163 150 9 125 47 216 89 61 206 253 365 0,245
PFG_MOEA,641,2,759.34,4800.0,0 22 134 186 162 159 279 74 284 184 318 70 292 263 8 373 169 108 14 375 212 24 91 0,318
PFG_MOEA,641,3,759.34,4800.0,0 304 31 48 148 260 224 71 33 129 238 330 192 200 165 112 191 152 127 57 109 59 137 273 136 247 17 43 85 215 73 254 69 354 183 327 387 157 149 188 394 316 63 262 1 255 250 28 42 400 395 377 345 356 264 259 246 308 229 197 218 151 77 107 164 67 302 388 3 106 173 261 320 364 393 312 201 362 329 300 123 51 145 322 121 146 294 174 339 132 120 142 37 269 321 299 340 233 135 88 249 35 161 235 68 58 34 386 231 289 366 267 228 44 130 52 72 303 357 319 266 141 86 92 199 156 94 230 311 374 11 36 397 350 4 314 193 182 172 13 19 226 221 242 96 80 38 0,33 106 174 200 303 311 394
PFG_MOEA,641,4,759.34,4800.0,0 378 83 155 103 18 190 251 175 99 315 346 372 301 167 21 139 291 265 390 234 0,
PFG_MOEA,641,5,759.34,4800.0,0 179 391 271 39 30 272 268 46 54 93 398 227 213 232 0,391
PFG_MOEA,641,6,759.34,4800.0,0 225 0,
PFG_MOEA,641,7,759.34,4800.0,0 97 209 361 170 367 0,
PFG_MOEA,641,8,759.34,4800.0,0 399 15 168 203 338 202 306 370 342 144 176 27 98 78 196 369 380 16 41 82 178 117 243 344 349 66 343 290 368 376 258 248 328 75 348 353 45 210 278 153 171 87 6 208 205 166 158 189 220 241 62 297 65 283 204 154 305 326 110 140 180 333 317 286 25 55 217 56 7 124 126 20 64 287 10 383 382 0,62 66 205 220 342
PFG_MOEA,641,9,759.34,4800.0,0 2 119 128 295 40 32 276 239 122 296 332 347 138 336 222 95 101 194 147 324 275 323 363 352 277 102 223 244 211 104 310 100 282 143 79 160 50 60 257 270 379 195 5 309 280 351 237 256 274 49 198 252 236 0,
PFG_MOEA,641,10,759.34,4800.0,0 381 23 90 12 207 307 0,
PFG_MOEA,641,11,759.34,4800.0,0 335 187 359 313 360 214 0,
PFG_MOEA,641,12,759.34,4800.0,0 185 118 281 26 334 298 371 0,
PFG_MOEA,642,1,314.81,5596.11,0 12 90 128 236 252 336 276 138 222 198 49 274 256 237 351 280 309 5 290 343 313 207 0,222
PFG_MOEA,642,2,314.81,5596.11,0 91 292 263 8 373 169 108 14 375 212 24 371 219 341 298 334 26 281 118 185 214 295 40 32 239 122 95 101 352 363 323 194 275 277 102 100 23 381 119 2 307 359 187 148 48 31 304 0,23
PFG_MOEA,642,3,314.81,5596.11,0 260 224 71 33 127 152 191 112 165 200 129 238 330 192 0,33
PFG_MOEA,642,4,314.81,5596.11,0 57 67 302 173 106 3 388 164 107 77 151 218 197 229 308 246 259 264 356 345 377 395 400 42 28 250 255 1 262 63 316 394 188 149 157 387 327 183 354 69 254 73 215 85 43 17 247 136 273 137 59 109 0,
PFG_MOEA,642,5,314.81,5596.11,0 329 300 362 123 51 145 322 121 146 201 261 320 364 393 312 294 174 339 132 206 253 365 360 335 0,362 393
PFG_MOEA,642,6,314.81,5596.11,0 61 358 181 177 288 385 240 396 245 115 392 285 331 133 293 53 163 150 9 125 47 216 89 0,
PFG_MOEA,642,7,314.81,5596.11,0 80 13 19 226 35 161 235 58 34 386 231 289 366 267 228 44 130 52 72 318 70 184 284 74 279 159 162 389 114 355 325 384 337 111 116 76 113 81 29 131 84 105 186 134 22 0,
PFG_MOEA,642,8,314.81,5596.11,0 38 96 242 221 172 182 397 350 311 4 314 193 230 94 156 374 36 11 92 319 357 303 266 141 86 199 68 135 88 249 233 340 299 321 269 120 142 37 301 21 139 291 167 372 346 315 99 175 251 0,182
PFG_MOEA,642,9,314.81,5596.11,0 97 225 232 179 391 271 158 241 62 297 65 283 204 154 305 326 110 140 286 317 333 180 220 126 124 7 56 217 55 25 367 170 361 209 227 234 213 190 390 265 18 103 155 83 378 398 93 54 46 268 272 30 39 0,65 154
PFG_MOEA,642,10,314.81,5596.11,0 399 15 16 380 41 82 178 117 243 344 349 20 189 64 166 205 208 6 87 171 153 278 210 353 258 376 368 66 287 10 383 382 0,243
PFG_MOEA,642,11,314.81,5596.11,0 369 338 203 168 0,
PFG_MOEA,642,12,314.81,5596.11,0 202 306 370 342 144 176 27 98 78 196 296 347 332 324 147 211 244 223 104 310 282 143 79 160 50 60 257 270 379 195 45 348 75 328 248 0,370
PFG_MOEA,643,1,411.21,4974.5,0 12 90 381 23 32 276 239 336 138 222 198 49 274 256 237 351 280 252 236 128 119 2 0,23
PFG_MOEA,643,2,411.21,4974.5,0 22 118 185 214 295 40 122 392 285 331 133 293 53 101 352 363 323 194 275 277 102 100 95 163 61 89 207 307 313 359 365 253 206 187 0,22 100
PFG_MOEA,643,3,411.21,4974.5,0 115 0,
PFG_MOEA,643,4,411.21,4974.5,0 245 396 240 385 288 177 181 358 337 384 111 116 76 113 81 29 325 355 0,
PFG_MOEA,643,5,411.21,4974.5,0 281 26 334 298 341 134 186 131 84 114 389 105 219 371 162 159 74 279 91 24 212 375 284 14 184 318 70 292 263 8 373 169 108 72 52 130 44 386 362 201 312 67 164 107 302 173 106 261 388 197 218 151 77 273 136 137 59 109 127 57 226 19 13 80 0,77 106 284
PFG_MOEA,643,6,411.21,4974.5,0 38 172 182 319 303 357 266 141 86 199 228 267 366 289 231 34 58 68 161 235 35 249 88 135 233 156 94 230 374 92 11 36 397 350 311 4 314 193 340 299 321 269 120 142 37 51 123 145 132 339 322 121 146 294 174 320 364 393 3 229 308 356 264 259 246 42 300 329 112 221 242 96 0,51 174 229 246 299
PFG_MOEA,643,7,411.21,4974.5,0 399 200 165 191 152 247 255 1 262 250 28 345 377 395 400 394 188 301 372 21 167 291 139 149 157 63 316 387 327 17 43 85 215 73 254 183 354 69 265 346 315 99 175 251 190 390 18 103 155 83 378 213 234 227 398 93 224 179 232 225 97 71 33 260 148 238 129 330 192 48 31 304 0,93
PFG_MOEA,643,8,411.21,4974.5,0 382 383 10 391 271 39 46 54 268 272 30 66 166 205 208 6 204 154 305 326 283 65 297 62 241 110 140 286 317 333 180 220 158 189 64 20 126 124 7 56 217 55 25 367 170 361 209 287 0,55 62 66 220
PFG_MOEA,643,9,411.21,4974.5,0 380 0,
PFG_MOEA,643,10,411.21,4974.5,0 16 369 15 0,
PFG_MOEA,643,11,411.21,4974.5,0 168 203 178 82 41 0,178
PFG_MOEA,643,12,411.21,4974.5,0 335 360 338 202 306 370 342 144 176 27 98 78 196 296 347 332 216 47 125 9 150 147 324 211 244 223 104 310 282 143 309 5 195 379 79 160 50 60 270 257 210 45 153 278 87 171 353 348 75 328 248 258 376 368 290 343 349 344 243 117 0,
PFG_MOEA,644,1,312.55,5795.78,0 336 138 239 122 296 347 332 324 275 277 104 211 244 223 102 352 363 323 194 147 101 95 222 0,122 211 222 277
PFG_MOEA,644,2,312.55,5795.78,0 335 360 207 307 313 359 187 100 310 282 143 79 160 50 60 257 270 379 195 5 309 280 351 237 256 274 49 198 252 236 381 23 90 12 214 185 118 281 26 334 298 371 72 52 130 44 386 80 0,5 307
PFG_MOEA,644,3,312.55,5795.78,0 13 19 226 57 127 109 59 137 136 273 77 151 218 197 388 261 106 173 302 107 164 67 312 201 362 123 51 145 294 174 339 132 142 120 269 321 299 0,174
PFG_MOEA,644,4,312.55,5795.78,0 340 233 135 88 249 35 235 161 68 58 34 231 289 366 267 228 141 266 303 357 319 86 199 156 94 0,303
PFG_MOEA,644,5,312.55,5795.78,0 38 172 182 397 36 11 92 374 230 311 350 4 314 193 37 322 121 146 320 364 393 3 229 308 356 264 259 246 42 300 329 112 191 152 221 242 96 0,42 264
PFG_MOEA,644,6,312.55,5795.78,0 200 165 129 0,
PFG_MOEA,644,7,312.55,5795.78,0 304 330 395 400 394 188 301 372 21 167 291 139 149 157 63 316 387 17 43 33 71 224 260 0,
PFG_MOEA,644,8,312.55,5795.78,0 399 247 28 250 345 377 262 1 255 327 254 73 215 85 93 179 232 225 97 148 238 192 48 31 0,93
PFG_MOEA,644,9,312.55,5795.78,0 378 69 183 354 265 346 315 99 175 251 190 390 18 103 155 83 234 213 227 398 209 361 170 367 25 55 217 56 7 180 333 317 286 140 110 62 297 65 283 326 305 154 204 6 208 241 220 158 189 64 20 126 124 0,175
PFG_MOEA,644,10,312.55,5795.78,0 287 382 383 10 268 272 30 66 166 205 271 39 391 53 293 133 331 285 392 115 245 396 240 385 288 177 181 358 337 384 111 116 76 113 81 29 325 355 131 84 114 389 105 341 219 0,
PFG_MOEA,644,11,312.55,5795.78,0 91 24 212 375 14 108 169 373 8 263 292 70 318 184 284 74 279 159 162 22 134 186 89 216 47 125 9 150 163 61 365 253 206 46 54 0,
PFG_MOEA,644,12,312.55,5795.78,0 41 82 178 117 243 344 349 343 290 368 376 258 248 328 75 171 87 153 278 210 45 353 348 2 119 128 295 40 32 276 196 78 98 27 176 144 342 370 306 202 338 203 168 369 380 16 15 0,16 87 203
PFG_MOEA,645,1,389.39,5146.42,0 163 78 53 293 133 331 285 392 98 115 245 27 396 240 385 288 177 181 358 337 384 111 116 76 113 81 29 325 355 131 84 114 389 91 279 74 159 162 371 219 298 341 22 134 186 105 118 185 0,
PFG_MOEA,645,2,389.39,5146.42,0 281 26 334 24 212 375 284 14 184 318 70 292 263 8 373 169 108 72 52 130 44 386 51 145 123 362 201 294 312 67 164 107 302 173 106 261 388 197 218 151 77 273 136 137 59 109 127 57 226 19 13 80 0,
PFG_MOEA,645,3,389.39,5146.42,0 142 339 174 132 120 269 321 299 340 233 135 88 249 35 235 161 68 58 34 231 289 366 267 228 141 266 303 357 319 86 199 156 94 230 374 92 11 36 397 350 311 4 314 193 0,88
PFG_MOEA,645,4,389.39,5146.42,0 182 172 38 0,
PFG_MOEA,645,5,389.39,5146.42,0 37 322 121 146 320 364 393 3 229 308 356 264 259 246 42 300 329 112 152 191 165 200 221 242 96 0,152 264 329
PFG_MOEA,645,6,389.39,5146.42,0 129 33 71 224 260 0,
PFG_MOEA,645,7,389.39,5146.42,0 399 247 255 1 262 250 28 345 377 395 400 394 188 301 372 21 167 291 139 149 157 63 316 387 17 43 73 254 327 183 354 69 215 85 93 179 232 225 97 148 48 238 330 192 31 304 0,395
PFG_MOEA,645,8,389.39,5146.42,0 16 15 168 203 369 380 391 271 39 268 272 30 66 166 205 208 6 204 154 305 326 283 65 297 62 241 110 140 286 317 333 180 220 158 189 64 20 126 124 7 56 217 55 25 367 170 361 209 398 227 234 213 190 251 175 99 315 346 265 390 18 103 155 83 378 54 46 287 10 383 382 41 0,7 16 20 103 272
PFG_MOEA,645,9,389.39,5146.42,0 82 178 117 243 368 376 258 353 153 171 87 278 210 143 237 256 274 49 100 282 310 104 102 277 275 194 323 363 352 101 198 95 222 138 122 276 336 252 236 128 23 381 90 119 2 12 0,
PFG_MOEA,645,10,389.39,5146.42,0 344 349 351 280 309 5 79 160 50 60 257 270 379 195 45 348 75 328 248 290 343 187 0,
PFG_MOEA,645,11,389.39,5146.42,0 214 295 40 32 239 370 342 144 176 150 47 9 125 216 89 61 207 307 313 359 206 253 365 360 335 0,176
PFG_MOEA,645,12,389.39,5146.42,0 338 202 306 196 296 347 332 324 147 211 244 223 0,
PFG_MOEA,646,1,413.96,4915.5,0 187 206 253 365 359 313 307 207 61 12 89 2 119 128 236 252 336 138 163 222 95 198 351 280 237 256 274 49 100 102 277 275 194 323 363 352 101 53 293 133 331 285 392 122 239 276 32 40 295 23 381 90 113 81 29 76 116 111 384 337 358 181 177 288 385 240 396 245 115 22 118 185 214 0,245 381
PFG_MOEA,646,2,413.96,4915.5,0 281 84 131 325 355 114 389 186 134 341 298 26 334 0,
PFG_MOEA,646,3,413.96,4915.5,0 371 219 105 162 159 74 279 91 24 212 375 284 14 184 318 70 292 263 8 373 169 108 72 52 130 44 386 362 201 312 67 164 107 302 173 106 261 388 197 218 151 77 273 136 137 59 0,
PFG_MOEA,646,4,413.96,4915.5,0 57 127 109 226 0,
PFG_MOEA,646,5,413.96,4915.5,0 19 0,
PFG_MOEA,646,6,413.96,4915.5,0 38 303 357 266 141 86 199 228 267 366 289 231 34 58 68 161 235 35 249 88 135 233 319 182 172 13 80 0,88
PFG_MOEA,646,7,413.96,4915.5,0 399 397 36 11 92 156 94 230 374 350 311 4 314 193 340 299 321 269 120 142 37 51 123 145 132 339 322 121 146 294 174 320 364 393 3 229 308 356 264 259 246 42 300 329 112 191 165 200 221 242 96 0,11 340 374 393
PFG_MOEA,646,8,413.96,4915.5,0 152 247 255 1 262 250 28 345 377 395 400 394 188 301 372 21 167 291 139 149 157 63 316 387 327 17 43 85 215 73 254 183 354 69 265 346 315 99 175 251 190 390 18 103 155 83 378 213 234 227 398 93 0,1 152 175 227
PFG_MOEA,646,9,413.96,4915.5,0 304 31 48 192 330 238 129 148 260 391 271 39 268 272 30 66 166 205 208 6 204 154 305 326 283 65 297 62 241 110 140 286 317 333 180 220 158 189 64 20 126 124 7 56 217 55 25 367 170 361 209 71 33 97 225 232 179 224 0,55 391
PFG_MOEA,646,10,413.96,4915.5,0 287 10 383 382 0,
PFG_MOEA,646,11,413.96,4915.5,0 16 15 168 203 369 380 82 178 117 243 349 344 54 46 41 0,
PFG_MOEA,646,12,413.96,4915.5,0 335 360 216 150 9 47 125 309 5 343 290 368 376 258 248 328 75 171 87 278 153 353 348 45 210 195 379 270 257 60 50 160 79 143 282 310 104 223 244 211 324 147 332 347 296 196 78 98 27 176 144 342 370 306 202 338 0,
PFG_MOEA,647,1,320.55,5348.04,0 80 13 172 182 397 36 11 92 233 135 88 249 35 235 161 68 58 34 231 289 319 399 0,
PFG_MOEA,647,2,320.55,5348.04,0 374 230 94 156 311 350 4 314 193 340 299 321 269 120 142 132 339 174 320 364 308 229 3 393 294 146 121 322 123 145 51 37 0,393
PFG_MOEA,647,3,320.55,5348.04,0 96 242 221 200 165 112 329 300 191 152 247 255 1 262 42 250 28 246 259 264 356 345 377 395 400 394 188 301 372 21 167 291 139 149 157 63 316 387 327 17 43 85 215 73 254 183 354 69 265 346 315 99 175 251 190 0,215
PFG_MOEA,647,4,320.55,5348.04,0 304 31 192 330 238 129 398 227 234 213 18 390 286 140 110 241 93 260 148 48 0,
PFG_MOEA,647,5,320.55,5348.04,0 317 333 0,
PFG_MOEA,647,6,320.55,5348.04,0 33 71 209 361 170 367 25 55 217 56 7 180 220 158 189 64 20 126 124 224 10 383 382 16 203 168 15 0,25
PFG_MOEA,647,7,320.55,5348.04,0 380 369 335 360 216 150 9 47 125 309 5 195 379 270 210 45 348 353 153 278 87 171 75 328 248 258 376 368 290 343 54 46 344 349 243 117 178 82 41 0,
PFG_MOEA,647,8,320.55,5348.04,0 338 202 306 370 342 144 176 27 98 78 196 296 347 332 147 324 211 244 223 104 310 282 143 79 160 50 60 257 6 204 154 305 326 283 62 297 65 208 205 166 66 30 272 268 0,66
PFG_MOEA,647,9,320.55,5348.04,0 187 206 253 365 359 313 307 207 61 12 89 2 119 128 236 252 336 138 163 222 95 198 351 256 237 280 391 271 39 378 83 155 103 232 179 287 225 97 0,138 307
PFG_MOEA,647,10,320.55,5348.04,0 22 389 114 84 131 325 355 29 81 113 76 116 111 384 337 358 181 177 288 385 240 396 245 115 392 285 331 133 293 53 101 352 363 323 194 275 277 102 100 49 274 122 239 276 32 40 295 23 381 90 214 185 281 118 0,323 331
PFG_MOEA,647,11,320.55,5348.04,0 334 298 26 105 186 134 341 219 371 24 212 375 14 184 318 70 292 263 8 373 169 284 74 279 91 159 162 0,134
PFG_MOEA,647,12,320.55,5348.04,0 38 19 226 57 127 109 59 137 136 273 77 151 218 197 388 261 106 173 302 107 164 67 312 201 362 366 267 228 386 44 130 52 72 108 303 357 266 141 86 199 0,106 386
PFG_MOEA,648,1,270.73,5843.94,0 335 187 309 5 195 379 270 257 60 50 160 79 143 280 351 237 256 274 49 198 252 236 381 23 90 12 207 307 0,
PFG_MOEA,648,2,270.73,5843.94,0 61 313 359 206 253 365 360 214 185 118 281 26 334 298 371 22 134 186 162 159 292 263 8 373 318 70 184 284 74 279 0,134 284 313 318
PFG_MOEA,648,3,270.73,5843.94,0 91 169 108 14 375 212 24 192 330 238 129 200 165 112 191 152 127 57 109 59 137 273 136 247 17 43 85 215 33 71 224 260 148 48 31 304 0,33 200
PFG_MOEA,648,4,270.73,5843.94,0 73 254 69 354 183 327 387 157 149 188 394 316 63 262 1 255 250 28 42 400 395 377 345 356 264 259 246 308 229 197 218 151 77 107 164 67 302 388 3 106 173 261 320 364 0,
PFG_MOEA,648,5,270.73,5843.94,0 329 300 362 123 51 145 322 121 146 201 312 393 294 174 339 132 120 142 0,145 174
PFG_MOEA,648,6,270.73,5843.94,0 37 269 321 299 340 219 341 105 84 131 29 81 113 76 116 111 181 358 337 384 325 355 114 389 0,341
PFG_MOEA,648,7,270.73,5843.94,0 89 216 47 125 9 150 163 53 293 133 331 285 392 115 245 396 240 385 288 177 34 58 235 135 233 88 249 35 161 68 0,133 240
PFG_MOEA,648,8,270.73,5843.94,0 172 182 193 314 4 350 397 36 11 374 311 230 94 156 199 92 86 319 266 141 289 231 386 366 267 228 44 130 52 72 303 357 13 19 226 221 242 96 0,141 386
PFG_MOEA,648,9,270.73,5843.94,0 38 80 378 83 291 139 21 167 301 372 346 315 265 390 99 175 251 190 18 103 155 234 227 398 93 54 46 268 272 30 39 271 391 179 0,
PFG_MOEA,648,10,270.73,5843.94,0 97 225 232 209 361 213 170 367 328 248 258 376 368 290 343 66 349 344 243 117 178 82 41 16 380 369 196 78 98 27 176 144 342 370 306 202 338 203 168 15 399 0,82 176 225
PFG_MOEA,648,11,270.73,5843.94,0 287 64 166 205 75 348 353 45 210 278 153 171 87 6 208 158 189 220 241 62 297 65 283 204 154 305 326 110 140 180 333 317 286 25 55 217 56 7 124 126 20 10 0,65 126
PFG_MOEA,648,12,270.73,5843.94,0 2 119 128 295 40 32 276 239 122 296 332 347 138 336 222 95 101 194 147 324 275 323 363 352 277 102 223 244 211 104 310 100 282 383 382 0,2
PFG_MOEA,649,1,759.34,4800.0,0 219 341 105 389 114 84 131 355 325 29 81 113 76 116 111 384 337 358 181 177 288 385 240 396 245 115 392 285 331 133 293 53 163 150 9 125 47 216 89 61 206 253 365 0,245
PFG_MOEA,649,2,759.34,4800.0,0 22 134 186 162 159 279 74 284 184 318 70 292 263 8 373 169 108 14 375 212 24 91 0,318
PFG_MOEA,649,3,759.34,4800.0,0 304 31 48 148 260 224 71 33 129 238 330 192 200 165 112 191 152 127 57 109 59 137 273 136 247 17 43 85 215 73 254 69 354 183 327 387 157 149 188 394 316 63 262 1 255 250 28 42 400 395 377 345 356 264 259 246 308 229 197 218 151 77 107 164 67 302 388 3 106 173 261 320 364 393 312 201 362 329 300 123 51 145 322 121 146 294 174 339 132 120 142 37 269 321 299 340 233 135 88 249 35 161 235 68 58 34 386 231 289 366 267 228 44 130 52 72 303 357 319 266 141 86 92 199 156 94 230 311 374 11 36 397 350 4 314 193 182 172 13 19 226 221 242 96 80 38 0,33 106 174 200 303 311 394
PFG_MOEA,649,4,759.34,4800.0,0 378 83 155 103 18 190 251 175 99 315 346 372 301 167 21 139 291 265 390 234 0,
PFG_MOEA,649,5,759.34,4800.0,0 179 391 271 39 30 272 268 46 54 93 398 227 213 232 0,391
PFG_MOEA,649,6,759.34,4800.0,0 225 0,
PFG_MOEA,649,7,759.34,4800.0,0 97 209 361 170 367 0,
PFG_MOEA,649,8,759.34,4800.0,0 399 15 168 203 338 202 306 370 342 144 176 27 98 78 196 369 380 16 41 82 178 117 243 344 349 66 343 290 368 376 258 248 328 75 348 353 45 210 278 153 171 87 6 208 205 166 158 189 220 241 62 297 65 283 204 154 305 326 110 140 180 333 317 286 25 55 217 56 7 124 126 20 64 287 10 383 382 0,62 66 205 220 342
PFG_MOEA,649,9,759.34,4800.0,0 2 119 128 295 40 32 276 239 122 296 332 347 138 336 222 95 101 194 147 324 275 323 363 352 277 102 223 244 211 104 310 100 282 143 79 160 50 60 257 270 379 195 5 309 280 351 237 256 274 49 198 252 236 0,
PFG_MOEA,649,10,759.34,4800.0,0 381 23 90 12 207 307 0,
PFG_MOEA,649,11,759.34,4800.0,0 335 187 359 313 360 214 0,
PFG_MOEA,649,12,759.34,4800.0,0 185 118 281 26 334 298 371 0,
PFG_MOEA,650,1,314.81,5596.11,0 12 90 128 236 252 336 276 138 222 198 49 274 256 237 351 280 309 5 290 343 313 207 0,222
PFG_MOEA,650,2,314.81,5596.11,0 91 292 263 8 373 169 108 14 375 212 24 371 219 341 298 334 26 281 118 185 214 295 40 32 239 122 95 101 352 363 323 194 275 277 102 100 23 381 119 2 307 359 187 148 48 31 304 0,23
PFG_MOEA,650,3,314.81,5596.11,0 260 224 71 33 127 152 191 112 165 200 129 238 330 192 0,33
PFG_MOEA,650,4,314.81,5596.11,0 57 67 302 173 106 3 388 164 107 77 151 218 197 229 308 246 259 264 356 345 377 395 400 42 28 250 255 1 262 63 316 394 188 149 157 387 327 183 354 69 254 73 215 85 43 17 247 136 273 137 59 109 0,
PFG_MOEA,650,5,314.81,5596.11,0 329 300 362 123 51 145 322 121 146 201 261 320 364 393 312 294 174 339 132 206 253 365 360 335 0,362 393
PFG_MOEA,650,6,314.81,5596.11,0 61 358 181 177 288 385 240 396 245 115 392 285 331 133 293 53 163 150 9 125 47 216 89 0,
PFG_MOEA,650,7,314.81,5596.11,0 80 13 19 226 35 161 235 58 34 386 231 289 366 267 228 44 130 52 72 318 70 184 284 74 279 159 162 389 114 355 325 384 337 111 116 76 113 81 29 131 84 105 186 134 22 0,
PFG_MOEA,650,8,314.81,5596.11,0 38 96 242 221 172 182 397 350 311 4 314 193 230 94 156 374 36 11 92 319 357 303 266 141 86 199 68 135 88 249 233 340 299 321 269 120 142 37 301 21 139 291 167 372 346 315 99 175 251 0,182
PFG_MOEA,650,9,314.81,5596.11,0 97 225 232 179 391 271 158 241 62 297 65 283 204 154 305 326 110 140 286 317 333 180 220 126 124 7 56 217 55 25 367 170 361 209 227 234 213 190 390 265 18 103 155 83 378 398 93 54 46 268 272 30 39 0,65 154
PFG_MOEA,650,10,314.81,5596.11,0 399 15 16 380 41 82 178 117 243 344 349 20 189 64 166 205 208 6 87 171 153 278 210 353 258 376 368 66 287 10 383 382 0,243
PFG_MOEA,650,11,314.81,5596.11,0 369 338 203 168 0,
PFG_MOEA,650,12,314.81,5596.11,0 202 306 370 342 144 176 27 98 78 196 296 347 332 324 147 211 244 223 104 310 282 143 79 160 50 60 257 270 379 195 45 348 75 328 248 0,370
PFG_MOEA,651,1,411.21,4974.5,0 12 90 381 23 32 276 239 336 138 222 198 49 274 256 237 351 280 252 236 128 119 2 0,23
PFG_MOEA,651,2,411.21,4974.5,0 22 118 185 214 295 40 122 392 285 331 133 293 53 101 352 363 323 194 275 277 102 100 95 163 61 89 207 307 313 359 365 253 206 187 0,22 100
PFG_MOEA,651,3,411.21,4974.5,0 115 0,
PFG_MOEA,651,4,411.21,4974.5,0 245 396 240 385 288 177 181 358 337 384 111 116 76 113 81 29 325 355 0,
PFG_MOEA,651,5,411.21,4974.5,0 281 26 334 298 341 134 186 131 84 114 389 105 219 371 162 159 74 279 91 24 212 375 284 14 184 318 70 292 263 8 373 169 108 72 52 130 44 386 362 201 312 67 164 107 302 173 106 261 388 197 218 151 77 273 136 137 59 109 127 57 226 19 13 80 0,77 106 284
PFG_MOEA,651,6,411.21,4974.5,0 38 172 182 319 303 357 266 141 86 199 228 267 366 289 231 34 58 68 161 235 35 249 88 135 233 156 94 230 374 92 11 36 397 350 311 4 314 193 340 299 321 269 120 142 37 51 123 145 132 339 322 121 146 294 174 320 364 393 3 229 308 356 264 259 246 42 300 329 112 221 242 96 0,51 174 229 246 299
PFG_MOEA,651,7,411.21,4974.5,0 399 200 165 191 152 247 255 1 262 250 28 345 377 395 400 394 188 301 372 21 167 291 139 149 157 63 316 387 327 17 43 85 215 73 254 183 354 69 265 346 315 99 175 251 190 390 18 103 155 83 378 213 234 227 398 93 224 179 232 225 97 71 33 260 148 238 129 330 192 48 31 304 0,93
PFG_MOEA,651,8,411.21,4974.5,0 382 383 10 391 271 39 46 54 268 272 30 66 166 205 208 6 204 154 305 326 283 65 297 62 241 110 140 286 317 333 180 220 158 189 64 20 126 124 7 56 217 55 25 367 170 361 209 287 0,55 62 66 220
PFG_MOEA,651,9,411.21,4974.5,0 380 0,
PFG_MOEA,651,10,411.21,4974.5,0 16 369 15 0,
PFG_MOEA,651,11,411.21,4974.5,0 168 203 178 82 41 0,178
PFG_MOEA,651,12,411.21,4974.5,0 335 360 338 202 306 370 342 144 176 27 98 78 196 296 347 332 216 47 125 9 150 147 324 211 244 223 104 310 282 143 309 5 195 379 79 160 50 60 270 257 210 45 153 278 87 171 353 348 75 328 248 258 376 368 290 343 349 344 243 117 0,
PFG_MOEA,652,1,312.55,5795.78,0 336 138 239 122 296 347 332 324 275 277 104 211 244 223 102 352 363 323 194 147 101 95 222 0,122 211 222 277
PFG_MOEA,652,2,312.55,5795.78,0 335 360 207 307 313 359 187 100 310 282 143 79 160 50 60 257 270 379 195 5 309 280 351 237 256 274 49 198 252 236 381 23 90 12 214 185 118 281 26 334 298 371 72 52 130 44 386 80 0,5 307
PFG_MOEA,652,3,312.55,5795.78,0 13 19 226 57 127 109 59 137 136 273 77 151 218 197 388 261 106 173 302 107 164 67 312 201 362 123 51 145 294 174 339 132 142 120 269 321 299 0,174
PFG_MOEA,652,4,312.55,5795.78,0 340 233 135 88 249 35 235 161 68 58 34 231 289 366 267 228 141 266 303 357 319 86 199 156 94 0,303
PFG_MOEA,652,5,312.55,5795.78,0 38 172 182 397 36 11 92 374 230 311 350 4 314 193 37 322 121 146 320 364 393 3 229 308 356 264 259 246 42 300 329 112 191 152 221 242 96 0,42 264
PFG_MOEA,652,6,312.55,5795.78,0 200 165 129 0,
PFG_MOEA,652,7,312.55,5795.78,0 304 330 395 400 394 188 301 372 21 167 291 139 149 157 63 316 387 17 43 33 71 224 260 0,
PFG_MOEA,652,8,312.55,5795.78,0 399 247 28 250 345 377 262 1 255 327 254 73 215 85 93 179 232 225 97 148 238 192 48 31 0,93
PFG_MOEA,652,9,312.55,5795.78,0 378 69 183 354 265 346 315 99 175 251 190 390 18 103 155 83 234 213 227 398 209 361 170 367 25 55 217 56 7 180 333 317 286 140 110 62 297 65 283 326 305 154 204 6 208 241 220 158 189 64 20 126 124 0,175
PFG_MOEA,652,10,312.55,5795.78,0 287 382 383 10 268 272 30 66 166 205 271 39 391 53 293 133 331 285 392 115 245 396 240 385 288 177 181 358 337 384 111 116 76 113 81 29 325 355 131 84 114 389 105 341 219 0,
PFG_MOEA,652,11,312.55,5795.78,0 91 24 212 375 14 108 169 373 8 263 292 70 318 184 284 74 279 159 162 22 134 186 89 216 47 125 9 150 163 61 365 253 206 46 54 0,
PFG_MOEA,652,12,312.55,5795.78,0 41 82 178 117 243 344 349 343 290 368 376 258 248 328 75 171 87 153 278 210 45 353 348 2 119 128 295 40 32 276 196 78 98 27 176 144 342 370 306 202 338 203 168 369 380 16 15 0,16 87 203
PFG_MOEA,653,1,389.39,5146.42,0 163 78 53 293 133 331 285 392 98 115 245 27 396 240 385 288 177 181 358 337 384 111 116 76 113 81 29 325 355 131 84 114 389 91 279 74 159 162 371 219 298 341 22 134 186 105 118 185 0,
PFG_MOEA,653,2,389.39,5146.42,0 281 26 334 24 212 375 284 14 184 318 70 292 263 8 373 169 108 72 52 130 44 386 51 145 123 362 201 294 312 67 164 107 302 173 106 261 388 197 218 151 77 273 136 137 59 109 127 57 226 19 13 80 0,
PFG_MOEA,653,3,389.39,5146.42,0 142 339 174 132 120 269 321 299 340 233 135 88 249 35 235 161 68 58 34 231 289 366 267 228 141 266 303 357 319 86 199 156 94 230 374 92 11 36 397 350 311 4 314 193 0,88
PFG_MOEA,653,4,389.39,5146.42,0 182 172 38 0,
PFG_MOEA,653,5,389.39,5146.42,0 37 322 121 146 320 364 393 3 229 308 356 264 259 246 42 300 329 112 152 191 165 200 221 242 96 0,152 264 329
PFG_MOEA,653,6,389.39,5146.42,0 129 33 71 224 260 0,
PFG_MOEA,653,7,389.39,5146.42,0 399 247 255 1 262 250 28 345 377 395 400 394 188 301 372 21 167 291 139 149 157 63 316 387 17 43 73 254 327 183 354 69 215 85 93 179 232 225 97 148 48 238 330 192 31 304 0,395
PFG_MOEA,653,8,389.39,5146.42,0 16 15 168 203 369 380 391 271 39 268 272 30 66 166 205 208 6 204 154 305 326 283 65 297 62 241 110 140 286 317 333 180 220 158 189 64 20 126 124 7 56 217 55 25 367 170 361 209 398 227 234 213 190 251 175 99 315 346 265 390 18 103 155 83 378 54 46 287 10 383 382 41 0,7 16 20 103 272
PFG_MOEA,653,9,389.39,5146.42,0 82 178 117 243 368 376 258 353 153 171 87 278 210 143 237 256 274 49 100 282 310 104 102 277 275 194 323 363 352 101 198 95 222 138 122 276 336 252 236 128 23 381 90 119 2 12 0,
PFG_MOEA,653,10,389.39,5146.42,0 344 349 351 280 309 5 79 160 50 60 257 270 379 195 45 348 75 328 248 290 343 187 0,
PFG_MOEA,653,11,389.39,5146.42,0 214 295 40 32 239 370 342 144 176 150 47 9 125 216 89 61 207 307 313 359 206 253 365 360 335 0,176
PFG_MOEA,653,12,389.39,5146.42,0 338 202 306 196 296 347 332 324 147 211 244 223 0,
PFG_MOEA,654,1,413.96,4915.5,0 187 206 253 365 359 313 307 207 61 12 89 2 119 128 236 252 336 138 163 222 95 198 351 280 237 256 274 49 100 102 277 275 194 323 363 352 101 53 293 133 331 285 392 122 239 276 32 40 295 23 381 90 113 81 29 76 116 111 384 337 358 181 177 288 385 240 396 245 115 22 118 185 214 0,245 381
PFG_MOEA,654,2,413.96,4915.5,0 281 84 131 325 355 114 389 186 134 341 298 26 334 0,
PFG_MOEA,654,3,413.96,4915.5,0 371 219 105 162 159 74 279 91 24 212 375 284 14 184 318 70 292 263 8 373 169 108 72 52 130 44 386 362 201 312 67 164 107 302 173 106 261 388 197 218 151 77 273 136 137 59 0,
PFG_MOEA,654,4,413.96,4915.5,0 57 127 109 226 0,
PFG_MOEA,654,5,413.96,4915.5,0 19 0,
PFG_MOEA,654,6,413.96,4915.5,0 38 303 357 266 141 86 199 228 267 366 289 231 34 58 68 161 235 35 249 88 135 233 319 182 172 13 80 0,88
PFG_MOEA,654,7,413.96,4915.5,0 399 397 36 11 92 156 94 230 374 350 311 4 314 193 340 299 321 269 120 142 37 51 123 145 132 339 322 121 146 294 174 320 364 393 3 229 308 356 264 259 246 42 300 329 112 191 165 200 221 242 96 0,11 340 374 393
PFG_MOEA,654,8,413.96,4915.5,0 152 247 255 1 262 250 28 345 377 395 400 394 188 301 372 21 167 291 139 149 157 63 316 387 327 17 43 85 215 73 254 183 354 69 265 346 315 99 175 251 190 390 18 103 155 83 378 213 234 227 398 93 0,1 152 175 227
PFG_MOEA,654,9,413.96,4915.5,0 304 31 48 192 330 238 129 148 260 391 271 39 268 272 30 66 166 205 208 6 204 154 305 326 283 65 297 62 241 110 140 286 317 333 180 220 158 189 64 20 126 124 7 56 217 55 25 367 170 361 209 71 33 97 225 232 179 224 0,55 391
PFG_MOEA,654,10,413.96,4915.5,0 287 10 383 382 0,
PFG_MOEA,654,11,413.96,4915.5,0 16 15 168 203 369 380 82 178 117 243 349 344 54 46 41 0,
PFG_MOEA,654,12,413.96,4915.5,0 335 360 216 150 9 47 125 309 5 343 290 368 376 258 248 328 75 171 87 278 153 353 348 45 210 195 379 270 257 60 50 160 79 143 282 310 104 223 244 211 324 147 332 347 296 196 78 98 27 176 144 342 370 306 202 338 0,
PFG_MOEA,655,1,320.55,5348.04,0 80 13 172 182 397 36 11 92 233 135 88 249 35 235 161 68 58 34 231 289 319 399 0,
PFG_MOEA,655,2,320.55,5348.04,0 374 230 94 156 311 350 4 314 193 340 299 321 269 120 142 132 339 174 320 364 308 229 3 393 294 146 121 322 123 145 51 37 0,393
PFG_MOEA,655,3,320.55,5348.04,0 96 242 221 200 165 112 329 300 191 152 247 255 1 262 42 250 28 246 259 264 356 345 377 395 400 394 188 301 372 21 167 291 139 149 157 63 316 387 327 17 43 85 215 73 254 183 354 69 265 346 315 99 175 251 190 0,215
PFG_MOEA,655,4,320.55,5348.04,0 304 31 192 330 238 129 398 227 234 213 18 390 286 140 110 241 93 260 148 48 0,
PFG_MOEA,655,5,320.55,5348.04,0 317 333 0,
PFG_MOEA,655,6,320.55,5348.04,0 33 71 209 361 170 367 25 55 217 56 7 180 220 158 189 64 20 126 124 224 10 383 382 16 203 168 15 0,25
PFG_MOEA,655,7,320.55,5348.04,0 380 369 335 360 216 150 9 47 125 309 5 195 379 270 210 45 348 353 153 278 87 171 75 328 248 258 376 368 290 343 54 46 344 349 243 117 178 82 41 0,
PFG_MOEA,655,8,320.55,5348.04,0 338 202 306 370 342 144 176 27 98 78 196 296 347 332 147 324 211 244 223 104 310 282 143 79 160 50 60 257 6 204 154 305 326 283 62 297 65 208 205 166 66 30 272 268 0,66
PFG_MOEA,655,9,320.55,5348.04,0 187 206 253 365 359 313 307 207 61 12 89 2 119 128 236 252 336 138 163 222 95 198 351 256 237 280 391 271 39 378 83 155 103 232 179 287 225 97 0,138 307
PFG_MOEA,655,10,320.55,5348.04,0 22 389 114 84 131 325 355 29 81 113 76 116 111 384 337 358 181 177 288 385 240 396 245 115 392 285 331 133 293 53 101 352 363 323 194 275 277 102 100 49 274 122 239 276 32 40 295 23 381 90 214 185 281 118 0,323 331
PFG_MOEA,655,11,320.55,5348.04,0 334 298 26 105 186 134 341 219 371 24 212 375 14 184 318 70 292 263 8 373 169 284 74 279 91 159 162 0,134
PFG_MOEA,655,12,320.55,5348.04,0 38 19 226 57 127 109 59 137 136 273 77 151 218 197 388 261 106 173 302 107 164 67 312 201 362 366 267 228 386 44 130 52 72 108 303 357 266 141 86 199 0,106 386
PFG_MOEA,656,1,270.73,5843.94,0 335 187 309 5 195 379 270 257 60 50 160 79 143 280 351 237 256 274 49 198 252 236 381 23 90 12 207 307 0,
PFG_MOEA,656,2,270.73,5843.94,0 61 313 359 206 253 365 360 214 185 118 281 26 334 298 371 22 134 186 162 159 292 263 8 373 318 70 184 284 74 279 0,134 284 313 318
PFG_MOEA,656,3,270.73,5843.94,0 91 169 108 14 375 212 24 192 330 238 129 200 165 112 191 152 127 57 109 59 137 273 136 247 17 43 85 215 33 71 224 260 148 48 31 304 0,33 200
PFG_MOEA,656,4,270.73,5843.94,0 73 254 69 354 183 327 387 157 149 188 394 316 63 262 1 255 250 28 42 400 395 377 345 356 264 259 246 308 229 197 218 151 77 107 164 67 302 388 3 106 173 261 320 364 0,
PFG_MOEA,656,5,270.73,5843.94,0 329 300 362 123 51 145 322 121 146 201 312 393 294 174 339 132 120 142 0,145 174
PFG_MOEA,656,6,270.73,5843.94,0 37 269 321 299 340 219 341 105 84 131 29 81 113 76 116 111 181 358 337 384 325 355 114 389 0,341
PFG_MOEA,656,7,270.73,5843.94,0 89 216 47 125 9 150 163 53 293 133 331 285 392 115 245 396 240 385 288 177 34 58 235 135 233 88 249 35 161 68 0,133 240
PFG_MOEA,656,8,270.73,5843.94,0 172 182 193 314 4 350 397 36 11 374 311 230 94 156 199 92 86 319 266 141 289 231 386 366 267 228 44 130 52 72 303 357 13 19 226 221 242 96 0,141 386
PFG_MOEA,656,9,270.73,5843.94,0 38 80 378 83 291 139 21 167 301 372 346 315 265 390 99 175 251 190 18 103 155 234 227 398 93 54 46 268 272 30 39 271 391 179 0,
PFG_MOEA,656,10,270.73,5843.94,0 97 225 232 209 361 213 170 367 328 248 258 376 368 290 343 66 349 344 243 117 178 82 41 16 380 369 196 78 98 27 176 144 342 370 306 202 338 203 168 15 399 0,82 176 225
PFG_MOEA,656,11,270.73,5843.94,0 287 64 166 205 75 348 353 45 210 278 153 171 87 6 208 158 189 220 241 62 297 65 283 204 154 305 326 110 140 180 333 317 286 25 55 217 56 7 124 126 20 10 0,65 126
PFG_MOEA,656,12,270.73,5843.94,0 2 119 128 295 40 32 276 239 122 296 332 347 138 336 222 95 101 194 147 324 275 323 363 352 277 102 223 244 211 104 310 100 282 383 382 0,2
PFG_MOEA,657,1,759.34,4800.0,0 219 341 105 389 114 84 131 355 325 29 81 113 76 116 111 384 337 358 181 177 288 385 240 396 245 115 392 285 331 133 293 53 163 150 9 125 47 216 89 61 206 253 365 0,245
PFG_MOEA,657,2,759.34,4800.0,0 22 134 186 162 159 279 74 284 184 318 70 292 263 8 373 169 108 14 375 212 24 91 0,318
PFG_MOEA,657,3,759.34,4800.0,0 304 31 48 148 260 224 71 33 129 238 330 192 200 165 112 191 152 127 57 109 59 137 273 136 247 17 43 85 215 73 254 69 354 183 327 387 157 149 188 394 316 63 262 1 255 250 28 42 400 395 377 345 356 264 259 246 308 229 197 218 151 77 107 164 67 302 388 3 106 173 261 320 364 393 312 201 362 329 300 123 51 145 322 121 146 294 174 339 132 120 142 37 269 321 299 340 233 135 88 249 35 161 235 68 58 34 386 231 289 366 267 228 44 130 52 72 303 357 319 266 141 86 92 199 156 94 230 311 374 11 36 397 350 4 314 193 182 172 13 19 226 221 242 96 80 38 0,33 106 174 200 303 311 394
PFG_MOEA,657,4,759.34,4800.0,0 378 83 155 103 18 190 251 175 99 315 346 372 301 167 21 139 291 265 390 234 0,
PFG_MOEA,657,5,759.34,4800.0,0 179 391 271 39 30 272 268 46 54 93 398 227 213 232 0,391
PFG_MOEA,657,6,759.34,4800.0,0 225 0,
PFG_MOEA,657,7,759.34,4800.0,0 97 209 361 170 367 0,
PFG_MOEA,657,8,759.34,4800.0,0 399 15 168 203 338 202 306 370 342 144 176 27 98 78 196 369 380 16 41 82 178 117 243 344 349 66 343 290 368 376 258 248 328 75 348 353 45 210 278 153 171 87 6 208 205 166 158 189 220 241 62 297 65 283 204 154 305 326 110 140 180 333 317 286 25 55 217 56 7 124 126 20 64 287 10 383 382 0,62 66 205 220 342
PFG_MOEA,657,9,759.34,4800.0,0 2 119 128 295 40 32 276 239 122 296 332 347 138 336 222 95 101 194 147 324 275 323 363 352 277 102 223 244 211 104 310 100 282 143 79 160 50 60 257 270 379 195 5 309 280 351 237 256 274 49 198 252 236 0,
PFG_MOEA,657,10,759.34,4800.0,0 381 23 90 12 207 307 0,
PFG_MOEA,657,11,759.34,4800.0,0 335 187 359 313 360 214 0,
PFG_MOEA,657,12,759.34,4800.0,0 185 118 281 26 334 298 371 0,
PFG_MOEA,658,1,314.81,5596.11,0 12 90 128 236 252 336 276 138 222 198 49 274 256 237 351 280 309 5 290 343 313 207 0,222
PFG_MOEA,658,2,314.81,5596.11,0 91 292 263 8 373 169 108 14 375 212 24 371 219 341 298 334 26 281 118 185 214 295 40 32 239 122 95 101 352 363 323 194 275 277 102 100 23 381 119 2 307 359 187 148 48 31 304 0,23
PFG_MOEA,658,3,314.81,5596.11,0 260 224 71 33 127 152 191 112 165 200 129 238 330 192 0,33
PFG_MOEA,658,4,314.81,5596.11,0 57 67 302 173 106 3 388 164 107 77 151 218 197 229 308 246 259 264 356 345 377 395 400 42 28 250 255 1 262 63 316 394 188 149 157 387 327 183 354 69 254 73 215 85 43 17 247 136 273 137 59 109 0,
PFG_MOEA,658,5,314.81,5596.11,0 329 300 362 123 51 145 322 121 146 201 261 320 364 393 312 294 174 339 132 206 253 365 360 335 0,362 393
PFG_MOEA,658,6,314.81,5596.11,0 61 358 181 177 288 385 240 396 245 115 392 285 331 133 293 53 163 150 9 125 47 216 89 0,
PFG_MOEA,658,7,314.81,5596.11,0 80 13 19 226 35 161 235 58 34 386 231 289 366 267 228 44 130 52 72 318 70 184 284 74 279 159 162 389 114 355 325 384 337 111 116 76 113 81 29 131 84 105 186 134 22 0,
PFG_MOEA,658,8,314.81,5596.11,0 38 96 242 221 172 182 397 350 311 4 314 193 230 94 156 374 36 11 92 319 357 303 266 141 86 199 68 135 88 249 233 340 299 321 269 120 142 37 301 21 139 291 167 372 346 315 99 175 251 0,182
PFG_MOEA,658,9,314.81,5596.11,0 97 225 232 179 391 271 158 241 62 297 65 283 204 154 305 326 110 140 286 317 333 180 220 126 124 7 56 217 55 25 367 170 361 209 227 234 213 190 390 265 18 103 155 83 378 398 93 54 46 268 272 30 39 0,65 154
PFG_MOEA,658,10,314.81,5596.11,0 399 15 16 380 41 82 178 117 243 344 349 20 189 64 166 205 208 6 87 171 153 278 210 353 258 376 368 66 287 10 383 382 0,243
PFG_MOEA,658,11,314.81,5596.11,0 369 338 203 168 0,
PFG_MOEA,658,12,314.81,5596.11,0 202 306 370 342 144 176 27 98 78 196 296 347 332 324 147 211 244 223 104 310 282 143 79 160 50 60 257 270 379 195 45 348 75 328 248 0,370
PFG_MOEA,659,1,411.21,4974.5,0 12 90 381 23 32 276 239 336 138 222 198 49 274 256 237 351 280 252 236 128 119 2 0,23
PFG_MOEA,659,2,411.21,4974.5,0 22 118 185 214 295 40 122 392 285 331 133 293 53 101 352 363 323 194 275 277 102 100 95 163 61 89 207 307 313 359 365 253 206 187 0,22 100
PFG_MOEA,659,3,411.21,4974.5,0 115 0,
PFG_MOEA,659,4,411.21,4974.5,0 245 396 240 385 288 177 181 358 337 384 111 116 76 113 81 29 325 355 0,
PFG_MOEA,659,5,411.21,4974.5,0 281 26 334 298 341 134 186 131 84 114 389 105 219 371 162 159 74 279 91 24 212 375 284 14 184 318 70 292 263 8 373 169 108 72 52 130 44 386 362 201 312 67 164 107 302 173 106 261 388 197 218 151 77 273 136 137 59 109 127 57 226 19 13 80 0,77 106 284
PFG_MOEA,659,6,411.21,4974.5,0 38 172 182 319 303 357 266 141 86 199 228 267 366 289 231 34 58 68 161 235 35 249 88 135 233 156 94 230 374 92 11 36 397 350 311 4 314 193 340 299 321 269 120 142 37 51 123 145 132 339 322 121 146 294 174 320 364 393 3 229 308 356 264 259 246 42 300 329 112 221 242 96 0,51 174 229 246 299
PFG_MOEA,659,7,411.21,4974.5,0 399 200 165 191 152 247 255 1 262 250 28 345 377 395 400 394 188 301 372 21 167 291 139 149 157 63 316 387 327 17 43 85 215 73 254 183 354 69 265 346 315 99 175 251 190 390 18 103 155 83 378 213 234 227 398 93 224 179 232 225 97 71 33 260 148 238 129 330 192 48 31 304 0,93
PFG_MOEA,659,8,411.21,4974.5,0 382 383 10 391 271 39 46 54 268 272 30 66 166 205 208 6 204 154 305 326 283 65 297 62 241 110 140 286 317 333 180 220 158 189 64 20 126 124 7 56 217 55 25 367 170 361 209 287 0,55 62 66 220
PFG_MOEA,659,9,411.21,4974.5,0 380 0,
PFG_MOEA,659,10,411.21,4974.5,0 16 369 15 0,
PFG_MOEA,659,11,411.21,4974.5,0 168 203 178 82 41 0,178
PFG_MOEA,659,12,411.21,4974.5,0 335 360 338 202 306 370 342 144 176 27 98 78 196 296 347 332 216 47 125 9 150 147 324 211 244 223 104 310 282 143 309 5 195 379 79 160 50 60 270 257 210 45 153 278 87 171 353 348 75 328 248 258 376 368 290 343 349 344 243 117 0,
PFG_MOEA,660,1,312.55,5795.78,0 336 138 239 122 296 347 332 324 275 277 104 211 244 223 102 352 363 323 194 147 101 95 222 0,122 211 222 277
PFG_MOEA,660,2,312.55,5795.78,0 335 360 207 307 313 359 187 100 310 282 143 79 160 50 60 257 270 379 195 5 309 280 351 237 256 274 49 198 252 236 381 23 90 12 214 185 118 281 26 334 298 371 72 52 130 44 386 80 0,5 307
PFG_MOEA,660,3,312.55,5795.78,0 13 19 226 57 127 109 59 137 136 273 77 151 218 197 388 261 106 173 302 107 164 67 312 201 362 123 51 145 294 174 339 132 142 120 269 321 299 0,174
PFG_MOEA,660,4,312.55,5795.78,0 340 233 135 88 249 35 235 161 68 58 34 231 289 366 267 228 141 266 303 357 319 86 199 156 94 0,303
PFG_MOEA,660,5,312.55,5795.78,0 38 172 182 397 36 11 92 374 230 311 350 4 314 193 37 322 121 146 320 364 393 3 229 308 356 264 259 246 42 300 329 112 191 152 221 242 96 0,42 264
PFG_MOEA,660,6,312.55,5795.78,0 200 165 129 0,
PFG_MOEA,660,7,312.55,5795.78,0 304 330 395 400 394 188 301 372 21 167 291 139 149 157 63 316 387 17 43 33 71 224 260 0,
PFG_MOEA,660,8,312.55,5795.78,0 399 247 28 250 345 377 262 1 255 327 254 73 215 85 93 179 232 225 97 148 238 192 48 31 0,93
PFG_MOEA,660,9,312.55,5795.78,0 378 69 183 354 265 346 315 99 175 251 190 390 18 103 155 83 234 213 227 398 209 361 170 367 25 55 217 56 7 180 333 317 286 140 110 62 297 65 283 326 305 154 204 6 208 241 220 158 189 64 20 126 124 0,175
PFG_MOEA,660,10,312.55,5795.78,0 287 382 383 10 268 272 30 66 166 205 271 39 391 53 293 133 331 285 392 115 245 396 240 385 288 177 181 358 337 384 111 116 76 113 81 29 325 355 131 84 114 389 105 341 219 0,
PFG_MOEA,660,11,312.55,5795.78,0 91 24 212 375 14 108 169 373 8 263 292 70 318 184 284 74 279 159 162 22 134 186 89 216 47 125 9 150 163 61 365 253 206 46 54 0,
PFG_MOEA,660,12,312.55,5795.78,0 41 82 178 117 243 344 349 343 290 368 376 258 248 328 75 171 87 153 278 210 45 353 348 2 119 128 295 40 32 276 196 78 98 27 176 144 342 370 306 202 338 203 168 369 380 16 15 0,16 87 203
PFG_MOEA,661,1,389.39,5146.42,0 163 78 53 293 133 331 285 392 98 115 245 27 396 240 385 288 177 181 358 337 384 111 116 76 113 81 29 325 355 131 84 114 389 91 279 74 159 162 371 219 298 341 22 134 186 105 118 185 0,
PFG_MOEA,661,2,389.39,5146.42,0 281 26 334 24 212 375 284 14 184 318 70 292 263 8 373 169 108 72 52 130 44 386 51 145 123 362 201 294 312 67 164 107 302 173 106 261 388 197 218 151 77 273 136 137 59 109 127 57 226 19 13 80 0,
PFG_MOEA,661,3,389.39,5146.42,0 142 339 174 132 120 269 321 299 340 233 135 88 249 35 235 161 68 58 34 231 289 366 267 228 141 266 303 357 319 86 199 156 94 230 374 92 11 36 397 350 311 4 314 193 0,88
PFG_MOEA,661,4,389.39,5146.42,0 182 172 38 0,
PFG_MOEA,661,5,389.39,5146.42,0 37 322 121 146 320 364 393 3 229 308 356 264 259 246 42 300 329 112 152 191 165 200 221 242 96 0,152 264 329
PFG_MOEA,661,6,389.39,5146.42,0 129 33 71 224 260 0,
PFG_MOEA,661,7,389.39,5146.42,0 399 247 255 1 262 250 28 345 377 395 400 394 188 301 372 21 167 291 139 149 157 63 316 387 17 43 73 254 327 183 354 69 215 85 93 179 232 225 97 148 48 238 330 192 31 304 0,395
PFG_MOEA,661,8,389.39,5146.42,0 16 15 168 203 369 380 391 271 39 268 272 30 66 166 205 208 6 204 154 305 326 283 65 297 62 241 110 140 286 317 333 180 220 158 189 64 20 126 124 7 56 217 55 25 367 170 361 209 398 227 234 213 190 251 175 99 315 346 265 390 18 103 155 83 378 54 46 287 10 383 382 41 0,7 16 20 103 272
PFG_MOEA,661,9,389.39,5146.42,0 82 178 117 243 368 376 258 353 153 171 87 278 210 143 237 256 274 49 100 282 310 104 102 277 275 194 323 363 352 101 198 95 222 138 122 276 336 252 236 128 23 381 90 119 2 12 0,
PFG_MOEA,661,10,389.39,5146.42,0 344 349 351 280 309 5 79 160 50 60 257 270 379 195 45 348 75 328 248 290 343 187 0,
PFG_MOEA,661,11,389.39,5146.42,0 214 295 40 32 239 370 342 144 176 150 47 9 125 216 89 61 207 307 313 359 206 253 365 360 335 0,176
PFG_MOEA,661,12,389.39,5146.42,0 338 202 306 196 296 347 332 324 147 211 244 223 0,
PFG_MOEA,662,1,413.96,4915.5,0 187 206 253 365 359 313 307 207 61 12 89 2 119 128 236 252 336 138 163 222 95 198 351 280 237 256 274 49 100 102 277 275 194 323 363 352 101 53 293 133 331 285 392 122 239 276 32 40 295 23 381 90 113 81 29 76 116 111 384 337 358 181 177 288 385 240 396 245 115 22 118 185 214 0,245 381
PFG_MOEA,662,2,413.96,4915.5,0 281 84 131 325 355 114 389 186 134 341 298 26 334 0,
PFG_MOEA,662,3,413.96,4915.5,0 371 219 105 162 159 74 279 91 24 212 375 284 14 184 318 70 292 263 8 373 169 108 72 52 130 44 386 362 201 312 67 164 107 302 173 106 261 388 197 218 151 77 273 136 137 59 0,
PFG_MOEA,662,4,413.96,4915.5,0 57 127 109 226 0,
PFG_MOEA,662,5,413.96,4915.5,0 19 0,
PFG_MOEA,662,6,413.96,4915.5,0 38 303 357 266 141 86 199 228 267 366 289 231 34 58 68 161 235 35 249 88 135 233 319 182 172 13 80 0,88
PFG_MOEA,662,7,413.96,4915.5,0 399 397 36 11 92 156 94 230 374 350 311 4 314 193 340 299 321 269 120 142 37 51 123 145 132 339 322 121 146 294 174 320 364 393 3 229 308 356 264 259 246 42 300 329 112 191 165 200 221 242 96 0,11 340 374 393
PFG_MOEA,662,8,413.96,4915.5,0 152 247 255 1 262 250 28 345 377 395 400 394 188 301 372 21 167 291 139 149 157 63 316 387 327 17 43 85 215 73 254 183 354 69 265 346 315 99 175 251 190 390 18 103 155 83 378 213 234 227 398 93 0,1 152 175 227
PFG_MOEA,662,9,413.96,4915.5,0 304 31 48 192 330 238 129 148 260 391 271 39 268 272 30 66 166 205 208 6 204 154 305 326 283 65 297 62 241 110 140 286 317 333 180 220 158 189 64 20 126 124 7 56 217 55 25 367 170 361 209 71 33 97 225 232 179 224 0,55 391
PFG_MOEA,662,10,413.96,4915.5,0 287 10 383 382 0,
PFG_MOEA,662,11,413.96,4915.5,0 16 15 168 203 369 380 82 178 117 243 349 344 54 46 41 0,
PFG_MOEA,662,12,413.96,4915.5,0 335 360 216 150 9 47 125 309 5 343 290 368 376 258 248 328 75 171 87 278 153 353 348 45 210 195 379 270 257 60 50 160 79 143 282 310 104 223 244 211 324 147 332 347 296 196 78 98 27 176 144 342 370 306 202 338 0,
PFG_MOEA,663,1,320.55,5348.04,0 80 13 172 182 397 36 11 92 233 135 88 249 35 235 161 68 58 34 231 289 319 399 0,
PFG_MOEA,663,2,320.55,5348.04,0 374 230 94 156 311 350 4 314 193 340 299 321 269 120 142 132 339 174 320 364 308 229 3 393 294 146 121 322 123 145 51 37 0,393
PFG_MOEA,663,3,320.55,5348.04,0 96 242 221 200 165 112 329 300 191 152 247 255 1 262 42 250 28 246 259 264 356 345 377 395 400 394 188 301 372 21 167 291 139 149 157 63 316 387 327 17 43 85 215 73 254 183 354 69 265 346 315 99 175 251 190 0,215
PFG_MOEA,663,4,320.55,5348.04,0 304 31 192 330 238 129 398 227 234 213 18 390 286 140 110 241 93 260 148 48 0,
PFG_MOEA,663,5,320.55,5348.04,0 317 333 0,
PFG_MOEA,663,6,320.55,5348.04,0 33 71 209 361 170 367 25 55 217 56 7 180 220 158 189 64 20 126 124 224 10 383 382 16 203 168 15 0,25
PFG_MOEA,663,7,320.55,5348.04,0 380 369 335 360 216 150 9 47 125 309 5 195 379 270 210 45 348 353 153 278 87 171 75 328 248 258 376 368 290 343 54 46 344 349 243 117 178 82 41 0,
PFG_MOEA,663,8,320.55,5348.04,0 338 202 306 370 342 144 176 27 98 78 196 296 347 332 147 324 211 244 223 104 310 282 143 79 160 50 60 257 6 204 154 305 326 283 62 297 65 208 205 166 66 30 272 268 0,66
PFG_MOEA,663,9,320.55,5348.04,0 187 206 253 365 359 313 307 207 61 12 89 2 119 128 236 252 336 138 163 222 95 198 351 256 237 280 391 271 39 378 83 155 103 232 179 287 225 97 0,138 307
PFG_MOEA,663,10,320.55,5348.04,0 22 389 114 84 131 325 355 29 81 113 76 116 111 384 337 358 181 177 288 385 240 396 245 115 392 285 331 133 293 53 101 352 363 323 194 275 277 102 100 49 274 122 239 276 32 40 295 23 381 90 214 185 281 118 0,323 331
PFG_MOEA,663,11,320.55,5348.04,0 334 298 26 105 186 134 341 219 371 24 212 375 14 184 318 70 292 263 8 373 169 284 74 279 91 159 162 0,134
PFG_MOEA,663,12,320.55,5348.04,0 38 19 226 57 127 109 59 137 136 273 77 151 218 197 388 261 106 173 302 107 164 67 312 201 362 366 267 228 386 44 130 52 72 108 303 357 266 141 86 199 0,106 386
PFG_MOEA,664,1,270.73,5843.94,0 335 187 309 5 195 379 270 257 60 50 160 79 143 280 351 237 256 274 49 198 252 236 381 23 90 12 207 307 0,
PFG_MOEA,664,2,270.73,5843.94,0 61 313 359 206 253 365 360 214 185 118 281 26 334 298 371 22 134 186 162 159 292 263 8 373 318 70 184 284 74 279 0,134 284 313 318
PFG_MOEA,664,3,270.73,5843.94,0 91 169 108 14 375 212 24 192 330 238 129 200 165 112 191 152 127 57 109 59 137 273 136 247 17 43 85 215 33 71 224 260 148 48 31 304 0,33 200
PFG_MOEA,664,4,270.73,5843.94,0 73 254 69 354 183 327 387 157 149 188 394 316 63 262 1 255 250 28 42 400 395 377 345 356 264 259 246 308 229 197 218 151 77 107 164 67 302 388 3 106 173 261 320 364 0,
PFG_MOEA,664,5,270.73,5843.94,0 329 300 362 123 51 145 322 121 146 201 312 393 294 174 339 132 120 142 0,145 174
PFG_MOEA,664,6,270.73,5843.94,0 37 269 321 299 340 219 341 105 84 131 29 81 113 76 116 111 181 358 337 384 325 355 114 389 0,341
PFG_MOEA,664,7,270.73,5843.94,0 89 216 47 125 9 150 163 53 293 133 331 285 392 115 245 396 240 385 288 177 34 58 235 135 233 88 249 35 161 68 0,133 240
PFG_MOEA,664,8,270.73,5843.94,0 172 182 193 314 4 350 397 36 11 374 311 230 94 156 199 92 86 319 266 141 289 231 386 366 267 228 44 130 52 72 303 357 13 19 226 221 242 96 0,141 386
PFG_MOEA,664,9,270.73,5843.94,0 38 80 378 83 291 139 21 167 301 372 346 315 265 390 99 175 251 190 18 103 155 234 227 398 93 54 46 268 272 30 39 271 391 179 0,
PFG_MOEA,664,10,270.73,5843.94,0 97 225 232 209 361 213 170 367 328 248 258 376 368 290 343 66 349 344 243 117 178 82 41 16 380 369 196 78 98 27 176 144 342 370 306 202 338 203 168 15 399 0,82 176 225
PFG_MOEA,664,11,270.73,5843.94,0 287 64 166 205 75 348 353 45 210 278 153 171 87 6 208 158 189 220 241 62 297 65 283 204 154 305 326 110 140 180 333 317 286 25 55 217 56 7 124 126 20 10 0,65 126
PFG_MOEA,664,12,270.73,5843.94,0 2 119 128 295 40 32 276 239 122 296 332 347 138 336 222 95 101 194 147 324 275 323 363 352 277 102 223 244 211 104 310 100 282 383 382 0,2
PFG_MOEA,665,1,759.34,4800.0,0 219 341 105 389 114 84 131 355 325 29 81 113 76 116 111 384 337 358 181 177 288 385 240 396 245 115 392 285 331 133 293 53 163 150 9 125 47 216 89 61 206 253 365 0,245
PFG_MOEA,665,2,759.34,4800.0,0 22 134 186 162 159 279 74 284 184 318 70 292 263 8 373 169 108 14 375 212 24 91 0,318
PFG_MOEA,665,3,759.34,4800.0,0 304 31 48 148 260 224 71 33 129 238 330 192 200 165 112 191 152 127 57 109 59 137 273 136 247 17 43 85 215 73 254 69 354 183 327 387 157 149 188 394 316 63 262 1 255 250 28 42 400 395 377 345 356 264 259 246 308 229 197 218 151 77 107 164 67 302 388 3 106 173 261 320 364 393 312 201 362 329 300 123 51 145 322 121 146 294 174 339 132 120 142 37 269 321 299 340 233 135 88 249 35 161 235 68 58 34 386 231 289 366 267 228 44 130 52 72 303 357 319 266 141 86 92 199 156 94 230 311 374 11 36 397 350 4 314 193 182 172 13 19 226 221 242 96 80 38 0,33 106 174 200 303 311 394
PFG_MOEA,665,4,759.34,4800.0,0 378 83 155 103 18 190 251 175 99 315 346 372 301 167 21 139 291 265 390 234 0,
PFG_MOEA,665,5,759.34,4800.0,0 179 391 271 39 30 272 268 46 54 93 398 227 213 232 0,391
PFG_MOEA,665,6,759.34,4800.0,0 225 0,
PFG_MOEA,665,7,759.34,4800.0,0 97 209 361 170 367 0,
PFG_MOEA,665,8,759.34,4800.0,0 399 15 168 203 338 202 306 370 342 144 176 27 98 78 196 369 380 16 41 82 178 117 243 344 349 66 343 290 368 376 258 248 328 75 348 353 45 210 278 153 171 87 6 208 205 166 158 189 220 241 62 297 65 283 204 154 305 326 110 140 180 333 317 286 25 55 217 56 7 124 126 20 64 287 10 383 382 0,62 66 205 220 342
PFG_MOEA,665,9,759.34,4800.0,0 2 119 128 295 40 32 276 239 122 296 332 347 138 336 222 95 101 194 147 324 275 323 363 352 277 102 223 244 211 104 310 100 282 143 79 160 50 60 257 270 379 195 5 309 280 351 237 256 274 49 198 252 236 0,
PFG_MOEA,665,10,759.34,4800.0,0 381 23 90 12 207 307 0,
PFG_MOEA,665,11,759.34,4800.0,0 335 187 359 313 360 214 0,
PFG_MOEA,665,12,759.34,4800.0,0 185 118 281 26 334 298 371 0,
PFG_MOEA,666,1,314.81,5596.11,0 12 90 128 236 252 336 276 138 222 198 49 274 256 237 351 280 309 5 290 343 313 207 0,222
PFG_MOEA,666,2,314.81,5596.11,0 91 292 263 8 373 169 108 14 375 212 24 371 219 341 298 334 26 281 118 185 214 295 40 32 239 122 95 101 352 363 323 194 275 277 102 100 23 381 119 2 307 359 187 148 48 31 304 0,23
PFG_MOEA,666,3,314.81,5596.11,0 260 224 71 33 127 152 191 112 165 200 129 238 330 192 0,33
PFG_MOEA,666,4,314.81,5596.11,0 57 67 302 173 106 3 388 164 107 77 151 218 197 229 308 246 259 264 356 345 377 395 400 42 28 250 255 1 262 63 316 394 188 149 157 387 327 183 354 69 254 73 215 85 43 17 247 136 273 137 59 109 0,
PFG_MOEA,666,5,314.81,5596.11,0 329 300 362 123 51 145 322 121 146 201 261 320 364 393 312 294 174 339 132 206 253 365 360 335 0,362 393
PFG_MOEA,666,6,314.81,5596.11,0 61 358 181 177 288 385 240 396 245 115 392 285 331 133 293 53 163 150 9 125 47 216 89 0,
PFG_MOEA,666,7,314.81,5596.11,0 80 13 19 226 35 161 235 58 34 386 231 289 366 267 228 44 130 52 72 318 70 184 284 74 279 159 162 389 114 355 325 384 337 111 116 76 113 81 29 131 84 105 186 134 22 0,
PFG_MOEA,666,8,314.81,5596.11,0 38 96 242 221 172 182 397 350 311 4 314 193 230 94 156 374 36 11 92 319 357 303 266 141 86 199 68 135 88 249 233 340 299 321 269 120 142 37 301 21 139 291 167 372 346 315 99 175 251 0,182
PFG_MOEA,666,9,314.81,5596.11,0 97 225 232 179 391 271 158 241 62 297 65 283 204 154 305 326 110 140 286 317 333 180 220 126 124 7 56 217 55 25 367 170 361 209 227 234 213 190 390 265 18 103 155 83 378 398 93 54 46 268 272 30 39 0,65 154
PFG_MOEA,666,10,314.81,5596.11,0 399 15 16 380 41 82 178 117 243 344 349 20 189 64 166 205 208 6 87 171 153 278 210 353 258 376 368 66 287 10 383 382 0,243
PFG_MOEA,666,11,314.81,5596.11,0 369 338 203 168 0,
PFG_MOEA,666,12,314.81,5596.11,0 202 306 370 342 144 176 27 98 78 196 296 347 332 324 147 211 244 223 104 310 282 143 79 160 50 60 257 270 379 195 45 348 75 328 248 0,370
PFG_MOEA,667,1,411.21,4974.5,0 12 90 381 23 32 276 239 336 138 222 198 49 274 256 237 351 280 252 236 128 119 2 0,23
PFG_MOEA,667,2,411.21,4974.5,0 22 118 185 214 295 40 122 392 285 331 133 293 53 101 352 363 323 194 275 277 102 100 95 163 61 89 207 307 313 359 365 253 206 187 0,22 100
PFG_MOEA,667,3,411.21,4974.5,0 115 0,
PFG_MOEA,667,4,411.21,4974.5,0 245 396 240 385 288 177 181 358 337 384 111 116 76 113 81 29 325 355 0,
PFG_MOEA,667,5,411.21,4974.5,0 281 26 334 298 341 134 186 131 84 114 389 105 219 371 162 159 74 279 91 24 212 375 284 14 184 318 70 292 263 8 373 169 108 72 52 130 44 386 362 201 312 67 164 107 302 173 106 261 388 197 218 151 77 273 136 137 59 109 127 57 226 19 13 80 0,77 106 284
PFG_MOEA,667,6,411.21,4974.5,0 38 172 182 319 303 357 266 141 86 199 228 267 366 289 231 34 58 68 161 235 35 249 88 135 233 156 94 230 374 92 11 36 397 350 311 4 314 193 340 299 321 269 120 142 37 51 123 145 132 339 322 121 146 294 174 320 364 393 3 229 308 356 264 259 246 42 300 329 112 221 242 96 0,51 174 229 246 299
PFG_MOEA,667,7,411.21,4974.5,0 399 200 165 191 152 247 255 1 262 250 28 345 377 395 400 394 188 301 372 21 167 291 139 149 157 63 316 387 327 17 43 85 215 73 254 183 354 69 265 346 315 99 175 251 190 390 18 103 155 83 378 213 234 227 398 93 224 179 232 225 97 71 33 260 148 238 129 330 192 48 31 304 0,93
PFG_MOEA,667,8,411.21,4974.5,0 382 383 10 391 271 39 46 54 268 272 30 66 166 205 208 6 204 154 305 326 283 65 297 62 241 110 140 286 317 333 180 220 158 189 64 20 126 124 7 56 217 55 25 367 170 361 209 287 0,55 62 66 220
PFG_MOEA,667,9,411.21,4974.5,0 380 0,
PFG_MOEA,667,10,411.21,4974.5,0 16 369 15 0,
PFG_MOEA,667,11,411.21,4974.5,0 168 203 178 82 41 0,178
PFG_MOEA,667,12,411.21,4974.5,0 335 360 338 202 306 370 342 144 176 27 98 78 196 296 347 332 216 47 125 9 150 147 324 211 244 223 104 310 282 143 309 5 195 379 79 160 50 60 270 257 210 45 153 278 87 171 353 348 75 328 248 258 376 368 290 343 349 344 243 117 0,
PFG_MOEA,668,1,312.55,5795.78,0 336 138 239 122 296 347 332 324 275 277 104 211 244 223 102 352 363 323 194 147 101 95 222 0,122 211 222 277
PFG_MOEA,668,2,312.55,5795.78,0 335 360 207 307 313 359 187 100 310 282 143 79 160 50 60 257 270 379 195 5 309 280 351 237 256 274 49 198 252 236 381 23 90 12 214 185 118 281 26 334 298 371 72 52 130 44 386 80 0,5 307
PFG_MOEA,668,3,312.55,5795.78,0 13 19 226 57 127 109 59 137 136 273 77 151 218 197 388 261 106 173 302 107 164 67 312 201 362 123 51 145 294 174 339 132 142 120 269 321 299 0,174
PFG_MOEA,668,4,312.55,5795.78,0 340 233 135 88 249 35 235 161 68 58 34 231 289 366 267 228 141 266 303 357 319 86 199 156 94 0,303
PFG_MOEA,668,5,312.55,5795.78,0 38 172 182 397 36 11 92 374 230 311 350 4 314 193 37 322 121 146 320 364 393 3 229 308 356 264 259 246 42 300 329 112 191 152 221 242 96 0,42 264
PFG_MOEA,668,6,312.55,5795.78,0 200 165 129 0,
PFG_MOEA,668,7,312.55,5795.78,0 304 330 395 400 394 188 301 372 21 167 291 139 149 157 63 316 387 17 43 33 71 224 260 0,
PFG_MOEA,668,8,312.55,5795.78,0 399 247 28 250 345 377 262 1 255 327 254 73 215 85 93 179 232 225 97 148 238 192 48 31 0,93
PFG_MOEA,668,9,312.55,5795.78,0 378 69 183 354 265 346 315 99 175 251 190 390 18 103 155 83 234 213 227 398 209 361 170 367 25 55 217 56 7 180 333 317 286 140 110 62 297 65 283 326 305 154 204 6 208 241 220 158 189 64 20 126 124 0,175
PFG_MOEA,668,10,312.55,5795.78,0 287 382 383 10 268 272 30 66 166 205 271 39 391 53 293 133 331 285 392 115 245 396 240 385 288 177 181 358 337 384 111 116 76 113 81 29 325 355 131 84 114 389 105 341 219 0,
PFG_MOEA,668,11,312.55,5795.78,0 91 24 212 375 14 108 169 373 8 263 292 70 318 184 284 74 279 159 162 22 134 186 89 216 47 125 9 150 163 61 365 253 206 46 54 0,
PFG_MOEA,668,12,312.55,5795.78,0 41 82 178 117 243 344 349 343 290 368 376 258 248 328 75 171 87 153 278 210 45 353 348 2 119 128 295 40 32 276 196 78 98 27 176 144 342 370 306 202 338 203 168 369 380 16 15 0,16 87 203
PFG_MOEA,669,1,389.39,5146.42,0 163 78 53 293 133 331 285 392 98 115 245 27 396 240 385 288 177 181 358 337 384 111 116 76 113 81 29 325 355 131 84 114 389 91 279 74 159 162 371 219 298 341 22 134 186 105 118 185 0,
PFG_MOEA,669,2,389.39,5146.42,0 281 26 334 24 212 375 284 14 184 318 70 292 263 8 373 169 108 72 52 130 44 386 51 145 123 362 201 294 312 67 164 107 302 173 106 261 388 197 218 151 77 273 136 137 59 109 127 57 226 19 13 80 0,
PFG_MOEA,669,3,389.39,5146.42,0 142 339 174 132 120 269 321 299 340 233 135 88 249 35 235 161 68 58 34 231 289 366 267 228 141 266 303 357 319 86 199 156 94 230 374 92 11 36 397 350 311 4 314 193 0,88
PFG_MOEA,669,4,389.39,5146.42,0 182 172 38 0,
PFG_MOEA,669,5,389.39,5146.42,0 37 322 121 146 320 364 393 3 229 308 356 264 259 246 42 300 329 112 152 191 165 200 221 242 96 0,152 264 329
PFG_MOEA,669,6,389.39,5146.42,0 129 33 71 224 260 0,
PFG_MOEA,669,7,389.39,5146.42,0 399 247 255 1 262 250 28 345 377 395 400 394 188 301 372 21 167 291 139 149 157 63 316 387 17 43 73 254 327 183 354 69 215 85 93 179 232 225 97 148 48 238 330 192 31 304 0,395
PFG_MOEA,669,8,389.39,5146.42,0 16 15 168 203 369 380 391 271 39 268 272 30 66 166 205 208 6 204 154 305 326 283 65 297 62 241 110 140 286 317 333 180 220 158 189 64 20 126 124 7 56 217 55 25 367 170 361 209 398 227 234 213 190 251 175 99 315 346 265 390 18 103 155 83 378 54 46 287 10 383 382 41 0,7 16 20 103 272
PFG_MOEA,669,9,389.39,5146.42,0 82 178 117 243 368 376 258 353 153 171 87 278 210 143 237 256 274 49 100 282 310 104 102 277 275 194 323 363 352 101 198 95 222 138 122 276 336 252 236 128 23 381 90 119 2 12 0,
PFG_MOEA,669,10,389.39,5146.42,0 344 349 351 280 309 5 79 160 50 60 257 270 379 195 45 348 75 328 248 290 343 187 0,
PFG_MOEA,669,11,389.39,5146.42,0 214 295 40 32 239 370 342 144 176 150 47 9 125 216 89 61 207 307 313 359 206 253 365 360 335 0,176
PFG_MOEA,669,12,389.39,5146.42,0 338 202 306 196 296 347 332 324 147 211 244 223 0,
PFG_MOEA,670,1,413.96,4915.5,0 187 206 253 365 359 313 307 207 61 12 89 2 119 128 236 252 336 138 163 222 95 198 351 280 237 256 274 49 100 102 277 275 194 323 363 352 101 53 293 133 331 285 392 122 239 276 32 40 295 23 381 90 113 81 29 76 116 111 384 337 358 181 177 288 385 240 396 245 115 22 118 185 214 0,245 381
PFG_MOEA,670,2,413.96,4915.5,0 281 84 131 325 355 114 389 186 134 341 298 26 334 0,
PFG_MOEA,670,3,413.96,4915.5,0 371 219 105 162 159 74 279 91 24 212 375 284 14 184 318 70 292 263 8 373 169 108 72 52 130 44 386 362 201 312 67 164 107 302 173 106 261 388 197 218 151 77 273 136 137 59 0,
PFG_MOEA,670,4,413.96,4915.5,0 57 127 109 226 0,
PFG_MOEA,670,5,413.96,4915.5,0 19 0,
PFG_MOEA,670,6,413.96,4915.5,0 38 303 357 266 141 86 199 228 267 366 289 231 34 58 68 161 235 35 249 88 135 233 319 182 172 13 80 0,88
PFG_MOEA,670,7,413.96,4915.5,0 399 397 36 11 92 156 94 230 374 350 311 4 314 193 340 299 321 269 120 142 37 51 123 145 132 339 322 121 146 294 174 320 364 393 3 229 308 356 264 259 246 42 300 329 112 191 165 200 221 242 96 0,11 340 374 393
PFG_MOEA,670,8,413.96,4915.5,0 152 247 255 1 262 250 28 345 377 395 400 394 188 301 372 21 167 291 139 149 157 63 316 387 327 17 43 85 215 73 254 183 354 69 265 346 315 99 175 251 190 390 18 103 155 83 378 213 234 227 398 93 0,1 152 175 227
PFG_MOEA,670,9,413.96,4915.5,0 304 31 48 192 330 238 129 148 260 391 271 39 268 272 30 66 166 205 208 6 204 154 305 326 283 65 297 62 241 110 140 286 317 333 180 220 158 189 64 20 126 124 7 56 217 55 25 367 170 361 209 71 33 97 225 232 179 224 0,55 391
PFG_MOEA,670,10,413.96,4915.5,0 287 10 383 382 0,
PFG_MOEA,670,11,413.96,4915.5,0 16 15 168 203 369 380 82 178 117 243 349 344 54 46 41 0,
PFG_MOEA,670,12,413.96,4915.5,0 335 360 216 150 9 47 125 309 5 343 290 368 376 258 248 328 75 171 87 278 153 353 348 45 210 195 379 270 257 60 50 160 79 143 282 310 104 223 244 211 324 147 332 347 296 196 78 98 27 176 144 342 370 306 202 338 0,
PFG_MOEA,671,1,320.55,5348.04,0 80 13 172 182 397 36 11 92 233 135 88 249 35 235 161 68 58 34 231 289 319 399 0,
PFG_MOEA,671,2,320.55,5348.04,0 374 230 94 156 311 350 4 314 193 340 299 321 269 120 142 132 339 174 320 364 308 229 3 393 294 146 121 322 123 145 51 37 0,393
PFG_MOEA,671,3,320.55,5348.04,0 96 242 221 200 165 112 329 300 191 152 247 255 1 262 42 250 28 246 259 264 356 345 377 395 400 394 188 301 372 21 167 291 139 149 157 63 316 387 327 17 43 85 215 73 254 183 354 69 265 346 315 99 175 251 190 0,215
PFG_MOEA,671,4,320.55,5348.04,0 304 31 192 330 238 129 398 227 234 213 18 390 286 140 110 241 93 260 148 48 0,
PFG_MOEA,671,5,320.55,5348.04,0 317 333 0,
PFG_MOEA,671,6,320.55,5348.04,0 33 71 209 361 170 367 25 55 217 56 7 180 220 158 189 64 20 126 124 224 10 383 382 16 203 168 15 0,25
PFG_MOEA,671,7,320.55,5348.04,0 380 369 335 360 216 150 9 47 125 309 5 195 379 270 210 45 348 353 153 278 87 171 75 328 248 258 376 368 290 343 54 46 344 349 243 117 178 82 41 0,
PFG_MOEA,671,8,320.55,5348.04,0 338 202 306 370 342 144 176 27 98 78 196 296 347 332 147 324 211 244 223 104 310 282 143 79 160 50 60 257 6 204 154 305 326 283 62 297 65 208 205 166 66 30 272 268 0,66
PFG_MOEA,671,9,320.55,5348.04,0 187 206 253 365 359 313 307 207 61 12 89 2 119 128 236 252 336 138 163 222 95 198 351 256 237 280 391 271 39 378 83 155 103 232 179 287 225 97 0,138 307
PFG_MOEA,671,10,320.55,5348.04,0 22 389 114 84 131 325 355 29 81 113 76 116 111 384 337 358 181 177 288 385 240 396 245 115 392 285 331 133 293 53 101 352 363 323 194 275 277 102 100 49 274 122 239 276 32 40 295 23 381 90 214 185 281 118 0,323 331
PFG_MOEA,671,11,320.55,5348.04,0 334 298 26 105 186 134 341 219 371 24 212 375 14 184 318 70 292 263 8 373 169 284 74 279 91 159 162 0,134
PFG_MOEA,671,12,320.55,5348.04,0 38 19 226 57 127 109 59 137 136 273 77 151 218 197 388 261 106 173 302 107 164 67 312 201 362 366 267 228 386 44 130 52 72 108 303 357 266 141 86 199 0,106 386
PFG_MOEA,672,1,270.73,5843.94,0 335 187 309 5 195 379 270 257 60 50 160 79 143 280 351 237 256 274 49 198 252 236 381 23 90 12 207 307 0,
PFG_MOEA,672,2,270.73,5843.94,0 61 313 359 206 253 365 360 214 185 118 281 26 334 298 371 22 134 186 162 159 292 263 8 373 318 70 184 284 74 279 0,134 284 313 318
PFG_MOEA,672,3,270.73,5843.94,0 91 169 108 14 375 212 24 192 330 238 129 200 165 112 191 152 127 57 109 59 137 273 136 247 17 43 85 215 33 71 224 260 148 48 31 304 0,33 200
PFG_MOEA,672,4,270.73,5843.94,0 73 254 69 354 183 327 387 157 149 188 394 316 63 262 1 255 250 28 42 400 395 377 345 356 264 259 246 308 229 197 218 151 77 107 164 67 302 388 3 106 173 261 320 364 0,
PFG_MOEA,672,5,270.73,5843.94,0 329 300 362 123 51 145 322 121 146 201 312 393 294 174 339 132 120 142 0,145 174
PFG_MOEA,672,6,270.73,5843.94,0 37 269 321 299 340 219 341 105 84 131 29 81 113 76 116 111 181 358 337 384 325 355 114 389 0,341
PFG_MOEA,672,7,270.73,5843.94,0 89 216 47 125 9 150 163 53 293 133 331 285 392 115 245 396 240 385 288 177 34 58 235 135 233 88 249 35 161 68 0,133 240
PFG_MOEA,672,8,270.73,5843.94,0 172 182 193 314 4 350 397 36 11 374 311 230 94 156 199 92 86 319 266 141 289 231 386 366 267 228 44 130 52 72 303 357 13 19 226 221 242 96 0,141 386
PFG_MOEA,672,9,270.73,5843.94,0 38 80 378 83 291 139 21 167 301 372 346 315 265 390 99 175 251 190 18 103 155 234 227 398 93 54 46 268 272 30 39 271 391 179 0,
PFG_MOEA,672,10,270.73,5843.94,0 97 225 232 209 361 213 170 367 328 248 258 376 368 290 343 66 349 344 243 117 178 82 41 16 380 369 196 78 98 27 176 144 342 370 306 202 338 203 168 15 399 0,82 176 225
PFG_MOEA,672,11,270.73,5843.94,0 287 64 166 205 75 348 353 45 210 278 153 171 87 6 208 158 189 220 241 62 297 65 283 204 154 305 326 110 140 180 333 317 286 25 55 217 56 7 124 126 20 10 0,65 126
PFG_MOEA,672,12,270.73,5843.94,0 2 119 128 295 40 32 276 239 122 296 332 347 138 336 222 95 101 194 147 324 275 323 363 352 277 102 223 244 211 104 310 100 282 383 382 0,2
PFG_MOEA,673,1,759.34,4800.0,0 219 341 105 389 114 84 131 355 325 29 81 113 76 116 111 384 337 358 181 177 288 385 240 396 245 115 392 285 331 133 293 53 163 150 9 125 47 216 89 61 206 253 365 0,245
PFG_MOEA,673,2,759.34,4800.0,0 22 134 186 162 159 279 74 284 184 318 70 292 263 8 373 169 108 14 375 212 24 91 0,318
PFG_MOEA,673,3,759.34,4800.0,0 304 31 48 148 260 224 71 33 129 238 330 192 200 165 112 191 152 127 57 109 59 137 273 136 247 17 43 85 215 73 254 69 354 183 327 387 157 149 188 394 316 63 262 1 255 250 28 42 400 395 377 345 356 264 259 246 308 229 197 218 151 77 107 164 67 302 388 3 106 173 261 320 364 393 312 201 362 329 300 123 51 145 322 121 146 294 174 339 132 120 142 37 269 321 299 340 233 135 88 249 35 161 235 68 58 34 386 231 289 366 267 228 44 130 52 72 303 357 319 266 141 86 92 199 156 94 230 311 374 11 36 397 350 4 314 193 182 172 13 19 226 221 242 96 80 38 0,33 106 174 200 303 311 394
PFG_MOEA,673,4,759.34,4800.0,0 378 83 155 103 18 190 251 175 99 315 346 372 301 167 21 139 291 265 390 234 0,
PFG_MOEA,673,5,759.34,4800.0,0 179 391 271 39 30 272 268 46 54 93 398 227 213 232 0,391
PFG_MOEA,673,6,759.34,4800.0,0 225 0,
PFG_MOEA,673,7,759.34,4800.0,0 97 209 361 170 367 0,
PFG_MOEA,673,8,759.34,4800.0,0 399 15 168 203 338 202 306 370 342 144 176 27 98 78 196 369 380 16 41 82 178 117 243 344 349 66 343 290 368 376 258 248 328 75 348 353 45 210 278 153 171 87 6 208 205 166 158 189 220 241 62 297 65 283 204 154 305 326 110 140 180 333 317 286 25 55 217 56 7 124 126 20 64 287 10 383 382 0,62 66 205 220 342
PFG_MOEA,673,9,759.34,4800.0,0 2 119 128 295 40 32 276 239 122 296 332 347 138 336 222 95 101 194 147 324 275 323 363 352 277 102 223 244 211 104 310 100 282 143 79 160 50 60 257 270 379 195 5 309 280 351 237 256 274 49 198 252 236 0,
PFG_MOEA,673,10,759.34,4800.0,0 381 23 90 12 207 307 0,
PFG_MOEA,673,11,759.34,4800.0,0 335 187 359 313 360 214 0,
PFG_MOEA,673,12,759.34,4800.0,0 185 118 281 26 334 298 371 0,
PFG_MOEA,674,1,314.81,5596.11,0 12 90 128 236 252 336 276 138 222 198 49 274 256 237 351 280 309 5 290 343 313 207 0,222
PFG_MOEA,674,2,314.81,5596.11,0 91 292 263 8 373 169 108 14 375 212 24 371 219 341 298 334 26 281 118 185 214 295 40 32 239 122 95 101 352 363 323 194 275 277 102 100 23 381 119 2 307 359 187 148 48 31 304 0,23
PFG_MOEA,674,3,314.81,5596.11,0 260 224 71 33 127 152 191 112 165 200 129 238 330 192 0,33
PFG_MOEA,674,4,314.81,5596.11,0 57 67 302 173 106 3 388 164 107 77 151 218 197 229 308 246 259 264 356 345 377 395 400 42 28 250 255 1 262 63 316 394 188 149 157 387 327 183 354 69 254 73 215 85 43 17 247 136 273 137 59 109 0,
PFG_MOEA,674,5,314.81,5596.11,0 329 300 362 123 51 145 322 121 146 201 261 320 364 393 312 294 174 339 132 206 253 365 360 335 0,362 393
PFG_MOEA,674,6,314.81,5596.11,0 61 358 181 177 288 385 240 396 245 115 392 285 331 133 293 53 163 150 9 125 47 216 89 0,
PFG_MOEA,674,7,314.81,5596.11,0 80 13 19 226 35 161 235 58 34 386 231 289 366 267 228 44 130 52 72 318 70 184 284 74 279 159 162 389 114 355 325 384 337 111 116 76 113 81 29 131 84 105 186 134 22 0,
PFG_MOEA,674,8,314.81,5596.11,0 38 96 242 221 172 182 397 350 311 4 314 193 230 94 156 374 36 11 92 319 357 303 266 141 86 199 68 135 88 249 233 340 299 321 269 120 142 37 301 21 139 291 167 372 346 315 99 175 251 0,182
PFG_MOEA,674,9,314.81,5596.11,0 97 225 232 179 391 271 158 241 62 297 65 283 204 154 305 326 110 140 286 317 333 180 220 126 124 7 56 217 55 25 367 170 361 209 227 234 213 190 390 265 18 103 155 83 378 398 93 54 46 268 272 30 39 0,65 154
PFG_MOEA,674,10,314.81,5596.11,0 399 15 16 380 41 82 178 117 243 344 349 20 189 64 166 205 208 6 87 171 153 278 210 353 258 376 368 66 287 10 383 382 0,243
PFG_MOEA,674,11,314.81,5596.11,0 369 338 203 168 0,
PFG_MOEA,674,12,314.81,5596.11,0 202 306 370 342 144 176 27 98 78 196 296 347 332 324 147 211 244 223 104 310 282 143 79 160 50 60 257 270 379 195 45 348 75 328 248 0,370
PFG_MOEA,675,1,411.21,4974.5,0 12 90 381 23 32 276 239 336 138 222 198 49 274 256 237 351 280 252 236 128 119 2 0,23
PFG_MOEA,675,2,411.21,4974.5,0 22 118 185 214 295 40 122 392 285 331 133 293 53 101 352 363 323 194 275 277 102 100 95 163 61 89 207 307 313 359 365 253 206 187 0,22 100
PFG_MOEA,675,3,411.21,4974.5,0 115 0,
PFG_MOEA,675,4,411.21,4974.5,0 245 396 240 385 288 177 181 358 337 384 111 116 76 113 81 29 325 355 0,
PFG_MOEA,675,5,411.21,4974.5,0 281 26 334 298 341 134 186 131 84 114 389 105 219 371 162 159 74 279 91 24 212 375 284 14 184 318 70 292 263 8 373 169 108 72 52 130 44 386 362 201 312 67 164 107 302 173 106 261 388 197 218 151 77 273 136 137 59 109 127 57 226 19 13 80 0,77 106 284
PFG_MOEA,675,6,411.21,4974.5,0 38 172 182 319 303 357 266 141 86 199 228 267 366 289 231 34 58 68 161 235 35 249 88 135 233 156 94 230 374 92 11 36 397 350 311 4 314 193 340 299 321 269 120 142 37 51 123 145 132 339 322 121 146 294 174 320 364 393 3 229 308 356 264 259 246 42 300 329 112 221 242 96 0,51 174 229 246 299
PFG_MOEA,675,7,411.21,4974.5,0 399 200 165 191 152 247 255 1 262 250 28 345 377 395 400 394 188 301 372 21 167 291 139 149 157 63 316 387 327 17 43 85 215 73 254 183 354 69 265 346 315 99 175 251 190 390 18 103 155 83 378 213 234 227 398 93 224 179 232 225 97 71 33 260 148 238 129 330 192 48 31 304 0,93
PFG_MOEA,675,8,411.21,4974.5,0 382 383 10 391 271 39 46 54 268 272 30 66 166 205 208 6 204 154 305 326 283 65 297 62 241 110 140 286 317 333 180 220 158 189 64 20 126 124 7 56 217 55 25 367 170 361 209 287 0,55 62 66 220
PFG_MOEA,675,9,411.21,4974.5,0 380 0,
PFG_MOEA,675,10,411.21,4974.5,0 16 369 15 0,
PFG_MOEA,675,11,411.21,4974.5,0 168 203 178 82 41 0,178
PFG_MOEA,675,12,411.21,4974.5,0 335 360 338 202 306 370 342 144 176 27 98 78 196 296 347 332 216 47 125 9 150 147 324 211 244 223 104 310 282 143 309 5 195 379 79 160 50 60 270 257 210 45 153 278 87 171 353 348 75 328 248 258 376 368 290 343 349 344 243 117 0,
PFG_MOEA,676,1,312.55,5795.78,0 336 138 239 122 296 347 332 324 275 277 104 211 244 223 102 352 363 323 194 147 101 95 222 0,122 211 222 277
PFG_MOEA,676,2,312.55,5795.78,0 335 360 207 307 313 359 187 100 310 282 143 79 160 50 60 257 270 379 195 5 309 280 351 237 256 274 49 198 252 236 381 23 90 12 214 185 118 281 26 334 298 371 72 52 130 44 386 80 0,5 307
PFG_MOEA,676,3,312.55,5795.78,0 13 19 226 57 127 109 59 137 136 273 77 151 218 197 388 261 106 173 302 107 164 67 312 201 362 123 51 145 294 174 339 132 142 120 269 321 299 0,174
PFG_MOEA,676,4,312.55,5795.78,0 340 233 135 88 249 35 235 161 68 58 34 231 289 366 267 228 141 266 303 357 319 86 199 156 94 0,303
PFG_MOEA,676,5,312.55,5795.78,0 38 172 182 397 36 11 92 374 230 311 350 4 314 193 37 322 121 146 320 364 393 3 229 308 356 264 259 246 42 300 329 112 191 152 221 242 96 0,42 264
PFG_MOEA,676,6,312.55,5795.78,0 200 165 129 0,
PFG_MOEA,676,7,312.55,5795.78,0 304 330 395 400 394 188 301 372 21 167 291 139 149 157 63 316 387 17 43 33 71 224 260 0,
PFG_MOEA,676,8,312.55,5795.78,0 399 247 28 250 345 377 262 1 255 327 254 73 215 85 93 179 232 225 97 148 238 192 48 31 0,93
PFG_MOEA,676,9,312.55,5795.78,0 378 69 183 354 265 346 315 99 175 251 190 390 18 103 155 83 234 213 227 398 209 361 170 367 25 55 217 56 7 180 333 317 286 140 110 62 297 65 283 326 305 154 204 6 208 241 220 158 189 64 20 126 124 0,175
PFG_MOEA,676,10,312.55,5795.78,0 287 382 383 10 268 272 30 66 166 205 271 39 391 53 293 133 331 285 392 115 245 396 240 385 288 177 181 358 337 384 111 116 76 113 81 29 325 355 131 84 114 389 105 341 219 0,
PFG_MOEA,676,11,312.55,5795.78,0 91 24 212 375 14 108 169 373 8 263 292 70 318 184 284 74 279 159 162 22 134 186 89 216 47 125 9 150 163 61 365 253 206 46 54 0,
PFG_MOEA,676,12,312.55,5795.78,0 41 82 178 117 243 344 349 343 290 368 376 258 248 328 75 171 87 153 278 210 45 353 348 2 119 128 295 40 32 276 196 78 98 27 176 144 342 370 306 202 338 203 168 369 380 16 15 0,16 87 203
PFG_MOEA,677,1,389.39,5146.42,0 163 78 53 293 133 331 285 392 98 115 245 27 396 240 385 288 177 181 358 337 384 111 116 76 113 81 29 325 355 131 84 114 389 91 279 74 159 162 371 219 298 341 22 134 186 105 118 185 0,
PFG_MOEA,677,2,389.39,5146.42,0 281 26 334 24 212 375 284 14 184 318 70 292 263 8 373 169 108 72 52 130 44 386 51 145 123 362 201 294 312 67 164 107 302 173 106 261 388 197 218 151 77 273 136 137 59 109 127 57 226 19 13 80 0,
PFG_MOEA,677,3,389.39,5146.42,0 142 339 174 132 120 269 321 299 340 233 135 88 249 35 235 161 68 58 34 231 289 366 267 228 141 266 303 357 319 86 199 156 94 230 374 92 11 36 397 350 311 4 314 193 0,88
PFG_MOEA,677,4,389.39,5146.42,0 182 172 38 0,
PFG_MOEA,677,5,389.39,5146.42,0 37 322 121 146 320 364 393 3 229 308 356 264 259 246 42 300 329 112 152 191 165 200 221 242 96 0,152 264 329
PFG_MOEA,677,6,389.39,5146.42,0 129 33 71 224 260 0,
PFG_MOEA,677,7,389.39,5146.42,0 399 247 255 1 262 250 28 345 377 395 400 394 188 301 372 21 167 291 139 149 157 63 316 387 17 43 73 254 327 183 354 69 215 85 93 179 232 225 97 148 48 238 330 192 31 304 0,395
PFG_MOEA,677,8,389.39,5146.42,0 16 15 168 203 369 380 391 271 39 268 272 30 66 166 205 208 6 204 154 305 326 283 65 297 62 241 110 140 286 317 333 180 220 158 189 64 20 126 124 7 56 217 55 25 367 170 361 209 398 227 234 213 190 251 175 99 315 346 265 390 18 103 155 83 378 54 46 287 10 383 382 41 0,7 16 20 103 272
PFG_MOEA,677,9,389.39,5146.42,0 82 178 117 243 368 376 258 353 153 171 87 278 210 143 237 256 274 49 100 282 310 104 102 277 275 194 323 363 352 101 198 95 222 138 122 276 336 252 236 128 23 381 90 119 2 12 0,
PFG_MOEA,677,10,389.39,5146.42,0 344 349 351 280 309 5 79 160 50 60 257 270 379 195 45 348 75 328 248 290 343 187 0,
PFG_MOEA,677,11,389.39,5146.42,0 214 295 40 32 239 370 342 144 176 150 47 9 125 216 89 61 207 307 313 359 206 253 365 360 335 0,176
PFG_MOEA,677,12,389.39,5146.42,0 338 202 306 196 296 347 332 324 147 211 244 223 0,
PFG_MOEA,678,1,413.96,4915.5,0 187 206 253 365 359 313 307 207 61 12 89 2 119 128 236 252 336 138 163 222 95 198 351 280 237 256 274 49 100 102 277 275 194 323 363 352 101 53 293 133 331 285 392 122 239 276 32 40 295 23 381 90 113 81 29 76 116 111 384 337 358 181 177 288 385 240 396 245 115 22 118 185 214 0,245 381
PFG_MOEA,678,2,413.96,4915.5,0 281 84 131 325 355 114 389 186 134 341 298 26 334 0,
PFG_MOEA,678,3,413.96,4915.5,0 371 219 105 162 159 74 279 91 24 212 375 284 14 184 318 70 292 263 8 373 169 108 72 52 130 44 386 362 201 312 67 164 107 302 173 106 261 388 197 218 151 77 273 136 137 59 0,
PFG_MOEA,678,4,413.96,4915.5,0 57 127 109 226 0,
PFG_MOEA,678,5,413.96,4915.5,0 19 0,
PFG_MOEA,678,6,413.96,4915.5,0 38 303 357 266 141 86 199 228 267 366 289 231 34 58 68 161 235 35 249 88 135 233 319 182 172 13 80 0,88
PFG_MOEA,678,7,413.96,4915.5,0 399 397 36 11 92 156 94 230 374 350 311 4 314 193 340 299 321 269 120 142 37 51 123 145 132 339 322 121 146 294 174 320 364 393 3 229 308 356 264 259 246 42 300 329 112 191 165 200 221 242 96 0,11 340 374 393
PFG_MOEA,678,8,413.96,4915.5,0 152 247 255 1 262 250 28 345 377 395 400 394 188 301 372 21 167 291 139 149 157 63 316 387 327 17 43 85 215 73 254 183 354 69 265 346 315 99 175 251 190 390 18 103 155 83 378 213 234 227 398 93 0,1 152 175 227
PFG_MOEA,678,9,413.96,4915.5,0 304 31 48 192 330 238 129 148 260 391 271 39 268 272 30 66 166 205 208 6 204 154 305 326 283 65 297 62 241 110 140 286 317 333 180 220 158 189 64 20 126 124 7 56 217 55 25 367 170 361 209 71 33 97 225 232 179 224 0,55 391
PFG_MOEA,678,10,413.96,4915.5,0 287 10 383 382 0,
PFG_MOEA,678,11,413.96,4915.5,0 16 15 168 203 369 380 82 178 117 243 349 344 54 46 41 0,
PFG_MOEA,678,12,413.96,4915.5,0 335 360 216 150 9 47 125 309 5 343 290 368 376 258 248 328 75 171 87 278 153 353 348 45 210 195 379 270 257 60 50 160 79 143 282 310 104 223 244 211 324 147 332 347 296 196 78 98 27 176 144 342 370 306 202 338 0,
PFG_MOEA,679,1,320.55,5348.04,0 80 13 172 182 397 36 11 92 233 135 88 249 35 235 161 68 58 34 231 289 319 399 0,
PFG_MOEA,679,2,320.55,5348.04,0 374 230 94 156 311 350 4 314 193 340 299 321 269 120 142 132 339 174 320 364 308 229 3 393 294 146 121 322 123 145 51 37 0,393
PFG_MOEA,679,3,320.55,5348.04,0 96 242 221 200 165 112 329 300 191 152 247 255 1 262 42 250 28 246 259 264 356 345 377 395 400 394 188 301 372 21 167 291 139 149 157 63 316 387 327 17 43 85 215 73 254 183 354 69 265 346 315 99 175 251 190 0,215
PFG_MOEA,679,4,320.55,5348.04,0 304 31 192 330 238 129 398 227 234 213 18 390 286 140 110 241 93 260 148 48 0,
PFG_MOEA,679,5,320.55,5348.04,0 317 333 0,
PFG_MOEA,679,6,320.55,5348.04,0 33 71 209 361 170 367 25 55 217 56 7 180 220 158 189 64 20 126 124 224 10 383 382 16 203 168 15 0,25
PFG_MOEA,679,7,320.55,5348.04,0 380 369 335 360 216 150 9 47 125 309 5 195 379 270 210 45 348 353 153 278 87 171 75 328 248 258 376 368 290 343 54 46 344 349 243 117 178 82 41 0,
PFG_MOEA,679,8,320.55,5348.04,0 338 202 306 370 342 144 176 27 98 78 196 296 347 332 147 324 211 244 223 104 310 282 143 79 160 50 60 257 6 204 154 305 326 283 62 297 65 208 205 166 66 30 272 268 0,66
PFG_MOEA,679,9,320.55,5348.04,0 187 206 253 365 359 313 307 207 61 12 89 2 119 128 236 252 336 138 163 222 95 198 351 256 237 280 391 271 39 378 83 155 103 232 179 287 225 97 0,138 307
PFG_MOEA,679,10,320.55,5348.04,0 22 389 114 84 131 325 355 29 81 113 76 116 111 384 337 358 181 177 288 385 240 396 245 115 392 285 331 133 293 53 101 352 363 323 194 275 277 102 100 49 274 122 239 276 32 40 295 23 381 90 214 185 281 118 0,323 331
PFG_MOEA,679,11,320.55,5348.04,0 334 298 26 105 186 134 341 219 371 24 212 375 14 184 318 70 292 263 8 373 169 284 74 279 91 159 162 0,134
PFG_MOEA,679,12,320.55,5348.04,0 38 19 226 57 127 109 59 137 136 273 77 151 218 197 388 261 106 173 302 107 164 67 312 201 362 366 267 228 386 44 130 52 72 108 303 357 266 141 86 199 0,106 386
PFG_MOEA,680,1,270.73,5843.94,0 335 187 309 5 195 379 270 257 60 50 160 79 143 280 351 237 256 274 49 198 252 236 381 23 90 12 207 307 0,
PFG_MOEA,680,2,270.73,5843.94,0 61 313 359 206 253 365 360 214 185 118 281 26 334 298 371 22 134 186 162 159 292 263 8 373 318 70 184 284 74 279 0,134 284 313 318
PFG_MOEA,680,3,270.73,5843.94,0 91 169 108 14 375 212 24 192 330 238 129 200 165 112 191 152 127 57 109 59 137 273 136 247 17 43 85 215 33 71 224 260 148 48 31 304 0,33 200
PFG_MOEA,680,4,270.73,5843.94,0 73 254 69 354 183 327 387 157 149 188 394 316 63 262 1 255 250 28 42 400 395 377 345 356 264 259 246 308 229 197 218 151 77 107 164 67 302 388 3 106 173 261 320 364 0,
PFG_MOEA,680,5,270.73,5843.94,0 329 300 362 123 51 145 322 121 146 201 312 393 294 174 339 132 120 142 0,145 174
PFG_MOEA,680,6,270.73,5843.94,0 37 269 321 299 340 219 341 105 84 131 29 81 113 76 116 111 181 358 337 384 325 355 114 389 0,341
PFG_MOEA,680,7,270.73,5843.94,0 89 216 47 125 9 150 163 53 293 133 331 285 392 115 245 396 240 385 288 177 34 58 235 135 233 88 249 35 161 68 0,133 240
PFG_MOEA,680,8,270.73,5843.94,0 172 182 193 314 4 350 397 36 11 374 311 230 94 156 199 92 86 319 266 141 289 231 386 366 267 228 44 130 52 72 303 357 13 19 226 221 242 96 0,141 386
PFG_MOEA,680,9,270.73,5843.94,0 38 80 378 83 291 139 21 167 301 372 346 315 265 390 99 175 251 190 18 103 155 234 227 398 93 54 46 268 272 30 39 271 391 179 0,
PFG_MOEA,680,10,270.73,5843.94,0 97 225 232 209 361 213 170 367 328 248 258 376 368 290 343 66 349 344 243 117 178 82 41 16 380 369 196 78 98 27 176 144 342 370 306 202 338 203 168 15 399 0,82 176 225
PFG_MOEA,680,11,270.73,5843.94,0 287 64 166 205 75 348 353 45 210 278 153 171 87 6 208 158 189 220 241 62 297 65 283 204 154 305 326 110 140 180 333 317 286 25 55 217 56 7 124 126 20 10 0,65 126
PFG_MOEA,680,12,270.73,5843.94,0 2 119 128 295 40 32 276 239 122 296 332 347 138 336 222 95 101 194 147 324 275 323 363 352 277 102 223 244 211 104 310 100 282 383 382 0,2
PFG_MOEA,681,1,759.34,4800.0,0 219 341 105 389 114 84 131 355 325 29 81 113 76 116 111 384 337 358 181 177 288 385 240 396 245 115 392 285 331 133 293 53 163 150 9 125 47 216 89 61 206 253 365 0,245
PFG_MOEA,681,2,759.34,4800.0,0 22 134 186 162 159 279 74 284 184 318 70 292 263 8 373 169 108 14 375 212 24 91 0,318
PFG_MOEA,681,3,759.34,4800.0,0 304 31 48 148 260 224 71 33 129 238 330 192 200 165 112 191 152 127 57 109 59 137 273 136 247 17 43 85 215 73 254 69 354 183 327 387 157 149 188 394 316 63 262 1 255 250 28 42 400 395 377 345 356 264 259 246 308 229 197 218 151 77 107 164 67 302 388 3 106 173 261 320 364 393 312 201 362 329 300 123 51 145 322 121 146 294 174 339 132 120 142 37 269 321 299 340 233 135 88 249 35 161 235 68 58 34 386 231 289 366 267 228 44 130 52 72 303 357 319 266 141 86 92 199 156 94 230 311 374 11 36 397 350 4 314 193 182 172 13 19 226 221 242 96 80 38 0,33 106 174 200 303 311 394
PFG_MOEA,681,4,759.34,4800.0,0 378 83 155 103 18 190 251 175 99 315 346 372 301 167 21 139 291 265 390 234 0,
PFG_MOEA,681,5,759.34,4800.0,0 179 391 271 39 30 272 268 46 54 93 398 227 213 232 0,391
PFG_MOEA,681,6,759.34,4800.0,0 225 0,
PFG_MOEA,681,7,759.34,4800.0,0 97 209 361 170 367 0,
PFG_MOEA,681,8,759.34,4800.0,0 399 15 168 203 338 202 306 370 342 144 176 27 98 78 196 369 380 16 41 82 178 117 243 344 349 66 343 290 368 376 258 248 328 75 348 353 45 210 278 153 171 87 6 208 205 166 158 189 220 241 62 297 65 283 204 154 305 326 110 140 180 333 317 286 25 55 217 56 7 124 126 20 64 287 10 383 382 0,62 66 205 220 342
PFG_MOEA,681,9,759.34,4800.0,0 2 119 128 295 40 32 276 239 122 296 332 347 138 336 222 95 101 194 147 324 275 323 363 352 277 102 223 244 211 104 310 100 282 143 79 160 50 60 257 270 379 195 5 309 280 351 237 256 274 49 198 252 236 0,
PFG_MOEA,681,10,759.34,4800.0,0 381 23 90 12 207 307 0,
PFG_MOEA,681,11,759.34,4800.0,0 335 187 359 313 360 214 0,
PFG_MOEA,681,12,759.34,4800.0,0 185 118 281 26 334 298 371 0,
PFG_MOEA,682,1,314.81,5596.11,0 12 90 128 236 252 336 276 138 222 198 49 274 256 237 351 280 309 5 290 343 313 207 0,222
PFG_MOEA,682,2,314.81,5596.11,0 91 292 263 8 373 169 108 14 375 212 24 371 219 341 298 334 26 281 118 185 214 295 40 32 239 122 95 101 352 363 323 194 275 277 102 100 23 381 119 2 307 359 187 148 48 31 304 0,23
PFG_MOEA,682,3,314.81,5596.11,0 260 224 71 33 127 152 191 112 165 200 129 238 330 192 0,33
PFG_MOEA,682,4,314.81,5596.11,0 57 67 302 173 106 3 388 164 107 77 151 218 197 229 308 246 259 264 356 345 377 395 400 42 28 250 255 1 262 63 316 394 188 149 157 387 327 183 354 69 254 73 215 85 43 17 247 136 273 137 59 109 0,
PFG_MOEA,682,5,314.81,5596.11,0 329 300 362 123 51 145 322 121 146 201 261 320 364 393 312 294 174 339 132 206 253 365 360 335 0,362 393
PFG_MOEA,682,6,314.81,5596.11,0 61 358 181 177 288 385 240 396 245 115 392 285 331 133 293 53 163 150 9 125 47 216 89 0,
PFG_MOEA,682,7,314.81,5596.11,0 80 13 19 226 35 161 235 58 34 386 231 289 366 267 228 44 130 52 72 318 70 184 284 74 279 159 162 389 114 355 325 384 337 111 116 76 113 81 29 131 84 105 186 134 22 0,
PFG_MOEA,682,8,314.81,5596.11,0 38 96 242 221 172 182 397 350 311 4 314 193 230 94 156 374 36 11 92 319 357 303 266 141 86 199 68 135 88 249 233 340 299 321 269 120 142 37 301 21 139 291 167 372 346 315 99 175 251 0,182
PFG_MOEA,682,9,314.81,5596.11,0 97 225 232 179 391 271 158 241 62 297 65 283 204 154 305 326 110 140 286 317 333 180 220 126 124 7 56 217 55 25 367 170 361 209 227 234 213 190 390 265 18 103 155 83 378 398 93 54 46 268 272 30 39 0,65 154
PFG_MOEA,682,10,314.81,5596.11,0 399 15 16 380 41 82 178 117 243 344 349 20 189 64 166 205 208 6 87 171 153 278 210 353 258 376 368 66 287 10 383 382 0,243
PFG_MOEA,682,11,314.81,5596.11,0 369 338 203 168 0,
PFG_MOEA,682,12,314.81,5596.11,0 202 306 370 342 144 176 27 98 78 196 296 347 332 324 147 211 244 223 104 310 282 143 79 160 50 60 257 270 379 195 45 348 75 328 248 0,370
PFG_MOEA,683,1,411.21,4974.5,0 12 90 381 23 32 276 239 336 138 222 198 49 274 256 237 351 280 252 236 128 119 2 0,23
PFG_MOEA,683,2,411.21,4974.5,0 22 118 185 214 295 40 122 392 285 331 133 293 53 101 352 363 323 194 275 277 102 100 95 163 61 89 207 307 313 359 365 253 206 187 0,22 100
PFG_MOEA,683,3,411.21,4974.5,0 115 0,
PFG_MOEA,683,4,411.21,4974.5,0 245 396 240 385 288 177 181 358 337 384 111 116 76 113 81 29 325 355 0,
PFG_MOEA,683,5,411.21,4974.5,0 281 26 334 298 341 134 186 131 84 114 389 105 219 371 162 159 74 279 91 24 212 375 284 14 184 318 70 292 263 8 373 169 108 72 52 130 44 386 362 201 312 67 164 107 302 173 106 261 388 197 218 151 77 273 136 137 59 109 127 57 226 19 13 80 0,77 106 284
PFG_MOEA,683,6,411.21,4974.5,0 38 172 182 319 303 357 266 141 86 199 228 267 366 289 231 34 58 68 161 235 35 249 88 135 233 156 94 230 374 92 11 36 397 350 311 4 314 193 340 299 321 269 120 142 37 51 123 145 132 339 322 121 146 294 174 320 364 393 3 229 308 356 264 259 246 42 300 329 112 221 242 96 0,51 174 229 246 299
PFG_MOEA,683,7,411.21,4974.5,0 399 200 165 191 152 247 255 1 262 250 28 345 377 395 400 394 188 301 372 21 167 291 139 149 157 63 316 387 327 17 43 85 215 73 254 183 354 69 265 346 315 99 175 251 190 390 18 103 155 83 378 213 234 227 398 93 224 179 232 225 97 71 33 260 148 238 129 330 192 48 31 304 0,93
PFG_MOEA,683,8,411.21,4974.5,0 382 383 10 391 271 39 46 54 268 272 30 66 166 205 208 6 204 154 305 326 283 65 297 62 241 110 140 286 317 333 180 220 158 189 64 20 126 124 7 56 217 55 25 367 170 361 209 287 0,55 62 66 220
PFG_MOEA,683,9,411.21,4974.5,0 380 0,
PFG_MOEA,683,10,411.21,4974.5,0 16 369 15 0,
PFG_MOEA,683,11,411.21,4974.5,0 168 203 178 82 41 0,178
PFG_MOEA,683,12,411.21,4974.5,0 335 360 338 202 306 370 342 144 176 27 98 78 196 296 347 332 216 47 125 9 150 147 324 211 244 223 104 310 282 143 309 5 195 379 79 160 50 60 270 257 210 45 153 278 87 171 353 348 75 328 248 258 376 368 290 343 349 344 243 117 0,
PFG_MOEA,684,1,312.55,5795.78,0 336 138 239 122 296 347 332 324 275 277 104 211 244 223 102 352 363 323 194 147 101 95 222 0,122 211 222 277
PFG_MOEA,684,2,312.55,5795.78,0 335 360 207 307 313 359 187 100 310 282 143 79 160 50 60 257 270 379 195 5 309 280 351 237 256 274 49 198 252 236 381 23 90 12 214 185 118 281 26 334 298 371 72 52 130 44 386 80 0,5 307
PFG_MOEA,684,3,312.55,5795.78,0 13 19 226 57 127 109 59 137 136 273 77 151 218 197 388 261 106 173 302 107 164 67 312 201 362 123 51 145 294 174 339 132 142 120 269 321 299 0,174
PFG_MOEA,684,4,312.55,5795.78,0 340 233 135 88 249 35 235 161 68 58 34 231 289 366 267 228 141 266 303 357 319 86 199 156 94 0,303
PFG_MOEA,684,5,312.55,5795.78,0 38 172 182 397 36 11 92 374 230 311 350 4 314 193 37 322 121 146 320 364 393 3 229 308 356 264 259 246 42 300 329 112 191 152 221 242 96 0,42 264
PFG_MOEA,684,6,312.55,5795.78,0 200 165 129 0,
PFG_MOEA,684,7,312.55,5795.78,0 304 330 395 400 394 188 301 372 21 167 291 139 149 157 63 316 387 17 43 33 71 224 260 0,
PFG_MOEA,684,8,312.55,5795.78,0 399 247 28 250 345 377 262 1 255 327 254 73 215 85 93 179 232 225 97 148 238 192 48 31 0,93
PFG_MOEA,684,9,312.55,5795.78,0 378 69 183 354 265 346 315 99 175 251 190 390 18 103 155 83 234 213 227 398 209 361 170 367 25 55 217 56 7 180 333 317 286 140 110 62 297 65 283 326 305 154 204 6 208 241 220 158 189 64 20 126 124 0,175
PFG_MOEA,684,10,312.55,5795.78,0 287 382 383 10 268 272 30 66 166 205 271 39 391 53 293 133 331 285 392 115 245 396 240 385 288 177 181 358 337 384 111 116 76 113 81 29 325 355 131 84 114 389 105 341 219 0,
PFG_MOEA,684,11,312.55,5795.78,0 91 24 212 375 14 108 169 373 8 263 292 70 318 184 284 74 279 159 162 22 134 186 89 216 47 125 9 150 163 61 365 253 206 46 54 0,
PFG_MOEA,684,12,312.55,5795.78,0 41 82 178 117 243 344 349 343 290 368 376 258 248 328 75 171 87 153 278 210 45 353 348 2 119 128 295 40 32 276 196 78 98 27 176 144 342 370 306 202 338 203 168 369 380 16 15 0,16 87 203
PFG_MOEA,685,1,389.39,5146.42,0 163 78 53 293 133 331 285 392 98 115 245 27 396 240 385 288 177 181 358 337 384 111 116 76 113 81 29 325 355 131 84 114 389 91 279 74 159 162 371 219 298 341 22 134 186 105 118 185 0,
PFG_MOEA,685,2,389.39,5146.42,0 281 26 334 24 212 375 284 14 184 318 70 292 263 8 373 169 108 72 52 130 44 386 51 145 123 362 201 294 312 67 164 107 302 173 106 261 388 197 218 151 77 273 136 137 59 109 127 57 226 19 13 80 0,
PFG_MOEA,685,3,389.39,5146.42,0 142 339 174 132 120 269 321 299 340 233 135 88 249 35 235 161 68 58 34 231 289 366 267 228 141 266 303 357 319 86 199 156 94 230 374 92 11 36 397 350 311 4 314 193 0,88
PFG_MOEA,685,4,389.39,5146.42,0 182 172 38 0,
PFG_MOEA,685,5,389.39,5146.42,0 37 322 121 146 320 364 393 3 229 308 356 264 259 246 42 300 329 112 152 191 165 200 221 242 96 0,152 264 329
PFG_MOEA,685,6,389.39,5146.42,0 129 33 71 224 260 0,
PFG_MOEA,685,7,389.39,5146.42,0 399 247 255 1 262 250 28 345 377 395 400 394 188 301 372 21 167 291 139 149 157 63 316 387 17 43 73 254 327 183 354 69 215 85 93 179 232 225 97 148 48 238 330 192 31 304 0,395
PFG_MOEA,685,8,389.39,5146.42,0 16 15 168 203 369 380 391 271 39 268 272 30 66 166 205 208 6 204 154 305 326 283 65 297 62 241 110 140 286 317 333 180 220 158 189 64 20 126 124 7 56 217 55 25 367 170 361 209 398 227 234 213 190 251 175 99 315 346 265 390 18 103 155 83 378 54 46 287 10 383 382 41 0,7 16 20 103 272
PFG_MOEA,685,9,389.39,5146.42,0 82 178 117 243 368 376 258 353 153 171 87 278 210 143 237 256 274 49 100 282 310 104 102 277 275 194 323 363 352 101 198 95 222 138 122 276 336 252 236 128 23 381 90 119 2 12 0,
PFG_MOEA,685,10,389.39,5146.42,0 344 349 351 280 309 5 79 160 50 60 257 270 379 195 45 348 75 328 248 290 343 187 0,
PFG_MOEA,685,11,389.39,5146.42,0 214 295 40 32 239 370 342 144 176 150 47 9 125 216 89 61 207 307 313 359 206 253 365 360 335 0,176
PFG_MOEA,685,12,389.39,5146.42,0 338 202 306 196 296 347 332 324 147 211 244 223 0,
PFG_MOEA,686,1,413.96,4915.5,0 187 206 253 365 359 313 307 207 61 12 89 2 119 128 236 252 336 138 163 222 95 198 351 280 237 256 274 49 100 102 277 275 194 323 363 352 101 53 293 133 331 285 392 122 239 276 32 40 295 23 381 90 113 81 29 76 116 111 384 337 358 181 177 288 385 240 396 245 115 22 118 185 214 0,245 381
PFG_MOEA,686,2,413.96,4915.5,0 281 84 131 325 355 114 389 186 134 341 298 26 334 0,
PFG_MOEA,686,3,413.96,4915.5,0 371 219 105 162 159 74 279 91 24 212 375 284 14 184 318 70 292 263 8 373 169 108 72 52 130 44 386 362 201 312 67 164 107 302 173 106 261 388 197 218 151 77 273 136 137 59 0,
PFG_MOEA,686,4,413.96,4915.5,0 57 127 109 226 0,
PFG_MOEA,686,5,413.96,4915.5,0 19 0,
PFG_MOEA,686,6,413.96,4915.5,0 38 303 357 266 141 86 199 228 267 366 289 231 34 58 68 161 235 35 249 88 135 233 319 182 172 13 80 0,88
PFG_MOEA,686,7,413.96,4915.5,0 399 397 36 11 92 156 94 230 374 350 311 4 314 193 340 299 321 269 120 142 37 51 123 145 132 339 322 121 146 294 174 320 364 393 3 229 308 356 264 259 246 42 300 329 112 191 165 200 221 242 96 0,11 340 374 393
PFG_MOEA,686,8,413.96,4915.5,0 152 247 255 1 262 250 28 345 377 395 400 394 188 301 372 21 167 291 139 149 157 63 316 387 327 17 43 85 215 73 254 183 354 69 265 346 315 99 175 251 190 390 18 103 155 83 378 213 234 227 398 93 0,1 152 175 227
PFG_MOEA,686,9,413.96,4915.5,0 304 31 48 192 330 238 129 148 260 391 271 39 268 272 30 66 166 205 208 6 204 154 305 326 283 65 297 62 241 110 140 286 317 333 180 220 158 189 64 20 126 124 7 56 217 55 25 367 170 361 209 71 33 97 225 232 179 224 0,55 391
PFG_MOEA,686,10,413.96,4915.5,0 287 10 383 382 0,
PFG_MOEA,686,11,413.96,4915.5,0 16 15 168 203 369 380 82 178 117 243 349 344 54 46 41 0,
PFG_MOEA,686,12,413.96,4915.5,0 335 360 216 150 9 47 125 309 5 343 290 368 376 258 248 328 75 171 87 278 153 353 348 45 210 195 379 270 257 60 50 160 79 143 282 310 104 223 244 211 324 147 332 347 296 196 78 98 27 176 144 342 370 306 202 338 0,
PFG_MOEA,687,1,320.55,5348.04,0 80 13 172 182 397 36 11 92 233 135 88 249 35 235 161 68 58 34 231 289 319 399 0,
PFG_MOEA,687,2,320.55,5348.04,0 374 230 94 156 311 350 4 314 193 340 299 321 269 120 142 132 339 174 320 364 308 229 3 393 294 146 121 322 123 145 51 37 0,393
PFG_MOEA,687,3,320.55,5348.04,0 96 242 221 200 165 112 329 300 191 152 247 255 1 262 42 250 28 246 259 264 356 345 377 395 400 394 188 301 372 21 167 291 139 149 157 63 316 387 327 17 43 85 215 73 254 183 354 69 265 346 315 99 175 251 190 0,215
PFG_MOEA,687,4,320.55,5348.04,0 304 31 192 330 238 129 398 227 234 213 18 390 286 140 110 241 93 260 148 48 0,
PFG_MOEA,687,5,320.55,5348.04,0 317 333 0,
PFG_MOEA,687,6,320.55,5348.04,0 33 71 209 361 170 367 25 55 217 56 7 180 220 158 189 64 20 126 124 224 10 383 382 16 203 168 15 0,25
PFG_MOEA,687,7,320.55,5348.04,0 380 369 335 360 216 150 9 47 125 309 5 195 379 270 210 45 348 353 153 278 87 171 75 328 248 258 376 368 290 343 54 46 344 349 243 117 178 82 41 0,
PFG_MOEA,687,8,320.55,5348.04,0 338 202 306 370 342 144 176 27 98 78 196 296 347 332 147 324 211 244 223 104 310 282 143 79 160 50 60 257 6 204 154 305 326 283 62 297 65 208 205 166 66 30 272 268 0,66
PFG_MOEA,687,9,320.55,5348.04,0 187 206 253 365 359 313 307 207 61 12 89 2 119 128 236 252 336 138 163 222 95 198 351 256 237 280 391 271 39 378 83 155 103 232 179 287 225 97 0,138 307
PFG_MOEA,687,10,320.55,5348.04,0 22 389 114 84 131 325 355 29 81 113 76 116 111 384 337 358 181 177 288 385 240 396 245 115 392 285 331 133 293 53 101 352 363 323 194 275 277 102 100 49 274 122 239 276 32 40 295 23 381 90 214 185 281 118 0,323 331
PFG_MOEA,687,11,320.55,5348.04,0 334 298 26 105 186 134 341 219 371 24 212 375 14 184 318 70 292 263 8 373 169 284 74 279 91 159 162 0,134
PFG_MOEA,687,12,320.55,5348.04,0 38 19 226 57 127 109 59 137 136 273 77 151 218 197 388 261 106 173 302 107 164 67 312 201 362 366 267 228 386 44 130 52 72 108 303 357 266 141 86 199 0,106 386
PFG_MOEA,688,1,270.73,5843.94,0 335 187 309 5 195 379 270 257 60 50 160 79 143 280 351 237 256 274 49 198 252 236 381 23 90 12 207 307 0,
PFG_MOEA,688,2,270.73,5843.94,0 61 313 359 206 253 365 360 214 185 118 281 26 334 298 371 22 134 186 162 159 292 263 8 373 318 70 184 284 74 279 0,134 284 313 318
PFG_MOEA,688,3,270.73,5843.94,0 91 169 108 14 375 212 24 192 330 238 129 200 165 112 191 152 127 57 109 59 137 273 136 247 17 43 85 215 33 71 224 260 148 48 31 304 0,33 200
PFG_MOEA,688,4,270.73,5843.94,0 73 254 69 354 183 327 387 157 149 188 394 316 63 262 1 255 250 28 42 400 395 377 345 356 264 259 246 308 229 197 218 151 77 107 164 67 302 388 3 106 173 261 320 364 0,
PFG_MOEA,688,5,270.73,5843.94,0 329 300 362 123 51 145 322 121 146 201 312 393 294 174 339 132 120 142 0,145 174
PFG_MOEA,688,6,270.73,5843.94,0 37 269 321 299 340 219 341 105 84 131 29 81 113 76 116 111 181 358 337 384 325 355 114 389 0,341
PFG_MOEA,688,7,270.73,5843.94,0 89 216 47 125 9 150 163 53 293 133 331 285 392 115 245 396 240 385 288 177 34 58 235 135 233 88 249 35 161 68 0,133 240
PFG_MOEA,688,8,270.73,5843.94,0 172 182 193 314 4 350 397 36 11 374 311 230 94 156 199 92 86 319 266 141 289 231 386 366 267 228 44 130 52 72 303 357 13 19 226 221 242 96 0,141 386
PFG_MOEA,688,9,270.73,5843.94,0 38 80 378 83 291 139 21 167 301 372 346 315 265 390 99 175 251 190 18 103 155 234 227 398 93 54 46 268 272 30 39 271 391 179 0,
PFG_MOEA,688,10,270.73,5843.94,0 97 225 232 209 361 213 170 367 328 248 258 376 368 290 343 66 349 344 243 117 178 82 41 16 380 369 196 78 98 27 176 144 342 370 306 202 338 203 168 15 399 0,82 176 225
PFG_MOEA,688,11,270.73,5843.94,0 287 64 166 205 75 348 353 45 210 278 153 171 87 6 208 158 189 220 241 62 297 65 283 204 154 305 326 110 140 180 333 317 286 25 55 217 56 7 124 126 20 10 0,65 126
PFG_MOEA,688,12,270.73,5843.94,0 2 119 128 295 40 32 276 239 122 296 332 347 138 336 222 95 101 194 147 324 275 323 363 352 277 102 223 244 211 104 310 100 282 383 382 0,2
PFG_MOEA,689,1,759.34,4800.0,0 219 341 105 389 114 84 131 355 325 29 81 113 76 116 111 384 337 358 181 177 288 385 240 396 245 115 392 285 331 133 293 53 163 150 9 125 47 216 89 61 206 253 365 0,245
PFG_MOEA,689,2,759.34,4800.0,0 22 134 186 162 159 279 74 284 184 318 70 292 263 8 373 169 108 14 375 212 24 91 0,318
PFG_MOEA,689,3,759.34,4800.0,0 304 31 48 148 260 224 71 33 129 238 330 192 200 165 112 191 152 127 57 109 59 137 273 136 247 17 43 85 215 73 254 69 354 183 327 387 157 149 188 394 316 63 262 1 255 250 28 42 400 395 377 345 356 264 259 246 308 229 197 218 151 77 107 164 67 302 388 3 106 173 261 320 364 393 312 201 362 329 300 123 51 145 322 121 146 294 174 339 132 120 142 37 269 321 299 340 233 135 88 249 35 161 235 68 58 34 386 231 289 366 267 228 44 130 52 72 303 357 319 266 141 86 92 199 156 94 230 311 374 11 36 397 350 4 314 193 182 172 13 19 226 221 242 96 80 38 0,33 106 174 200 303 311 394
PFG_MOEA,689,4,759.34,4800.0,0 378 83 155 103 18 190 251 175 99 315 346 372 301 167 21 139 291 265 390 234 0,
PFG_MOEA,689,5,759.34,4800.0,0 179 391 271 39 30 272 268 46 54 93 398 227 213 232 0,391
PFG_MOEA,689,6,759.34,4800.0,0 225 0,
PFG_MOEA,689,7,759.34,4800.0,0 97 209 361 170 367 0,
PFG_MOEA,689,8,759.34,4800.0,0 399 15 168 203 338 202 306 370 342 144 176 27 98 78 196 369 380 16 41 82 178 117 243 344 349 66 343 290 368 376 258 248 328 75 348 353 45 210 278 153 171 87 6 208 205 166 158 189 220 241 62 297 65 283 204 154 305 326 110 140 180 333 317 286 25 55 217 56 7 124 126 20 64 287 10 383 382 0,62 66 205 220 342
PFG_MOEA,689,9,759.34,4800.0,0 2 119 128 295 40 32 276 239 122 296 332 347 138 336 222 95 101 194 147 324 275 323 363 352 277 102 223 244 211 104 310 100 282 143 79 160 50 60 257 270 379 195 5 309 280 351 237 256 274 49 198 252 236 0,
PFG_MOEA,689,10,759.34,4800.0,0 381 23 90 12 207 307 0,
PFG_MOEA,689,11,759.34,4800.0,0 335 187 359 313 360 214 0,
PFG_MOEA,689,12,759.34,4800.0,0 185 118 281 26 334 298 371 0,
PFG_MOEA,690,1,314.81,5596.11,0 12 90 128 236 252 336 276 138 222 198 49 274 256 237 351 280 309 5 290 343 313 207 0,222
PFG_MOEA,690,2,314.81,5596.11,0 91 292 263 8 373 169 108 14 375 212 24 371 219 341 298 334 26 281 118 185 214 295 40 32 239 122 95 101 352 363 323 194 275 277 102 100 23 381 119 2 307 359 187 148 48 31 304 0,23
PFG_MOEA,690,3,314.81,5596.11,0 260 224 71 33 127 152 191 112 165 200 129 238 330 192 0,33
PFG_MOEA,690,4,314.81,5596.11,0 57 67 302 173 106 3 388 164 107 77 151 218 197 229 308 246 259 264 356 345 377 395 400 42 28 250 255 1 262 63 316 394 188 149 157 387 327 183 354 69 254 73 215 85 43 17 247 136 273 137 59 109 0,
PFG_MOEA,690,5,314.81,5596.11,0 329 300 362 123 51 145 322 121 146 201 261 320 364 393 312 294 174 339 132 206 253 365 360 335 0,362 393
PFG_MOEA,690,6,314.81,5596.11,0 61 358 181 177 288 385 240 396 245 115 392 285 331 133 293 53 163 150 9 125 47 216 89 0,
PFG_MOEA,690,7,314.81,5596.11,0 80 13 19 226 35 161 235 58 34 386 231 289 366 267 228 44 130 52 72 318 70 184 284 74 279 159 162 389 114 355 325 384 337 111 116 76 113 81 29 131 84 105 186 134 22 0,
PFG_MOEA,690,8,314.81,5596.11,0 38 96 242 221 172 182 397 350 311 4 314 193 230 94 156 374 36 11 92 319 357 303 266 141 86 199 68 135 88 249 233 340 299 321 269 120 142 37 301 21 139 291 167 372 346 315 99 175 251 0,182
PFG_MOEA,690,9,314.81,5596.11,0 97 225 232 179 391 271 158 241 62 297 65 283 204 154 305 326 110 140 286 317 333 180 220 126 124 7 56 217 55 25 367 170 361 209 227 234 213 190 390 265 18 103 155 83 378 398 93 54 46 268 272 30 39 0,65 154
PFG_MOEA,690,10,314.81,5596.11,0 399 15 16 380 41 82 178 117 243 344 349 20 189 64 166 205 208 6 87 171 153 278 210 353 258 376 368 66 287 10 383 382 0,243
PFG_MOEA,690,11,314.81,5596.11,0 369 338 203 168 0,
PFG_MOEA,690,12,314.81,5596.11,0 202 306 370 342 144 176 27 98 78 196 296 347 332 324 147 211 244 223 104 310 282 143 79 160 50 60 257 270 379 195 45 348 75 328 248 0,370
PFG_MOEA,691,1,411.21,4974.5,0 12 90 381 23 32 276 239 336 138 222 198 49 274 256 237 351 280 252 236 128 119 2 0,23
PFG_MOEA,691,2,411.21,4974.5,0 22 118 185 214 295 40 122 392 285 331 133 293 53 101 352 363 323 194 275 277 102 100 95 163 61 89 207 307 313 359 365 253 206 187 0,22 100
PFG_MOEA,691,3,411.21,4974.5,0 115 0,
PFG_MOEA,691,4,411.21,4974.5,0 245 396 240 385 288 177 181 358 337 384 111 116 76 113 81 29 325 355 0,
PFG_MOEA,691,5,411.21,4974.5,0 281 26 334 298 341 134 186 131 84 114 389 105 219 371 162 159 74 279 91 24 212 375 284 14 184 318 70 292 263 8 373 169 108 72 52 130 44 386 362 201 312 67 164 107 302 173 106 261 388 197 218 151 77 273 136 137 59 109 127 57 226 19 13 80 0,77 106 284
PFG_MOEA,691,6,411.21,4974.5,0 38 172 182 319 303 357 266 141 86 199 228 267 366 289 231 34 58 68 161 235 35 249 88 135 233 156 94 230 374 92 11 36 397 350 311 4 314 193 340 299 321 269 120 142 37 51 123 145 132 339 322 121 146 294 174 320 364 393 3 229 308 356 264 259 246 42 300 329 112 221 242 96 0,51 174 229 246 299
PFG_MOEA,691,7,411.21,4974.5,0 399 200 165 191 152 247 255 1 262 250 28 345 377 395 400 394 188 301 372 21 167 291 139 149 157 63 316 387 327 17 43 85 215 73 254 183 354 69 265 346 315 99 175 251 190 390 18 103 155 83 378 213 234 227 398 93 224 179 232 225 97 71 33 260 148 238 129 330 192 48 31 304 0,93
PFG_MOEA,691,8,411.21,4974.5,0 382 383 10 391 271 39 46 54 268 272 30 66 166 205 208 6 204 154 305 326 283 65 297 62 241 110 140 286 317 333 180 220 158 189 64 20 126 124 7 56 217 55 25 367 170 361 209 287 0,55 62 66 220
PFG_MOEA,691,9,411.21,4974.5,0 380 0,
PFG_MOEA,691,10,411.21,4974.5,0 16 369 15 0,
PFG_MOEA,691,11,411.21,4974.5,0 168 203 178 82 41 0,178
PFG_MOEA,691,12,411.21,4974.5,0 335 360 338 202 306 370 342 144 176 27 98 78 196 296 347 332 216 47 125 9 150 147 324 211 244 223 104 310 282 143 309 5 195 379 79 160 50 60 270 257 210 45 153 278 87 171 353 348 75 328 248 258 376 368 290 343 349 344 243 117 0,
PFG_MOEA,692,1,312.55,5795.78,0 336 138 239 122 296 347 332 324 275 277 104 211 244 223 102 352 363 323 194 147 101 95 222 0,122 211 222 277
PFG_MOEA,692,2,312.55,5795.78,0 335 360 207 307 313 359 187 100 310 282 143 79 160 50 60 257 270 379 195 5 309 280 351 237 256 274 49 198 252 236 381 23 90 12 214 185 118 281 26 334 298 371 72 52 130 44 386 80 0,5 307
PFG_MOEA,692,3,312.55,5795.78,0 13 19 226 57 127 109 59 137 136 273 77 151 218 197 388 261 106 173 302 107 164 67 312 201 362 123 51 145 294 174 339 132 142 120 269 321 299 0,174
PFG_MOEA,692,4,312.55,5795.78,0 340 233 135 88 249 35 235 161 68 58 34 231 289 366 267 228 141 266 303 357 319 86 199 156 94 0,303
PFG_MOEA,692,5,312.55,5795.78,0 38 172 182 397 36 11 92 374 230 311 350 4 314 193 37 322 121 146 320 364 393 3 229 308 356 264 259 246 42 300 329 112 191 152 221 242 96 0,42 264
PFG_MOEA,692,6,312.55,5795.78,0 200 165 129 0,
PFG_MOEA,692,7,312.55,5795.78,0 304 330 395 400 394 188 301 372 21 167 291 139 149 157 63 316 387 17 43 33 71 224 260 0,
PFG_MOEA,692,8,312.55,5795.78,0 399 247 28 250 345 377 262 1 255 327 254 73 215 85 93 179 232 225 97 148 238 192 48 31 0,93
PFG_MOEA,692,9,312.55,5795.78,0 378 69 183 354 265 346 315 99 175 251 190 390 18 103 155 83 234 213 227 398 209 361 170 367 25 55 217 56 7 180 333 317 286 140 110 62 297 65 283 326 305 154 204 6 208 241 220 158 189 64 20 126 124 0,175
PFG_MOEA,692,10,312.55,5795.78,0 287 382 383 10 268 272 30 66 166 205 271 39 391 53 293 133 331 285 392 115 245 396 240 385 288 177 181 358 337 384 111 116 76 113 81 29 325 355 131 84 114 389 105 341 219 0,
PFG_MOEA,692,11,312.55,5795.78,0 91 24 212 375 14 108 169 373 8 263 292 70 318 184 284 74 279 159 162 22 134 186 89 216 47 125 9 150 163 61 365 253 206 46 54 0,
PFG_MOEA,692,12,312.55,5795.78,0 41 82 178 117 243 344 349 343 290 368 376 258 248 328 75 171 87 153 278 210 45 353 348 2 119 128 295 40 32 276 196 78 98 27 176 144 342 370 306 202 338 203 168 369 380 16 15 0,16 87 203
PFG_MOEA,693,1,389.39,5146.42,0 163 78 53 293 133 331 285 392 98 115 245 27 396 240 385 288 177 181 358 337 384 111 116 76 113 81 29 325 355 131 84 114 389 91 279 74 159 162 371 219 298 341 22 134 186 105 118 185 0,
PFG_MOEA,693,2,389.39,5146.42,0 281 26 334 24 212 375 284 14 184 318 70 292 263 8 373 169 108 72 52 130 44 386 51 145 123 362 201 294 312 67 164 107 302 173 106 261 388 197 218 151 77 273 136 137 59 109 127 57 226 19 13 80 0,
PFG_MOEA,693,3,389.39,5146.42,0 142 339 174 132 120 269 321 299 340 233 135 88 249 35 235 161 68 58 34 231 289 366 267 228 141 266 303 357 319 86 199 156 94 230 374 92 11 36 397 350 311 4 314 193 0,88
PFG_MOEA,693,4,389.39,5146.42,0 182 172 38 0,
PFG_MOEA,693,5,389.39,5146.42,0 37 322 121 146 320 364 393 3 229 308 356 264 259 246 42 300 329 112 152 191 165 200 221 242 96 0,152 264 329
PFG_MOEA,693,6,389.39,5146.42,0 129 33 71 224 260 0,
PFG_MOEA,693,7,389.39,5146.42,0 399 247 255 1 262 250 28 345 377 395 400 394 188 301 372 21 167 291 139 149 157 63 316 387 17 43 73 254 327 183 354 69 215 85 93 179 232 225 97 148 48 238 330 192 31 304 0,395
PFG_MOEA,693,8,389.39,5146.42,0 16 15 168 203 369 380 391 271 39 268 272 30 66 166 205 208 6 204 154 305 326 283 65 297 62 241 110 140 286 317 333 180 220 158 189 64 20 126 124 7 56 217 55 25 367 170 361 209 398 227 234 213 190 251 175 99 315 346 265 390 18 103 155 83 378 54 46 287 10 383 382 41 0,7 16 20 103 272
PFG_MOEA,693,9,389.39,5146.42,0 82 178 117 243 368 376 258 353 153 171 87 278 210 143 237 256 274 49 100 282 310 104 102 277 275 194 323 363 352 101 198 95 222 138 122 276 336 252 236 128 23 381 90 119 2 12 0,
PFG_MOEA,693,10,389.39,5146.42,0 344 349 351 280 309 5 79 160 50 60 257 270 379 195 45 348 75 328 248 290 343 187 0,
PFG_MOEA,693,11,389.39,5146.42,0 214 295 40 32 239 370 342 144 176 150 47 9 125 216 89 61 207 307 313 359 206 253 365 360 335 0,176
PFG_MOEA,693,12,389.39,5146.42,0 338 202 306 196 296 347 332 324 147 211 244 223 0,
PFG_MOEA,694,1,413.96,4915.5,0 187 206 253 365 359 313 307 207 61 12 89 2 119 128 236 252 336 138 163 222 95 198 351 280 237 256 274 49 100 102 277 275 194 323 363 352 101 53 293 133 331 285 392 122 239 276 32 40 295 23 381 90 113 81 29 76 116 111 384 337 358 181 177 288 385 240 396 245 115 22 118 185 214 0,245 381
PFG_MOEA,694,2,413.96,4915.5,0 281 84 131 325 355 114 389 186 134 341 298 26 334 0,
PFG_MOEA,694,3,413.96,4915.5,0 371 219 105 162 159 74 279 91 24 212 375 284 14 184 318 70 292 263 8 373 169 108 72 52 130 44 386 362 201 312 67 164 107 302 173 106 261 388 197 218 151 77 273 136 137 59 0,
PFG_MOEA,694,4,413.96,4915.5,0 57 127 109 226 0,
PFG_MOEA,694,5,413.96,4915.5,0 19 0,
PFG_MOEA,694,6,413.96,4915.5,0 38 303 357 266 141 86 199 228 267 366 289 231 34 58 68 161 235 35 249 88 135 233 319 182 172 13 80 0,88
PFG_MOEA,694,7,413.96,4915.5,0 399 397 36 11 92 156 94 230 374 350 311 4 314 193 340 299 321 269 120 142 37 51 123 145 132 339 322 121 146 294 174 320 364 393 3 229 308 356 264 259 246 42 300 329 112 191 165 200 221 242 96 0,11 340 374 393
PFG_MOEA,694,8,413.96,4915.5,0 152 247 255 1 262 250 28 345 377 395 400 394 188 301 372 21 167 291 139 149 157 63 316 387 327 17 43 85 215 73 254 183 354 69 265 346 315 99 175 251 190 390 18 103 155 83 378 213 234 227 398 93 0,1 152 175 227
PFG_MOEA,694,9,413.96,4915.5,0 304 31 48 192 330 238 129 148 260 391 271 39 268 272 30 66 166 205 208 6 204 154 305 326 283 65 297 62 241 110 140 286 317 333 180 220 158 189 64 20 126 124 7 56 217 55 25 367 170 361 209 71 33 97 225 232 179 224 0,55 391
PFG_MOEA,694,10,413.96,4915.5,0 287 10 383 382 0,
PFG_MOEA,694,11,413.96,4915.5,0 16 15 168 203 369 380 82 178 117 243 349 344 54 46 41 0,
PFG_MOEA,694,12,413.96,4915.5,0 335 360 216 150 9 47 125 309 5 343 290 368 376 258 248 328 75 171 87 278 153 353 348 45 210 195 379 270 257 60 50 160 79 143 282 310 104 223 244 211 324 147 332 347 296 196 78 98 27 176 144 342 370 306 202 338 0,
PFG_MOEA,695,1,320.55,5348.04,0 80 13 172 182 397 36 11 92 233 135 88 249 35 235 161 68 58 34 231 289 319 399 0,
PFG_MOEA,695,2,320.55,5348.04,0 374 230 94 156 311 350 4 314 193 340 299 321 269 120 142 132 339 174 320 364 308 229 3 393 294 146 121 322 123 145 51 37 0,393
PFG_MOEA,695,3,320.55,5348.04,0 96 242 221 200 165 112 329 300 191 152 247 255 1 262 42 250 28 246 259 264 356 345 377 395 400 394 188 301 372 21 167 291 139 149 157 63 316 387 327 17 43 85 215 73 254 183 354 69 265 346 315 99 175 251 190 0,215
PFG_MOEA,695,4,320.55,5348.04,0 304 31 192 330 238 129 398 227 234 213 18 390 286 140 110 241 93 260 148 48 0,
PFG_MOEA,695,5,320.55,5348.04,0 317 333 0,
PFG_MOEA,695,6,320.55,5348.04,0 33 71 209 361 170 367 25 55 217 56 7 180 220 158 189 64 20 126 124 224 10 383 382 16 203 168 15 0,25
PFG_MOEA,695,7,320.55,5348.04,0 380 369 335 360 216 150 9 47 125 309 5 195 379 270 210 45 348 353 153 278 87 171 75 328 248 258 376 368 290 343 54 46 344 349 243 117 178 82 41 0,
PFG_MOEA,695,8,320.55,5348.04,0 338 202 306 370 342 144 176 27 98 78 196 296 347 332 147 324 211 244 223 104 310 282 143 79 160 50 60 257 6 204 154 305 326 283 62 297 65 208 205 166 66 30 272 268 0,66
PFG_MOEA,695,9,320.55,5348.04,0 187 206 253 365 359 313 307 207 61 12 89 2 119 128 236 252 336 138 163 222 95 198 351 256 237 280 391 271 39 378 83 155 103 232 179 287 225 97 0,138 307
PFG_MOEA,695,10,320.55,5348.04,0 22 389 114 84 131 325 355 29 81 113 76 116 111 384 337 358 181 177 288 385 240 396 245 115 392 285 331 133 293 53 101 352 363 323 194 275 277 102 100 49 274 122 239 276 32 40 295 23 381 90 214 185 281 118 0,323 331
PFG_MOEA,695,11,320.55,5348.04,0 334 298 26 105 186 134 341 219 371 24 212 375 14 184 318 70 292 263 8 373 169 284 74 279 91 159 162 0,134
PFG_MOEA,695,12,320.55,5348.04,0 38 19 226 57 127 109 59 137 136 273 77 151 218 197 388 261 106 173 302 107 164 67 312 201 362 366 267 228 386 44 130 52 72 108 303 357 266 141 86 199 0,106 386
PFG_MOEA,696,1,270.73,5843.94,0 335 187 309 5 195 379 270 257 60 50 160 79 143 280 351 237 256 274 49 198 252 236 381 23 90 12 207 307 0,
PFG_MOEA,696,2,270.73,5843.94,0 61 313 359 206 253 365 360 214 185 118 281 26 334 298 371 22 134 186 162 159 292 263 8 373 318 70 184 284 74 279 0,134 284 313 318
PFG_MOEA,696,3,270.73,5843.94,0 91 169 108 14 375 212 24 192 330 238 129 200 165 112 191 152 127 57 109 59 137 273 136 247 17 43 85 215 33 71 224 260 148 48 31 304 0,33 200
PFG_MOEA,696,4,270.73,5843.94,0 73 254 69 354 183 327 387 157 149 188 394 316 63 262 1 255 250 28 42 400 395 377 345 356 264 259 246 308 229 197 218 151 77 107 164 67 302 388 3 106 173 261 320 364 0,
PFG_MOEA,696,5,270.73,5843.94,0 329 300 362 123 51 145 322 121 146 201 312 393 294 174 339 132 120 142 0,145 174
PFG_MOEA,696,6,270.73,5843.94,0 37 269 321 299 340 219 341 105 84 131 29 81 113 76 116 111 181 358 337 384 325 355 114 389 0,341
PFG_MOEA,696,7,270.73,5843.94,0 89 216 47 125 9 150 163 53 293 133 331 285 392 115 245 396 240 385 288 177 34 58 235 135 233 88 249 35 161 68 0,133 240
PFG_MOEA,696,8,270.73,5843.94,0 172 182 193 314 4 350 397 36 11 374 311 230 94 156 199 92 86 319 266 141 289 231 386 366 267 228 44 130 52 72 303 357 13 19 226 221 242 96 0,141 386
PFG_MOEA,696,9,270.73,5843.94,0 38 80 378 83 291 139 21 167 301 372 346 315 265 390 99 175 251 190 18 103 155 234 227 398 93 54 46 268 272 30 39 271 391 179 0,
PFG_MOEA,696,10,270.73,5843.94,0 97 225 232 209 361 213 170 367 328 248 258 376 368 290 343 66 349 344 243 117 178 82 41 16 380 369 196 78 98 27 176 144 342 370 306 202 338 203 168 15 399 0,82 176 225
PFG_MOEA,696,11,270.73,5843.94,0 287 64 166 205 75 348 353 45 210 278 153 171 87 6 208 158 189 220 241 62 297 65 283 204 154 305 326 110 140 180 333 317 286 25 55 217 56 7 124 126 20 10 0,65 126
PFG_MOEA,696,12,270.73,5843.94,0 2 119 128 295 40 32 276 239 122 296 332 347 138 336 222 95 101 194 147 324 275 323 363 352 277 102 223 244 211 104 310 100 282 383 382 0,2
PFG_MOEA,697,1,759.34,4800.0,0 219 341 105 389 114 84 131 355 325 29 81 113 76 116 111 384 337 358 181 177 288 385 240 396 245 115 392 285 331 133 293 53 163 150 9 125 47 216 89 61 206 253 365 0,245
PFG_MOEA,697,2,759.34,4800.0,0 22 134 186 162 159 279 74 284 184 318 70 292 263 8 373 169 108 14 375 212 24 91 0,318
PFG_MOEA,697,3,759.34,4800.0,0 304 31 48 148 260 224 71 33 129 238 330 192 200 165 112 191 152 127 57 109 59 137 273 136 247 17 43 85 215 73 254 69 354 183 327 387 157 149 188 394 316 63 262 1 255 250 28 42 400 395 377 345 356 264 259 246 308 229 197 218 151 77 107 164 67 302 388 3 106 173 261 320 364 393 312 201 362 329 300 123 51 145 322 121 146 294 174 339 132 120 142 37 269 321 299 340 233 135 88 249 35 161 235 68 58 34 386 231 289 366 267 228 44 130 52 72 303 357 319 266 141 86 92 199 156 94 230 311 374 11 36 397 350 4 314 193 182 172 13 19 226 221 242 96 80 38 0,33 106 174 200 303 311 394
PFG_MOEA,697,4,759.34,4800.0,0 378 83 155 103 18 190 251 175 99 315 346 372 301 167 21 139 291 265 390 234 0,
PFG_MOEA,697,5,759.34,4800.0,0 179 391 271 39 30 272 268 46 54 93 398 227 213 232 0,391
PFG_MOEA,697,6,759.34,4800.0,0 225 0,
PFG_MOEA,697,7,759.34,4800.0,0 97 209 361 170 367 0,
PFG_MOEA,697,8,759.34,4800.0,0 399 15 168 203 338 202 306 370 342 144 176 27 98 78 196 369 380 16 41 82 178 117 243 344 349 66 343 290 368 376 258 248 328 75 348 353 45 210 278 153 171 87 6 208 205 166 158 189 220 241 62 297 65 283 204 154 305 326 110 140 180 333 317 286 25 55 217 56 7 124 126 20 64 287 10 383 382 0,62 66 205 220 342
PFG_MOEA,697,9,759.34,4800.0,0 2 119 128 295 40 32 276 239 122 296 332 347 138 336 222 95 101 194 147 324 275 323 363 352 277 102 223 244 211 104 310 100 282 143 79 160 50 60 257 270 379 195 5 309 280 351 237 256 274 49 198 252 236 0,
PFG_MOEA,697,10,759.34,4800.0,0 381 23 90 12 207 307 0,
PFG_MOEA,697,11,759.34,4800.0,0 335 187 359 313 360 214 0,
PFG_MOEA,697,12,759.34,4800.0,0 185 118 281 26 334 298 371 0,
PFG_MOEA,698,1,314.81,5596.11,0 12 90 128 236 252 336 276 138 222 198 49 274 256 237 351 280 309 5 290 343 313 207 0,222
PFG_MOEA,698,2,314.81,5596.11,0 91 292 263 8 373 169 108 14 375 212 24 371 219 341 298 334 26 281 118 185 214 295 40 32 239 122 95 101 352 363 323 194 275 277 102 100 23 381 119 2 307 359 187 148 48 31 304 0,23
PFG_MOEA,698,3,314.81,5596.11,0 260 224 71 33 127 152 191 112 165 200 129 238 330 192 0,33
PFG_MOEA,698,4,314.81,5596.11,0 57 67 302 173 106 3 388 164 107 77 151 218 197 229 308 246 259 264 356 345 377 395 400 42 28 250 255 1 262 63 316 394 188 149 157 387 327 183 354 69 254 73 215 85 43 17 247 136 273 137 59 109 0,
PFG_MOEA,698,5,314.81,5596.11,0 329 300 362 123 51 145 322 121 146 201 261 320 364 393 312 294 174 339 132 206 253 365 360 335 0,362 393
PFG_MOEA,698,6,314.81,5596.11,0 61 358 181 177 288 385 240 396 245 115 392 285 331 133 293 53 163 150 9 125 47 216 89 0,
PFG_MOEA,698,7,314.81,5596.11,0 80 13 19 226 35 161 235 58 34 386 231 289 366 267 228 44 130 52 72 318 70 184 284 74 279 159 162 389 114 355 325 384 337 111 116 76 113 81 29 131 84 105 186 134 22 0,
PFG_MOEA,698,8,314.81,5596.11,0 38 96 242 221 172 182 397 350 311 4 314 193 230 94 156 374 36 11 92 319 357 303 266 141 86 199 68 135 88 249 233 340 299 321 269 120 142 37 301 21 139 291 167 372 346 315 99 175 251 0,182
PFG_MOEA,698,9,314.81,5596.11,0 97 225 232 179 391 271 158 241 62 297 65 283 204 154 305 326 110 140 286 317 333 180 220 126 124 7 56 217 55 25 367 170 361 209 227 234 213 190 390 265 18 103 155 83 378 398 93 54 46 268 272 30 39 0,65 154
PFG_MOEA,698,10,314.81,5596.11,0 399 15 16 380 41 82 178 117 243 344 349 20 189 64 166 205 208 6 87 171 153 278 210 353 258 376 368 66 287 10 383 382 0,243
PFG_MOEA,698,11,314.81,5596.11,0 369 338 203 168 0,
PFG_MOEA,698,12,314.81,5596.11,0 202 306 370 342 144 176 27 98 78 196 296 347 332 324 147 211 244 223 104 310 282 143 79 160 50 60 257 270 379 195 45 348 75 328 248 0,370
PFG_MOEA,699,1,411.21,4974.5,0 12 90 381 23 32 276 239 336 138 222 198 49 274 256 237 351 280 252 236 128 119 2 0,23
PFG_MOEA,699,2,411.21,4974.5,0 22 118 185 214 295 40 122 392 285 331 133 293 53 101 352 363 323 194 275 277 102 100 95 163 61 89 207 307 313 359 365 253 206 187 0,22 100
PFG_MOEA,699,3,411.21,4974.5,0 115 0,
PFG_MOEA,699,4,411.21,4974.5,0 245 396 240 385 288 177 181 358 337 384 111 116 76 113 81 29 325 355 0,
PFG_MOEA,699,5,411.21,4974.5,0 281 26 334 298 341 134 186 131 84 114 389 105 219 371 162 159 74 279 91 24 212 375 284 14 184 318 70 292 263 8 373 169 108 72 52 130 44 386 362 201 312 67 164 107 302 173 106 261 388 197 218 151 77 273 136 137 59 109 127 57 226 19 13 80 0,77 106 284
PFG_MOEA,699,6,411.21,4974.5,0 38 172 182 319 303 357 266 141 86 199 228 267 366 289 231 34 58 68 161 235 35 249 88 135 233 156 94 230 374 92 11 36 397 350 311 4 314 193 340 299 321 269 120 142 37 51 123 145 132 339 322 121 146 294 174 320 364 393 3 229 308 356 264 259 246 42 300 329 112 221 242 96 0,51 174 229 246 299
PFG_MOEA,699,7,411.21,4974.5,0 399 200 165 191 152 247 255 1 262 250 28 345 377 395 400 394 188 301 372 21 167 291 139 149 157 63 316 387 327 17 43 85 215 73 254 183 354 69 265 346 315 99 175 251 190 390 18 103 155 83 378 213 234 227 398 93 224 179 232 225 97 71 33 260 148 238 129 330 192 48 31 304 0,93
PFG_MOEA,699,8,411.21,4974.5,0 382 383 10 391 271 39 46 54 268 272 30 66 166 205 208 6 204 154 305 326 283 65 297 62 241 110 140 286 317 333 180 220 158 189 64 20 126 124 7 56 217 55 25 367 170 361 209 287 0,55 62 66 220
PFG_MOEA,699,9,411.21,4974.5,0 380 0,
PFG_MOEA,699,10,411.21,4974.5,0 16 369 15 0,
PFG_MOEA,699,11,411.21,4974.5,0 168 203 178 82 41 0,178
PFG_MOEA,699,12,411.21,4974.5,0 335 360 338 202 306 370 342 144 176 27 98 78 196 296 347 332 216 47 125 9 150 147 324 211 244 223 104 310 282 143 309 5 195 379 79 160 50 60 270 257 210 45 153 278 87 171 353 348 75 328 248 258 376 368 290 343 349 344 243 117 0,
PFG_MOEA,700,1,312.55,5795.78,0 336 138 239 122 296 347 332 324 275 277 104 211 244 223 102 352 363 323 194 147 101 95 222 0,122 211 222 277
PFG_MOEA,700,2,312.55,5795.78,0 335 360 207 307 313 359 187 100 310 282 143 79 160 50 60 257 270 379 195 5 309 280 351 237 256 274 49 198 252 236 381 23 90 12 214 185 118 281 26 334 298 371 72 52 130 44 386 80 0,5 307
PFG_MOEA,700,3,312.55,5795.78,0 13 19 226 57 127 109 59 137 136 273 77 151 218 197 388 261 106 173 302 107 164 67 312 201 362 123 51 145 294 174 339 132 142 120 269 321 299 0,174
PFG_MOEA,700,4,312.55,5795.78,0 340 233 135 88 249 35 235 161 68 58 34 231 289 366 267 228 141 266 303 357 319 86 199 156 94 0,303
PFG_MOEA,700,5,312.55,5795.78,0 38 172 182 397 36 11 92 374 230 311 350 4 314 193 37 322 121 146 320 364 393 3 229 308 356 264 259 246 42 300 329 112 191 152 221 242 96 0,42 264
PFG_MOEA,700,6,312.55,5795.78,0 200 165 129 0,
PFG_MOEA,700,7,312.55,5795.78,0 304 330 395 400 394 188 301 372 21 167 291 139 149 157 63 316 387 17 43 33 71 224 260 0,
PFG_MOEA,700,8,312.55,5795.78,0 399 247 28 250 345 377 262 1 255 327 254 73 215 85 93 179 232 225 97 148 238 192 48 31 0,93
PFG_MOEA,700,9,312.55,5795.78,0 378 69 183 354 265 346 315 99 175 251 190 390 18 103 155 83 234 213 227 398 209 361 170 367 25 55 217 56 7 180 333 317 286 140 110 62 297 65 283 326 305 154 204 6 208 241 220 158 189 64 20 126 124 0,175
PFG_MOEA,700,10,312.55,5795.78,0 287 382 383 10 268 272 30 66 166 205 271 39 391 53 293 133 331 285 392 115 245 396 240 385 288 177 181 358 337 384 111 116 76 113 81 29 325 355 131 84 114 389 105 341 219 0,
PFG_MOEA,700,11,312.55,5795.78,0 91 24 212 375 14 108 169 373 8 263 292 70 318 184 284 74 279 159 162 22 134 186 89 216 47 125 9 150 163 61 365 253 206 46 54 0,
PFG_MOEA,700,12,312.55,5795.78,0 41 82 178 117 243 344 349 343 290 368 376 258 248 328 75 171 87 153 278 210 45 353 348 2 119 128 295 40 32 276 196 78 98 27 176 144 342 370 306 202 338 203 168 369 380 16 15 0,16 87 203
PFG_MOEA,701,1,389.39,5146.42,0 163 78 53 293 133 331 285 392 98 115 245 27 396 240 385 288 177 181 358 337 384 111 116 76 113 81 29 325 355 131 84 114 389 91 279 74 159 162 371 219 298 341 22 134 186 105 118 185 0,
PFG_MOEA,701,2,389.39,5146.42,0 281 26 334 24 212 375 284 14 184 318 70 292 263 8 373 169 108 72 52 130 44 386 51 145 123 362 201 294 312 67 164 107 302 173 106 261 388 197 218 151 77 273 136 137 59 109 127 57 226 19 13 80 0,
PFG_MOEA,701,3,389.39,5146.42,0 142 339 174 132 120 269 321 299 340 233 135 88 249 35 235 161 68 58 34 231 289 366 267 228 141 266 303 357 319 86 199 156 94 230 374 92 11 36 397 350 311 4 314 193 0,88
PFG_MOEA,701,4,389.39,5146.42,0 182 172 38 0,
PFG_MOEA,701,5,389.39,5146.42,0 37 322 121 146 320 364 393 3 229 308 356 264 259 246 42 300 329 112 152 191 165 200 221 242 96 0,152 264 329
PFG_MOEA,701,6,389.39,5146.42,0 129 33 71 224 260 0,
PFG_MOEA,701,7,389.39,5146.42,0 399 247 255 1 262 250 28 345 377 395 400 394 188 301 372 21 167 291 139 149 157 63 316 387 17 43 73 254 327 183 354 69 215 85 93 179 232 225 97 148 48 238 330 192 31 304 0,395
PFG_MOEA,701,8,389.39,5146.42,0 16 15 168 203 369 380 391 271 39 268 272 30 66 166 205 208 6 204 154 305 326 283 65 297 62 241 110 140 286 317 333 180 220 158 189 64 20 126 124 7 56 217 55 25 367 170 361 209 398 227 234 213 190 251 175 99 315 346 265 390 18 103 155 83 378 54 46 287 10 383 382 41 0,7 16 20 103 272
PFG_MOEA,701,9,389.39,5146.42,0 82 178 117 243 368 376 258 353 153 171 87 278 210 143 237 256 274 49 100 282 310 104 102 277 275 194 323 363 352 101 198 95 222 138 122 276 336 252 236 128 23 381 90 119 2 12 0,
PFG_MOEA,701,10,389.39,5146.42,0 344 349 351 280 309 5 79 160 50 60 257 270 379 195 45 348 75 328 248 290 343 187 0,
PFG_MOEA,701,11,389.39,5146.42,0 214 295 40 32 239 370 342 144 176 150 47 9 125 216 89 61 207 307 313 359 206 253 365 360 335 0,176
PFG_MOEA,701,12,389.39,5146.42,0 338 202 306 196 296 347 332 324 147 211 244 223 0,
PFG_MOEA,702,1,413.96,4915.5,0 187 206 253 365 359 313 307 207 61 12 89 2 119 128 236 252 336 138 163 222 95 198 351 280 237 256 274 49 100 102 277 275 194 323 363 352 101 53 293 133 331 285 392 122 239 276 32 40 295 23 381 90 113 81 29 76 116 111 384 337 358 181 177 288 385 240 396 245 115 22 118 185 214 0,245 381
PFG_MOEA,702,2,413.96,4915.5,0 281 84 131 325 355 114 389 186 134 341 298 26 334 0,
PFG_MOEA,702,3,413.96,4915.5,0 371 219 105 162 159 74 279 91 24 212 375 284 14 184 318 70 292 263 8 373 169 108 72 52 130 44 386 362 201 312 67 164 107 302 173 106 261 388 197 218 151 77 273 136 137 59 0,
PFG_MOEA,702,4,413.96,4915.5,0 57 127 109 226 0,
PFG_MOEA,702,5,413.96,4915.5,0 19 0,
PFG_MOEA,702,6,413.96,4915.5,0 38 303 357 266 141 86 199 228 267 366 289 231 34 58 68 161 235 35 249 88 135 233 319 182 172 13 80 0,88
PFG_MOEA,702,7,413.96,4915.5,0 399 397 36 11 92 156 94 230 374 350 311 4 314 193 340 299 321 269 120 142 37 51 123 145 132 339 322 121 146 294 174 320 364 393 3 229 308 356 264 259 246 42 300 329 112 191 165 200 221 242 96 0,11 340 374 393
PFG_MOEA,702,8,413.96,4915.5,0 152 247 255 1 262 250 28 345 377 395 400 394 188 301 372 21 167 291 139 149 157 63 316 387 327 17 43 85 215 73 254 183 354 69 265 346 315 99 175 251 190 390 18 103 155 83 378 213 234 227 398 93 0,1 152 175 227
PFG_MOEA,702,9,413.96,4915.5,0 304 31 48 192 330 238 129 148 260 391 271 39 268 272 30 66 166 205 208 6 204 154 305 326 283 65 297 62 241 110 140 286 317 333 180 220 158 189 64 20 126 124 7 56 217 55 25 367 170 361 209 71 33 97 225 232 179 224 0,55 391
PFG_MOEA,702,10,413.96,4915.5,0 287 10 383 382 0,
PFG_MOEA,702,11,413.96,4915.5,0 16 15 168 203 369 380 82 178 117 243 349 344 54 46 41 0,
PFG_MOEA,702,12,413.96,4915.5,0 335 360 216 150 9 47 125 309 5 343 290 368 376 258 248 328 75 171 87 278 153 353 348 45 210 195 379 270 257 60 50 160 79 143 282 310 104 223 244 211 324 147 332 347 296 196 78 98 27 176 144 342 370 306 202 338 0,
PFG_MOEA,703,1,320.55,5348.04,0 80 13 172 182 397 36 11 92 233 135 88 249 35 235 161 68 58 34 231 289 319 399 0,
PFG_MOEA,703,2,320.55,5348.04,0 374 230 94 156 311 350 4 314 193 340 299 321 269 120 142 132 339 174 320 364 308 229 3 393 294 146 121 322 123 145 51 37 0,393
PFG_MOEA,703,3,320.55,5348.04,0 96 242 221 200 165 112 329 300 191 152 247 255 1 262 42 250 28 246 259 264 356 345 377 395 400 394 188 301 372 21 167 291 139 149 157 63 316 387 327 17 43 85 215 73 254 183 354 69 265 346 315 99 175 251 190 0,215
PFG_MOEA,703,4,320.55,5348.04,0 304 31 192 330 238 129 398 227 234 213 18 390 286 140 110 241 93 260 148 48 0,
PFG_MOEA,703,5,320.55,5348.04,0 317 333 0,
PFG_MOEA,703,6,320.55,5348.04,0 33 71 209 361 170 367 25 55 217 56 7 180 220 158 189 64 20 126 124 224 10 383 382 16 203 168 15 0,25
PFG_MOEA,703,7,320.55,5348.04,0 380 369 335 360 216 150 9 47 125 309 5 195 379 270 210 45 348 353 153 278 87 171 75 328 248 258 376 368 290 343 54 46 344 349 243 117 178 82 41 0,
PFG_MOEA,703,8,320.55,5348.04,0 338 202 306 370 342 144 176 27 98 78 196 296 347 332 147 324 211 244 223 104 310 282 143 79 160 50 60 257 6 204 154 305 326 283 62 297 65 208 205 166 66 30 272 268 0,66
PFG_MOEA,703,9,320.55,5348.04,0 187 206 253 365 359 313 307 207 61 12 89 2 119 128 236 252 336 138 163 222 95 198 351 256 237 280 391 271 39 378 83 155 103 232 179 287 225 97 0,138 307
PFG_MOEA,703,10,320.55,5348.04,0 22 389 114 84 131 325 355 29 81 113 76 116 111 384 337 358 181 177 288 385 240 396 245 115 392 285 331 133 293 53 101 352 363 323 194 275 277 102 100 49 274 122 239 276 32 40 295 23 381 90 214 185 281 118 0,323 331
PFG_MOEA,703,11,320.55,5348.04,0 334 298 26 105 186 134 341 219 371 24 212 375 14 184 318 70 292 263 8 373 169 284 74 279 91 159 162 0,134
PFG_MOEA,703,12,320.55,5348.04,0 38 19 226 57 127 109 59 137 136 273 77 151 218 197 388 261 106 173 302 107 164 67 312 201 362 366 267 228 386 44 130 52 72 108 303 357 266 141 86 199 0,106 386
PFG_MOEA,704,1,270.73,5843.94,0 335 187 309 5 195 379 270 257 60 50 160 79 143 280 351 237 256 274 49 198 252 236 381 23 90 12 207 307 0,
PFG_MOEA,704,2,270.73,5843.94,0 61 313 359 206 253 365 360 214 185 118 281 26 334 298 371 22 134 186 162 159 292 263 8 373 318 70 184 284 74 279 0,134 284 313 318
PFG_MOEA,704,3,270.73,5843.94,0 91 169 108 14 375 212 24 192 330 238 129 200 165 112 191 152 127 57 109 59 137 273 136 247 17 43 85 215 33 71 224 260 148 48 31 304 0,33 200
PFG_MOEA,704,4,270.73,5843.94,0 73 254 69 354 183 327 387 157 149 188 394 316 63 262 1 255 250 28 42 400 395 377 345 356 264 259 246 308 229 197 218 151 77 107 164 67 302 388 3 106 173 261 320 364 0,
PFG_MOEA,704,5,270.73,5843.94,0 329 300 362 123 51 145 322 121 146 201 312 393 294 174 339 132 120 142 0,145 174
PFG_MOEA,704,6,270.73,5843.94,0 37 269 321 299 340 219 341 105 84 131 29 81 113 76 116 111 181 358 337 384 325 355 114 389 0,341
PFG_MOEA,704,7,270.73,5843.94,0 89 216 47 125 9 150 163 53 293 133 331 285 392 115 245 396 240 385 288 177 34 58 235 135 233 88 249 35 161 68 0,133 240
PFG_MOEA,704,8,270.73,5843.94,0 172 182 193 314 4 350 397 36 11 374 311 230 94 156 199 92 86 319 266 141 289 231 386 366 267 228 44 130 52 72 303 357 13 19 226 221 242 96 0,141 386
PFG_MOEA,704,9,270.73,5843.94,0 38 80 378 83 291 139 21 167 301 372 346 315 265 390 99 175 251 190 18 103 155 234 227 398 93 54 46 268 272 30 39 271 391 179 0,
PFG_MOEA,704,10,270.73,5843.94,0 97 225 232 209 361 213 170 367 328 248 258 376 368 290 343 66 349 344 243 117 178 82 41 16 380 369 196 78 98 27 176 144 342 370 306 202 338 203 168 15 399 0,82 176 225
PFG_MOEA,704,11,270.73,5843.94,0 287 64 166 205 75 348 353 45 210 278 153 171 87 6 208 158 189 220 241 62 297 65 283 204 154 305 326 110 140 180 333 317 286 25 55 217 56 7 124 126 20 10 0,65 126
PFG_MOEA,704,12,270.73,5843.94,0 2 119 128 295 40 32 276 239 122 296 332 347 138 336 222 95 101 194 147 324 275 323 363 352 277 102 223 244 211 104 310 100 282 383 382 0,2
PFG_MOEA,705,1,759.34,4800.0,0 219 341 105 389 114 84 131 355 325 29 81 113 76 116 111 384 337 358 181 177 288 385 240 396 245 115 392 285 331 133 293 53 163 150 9 125 47 216 89 61 206 253 365 0,245
PFG_MOEA,705,2,759.34,4800.0,0 22 134 186 162 159 279 74 284 184 318 70 292 263 8 373 169 108 14 375 212 24 91 0,318
PFG_MOEA,705,3,759.34,4800.0,0 304 31 48 148 260 224 71 33 129 238 330 192 200 165 112 191 152 127 57 109 59 137 273 136 247 17 43 85 215 73 254 69 354 183 327 387 157 149 188 394 316 63 262 1 255 250 28 42 400 395 377 345 356 264 259 246 308 229 197 218 151 77 107 164 67 302 388 3 106 173 261 320 364 393 312 201 362 329 300 123 51 145 322 121 146 294 174 339 132 120 142 37 269 321 299 340 233 135 88 249 35 161 235 68 58 34 386 231 289 366 267 228 44 130 52 72 303 357 319 266 141 86 92 199 156 94 230 311 374 11 36 397 350 4 314 193 182 172 13 19 226 221 242 96 80 38 0,33 106 174 200 303 311 394
PFG_MOEA,705,4,759.34,4800.0,0 378 83 155 103 18 190 251 175 99 315 346 372 301 167 21 139 291 265 390 234 0,
PFG_MOEA,705,5,759.34,4800.0,0 179 391 271 39 30 272 268 46 54 93 398 227 213 232 0,391
PFG_MOEA,705,6,759.34,4800.0,0 225 0,
PFG_MOEA,705,7,759.34,4800.0,0 97 209 361 170 367 0,
PFG_MOEA,705,8,759.34,4800.0,0 399 15 168 203 338 202 306 370 342 144 176 27 98 78 196 369 380 16 41 82 178 117 243 344 349 66 343 290 368 376 258 248 328 75 348 353 45 210 278 153 171 87 6 208 205 166 158 189 220 241 62 297 65 283 204 154 305 326 110 140 180 333 317 286 25 55 217 56 7 124 126 20 64 287 10 383 382 0,62 66 205 220 342
PFG_MOEA,705,9,759.34,4800.0,0 2 119 128 295 40 32 276 239 122 296 332 347 138 336 222 95 101 194 147 324 275 323 363 352 277 102 223 244 211 104 310 100 282 143 79 160 50 60 257 270 379 195 5 309 280 351 237 256 274 49 198 252 236 0,
PFG_MOEA,705,10,759.34,4800.0,0 381 23 90 12 207 307 0,
PFG_MOEA,705,11,759.34,4800.0,0 335 187 359 313 360 214 0,
PFG_MOEA,705,12,759.34,4800.0,0 185 118 281 26 334 298 371 0,
PFG_MOEA,706,1,314.81,5596.11,0 12 90 128 236 252 336 276 138 222 198 49 274 256 237 351 280 309 5 290 343 313 207 0,222
PFG_MOEA,706,2,314.81,5596.11,0 91 292 263 8 373 169 108 14 375 212 24 371 219 341 298 334 26 281 118 185 214 295 40 32 239 122 95 101 352 363 323 194 275 277 102 100 23 381 119 2 307 359 187 148 48 31 304 0,23
PFG_MOEA,706,3,314.81,5596.11,0 260 224 71 33 127 152 191 112 165 200 129 238 330 192 0,33
PFG_MOEA,706,4,314.81,5596.11,0 57 67 302 173 106 3 388 164 107 77 151 218 197 229 308 246 259 264 356 345 377 395 400 42 28 250 255 1 262 63 316 394 188 149 157 387 327 183 354 69 254 73 215 85 43 17 247 136 273 137 59 109 0,
PFG_MOEA,706,5,314.81,5596.11,0 329 300 362 123 51 145 322 121 146 201 261 320 364 393 312 294 174 339 132 206 253 365 360 335 0,362 393
PFG_MOEA,706,6,314.81,5596.11,0 61 358 181 177 288 385 240 396 245 115 392 285 331 133 293 53 163 150 9 125 47 216 89 0,
PFG_MOEA,706,7,314.81,5596.11,0 80 13 19 226 35 161 235 58 34 386 231 289 366 267 228 44 130 52 72 318 70 184 284 74 279 159 162 389 114 355 325 384 337 111 116 76 113 81 29 131 84 105 186 134 22 0,
PFG_MOEA,706,8,314.81,5596.11,0 38 96 242 221 172 182 397 350 311 4 314 193 230 94 156 374 36 11 92 319 357 303 266 141 86 199 68 135 88 249 233 340 299 321 269 120 142 37 301 21 139 291 167 372 346 315 99 175 251 0,182
PFG_MOEA,706,9,314.81,5596.11,0 97 225 232 179 391 271 158 241 62 297 65 283 204 154 305 326 110 140 286 317 333 180 220 126 124 7 56 217 55 25 367 170 361 209 227 234 213 190 390 265 18 103 155 83 378 398 93 54 46 268 272 30 39 0,65 154
PFG_MOEA,706,10,314.81,5596.11,0 399 15 16 380 41 82 178 117 243 344 349 20 189 64 166 205 208 6 87 171 153 278 210 353 258 376 368 66 287 10 383 382 0,243
PFG_MOEA,706,11,314.81,5596.11,0 369 338 203 168 0,
PFG_MOEA,706,12,314.81,5596.11,0 202 306 370 342 144 176 27 98 78 196 296 347 332 324 147 211 244 223 104 310 282 143 79 160 50 60 257 270 379 195 45 348 75 328 248 0,370
PFG_MOEA,707,1,411.21,4974.5,0 12 90 381 23 32 276 239 336 138 222 198 49 274 256 237 351 280 252 236 128 119 2 0,23
PFG_MOEA,707,2,411.21,4974.5,0 22 118 185 214 295 40 122 392 285 331 133 293 53 101 352 363 323 194 275 277 102 100 95 163 61 89 207 307 313 359 365 253 206 187 0,22 100
PFG_MOEA,707,3,411.21,4974.5,0 115 0,
PFG_MOEA,707,4,411.21,4974.5,0 245 396 240 385 288 177 181 358 337 384 111 116 76 113 81 29 325 355 0,
PFG_MOEA,707,5,411.21,4974.5,0 281 26 334 298 341 134 186 131 84 114 389 105 219 371 162 159 74 279 91 24 212 375 284 14 184 318 70 292 263 8 373 169 108 72 52 130 44 386 362 201 312 67 164 107 302 173 106 261 388 197 218 151 77 273 136 137 59 109 127 57 226 19 13 80 0,77 106 284
PFG_MOEA,707,6,411.21,4974.5,0 38 172 182 319 303 357 266 141 86 199 228 267 366 289 231 34 58 68 161 235 35 249 88 135 233 156 94 230 374 92 11 36 397 350 311 4 314 193 340 299 321 269 120 142 37 51 123 145 132 339 322 121 146 294 174 320 364 393 3 229 308 356 264 259 246 42 300 329 112 221 242 96 0,51 174 229 246 299
PFG_MOEA,707,7,411.21,4974.5,0 399 200 165 191 152 247 255 1 262 250 28 345 377 395 400 394 188 301 372 21 167 291 139 149 157 63 316 387 327 17 43 85 215 73 254 183 354 69 265 346 315 99 175 251 190 390 18 103 155 83 378 213 234 227 398 93 224 179 232 225 97 71 33 260 148 238 129 330 192 48 31 304 0,93
PFG_MOEA,707,8,411.21,4974.5,0 382 383 10 391 271 39 46 54 268 272 30 66 166 205 208 6 204 154 305 326 283 65 297 62 241 110 140 286 317 333 180 220 158 189 64 20 126 124 7 56 217 55 25 367 170 361 209 287 0,55 62 66 220
PFG_MOEA,707,9,411.21,4974.5,0 380 0,
PFG_MOEA,707,10,411.21,4974.5,0 16 369 15 0,
PFG_MOEA,707,11,411.21,4974.5,0 168 203 178 82 41 0,178
PFG_MOEA,707,12,411.21,4974.5,0 335 360 338 202 306 370 342 144 176 27 98 78 196 296 347 332 216 47 125 9 150 147 324 211 244 223 104 310 282 143 309 5 195 379 79 160 50 60 270 257 210 45 153 278 87 171 353 348 75 328 248 258 376 368 290 343 349 344 243 117 0,
PFG_MOEA,708,1,312.55,5795.78,0 336 138 239 122 296 347 332 324 275 277 104 211 244 223 102 352 363 323 194 147 101 95 222 0,122 211 222 277
PFG_MOEA,708,2,312.55,5795.78,0 335 360 207 307 313 359 187 100 310 282 143 79 160 50 60 257 270 379 195 5 309 280 351 237 256 274 49 198 252 236 381 23 90 12 214 185 118 281 26 334 298 371 72 52 130 44 386 80 0,5 307
PFG_MOEA,708,3,312.55,5795.78,0 13 19 226 57 127 109 59 137 136 273 77 151 218 197 388 261 106 173 302 107 164 67 312 201 362 123 51 145 294 174 339 132 142 120 269 321 299 0,174
PFG_MOEA,708,4,312.55,5795.78,0 340 233 135 88 249 35 235 161 68 58 34 231 289 366 267 228 141 266 303 357 319 86 199 156 94 0,303
PFG_MOEA,708,5,312.55,5795.78,0 38 172 182 397 36 11 92 374 230 311 350 4 314 193 37 322 121 146 320 364 393 3 229 308 356 264 259 246 42 300 329 112 191 152 221 242 96 0,42 264
PFG_MOEA,708,6,312.55,5795.78,0 200 165 129 0,
PFG_MOEA,708,7,312.55,5795.78,0 304 330 395 400 394 188 301 372 21 167 291 139 149 157 63 316 387 17 43 33 71 224 260 0,
PFG_MOEA,708,8,312.55,5795.78,0 399 247 28 250 345 377 262 1 255 327 254 73 215 85 93 179 232 225 97 148 238 192 48 31 0,93
PFG_MOEA,708,9,312.55,5795.78,0 378 69 183 354 265 346 315 99 175 251 190 390 18 103 155 83 234 213 227 398 209 361 170 367 25 55 217 56 7 180 333 317 286 140 110 62 297 65 283 326 305 154 204 6 208 241 220 158 189 64 20 126 124 0,175
PFG_MOEA,708,10,312.55,5795.78,0 287 382 383 10 268 272 30 66 166 205 271 39 391 53 293 133 331 285 392 115 245 396 240 385 288 177 181 358 337 384 111 116 76 113 81 29 325 355 131 84 114 389 105 341 219 0,
PFG_MOEA,708,11,312.55,5795.78,0 91 24 212 375 14 108 169 373 8 263 292 70 318 184 284 74 279 159 162 22 134 186 89 216 47 125 9 150 163 61 365 253 206 46 54 0,
PFG_MOEA,708,12,312.55,5795.78,0 41 82 178 117 243 344 349 343 290 368 376 258 248 328 75 171 87 153 278 210 45 353 348 2 119 128 295 40 32 276 196 78 98 27 176 144 342 370 306 202 338 203 168 369 380 16 15 0,16 87 203
PFG_MOEA,709,1,389.39,5146.42,0 163 78 53 293 133 331 285 392 98 115 245 27 396 240 385 288 177 181 358 337 384 111 116 76 113 81 29 325 355 131 84 114 389 91 279 74 159 162 371 219 298 341 22 134 186 105 118 185 0,
PFG_MOEA,709,2,389.39,5146.42,0 281 26 334 24 212 375 284 14 184 318 70 292 263 8 373 169 108 72 52 130 44 386 51 145 123 362 201 294 312 67 164 107 302 173 106 261 388 197 218 151 77 273 136 137 59 109 127 57 226 19 13 80 0,
PFG_MOEA,709,3,389.39,5146.42,0 142 339 174 132 120 269 321 299 340 233 135 88 249 35 235 161 68 58 34 231 289 366 267 228 141 266 303 357 319 86 199 156 94 230 374 92 11 36 397 350 311 4 314 193 0,88
PFG_MOEA,709,4,389.39,5146.42,0 182 172 38 0,
PFG_MOEA,709,5,389.39,5146.42,0 37 322 121 146 320 364 393 3 229 308 356 264 259 246 42 300 329 112 152 191 165 200 221 242 96 0,152 264 329
PFG_MOEA,709,6,389.39,5146.42,0 129 33 71 224 260 0,
PFG_MOEA,709,7,389.39,5146.42,0 399 247 255 1 262 250 28 345 377 395 400 394 188 301 372 21 167 291 139 149 157 63 316 387 17 43 73 254 327 183 354 69 215 85 93 179 232 225 97 148 48 238 330 192 31 304 0,395
PFG_MOEA,709,8,389.39,5146.42,0 16 15 168 203 369 380 391 271 39 268 272 30 66 166 205 208 6 204 154 305 326 283 65 297 62 241 110 140 286 317 333 180 220 158 189 64 20 126 124 7 56 217 55 25 367 170 361 209 398 227 234 213 190 251 175 99 315 346 265 390 18 103 155 83 378 54 46 287 10 383 382 41 0,7 16 20 103 272
PFG_MOEA,709,9,389.39,5146.42,0 82 178 117 243 368 376 258 353 153 171 87 278 210 143 237 256 274 49 100 282 310 104 102 277 275 194 323 363 352 101 198 95 222 138 122 276 336 252 236 128 23 381 90 119 2 12 0,
PFG_MOEA,709,10,389.39,5146.42,0 344 349 351 280 309 5 79 160 50 60 257 270 379 195 45 348 75 328 248 290 343 187 0,
PFG_MOEA,709,11,389.39,5146.42,0 214 295 40 32 239 370 342 144 176 150 47 9 125 216 89 61 207 307 313 359 206 253 365 360 335 0,176
PFG_MOEA,709,12,389.39,5146.42,0 338 202 306 196 296 347 332 324 147 211 244 223 0,
PFG_MOEA,710,1,413.96,4915.5,0 187 206 253 365 359 313 307 207 61 12 89 2 119 128 236 252 336 138 163 222 95 198 351 280 237 256 274 49 100 102 277 275 194 323 363 352 101 53 293 133 331 285 392 122 239 276 32 40 295 23 381 90 113 81 29 76 116 111 384 337 358 181 177 288 385 240 396 245 115 22 118 185 214 0,245 381
PFG_MOEA,710,2,413.96,4915.5,0 281 84 131 325 355 114 389 186 134 341 298 26 334 0,
PFG_MOEA,710,3,413.96,4915.5,0 371 219 105 162 159 74 279 91 24 212 375 284 14 184 318 70 292 263 8 373 169 108 72 52 130 44 386 362 201 312 67 164 107 302 173 106 261 388 197 218 151 77 273 136 137 59 0,
PFG_MOEA,710,4,413.96,4915.5,0 57 127 109 226 0,
PFG_MOEA,710,5,413.96,4915.5,0 19 0,
PFG_MOEA,710,6,413.96,4915.5,0 38 303 357 266 141 86 199 228 267 366 289 231 34 58 68 161 235 35 249 88 135 233 319 182 172 13 80 0,88
PFG_MOEA,710,7,413.96,4915.5,0 399 397 36 11 92 156 94 230 374 350 311 4 314 193 340 299 321 269 120 142 37 51 123 145 132 339 322 121 146 294 174 320 364 393 3 229 308 356 264 259 246 42 300 329 112 191 165 200 221 242 96 0,11 340 374 393
PFG_MOEA,710,8,413.96,4915.5,0 152 247 255 1 262 250 28 345 377 395 400 394 188 301 372 21 167 291 139 149 157 63 316 387 327 17 43 85 215 73 254 183 354 69 265 346 315 99 175 251 190 390 18 103 155 83 378 213 234 227 398 93 0,1 152 175 227
PFG_MOEA,710,9,413.96,4915.5,0 304 31 48 192 330 238 129 148 260 391 271 39 268 272 30 66 166 205 208 6 204 154 305 326 283 65 297 62 241 110 140 286 317 333 180 220 158 189 64 20 126 124 7 56 217 55 25 367 170 361 209 71 33 97 225 232 179 224 0,55 391
PFG_MOEA,710,10,413.96,4915.5,0 287 10 383 382 0,
PFG_MOEA,710,11,413.96,4915.5,0 16 15 168 203 369 380 82 178 117 243 349 344 54 46 41 0,
PFG_MOEA,710,12,413.96,4915.5,0 335 360 216 150 9 47 125 309 5 343 290 368 376 258 248 328 75 171 87 278 153 353 348 45 210 195 379 270 257 60 50 160 79 143 282 310 104 223 244 211 324 147 332 347 296 196 78 98 27 176 144 342 370 306 202 338 0,
PFG_MOEA,711,1,320.55,5348.04,0 80 13 172 182 397 36 11 92 233 135 88 249 35 235 161 68 58 34 231 289 319 399 0,
PFG_MOEA,711,2,320.55,5348.04,0 374 230 94 156 311 350 4 314 193 340 299 321 269 120 142 132 339 174 320 364 308 229 3 393 294 146 121 322 123 145 51 37 0,393
PFG_MOEA,711,3,320.55,5348.04,0 96 242 221 200 165 112 329 300 191 152 247 255 1 262 42 250 28 246 259 264 356 345 377 395 400 394 188 301 372 21 167 291 139 149 157 63 316 387 327 17 43 85 215 73 254 183 354 69 265 346 315 99 175 251 190 0,215
PFG_MOEA,711,4,320.55,5348.04,0 304 31 192 330 238 129 398 227 234 213 18 390 286 140 110 241 93 260 148 48 0,
PFG_MOEA,711,5,320.55,5348.04,0 317 333 0,
PFG_MOEA,711,6,320.55,5348.04,0 33 71 209 361 170 367 25 55 217 56 7 180 220 158 189 64 20 126 124 224 10 383 382 16 203 168 15 0,25
PFG_MOEA,711,7,320.55,5348.04,0 380 369 335 360 216 150 9 47 125 309 5 195 379 270 210 45 348 353 153 278 87 171 75 328 248 258 376 368 290 343 54 46 344 349 243 117 178 82 41 0,
PFG_MOEA,711,8,320.55,5348.04,0 338 202 306 370 342 144 176 27 98 78 196 296 347 332 147 324 211 244 223 104 310 282 143 79 160 50 60 257 6 204 154 305 326 283 62 297 65 208 205 166 66 30 272 268 0,66
PFG_MOEA,711,9,320.55,5348.04,0 187 206 253 365 359 313 307 207 61 12 89 2 119 128 236 252 336 138 163 222 95 198 351 256 237 280 391 271 39 378 83 155 103 232 179 287 225 97 0,138 307
PFG_MOEA,711,10,320.55,5348.04,0 22 389 114 84 131 325 355 29 81 113 76 116 111 384 337 358 181 177 288 385 240 396 245 115 392 285 331 133 293 53 101 352 363 323 194 275 277 102 100 49 274 122 239 276 32 40 295 23 381 90 214 185 281 118 0,323 331
PFG_MOEA,711,11,320.55,5348.04,0 334 298 26 105 186 134 341 219 371 24 212 375 14 184 318 70 292 263 8 373 169 284 74 279 91 159 162 0,134
PFG_MOEA,711,12,320.55,5348.04,0 38 19 226 57 127 109 59 137 136 273 77 151 218 197 388 261 106 173 302 107 164 67 312 201 362 366 267 228 386 44 130 52 72 108 303 357 266 141 86 199 0,106 386
PFG_MOEA,712,1,270.73,5843.94,0 335 187 309 5 195 379 270 257 60 50 160 79 143 280 351 237 256 274 49 198 252 236 381 23 90 12 207 307 0,
PFG_MOEA,712,2,270.73,5843.94,0 61 313 359 206 253 365 360 214 185 118 281 26 334 298 371 22 134 186 162 159 292 263 8 373 318 70 184 284 74 279 0,134 284 313 318
PFG_MOEA,712,3,270.73,5843.94,0 91 169 108 14 375 212 24 192 330 238 129 200 165 112 191 152 127 57 109 59 137 273 136 247 17 43 85 215 33 71 224 260 148 48 31 304 0,33 200
PFG_MOEA,712,4,270.73,5843.94,0 73 254 69 354 183 327 387 157 149 188 394 316 63 262 1 255 250 28 42 400 395 377 345 356 264 259 246 308 229 197 218 151 77 107 164 67 302 388 3 106 173 261 320 364 0,
PFG_MOEA,712,5,270.73,5843.94,0 329 300 362 123 51 145 322 121 146 201 312 393 294 174 339 132 120 142 0,145 174
PFG_MOEA,712,6,270.73,5843.94,0 37 269 321 299 340 219 341 105 84 131 29 81 113 76 116 111 181 358 337 384 325 355 114 389 0,341
PFG_MOEA,712,7,270.73,5843.94,0 89 216 47 125 9 150 163 53 293 133 331 285 392 115 245 396 240 385 288 177 34 58 235 135 233 88 249 35 161 68 0,133 240
PFG_MOEA,712,8,270.73,5843.94,0 172 182 193 314 4 350 397 36 11 374 311 230 94 156 199 92 86 319 266 141 289 231 386 366 267 228 44 130 52 72 303 357 13 19 226 221 242 96 0,141 386
PFG_MOEA,712,9,270.73,5843.94,0 38 80 378 83 291 139 21 167 301 372 346 315 265 390 99 175 251 190 18 103 155 234 227 398 93 54 46 268 272 30 39 271 391 179 0,
PFG_MOEA,712,10,270.73,5843.94,0 97 225 232 209 361 213 170 367 328 248 258 376 368 290 343 66 349 344 243 117 178 82 41 16 380 369 196 78 98 27 176 144 342 370 306 202 338 203 168 15 399 0,82 176 225
PFG_MOEA,712,11,270.73,5843.94,0 287 64 166 205 75 348 353 45 210 278 153 171 87 6 208 158 189 220 241 62 297 65 283 204 154 305 326 110 140 180 333 317 286 25 55 217 56 7 124 126 20 10 0,65 126
PFG_MOEA,712,12,270.73,5843.94,0 2 119 128 295 40 32 276 239 122 296 332 347 138 336 222 95 101 194 147 324 275 323 363 352 277 102 223 244 211 104 310 100 282 383 382 0,2
PFG_MOEA,713,1,759.34,4800.0,0 219 341 105 389 114 84 131 355 325 29 81 113 76 116 111 384 337 358 181 177 288 385 240 396 245 115 392 285 331 133 293 53 163 150 9 125 47 216 89 61 206 253 365 0,245
PFG_MOEA,713,2,759.34,4800.0,0 22 134 186 162 159 279 74 284 184 318 70 292 263 8 373 169 108 14 375 212 24 91 0,318
PFG_MOEA,713,3,759.34,4800.0,0 304 31 48 148 260 224 71 33 129 238 330 192 200 165 112 191 152 127 57 109 59 137 273 136 247 17 43 85 215 73 254 69 354 183 327 387 157 149 188 394 316 63 262 1 255 250 28 42 400 395 377 345 356 264 259 246 308 229 197 218 151 77 107 164 67 302 388 3 106 173 261 320 364 393 312 201 362 329 300 123 51 145 322 121 146 294 174 339 132 120 142 37 269 321 299 340 233 135 88 249 35 161 235 68 58 34 386 231 289 366 267 228 44 130 52 72 303 357 319 266 141 86 92 199 156 94 230 311 374 11 36 397 350 4 314 193 182 172 13 19 226 221 242 96 80 38 0,33 106 174 200 303 311 394
PFG_MOEA,713,4,759.34,4800.0,0 378 83 155 103 18 190 251 175 99 315 346 372 301 167 21 139 291 265 390 234 0,
PFG_MOEA,713,5,759.34,4800.0,0 179 391 271 39 30 272 268 46 54 93 398 227 213 232 0,391
PFG_MOEA,713,6,759.34,4800.0,0 225 0,
PFG_MOEA,713,7,759.34,4800.0,0 97 209 361 170 367 0,
PFG_MOEA,713,8,759.34,4800.0,0 399 15 168 203 338 202 306 370 342 144 176 27 98 78 196 369 380 16 41 82 178 117 243 344 349 66 343 290 368 376 258 248 328 75 348 353 45 210 278 153 171 87 6 208 205 166 158 189 220 241 62 297 65 283 204 154 305 326 110 140 180 333 317 286 25 55 217 56 7 124 126 20 64 287 10 383 382 0,62 66 205 220 342
PFG_MOEA,713,9,759.34,4800.0,0 2 119 128 295 40 32 276 239 122 296 332 347 138 336 222 95 101 194 147 324 275 323 363 352 277 102 223 244 211 104 310 100 282 143 79 160 50 60 257 270 379 195 5 309 280 351 237 256 274 49 198 252 236 0,
PFG_MOEA,713,10,759.34,4800.0,0 381 23 90 12 207 307 0,
PFG_MOEA,713,11,759.34,4800.0,0 335 187 359 313 360 214 0,
PFG_MOEA,713,12,759.34,4800.0,0 185 118 281 26 334 298 371 0,
PFG_MOEA,714,1,314.81,5596.11,0 12 90 128 236 252 336 276 138 222 198 49 274 256 237 351 280 309 5 290 343 313 207 0,222
PFG_MOEA,714,2,314.81,5596.11,0 91 292 263 8 373 169 108 14 375 212 24 371 219 341 298 334 26 281 118 185 214 295 40 32 239 122 95 101 352 363 323 194 275 277 102 100 23 381 119 2 307 359 187 148 48 31 304 0,23
PFG_MOEA,714,3,314.81,5596.11,0 260 224 71 33 127 152 191 112 165 200 129 238 330 192 0,33
PFG_MOEA,714,4,314.81,5596.11,0 57 67 302 173 106 3 388 164 107 77 151 218 197 229 308 246 259 264 356 345 377 395 400 42 28 250 255 1 262 63 316 394 188 149 157 387 327 183 354 69 254 73 215 85 43 17 247 136 273 137 59 109 0,
PFG_MOEA,714,5,314.81,5596.11,0 329 300 362 123 51 145 322 121 146 201 261 320 364 393 312 294 174 339 132 206 253 365 360 335 0,362 393
PFG_MOEA,714,6,314.81,5596.11,0 61 358 181 177 288 385 240 396 245 115 392 285 331 133 293 53 163 150 9 125 47 216 89 0,
PFG_MOEA,714,7,314.81,5596.11,0 80 13 19 226 35 161 235 58 34 386 231 289 366 267 228 44 130 52 72 318 70 184 284 74 279 159 162 389 114 355 325 384 337 111 116 76 113 81 29 131 84 105 186 134 22 0,
PFG_MOEA,714,8,314.81,5596.11,0 38 96 242 221 172 182 397 350 311 4 314 193 230 94 156 374 36 11 92 319 357 303 266 141 86 199 68 135 88 249 233 340 299 321 269 120 142 37 301 21 139 291 167 372 346 315 99 175 251 0,182
PFG_MOEA,714,9,314.81,5596.11,0 97 225 232 179 391 271 158 241 62 297 65 283 204 154 305 326 110 140 286 317 333 180 220 126 124 7 56 217 55 25 367 170 361 209 227 234 213 190 390 265 18 103 155 83 378 398 93 54 46 268 272 30 39 0,65 154
PFG_MOEA,714,10,314.81,5596.11,0 399 15 16 380 41 82 178 117 243 344 349 20 189 64 166 205 208 6 87 171 153 278 210 353 258 376 368 66 287 10 383 382 0,243
PFG_MOEA,714,11,314.81,5596.11,0 369 338 203 168 0,
PFG_MOEA,714,12,314.81,5596.11,0 202 306 370 342 144 176 27 98 78 196 296 347 332 324 147 211 244 223 104 310 282 143 79 160 50 60 257 270 379 195 45 348 75 328 248 0,370
PFG_MOEA,715,1,411.21,4974.5,0 12 90 381 23 32 276 239 336 138 222 198 49 274 256 237 351 280 252 236 128 119 2 0,23
PFG_MOEA,715,2,411.21,4974.5,0 22 118 185 214 295 40 122 392 285 331 133 293 53 101 352 363 323 194 275 277 102 100 95 163 61 89 207 307 313 359 365 253 206 187 0,22 100
PFG_MOEA,715,3,411.21,4974.5,0 115 0,
PFG_MOEA,715,4,411.21,4974.5,0 245 396 240 385 288 177 181 358 337 384 111 116 76 113 81 29 325 355 0,
PFG_MOEA,715,5,411.21,4974.5,0 281 26 334 298 341 134 186 131 84 114 389 105 219 371 162 159 74 279 91 24 212 375 284 14 184 318 70 292 263 8 373 169 108 72 52 130 44 386 362 201 312 67 164 107 302 173 106 261 388 197 218 151 77 273 136 137 59 109 127 57 226 19 13 80 0,77 106 284
PFG_MOEA,715,6,411.21,4974.5,0 38 172 182 319 303 357 266 141 86 199 228 267 366 289 231 34 58 68 161 235 35 249 88 135 233 156 94 230 374 92 11 36 397 350 311 4 314 193 340 299 321 269 120 142 37 51 123 145 132 339 322 121 146 294 174 320 364 393 3 229 308 356 264 259 246 42 300 329 112 221 242 96 0,51 174 229 246 299
PFG_MOEA,715,7,411.21,4974.5,0 399 200 165 191 152 247 255 1 262 250 28 345 377 395 400 394 188 301 372 21 167 291 139 149 157 63 316 387 327 17 43 85 215 73 254 183 354 69 265 346 315 99 175 251 190 390 18 103 155 83 378 213 234 227 398 93 224 179 232 225 97 71 33 260 148 238 129 330 192 48 31 304 0,93
PFG_MOEA,715,8,411.21,4974.5,0 382 383 10 391 271 39 46 54 268 272 30 66 166 205 208 6 204 154 305 326 283 65 297 62 241 110 140 286 317 333 180 220 158 189 64 20 126 124 7 56 217 55 25 367 170 361 209 287 0,55 62 66 220
PFG_MOEA,715,9,411.21,4974.5,0 380 0,
PFG_MOEA,715,10,411.21,4974.5,0 16 369 15 0,
PFG_MOEA,715,11,411.21,4974.5,0 168 203 178 82 41 0,178
PFG_MOEA,715,12,411.21,4974.5,0 335 360 338 202 306 370 342 144 176 27 98 78 196 296 347 332 216 47 125 9 150 147 324 211 244 223 104 310 282 143 309 5 195 379 79 160 50 60 270 257 210 45 153 278 87 171 353 348 75 328 248 258 376 368 290 343 349 344 243 117 0,
PFG_MOEA,716,1,312.55,5795.78,0 336 138 239 122 296 347 332 324 275 277 104 211 244 223 102 352 363 323 194 147 101 95 222 0,122 211 222 277
PFG_MOEA,716,2,312.55,5795.78,0 335 360 207 307 313 359 187 100 310 282 143 79 160 50 60 257 270 379 195 5 309 280 351 237 256 274 49 198 252 236 381 23 90 12 214 185 118 281 26 334 298 371 72 52 130 44 386 80 0,5 307
PFG_MOEA,716,3,312.55,5795.78,0 13 19 226 57 127 109 59 137 136 273 77 151 218 197 388 261 106 173 302 107 164 67 312 201 362 123 51 145 294 174 339 132 142 120 269 321 299 0,174
PFG_MOEA,716,4,312.55,5795.78,0 340 233 135 88 249 35 235 161 68 58 34 231 289 366 267 228 141 266 303 357 319 86 199 156 94 0,303
PFG_MOEA,716,5,312.55,5795.78,0 38 172 182 397 36 11 92 374 230 311 350 4 314 193 37 322 121 146 320 364 393 3 229 308 356 264 259 246 42 300 329 112 191 152 221 242 96 0,42 264
PFG_MOEA,716,6,312.55,5795.78,0 200 165 129 0,
PFG_MOEA,716,7,312.55,5795.78,0 304 330 395 400 394 188 301 372 21 167 291 139 149 157 63 316 387 17 43 33 71 224 260 0,
PFG_MOEA,716,8,312.55,5795.78,0 399 247 28 250 345 377 262 1 255 327 254 73 215 85 93 179 232 225 97 148 238 192 48 31 0,93
PFG_MOEA,716,9,312.55,5795.78,0 378 69 183 354 265 346 315 99 175 251 190 390 18 103 155 83 234 213 227 398 209 361 170 367 25 55 217 56 7 180 333 317 286 140 110 62 297 65 283 326 305 154 204 6 208 241 220 158 189 64 20 126 124 0,175
PFG_MOEA,716,10,312.55,5795.78,0 287 382 383 10 268 272 30 66 166 205 271 39 391 53 293 133 331 285 392 115 245 396 240 385 288 177 181 358 337 384 111 116 76 113 81 29 325 355 131 84 114 389 105 341 219 0,
PFG_MOEA,716,11,312.55,5795.78,0 91 24 212 375 14 108 169 373 8 263 292 70 318 184 284 74 279 159 162 22 134 186 89 216 47 125 9 150 163 61 365 253 206 46 54 0,
PFG_MOEA,716,12,312.55,5795.78,0 41 82 178 117 243 344 349 343 290 368 376 258 248 328 75 171 87 153 278 210 45 353 348 2 119 128 295 40 32 276 196 78 98 27 176 144 342 370 306 202 338 203 168 369 380 16 15 0,16 87 203
PFG_MOEA,717,1,389.39,5146.42,0 163 78 53 293 133 331 285 392 98 115 245 27 396 240 385 288 177 181 358 337 384 111 116 76 113 81 29 325 355 131 84 114 389 91 279 74 159 162 371 219 298 341 22 134 186 105 118 185 0,
PFG_MOEA,717,2,389.39,5146.42,0 281 26 334 24 212 375 284 14 184 318 70 292 263 8 373 169 108 72 52 130 44 386 51 145 123 362 201 294 312 67 164 107 302 173 106 261 388 197 218 151 77 273 136 137 59 109 127 57 226 19 13 80 0,
PFG_MOEA,717,3,389.39,5146.42,0 142 339 174 132 120 269 321 299 340 233 135 88 249 35 235 161 68 58 34 231 289 366 267 228 141 266 303 357 319 86 199 156 94 230 374 92 11 36 397 350 311 4 314 193 0,88
PFG_MOEA,717,4,389.39,5146.42,0 182 172 38 0,
PFG_MOEA,717,5,389.39,5146.42,0 37 322 121 146 320 364 393 3 229 308 356 264 259 246 42 300 329 112 152 191 165 200 221 242 96 0,152 264 329
PFG_MOEA,717,6,389.39,5146.42,0 129 33 71 224 260 0,
PFG_MOEA,717,7,389.39,5146.42,0 399 247 255 1 262 250 28 345 377 395 400 394 188 301 372 21 167 291 139 149 157 63 316 387 17 43 73 254 327 183 354 69 215 85 93 179 232 225 97 148 48 238 330 192 31 304 0,395
PFG_MOEA,717,8,389.39,5146.42,0 16 15 168 203 369 380 391 271 39 268 272 30 66 166 205 208 6 204 154 305 326 283 65 297 62 241 110 140 286 317 333 180 220 158 189 64 20 126 124 7 56 217 55 25 367 170 361 209 398 227 234 213 190 251 175 99 315 346 265 390 18 103 155 83 378 54 46 287 10 383 382 41 0,7 16 20 103 272
PFG_MOEA,717,9,389.39,5146.42,0 82 178 117 243 368 376 258 353 153 171 87 278 210 143 237 256 274 49 100 282 310 104 102 277 275 194 323 363 352 101 198 95 222 138 122 276 336 252 236 128 23 381 90 119 2 12 0,
PFG_MOEA,717,10,389.39,5146.42,0 344 349 351 280 309 5 79 160 50 60 257 270 379 195 45 348 75 328 248 290 343 187 0,
PFG_MOEA,717,11,389.39,5146.42,0 214 295 40 32 239 370 342 144 176 150 47 9 125 216 89 61 207 307 313 359 206 253 365 360 335 0,176
PFG_MOEA,717,12,389.39,5146.42,0 338 202 306 196 296 347 332 324 147 211 244 223 0,
PFG_MOEA,718,1,413.96,4915.5,0 187 206 253 365 359 313 307 207 61 12 89 2 119 128 236 252 336 138 163 222 95 198 351 280 237 256 274 49 100 102 277 275 194 323 363 352 101 53 293 133 331 285 392 122 239 276 32 40 295 23 381 90 113 81 29 76 116 111 384 337 358 181 177 288 385 240 396 245 115 22 118 185 214 0,245 381
PFG_MOEA,718,2,413.96,4915.5,0 281 84 131 325 355 114 389 186 134 341 298 26 334 0,
PFG_MOEA,718,3,413.96,4915.5,0 371 219 105 162 159 74 279 91 24 212 375 284 14 184 318 70 292 263 8 373 169 108 72 52 130 44 386 362 201 312 67 164 107 302 173 106 261 388 197 218 151 77 273 136 137 59 0,
PFG_MOEA,718,4,413.96,4915.5,0 57 127 109 226 0,
PFG_MOEA,718,5,413.96,4915.5,0 19 0,
PFG_MOEA,718,6,413.96,4915.5,0 38 303 357 266 141 86 199 228 267 366 289 231 34 58 68 161 235 35 249 88 135 233 319 182 172 13 80 0,88
PFG_MOEA,718,7,413.96,4915.5,0 399 397 36 11 92 156 94 230 374 350 311 4 314 193 340 299 321 269 120 142 37 51 123 145 132 339 322 121 146 294 174 320 364 393 3 229 308 356 264 259 246 42 300 329 112 191 165 200 221 242 96 0,11 340 374 393
PFG_MOEA,718,8,413.96,4915.5,0 152 247 255 1 262 250 28 345 377 395 400 394 188 301 372 21 167 291 139 149 157 63 316 387 327 17 43 85 215 73 254 183 354 69 265 346 315 99 175 251 190 390 18 103 155 83 378 213 234 227 398 93 0,1 152 175 227
PFG_MOEA,718,9,413.96,4915.5,0 304 31 48 192 330 238 129 148 260 391 271 39 268 272 30 66 166 205 208 6 204 154 305 326 283 65 297 62 241 110 140 286 317 333 180 220 158 189 64 20 126 124 7 56 217 55 25 367 170 361 209 71 33 97 225 232 179 224 0,55 391
PFG_MOEA,718,10,413.96,4915.5,0 287 10 383 382 0,
PFG_MOEA,718,11,413.96,4915.5,0 16 15 168 203 369 380 82 178 117 243 349 344 54 46 41 0,
PFG_MOEA,718,12,413.96,4915.5,0 335 360 216 150 9 47 125 309 5 343 290 368 376 258 248 328 75 171 87 278 153 353 348 45 210 195 379 270 257 60 50 160 79 143 282 310 104 223 244 211 324 147 332 347 296 196 78 98 27 176 144 342 370 306 202 338 0,
PFG_MOEA,719,1,320.55,5348.04,0 80 13 172 182 397 36 11 92 233 135 88 249 35 235 161 68 58 34 231 289 319 399 0,
PFG_MOEA,719,2,320.55,5348.04,0 374 230 94 156 311 350 4 314 193 340 299 321 269 120 142 132 339 174 320 364 308 229 3 393 294 146 121 322 123 145 51 37 0,393
PFG_MOEA,719,3,320.55,5348.04,0 96 242 221 200 165 112 329 300 191 152 247 255 1 262 42 250 28 246 259 264 356 345 377 395 400 394 188 301 372 21 167 291 139 149 157 63 316 387 327 17 43 85 215 73 254 183 354 69 265 346 315 99 175 251 190 0,215
PFG_MOEA,719,4,320.55,5348.04,0 304 31 192 330 238 129 398 227 234 213 18 390 286 140 110 241 93 260 148 48 0,
PFG_MOEA,719,5,320.55,5348.04,0 317 333 0,
PFG_MOEA,719,6,320.55,5348.04,0 33 71 209 361 170 367 25 55 217 56 7 180 220 158 189 64 20 126 124 224 10 383 382 16 203 168 15 0,25
PFG_MOEA,719,7,320.55,5348.04,0 380 369 335 360 216 150 9 47 125 309 5 195 379 270 210 45 348 353 153 278 87 171 75 328 248 258 376 368 290 343 54 46 344 349 243 117 178 82 41 0,
PFG_MOEA,719,8,320.55,5348.04,0 338 202 306 370 342 144 176 27 98 78 196 296 347 332 147 324 211 244 223 104 310 282 143 79 160 50 60 257 6 204 154 305 326 283 62 297 65 208 205 166 66 30 272 268 0,66
PFG_MOEA,719,9,320.55,5348.04,0 187 206 253 365 359 313 307 207 61 12 89 2 119 128 236 252 336 138 163 222 95 198 351 256 237 280 391 271 39 378 83 155 103 232 179 287 225 97 0,138 307
PFG_MOEA,719,10,320.55,5348.04,0 22 389 114 84 131 325 355 29 81 113 76 116 111 384 337 358 181 177 288 385 240 396 245 115 392 285 331 133 293 53 101 352 363 323 194 275 277 102 100 49 274 122 239 276 32 40 295 23 381 90 214 185 281 118 0,323 331
PFG_MOEA,719,11,320.55,5348.04,0 334 298 26 105 186 134 341 219 371 24 212 375 14 184 318 70 292 263 8 373 169 284 74 279 91 159 162 0,134
PFG_MOEA,719,12,320.55,5348.04,0 38 19 226 57 127 109 59 137 136 273 77 151 218 197 388 261 106 173 302 107 164 67 312 201 362 366 267 228 386 44 130 52 72 108 303 357 266 141 86 199 0,106 386
PFG_MOEA,720,1,270.73,5843.94,0 335 187 309 5 195 379 270 257 60 50 160 79 143 280 351 237 256 274 49 198 252 236 381 23 90 12 207 307 0,
PFG_MOEA,720,2,270.73,5843.94,0 61 313 359 206 253 365 360 214 185 118 281 26 334 298 371 22 134 186 162 159 292 263 8 373 318 70 184 284 74 279 0,134 284 313 318
PFG_MOEA,720,3,270.73,5843.94,0 91 169 108 14 375 212 24 192 330 238 129 200 165 112 191 152 127 57 109 59 137 273 136 247 17 43 85 215 33 71 224 260 148 48 31 304 0,33 200
PFG_MOEA,720,4,270.73,5843.94,0 73 254 69 354 183 327 387 157 149 188 394 316 63 262 1 255 250 28 42 400 395 377 345 356 264 259 246 308 229 197 218 151 77 107 164 67 302 388 3 106 173 261 320 364 0,
PFG_MOEA,720,5,270.73,5843.94,0 329 300 362 123 51 145 322 121 146 201 312 393 294 174 339 132 120 142 0,145 174
PFG_MOEA,720,6,270.73,5843.94,0 37 269 321 299 340 219 341 105 84 131 29 81 113 76 116 111 181 358 337 384 325 355 114 389 0,341
PFG_MOEA,720,7,270.73,5843.94,0 89 216 47 125 9 150 163 53 293 133 331 285 392 115 245 396 240 385 288 177 34 58 235 135 233 88 249 35 161 68 0,133 240
PFG_MOEA,720,8,270.73,5843.94,0 172 182 193 314 4 350 397 36 11 374 311 230 94 156 199 92 86 319 266 141 289 231 386 366 267 228 44 130 52 72 303 357 13 19 226 221 242 96 0,141 386
PFG_MOEA,720,9,270.73,5843.94,0 38 80 378 83 291 139 21 167 301 372 346 315 265 390 99 175 251 190 18 103 155 234 227 398 93 54 46 268 272 30 39 271 391 179 0,
PFG_MOEA,720,10,270.73,5843.94,0 97 225 232 209 361 213 170 367 328 248 258 376 368 290 343 66 349 344 243 117 178 82 41 16 380 369 196 78 98 27 176 144 342 370 306 202 338 203 168 15 399 0,82 176 225
PFG_MOEA,720,11,270.73,5843.94,0 287 64 166 205 75 348 353 45 210 278 153 171 87 6 208 158 189 220 241 62 297 65 283 204 154 305 326 110 140 180 333 317 286 25 55 217 56 7 124 126 20 10 0,65 126
PFG_MOEA,720,12,270.73,5843.94,0 2 119 128 295 40 32 276 239 122 296 332 347 138 336 222 95 101 194 147 324 275 323 363 352 277 102 223 244 211 104 310 100 282 383 382 0,2
PFG_MOEA,721,1,759.34,4800.0,0 219 341 105 389 114 84 131 355 325 29 81 113 76 116 111 384 337 358 181 177 288 385 240 396 245 115 392 285 331 133 293 53 163 150 9 125 47 216 89 61 206 253 365 0,245
PFG_MOEA,721,2,759.34,4800.0,0 22 134 186 162 159 279 74 284 184 318 70 292 263 8 373 169 108 14 375 212 24 91 0,318
PFG_MOEA,721,3,759.34,4800.0,0 304 31 48 148 260 224 71 33 129 238 330 192 200 165 112 191 152 127 57 109 59 137 273 136 247 17 43 85 215 73 254 69 354 183 327 387 157 149 188 394 316 63 262 1 255 250 28 42 400 395 377 345 356 264 259 246 308 229 197 218 151 77 107 164 67 302 388 3 106 173 261 320 364 393 312 201 362 329 300 123 51 145 322 121 146 294 174 339 132 120 142 37 269 321 299 340 233 135 88 249 35 161 235 68 58 34 386 231 289 366 267 228 44 130 52 72 303 357 319 266 141 86 92 199 156 94 230 311 374 11 36 397 350 4 314 193 182 172 13 19 226 221 242 96 80 38 0,33 106 174 200 303 311 394
PFG_MOEA,721,4,759.34,4800.0,0 378 83 155 103 18 190 251 175 99 315 346 372 301 167 21 139 291 265 390 234 0,
PFG_MOEA,721,5,759.34,4800.0,0 179 391 271 39 30 272 268 46 54 93 398 227 213 232 0,391
PFG_MOEA,721,6,759.34,4800.0,0 225 0,
PFG_MOEA,721,7,759.34,4800.0,0 97 209 361 170 367 0,
PFG_MOEA,721,8,759.34,4800.0,0 399 15 168 203 338 202 306 370 342 144 176 27 98 78 196 369 380 16 41 82 178 117 243 344 349 66 343 290 368 376 258 248 328 75 348 353 45 210 278 153 171 87 6 208 205 166 158 189 220 241 62 297 65 283 204 154 305 326 110 140 180 333 317 286 25 55 217 56 7 124 126 20 64 287 10 383 382 0,62 66 205 220 342
PFG_MOEA,721,9,759.34,4800.0,0 2 119 128 295 40 32 276 239 122 296 332 347 138 336 222 95 101 194 147 324 275 323 363 352 277 102 223 244 211 104 310 100 282 143 79 160 50 60 257 270 379 195 5 309 280 351 237 256 274 49 198 252 236 0,
PFG_MOEA,721,10,759.34,4800.0,0 381 23 90 12 207 307 0,
PFG_MOEA,721,11,759.34,4800.0,0 335 187 359 313 360 214 0,
PFG_MOEA,721,12,759.34,4800.0,0 185 118 281 26 334 298 371 0,
PFG_MOEA,722,1,314.81,5596.11,0 12 90 128 236 252 336 276 138 222 198 49 274 256 237 351 280 309 5 290 343 313 207 0,222
PFG_MOEA,722,2,314.81,5596.11,0 91 292 263 8 373 169 108 14 375 212 24 371 219 341 298 334 26 281 118 185 214 295 40 32 239 122 95 101 352 363 323 194 275 277 102 100 23 381 119 2 307 359 187 148 48 31 304 0,23
PFG_MOEA,722,3,314.81,5596.11,0 260 224 71 33 127 152 191 112 165 200 129 238 330 192 0,33
PFG_MOEA,722,4,314.81,5596.11,0 57 67 302 173 106 3 388 164 107 77 151 218 197 229 308 246 259 264 356 345 377 395 400 42 28 250 255 1 262 63 316 394 188 149 157 387 327 183 354 69 254 73 215 85 43 17 247 136 273 137 59 109 0,
PFG_MOEA,722,5,314.81,5596.11,0 329 300 362 123 51 145 322 121 146 201 261 320 364 393 312 294 174 339 132 206 253 365 360 335 0,362 393
PFG_MOEA,722,6,314.81,5596.11,0 61 358 181 177 288 385 240 396 245 115 392 285 331 133 293 53 163 150 9 125 47 216 89 0,
PFG_MOEA,722,7,314.81,5596.11,0 80 13 19 226 35 161 235 58 34 386 231 289 366 267 228 44 130 52 72 318 70 184 284 74 279 159 162 389 114 355 325 384 337 111 116 76 113 81 29 131 84 105 186 134 22 0,
PFG_MOEA,722,8,314.81,5596.11,0 38 96 242 221 172 182 397 350 311 4 314 193 230 94 156 374 36 11 92 319 357 303 266 141 86 199 68 135 88 249 233 340 299 321 269 120 142 37 301 21 139 291 167 372 346 315 99 175 251 0,182
PFG_MOEA,722,9,314.81,5596.11,0 97 225 232 179 391 271 158 241 62 297 65 283 204 154 305 326 110 140 286 317 333 180 220 126 124 7 56 217 55 25 367 170 361 209 227 234 213 190 390 265 18 103 155 83 378 398 93 54 46 268 272 30 39 0,65 154
PFG_MOEA,722,10,314.81,5596.11,0 399 15 16 380 41 82 178 117 243 344 349 20 189 64 166 205 208 6 87 171 153 278 210 353 258 376 368 66 287 10 383 382 0,243
PFG_MOEA,722,11,314.81,5596.11,0 369 338 203 168 0,
PFG_MOEA,722,12,314.81,5596.11,0 202 306 370 342 144 176 27 98 78 196 296 347 332 324 147 211 244 223 104 310 282 143 79 160 50 60 257 270 379 195 45 348 75 328 248 0,370
PFG_MOEA,723,1,411.21,4974.5,0 12 90 381 23 32 276 239 336 138 222 198 49 274 256 237 351 280 252 236 128 119 2 0,23
PFG_MOEA,723,2,411.21,4974.5,0 22 118 185 214 295 40 122 392 285 331 133 293 53 101 352 363 323 194 275 277 102 100 95 163 61 89 207 307 313 359 365 253 206 187 0,22 100
PFG_MOEA,723,3,411.21,4974.5,0 115 0,
PFG_MOEA,723,4,411.21,4974.5,0 245 396 240 385 288 177 181 358 337 384 111 116 76 113 81 29 325 355 0,
PFG_MOEA,723,5,411.21,4974.5,0 281 26 334 298 341 134 186 131 84 114 389 105 219 371 162 159 74 279 91 24 212 375 284 14 184 318 70 292 263 8 373 169 108 72 52 130 44 386 362 201 312 67 164 107 302 173 106 261 388 197 218 151 77 273 136 137 59 109 127 57 226 19 13 80 0,77 106 284
PFG_MOEA,723,6,411.21,4974.5,0 38 172 182 319 303 357 266 141 86 199 228 267 366 289 231 34 58 68 161 235 35 249 88 135 233 156 94 230 374 92 11 36 397 350 311 4 314 193 340 299 321 269 120 142 37 51 123 145 132 339 322 121 146 294 174 320 364 393 3 229 308 356 264 259 246 42 300 329 112 221 242 96 0,51 174 229 246 299
PFG_MOEA,723,7,411.21,4974.5,0 399 200 165 191 152 247 255 1 262 250 28 345 377 395 400 394 188 301 372 21 167 291 139 149 157 63 316 387 327 17 43 85 215 73 254 183 354 69 265 346 315 99 175 251 190 390 18 103 155 83 378 213 234 227 398 93 224 179 232 225 97 71 33 260 148 238 129 330 192 48 31 304 0,93
PFG_MOEA,723,8,411.21,4974.5,0 382 383 10 391 271 39 46 54 268 272 30 66 166 205 208 6 204 154 305 326 283 65 297 62 241 110 140 286 317 333 180 220 158 189 64 20 126 124 7 56 217 55 25 367 170 361 209 287 0,55 62 66 220
PFG_MOEA,723,9,411.21,4974.5,0 380 0,
PFG_MOEA,723,10,411.21,4974.5,0 16 369 15 0,
PFG_MOEA,723,11,411.21,4974.5,0 168 203 178 82 41 0,178
PFG_MOEA,723,12,411.21,4974.5,0 335 360 338 202 306 370 342 144 176 27 98 78 196 296 347 332 216 47 125 9 150 147 324 211 244 223 104 310 282 143 309 5 195 379 79 160 50 60 270 257 210 45 153 278 87 171 353 348 75 328 248 258 376 368 290 343 349 344 243 117 0,
PFG_MOEA,724,1,312.55,5795.78,0 336 138 239 122 296 347 332 324 275 277 104 211 244 223 102 352 363 323 194 147 101 95 222 0,122 211 222 277
PFG_MOEA,724,2,312.55,5795.78,0 335 360 207 307 313 359 187 100 310 282 143 79 160 50 60 257 270 379 195 5 309 280 351 237 256 274 49 198 252 236 381 23 90 12 214 185 118 281 26 334 298 371 72 52 130 44 386 80 0,5 307
PFG_MOEA,724,3,312.55,5795.78,0 13 19 226 57 127 109 59 137 136 273 77 151 218 197 388 261 106 173 302 107 164 67 312 201 362 123 51 145 294 174 339 132 142 120 269 321 299 0,174
PFG_MOEA,724,4,312.55,5795.78,0 340 233 135 88 249 35 235 161 68 58 34 231 289 366 267 228 141 266 303 357 319 86 199 156 94 0,303
PFG_MOEA,724,5,312.55,5795.78,0 38 172 182 397 36 11 92 374 230 311 350 4 314 193 37 322 121 146 320 364 393 3 229 308 356 264 259 246 42 300 329 112 191 152 221 242 96 0,42 264
PFG_MOEA,724,6,312.55,5795.78,0 200 165 129 0,
PFG_MOEA,724,7,312.55,5795.78,0 304 330 395 400 394 188 301 372 21 167 291 139 149 157 63 316 387 17 43 33 71 224 260 0,
PFG_MOEA,724,8,312.55,5795.78,0 399 247 28 250 345 377 262 1 255 327 254 73 215 85 93 179 232 225 97 148 238 192 48 31 0,93
PFG_MOEA,724,9,312.55,5795.78,0 378 69 183 354 265 346 315 99 175 251 190 390 18 103 155 83 234 213 227 398 209 361 170 367 25 55 217 56 7 180 333 317 286 140 110 62 297 65 283 326 305 154 204 6 208 241 220 158 189 64 20 126 124 0,175
PFG_MOEA,724,10,312.55,5795.78,0 287 382 383 10 268 272 30 66 166 205 271 39 391 53 293 133 331 285 392 115 245 396 240 385 288 177 181 358 337 384 111 116 76 113 81 29 325 355 131 84 114 389 105 341 219 0,
PFG_MOEA,724,11,312.55,5795.78,0 91 24 212 375 14 108 169 373 8 263 292 70 318 184 284 74 279 159 162 22 134 186 89 216 47 125 9 150 163 61 365 253 206 46 54 0,
PFG_MOEA,724,12,312.55,5795.78,0 41 82 178 117 243 344 349 343 290 368 376 258 248 328 75 171 87 153 278 210 45 353 348 2 119 128 295 40 32 276 196 78 98 27 176 144 342 370 306 202 338 203 168 369 380 16 15 0,16 87 203
PFG_MOEA,725,1,389.39,5146.42,0 163 78 53 293 133 331 285 392 98 115 245 27 396 240 385 288 177 181 358 337 384 111 116 76 113 81 29 325 355 131 84 114 389 91 279 74 159 162 371 219 298 341 22 134 186 105 118 185 0,
PFG_MOEA,725,2,389.39,5146.42,0 281 26 334 24 212 375 284 14 184 318 70 292 263 8 373 169 108 72 52 130 44 386 51 145 123 362 201 294 312 67 164 107 302 173 106 261 388 197 218 151 77 273 136 137 59 109 127 57 226 19 13 80 0,
PFG_MOEA,725,3,389.39,5146.42,0 142 339 174 132 120 269 321 299 340 233 135 88 249 35 235 161 68 58 34 231 289 366 267 228 141 266 303 357 319 86 199 156 94 230 374 92 11 36 397 350 311 4 314 193 0,88
PFG_MOEA,725,4,389.39,5146.42,0 182 172 38 0,
PFG_MOEA,725,5,389.39,5146.42,0 37 322 121 146 320 364 393 3 229 308 356 264 259 246 42 300 329 112 152 191 165 200 221 242 96 0,152 264 329
PFG_MOEA,725,6,389.39,5146.42,0 129 33 71 224 260 0,
PFG_MOEA,725,7,389.39,5146.42,0 399 247 255 1 262 250 28 345 377 395 400 394 188 301 372 21 167 291 139 149 157 63 316 387 17 43 73 254 327 183 354 69 215 85 93 179 232 225 97 148 48 238 330 192 31 304 0,395
PFG_MOEA,725,8,389.39,5146.42,0 16 15 168 203 369 380 391 271 39 268 272 30 66 166 205 208 6 204 154 305 326 283 65 297 62 241 110 140 286 317 333 180 220 158 189 64 20 126 124 7 56 217 55 25 367 170 361 209 398 227 234 213 190 251 175 99 315 346 265 390 18 103 155 83 378 54 46 287 10 383 382 41 0,7 16 20 103 272
PFG_MOEA,725,9,389.39,5146.42,0 82 178 117 243 368 376 258 353 153 171 87 278 210 143 237 256 274 49 100 282 310 104 102 277 275 194 323 363 352 101 198 95 222 138 122 276 336 252 236 128 23 381 90 119 2 12 0,
PFG_MOEA,725,10,389.39,5146.42,0 344 349 351 280 309 5 79 160 50 60 257 270 379 195 45 348 75 328 248 290 343 187 0,
PFG_MOEA,725,11,389.39,5146.42,0 214 295 40 32 239 370 342 144 176 150 47 9 125 216 89 61 207 307 313 359 206 253 365 360 335 0,176
PFG_MOEA,725,12,389.39,5146.42,0 338 202 306 196 296 347 332 324 147 211 244 223 0,
PFG_MOEA,726,1,413.96,4915.5,0 187 206 253 365 359 313 307 207 61 12 89 2 119 128 236 252 336 138 163 222 95 198 351 280 237 256 274 49 100 102 277 275 194 323 363 352 101 53 293 133 331 285 392 122 239 276 32 40 295 23 381 90 113 81 29 76 116 111 384 337 358 181 177 288 385 240 396 245 115 22 118 185 214 0,245 381
PFG_MOEA,726,2,413.96,4915.5,0 281 84 131 325 355 114 389 186 134 341 298 26 334 0,
PFG_MOEA,726,3,413.96,4915.5,0 371 219 105 162 159 74 279 91 24 212 375 284 14 184 318 70 292 263 8 373 169 108 72 52 130 44 386 362 201 312 67 164 107 302 173 106 261 388 197 218 151 77 273 136 137 59 0,
PFG_MOEA,726,4,413.96,4915.5,0 57 127 109 226 0,
PFG_MOEA,726,5,413.96,4915.5,0 19 0,
PFG_MOEA,726,6,413.96,4915.5,0 38 303 357 266 141 86 199 228 267 366 289 231 34 58 68 161 235 35 249 88 135 233 319 182 172 13 80 0,88
PFG_MOEA,726,7,413.96,4915.5,0 399 397 36 11 92 156 94 230 374 350 311 4 314 193 340 299 321 269 120 142 37 51 123 145 132 339 322 121 146 294 174 320 364 393 3 229 308 356 264 259 246 42 300 329 112 191 165 200 221 242 96 0,11 340 374 393
PFG_MOEA,726,8,413.96,4915.5,0 152 247 255 1 262 250 28 345 377 395 400 394 188 301 372 21 167 291 139 149 157 63 316 387 327 17 43 85 215 73 254 183 354 69 265 346 315 99 175 251 190 390 18 103 155 83 378 213 234 227 398 93 0,1 152 175 227
PFG_MOEA,726,9,413.96,4915.5,0 304 31 48 192 330 238 129 148 260 391 271 39 268 272 30 66 166 205 208 6 204 154 305 326 283 65 297 62 241 110 140 286 317 333 180 220 158 189 64 20 126 124 7 56 217 55 25 367 170 361 209 71 33 97 225 232 179 224 0,55 391
PFG_MOEA,726,10,413.96,4915.5,0 287 10 383 382 0,
PFG_MOEA,726,11,413.96,4915.5,0 16 15 168 203 369 380 82 178 117 243 349 344 54 46 41 0,
PFG_MOEA,726,12,413.96,4915.5,0 335 360 216 150 9 47 125 309 5 343 290 368 376 258 248 328 75 171 87 278 153 353 348 45 210 195 379 270 257 60 50 160 79 143 282 310 104 223 244 211 324 147 332 347 296 196 78 98 27 176 144 342 370 306 202 338 0,
PFG_MOEA,727,1,320.55,5348.04,0 80 13 172 182 397 36 11 92 233 135 88 249 35 235 161 68 58 34 231 289 319 399 0,
PFG_MOEA,727,2,320.55,5348.04,0 374 230 94 156 311 350 4 314 193 340 299 321 269 120 142 132 339 174 320 364 308 229 3 393 294 146 121 322 123 145 51 37 0,393
PFG_MOEA,727,3,320.55,5348.04,0 96 242 221 200 165 112 329 300 191 152 247 255 1 262 42 250 28 246 259 264 356 345 377 395 400 394 188 301 372 21 167 291 139 149 157 63 316 387 327 17 43 85 215 73 254 183 354 69 265 346 315 99 175 251 190 0,215
PFG_MOEA,727,4,320.55,5348.04,0 304 31 192 330 238 129 398 227 234 213 18 390 286 140 110 241 93 260 148 48 0,
PFG_MOEA,727,5,320.55,5348.04,0 317 333 0,
PFG_MOEA,727,6,320.55,5348.04,0 33 71 209 361 170 367 25 55 217 56 7 180 220 158 189 64 20 126 124 224 10 383 382 16 203 168 15 0,25
PFG_MOEA,727,7,320.55,5348.04,0 380 369 335 360 216 150 9 47 125 309 5 195 379 270 210 45 348 353 153 278 87 171 75 328 248 258 376 368 290 343 54 46 344 349 243 117 178 82 41 0,
PFG_MOEA,727,8,320.55,5348.04,0 338 202 306 370 342 144 176 27 98 78 196 296 347 332 147 324 211 244 223 104 310 282 143 79 160 50 60 257 6 204 154 305 326 283 62 297 65 208 205 166 66 30 272 268 0,66
PFG_MOEA,727,9,320.55,5348.04,0 187 206 253 365 359 313 307 207 61 12 89 2 119 128 236 252 336 138 163 222 95 198 351 256 237 280 391 271 39 378 83 155 103 232 179 287 225 97 0,138 307
PFG_MOEA,727,10,320.55,5348.04,0 22 389 114 84 131 325 355 29 81 113 76 116 111 384 337 358 181 177 288 385 240 396 245 115 392 285 331 133 293 53 101 352 363 323 194 275 277 102 100 49 274 122 239 276 32 40 295 23 381 90 214 185 281 118 0,323 331
PFG_MOEA,727,11,320.55,5348.04,0 334 298 26 105 186 134 341 219 371 24 212 375 14 184 318 70 292 263 8 373 169 284 74 279 91 159 162 0,134
PFG_MOEA,727,12,320.55,5348.04,0 38 19 226 57 127 109 59 137 136 273 77 151 218 197 388 261 106 173 302 107 164 67 312 201 362 366 267 228 386 44 130 52 72 108 303 357 266 141 86 199 0,106 386
PFG_MOEA,728,1,270.73,5843.94,0 335 187 309 5 195 379 270 257 60 50 160 79 143 280 351 237 256 274 49 198 252 236 381 23 90 12 207 307 0,
PFG_MOEA,728,2,270.73,5843.94,0 61 313 359 206 253 365 360 214 185 118 281 26 334 298 371 22 134 186 162 159 292 263 8 373 318 70 184 284 74 279 0,134 284 313 318
PFG_MOEA,728,3,270.73,5843.94,0 91 169 108 14 375 212 24 192 330 238 129 200 165 112 191 152 127 57 109 59 137 273 136 247 17 43 85 215 33 71 224 260 148 48 31 304 0,33 200
PFG_MOEA,728,4,270.73,5843.94,0 73 254 69 354 183 327 387 157 149 188 394 316 63 262 1 255 250 28 42 400 395 377 345 356 264 259 246 308 229 197 218 151 77 107 164 67 302 388 3 106 173 261 320 364 0,
PFG_MOEA,728,5,270.73,5843.94,0 329 300 362 123 51 145 322 121 146 201 312 393 294 174 339 132 120 142 0,145 174
PFG_MOEA,728,6,270.73,5843.94,0 37 269 321 299 340 219 341 105 84 131 29 81 113 76 116 111 181 358 337 384 325 355 114 389 0,341
PFG_MOEA,728,7,270.73,5843.94,0 89 216 47 125 9 150 163 53 293 133 331 285 392 115 245 396 240 385 288 177 34 58 235 135 233 88 249 35 161 68 0,133 240
PFG_MOEA,728,8,270.73,5843.94,0 172 182 193 314 4 350 397 36 11 374 311 230 94 156 199 92 86 319 266 141 289 231 386 366 267 228 44 130 52 72 303 357 13 19 226 221 242 96 0,141 386
PFG_MOEA,728,9,270.73,5843.94,0 38 80 378 83 291 139 21 167 301 372 346 315 265 390 99 175 251 190 18 103 155 234 227 398 93 54 46 268 272 30 39 271 391 179 0,
PFG_MOEA,728,10,270.73,5843.94,0 97 225 232 209 361 213 170 367 328 248 258 376 368 290 343 66 349 344 243 117 178 82 41 16 380 369 196 78 98 27 176 144 342 370 306 202 338 203 168 15 399 0,82 176 225
PFG_MOEA,728,11,270.73,5843.94,0 287 64 166 205 75 348 353 45 210 278 153 171 87 6 208 158 189 220 241 62 297 65 283 204 154 305 326 110 140 180 333 317 286 25 55 217 56 7 124 126 20 10 0,65 126
PFG_MOEA,728,12,270.73,5843.94,0 2 119 128 295 40 32 276 239 122 296 332 347 138 336 222 95 101 194 147 324 275 323 363 352 277 102 223 244 211 104 310 100 282 383 382 0,2
PFG_MOEA,729,1,759.34,4800.0,0 219 341 105 389 114 84 131 355 325 29 81 113 76 116 111 384 337 358 181 177 288 385 240 396 245 115 392 285 331 133 293 53 163 150 9 125 47 216 89 61 206 253 365 0,245
PFG_MOEA,729,2,759.34,4800.0,0 22 134 186 162 159 279 74 284 184 318 70 292 263 8 373 169 108 14 375 212 24 91 0,318
PFG_MOEA,729,3,759.34,4800.0,0 304 31 48 148 260 224 71 33 129 238 330 192 200 165 112 191 152 127 57 109 59 137 273 136 247 17 43 85 215 73 254 69 354 183 327 387 157 149 188 394 316 63 262 1 255 250 28 42 400 395 377 345 356 264 259 246 308 229 197 218 151 77 107 164 67 302 388 3 106 173 261 320 364 393 312 201 362 329 300 123 51 145 322 121 146 294 174 339 132 120 142 37 269 321 299 340 233 135 88 249 35 161 235 68 58 34 386 231 289 366 267 228 44 130 52 72 303 357 319 266 141 86 92 199 156 94 230 311 374 11 36 397 350 4 314 193 182 172 13 19 226 221 242 96 80 38 0,33 106 174 200 303 311 394
PFG_MOEA,729,4,759.34,4800.0,0 378 83 155 103 18 190 251 175 99 315 346 372 301 167 21 139 291 265 390 234 0,
PFG_MOEA,729,5,759.34,4800.0,0 179 391 271 39 30 272 268 46 54 93 398 227 213 232 0,391
PFG_MOEA,729,6,759.34,4800.0,0 225 0,
PFG_MOEA,729,7,759.34,4800.0,0 97 209 361 170 367 0,
PFG_MOEA,729,8,759.34,4800.0,0 399 15 168 203 338 202 306 370 342 144 176 27 98 78 196 369 380 16 41 82 178 117 243 344 349 66 343 290 368 376 258 248 328 75 348 353 45 210 278 153 171 87 6 208 205 166 158 189 220 241 62 297 65 283 204 154 305 326 110 140 180 333 317 286 25 55 217 56 7 124 126 20 64 287 10 383 382 0,62 66 205 220 342
PFG_MOEA,729,9,759.34,4800.0,0 2 119 128 295 40 32 276 239 122 296 332 347 138 336 222 95 101 194 147 324 275 323 363 352 277 102 223 244 211 104 310 100 282 143 79 160 50 60 257 270 379 195 5 309 280 351 237 256 274 49 198 252 236 0,
PFG_MOEA,729,10,759.34,4800.0,0 381 23 90 12 207 307 0,
PFG_MOEA,729,11,759.34,4800.0,0 335 187 359 313 360 214 0,
PFG_MOEA,729,12,759.34,4800.0,0 185 118 281 26 334 298 371 0,
PFG_MOEA,730,1,314.81,5596.11,0 12 90 128 236 252 336 276 138 222 198 49 274 256 237 351 280 309 5 290 343 313 207 0,222
PFG_MOEA,730,2,314.81,5596.11,0 91 292 263 8 373 169 108 14 375 212 24 371 219 341 298 334 26 281 118 185 214 295 40 32 239 122 95 101 352 363 323 194 275 277 102 100 23 381 119 2 307 359 187 148 48 31 304 0,23
PFG_MOEA,730,3,314.81,5596.11,0 260 224 71 33 127 152 191 112 165 200 129 238 330 192 0,33
PFG_MOEA,730,4,314.81,5596.11,0 57 67 302 173 106 3 388 164 107 77 151 218 197 229 308 246 259 264 356 345 377 395 400 42 28 250 255 1 262 63 316 394 188 149 157 387 327 183 354 69 254 73 215 85 43 17 247 136 273 137 59 109 0,
PFG_MOEA,730,5,314.81,5596.11,0 329 300 362 123 51 145 322 121 146 201 261 320 364 393 312 294 174 339 132 206 253 365 360 335 0,362 393
PFG_MOEA,730,6,314.81,5596.11,0 61 358 181 177 288 385 240 396 245 115 392 285 331 133 293 53 163 150 9 125 47 216 89 0,
PFG_MOEA,730,7,314.81,5596.11,0 80 13 19 226 35 161 235 58 34 386 231 289 366 267 228 44 130 52 72 318 70 184 284 74 279 159 162 389 114 355 325 384 337 111 116 76 113 81 29 131 84 105 186 134 22 0,
PFG_MOEA,730,8,314.81,5596.11,0 38 96 242 221 172 182 397 350 311 4 314 193 230 94 156 374 36 11 92 319 357 303 266 141 86 199 68 135 88 249 233 340 299 321 269 120 142 37 301 21 139 291 167 372 346 315 99 175 251 0,182
PFG_MOEA,730,9,314.81,5596.11,0 97 225 232 179 391 271 158 241 62 297 65 283 204 154 305 326 110 140 286 317 333 180 220 126 124 7 56 217 55 25 367 170 361 209 227 234 213 190 390 265 18 103 155 83 378 398 93 54 46 268 272 30 39 0,65 154
PFG_MOEA,730,10,314.81,5596.11,0 399 15 16 380 41 82 178 117 243 344 349 20 189 64 166 205 208 6 87 171 153 278 210 353 258 376 368 66 287 10 383 382 0,243
PFG_MOEA,730,11,314.81,5596.11,0 369 338 203 168 0,
PFG_MOEA,730,12,314.81,5596.11,0 202 306 370 342 144 176 27 98 78 196 296 347 332 324 147 211 244 223 104 310 282 143 79 160 50 60 257 270 379 195 45 348 75 328 248 0,370
PFG_MOEA,731,1,411.21,4974.5,0 12 90 381 23 32 276 239 336 138 222 198 49 274 256 237 351 280 252 236 128 119 2 0,23
PFG_MOEA,731,2,411.21,4974.5,0 22 118 185 214 295 40 122 392 285 331 133 293 53 101 352 363 323 194 275 277 102 100 95 163 61 89 207 307 313 359 365 253 206 187 0,22 100
PFG_MOEA,731,3,411.21,4974.5,0 115 0,
PFG_MOEA,731,4,411.21,4974.5,0 245 396 240 385 288 177 181 358 337 384 111 116 76 113 81 29 325 355 0,
PFG_MOEA,731,5,411.21,4974.5,0 281 26 334 298 341 134 186 131 84 114 389 105 219 371 162 159 74 279 91 24 212 375 284 14 184 318 70 292 263 8 373 169 108 72 52 130 44 386 362 201 312 67 164 107 302 173 106 261 388 197 218 151 77 273 136 137 59 109 127 57 226 19 13 80 0,77 106 284
PFG_MOEA,731,6,411.21,4974.5,0 38 172 182 319 303 357 266 141 86 199 228 267 366 289 231 34 58 68 161 235 35 249 88 135 233 156 94 230 374 92 11 36 397 350 311 4 314 193 340 299 321 269 120 142 37 51 123 145 132 339 322 121 146 294 174 320 364 393 3 229 308 356 264 259 246 42 300 329 112 221 242 96 0,51 174 229 246 299
PFG_MOEA,731,7,411.21,4974.5,0 399 200 165 191 152 247 255 1 262 250 28 345 377 395 400 394 188 301 372 21 167 291 139 149 157 63 316 387 327 17 43 85 215 73 254 183 354 69 265 346 315 99 175 251 190 390 18 103 155 83 378 213 234 227 398 93 224 179 232 225 97 71 33 260 148 238 129 330 192 48 31 304 0,93
PFG_MOEA,731,8,411.21,4974.5,0 382 383 10 391 271 39 46 54 268 272 30 66 166 205 208 6 204 154 305 326 283 65 297 62 241 110 140 286 317 333 180 220 158 189 64 20 126 124 7 56 217 55 25 367 170 361 209 287 0,55 62 66 220
PFG_MOEA,731,9,411.21,4974.5,0 380 0,
PFG_MOEA,731,10,411.21,4974.5,0 16 369 15 0,
PFG_MOEA,731,11,411.21,4974.5,0 168 203 178 82 41 0,178
PFG_MOEA,731,12,411.21,4974.5,0 335 360 338 202 306 370 342 144 176 27 98 78 196 296 347 332 216 47 125 9 150 147 324 211 244 223 104 310 282 143 309 5 195 379 79 160 50 60 270 257 210 45 153 278 87 171 353 348 75 328 248 258 376 368 290 343 349 344 243 117 0,
PFG_MOEA,732,1,312.55,5795.78,0 336 138 239 122 296 347 332 324 275 277 104 211 244 223 102 352 363 323 194 147 101 95 222 0,122 211 222 277
PFG_MOEA,732,2,312.55,5795.78,0 335 360 207 307 313 359 187 100 310 282 143 79 160 50 60 257 270 379 195 5 309 280 351 237 256 274 49 198 252 236 381 23 90 12 214 185 118 281 26 334 298 371 72 52 130 44 386 80 0,5 307
PFG_MOEA,732,3,312.55,5795.78,0 13 19 226 57 127 109 59 137 136 273 77 151 218 197 388 261 106 173 302 107 164 67 312 201 362 123 51 145 294 174 339 132 142 120 269 321 299 0,174
PFG_MOEA,732,4,312.55,5795.78,0 340 233 135 88 249 35 235 161 68 58 34 231 289 366 267 228 141 266 303 357 319 86 199 156 94 0,303
PFG_MOEA,732,5,312.55,5795.78,0 38 172 182 397 36 11 92 374 230 311 350 4 314 193 37 322 121 146 320 364 393 3 229 308 356 264 259 246 42 300 329 112 191 152 221 242 96 0,42 264
PFG_MOEA,732,6,312.55,5795.78,0 200 165 129 0,
PFG_MOEA,732,7,312.55,5795.78,0 304 330 395 400 394 188 301 372 21 167 291 139 149 157 63 316 387 17 43 33 71 224 260 0,
PFG_MOEA,732,8,312.55,5795.78,0 399 247 28 250 345 377 262 1 255 327 254 73 215 85 93 179 232 225 97 148 238 192 48 31 0,93
PFG_MOEA,732,9,312.55,5795.78,0 378 69 183 354 265 346 315 99 175 251 190 390 18 103 155 83 234 213 227 398 209 361 170 367 25 55 217 56 7 180 333 317 286 140 110 62 297 65 283 326 305 154 204 6 208 241 220 158 189 64 20 126 124 0,175
PFG_MOEA,732,10,312.55,5795.78,0 287 382 383 10 268 272 30 66 166 205 271 39 391 53 293 133 331 285 392 115 245 396 240 385 288 177 181 358 337 384 111 116 76 113 81 29 325 355 131 84 114 389 105 341 219 0,
PFG_MOEA,732,11,312.55,5795.78,0 91 24 212 375 14 108 169 373 8 263 292 70 318 184 284 74 279 159 162 22 134 186 89 216 47 125 9 150 163 61 365 253 206 46 54 0,
PFG_MOEA,732,12,312.55,5795.78,0 41 82 178 117 243 344 349 343 290 368 376 258 248 328 75 171 87 153 278 210 45 353 348 2 119 128 295 40 32 276 196 78 98 27 176 144 342 370 306 202 338 203 168 369 380 16 15 0,16 87 203
PFG_MOEA,733,1,389.39,5146.42,0 163 78 53 293 133 331 285 392 98 115 245 27 396 240 385 288 177 181 358 337 384 111 116 76 113 81 29 325 355 131 84 114 389 91 279 74 159 162 371 219 298 341 22 134 186 105 118 185 0,
PFG_MOEA,733,2,389.39,5146.42,0 281 26 334 24 212 375 284 14 184 318 70 292 263 8 373 169 108 72 52 130 44 386 51 145 123 362 201 294 312 67 164 107 302 173 106 261 388 197 218 151 77 273 136 137 59 109 127 57 226 19 13 80 0,
PFG_MOEA,733,3,389.39,5146.42,0 142 339 174 132 120 269 321 299 340 233 135 88 249 35 235 161 68 58 34 231 289 366 267 228 141 266 303 357 319 86 199 156 94 230 374 92 11 36 397 350 311 4 314 193 0,88
PFG_MOEA,733,4,389.39,5146.42,0 182 172 38 0,
PFG_MOEA,733,5,389.39,5146.42,0 37 322 121 146 320 364 393 3 229 308 356 264 259 246 42 300 329 112 152 191 165 200 221 242 96 0,152 264 329
PFG_MOEA,733,6,389.39,5146.42,0 129 33 71 224 260 0,
PFG_MOEA,733,7,389.39,5146.42,0 399 247 255 1 262 250 28 345 377 395 400 394 188 301 372 21 167 291 139 149 157 63 316 387 17 43 73 254 327 183 354 69 215 85 93 179 232 225 97 148 48 238 330 192 31 304 0,395
PFG_MOEA,733,8,389.39,5146.42,0 16 15 168 203 369 380 391 271 39 268 272 30 66 166 205 208 6 204 154 305 326 283 65 297 62 241 110 140 286 317 333 180 220 158 189 64 20 126 124 7 56 217 55 25 367 170 361 209 398 227 234 213 190 251 175 99 315 346 265 390 18 103 155 83 378 54 46 287 10 383 382 41 0,7 16 20 103 272
PFG_MOEA,733,9,389.39,5146.42,0 82 178 117 243 368 376 258 353 153 171 87 278 210 143 237 256 274 49 100 282 310 104 102 277 275 194 323 363 352 101 198 95 222 138 122 276 336 252 236 128 23 381 90 119 2 12 0,
PFG_MOEA,733,10,389.39,5146.42,0 344 349 351 280 309 5 79 160 50 60 257 270 379 195 45 348 75 328 248 290 343 187 0,
PFG_MOEA,733,11,389.39,5146.42,0 214 295 40 32 239 370 342 144 176 150 47 9 125 216 89 61 207 307 313 359 206 253 365 360 335 0,176
PFG_MOEA,733,12,389.39,5146.42,0 338 202 306 196 296 347 332 324 147 211 244 223 0,
PFG_MOEA,734,1,413.96,4915.5,0 187 206 253 365 359 313 307 207 61 12 89 2 119 128 236 252 336 138 163 222 95 198 351 280 237 256 274 49 100 102 277 275 194 323 363 352 101 53 293 133 331 285 392 122 239 276 32 40 295 23 381 90 113 81 29 76 116 111 384 337 358 181 177 288 385 240 396 245 115 22 118 185 214 0,245 381
PFG_MOEA,734,2,413.96,4915.5,0 281 84 131 325 355 114 389 186 134 341 298 26 334 0,
PFG_MOEA,734,3,413.96,4915.5,0 371 219 105 162 159 74 279 91 24 212 375 284 14 184 318 70 292 263 8 373 169 108 72 52 130 44 386 362 201 312 67 164 107 302 173 106 261 388 197 218 151 77 273 136 137 59 0,
PFG_MOEA,734,4,413.96,4915.5,0 57 127 109 226 0,
PFG_MOEA,734,5,413.96,4915.5,0 19 0,
PFG_MOEA,734,6,413.96,4915.5,0 38 303 357 266 141 86 199 228 267 366 289 231 34 58 68 161 235 35 249 88 135 233 319 182 172 13 80 0,88
PFG_MOEA,734,7,413.96,4915.5,0 399 397 36 11 92 156 94 230 374 350 311 4 314 193 340 299 321 269 120 142 37 51 123 145 132 339 322 121 146 294 174 320 364 393 3 229 308 356 264 259 246 42 300 329 112 191 165 200 221 242 96 0,11 340 374 393
PFG_MOEA,734,8,413.96,4915.5,0 152 247 255 1 262 250 28 345 377 395 400 394 188 301 372 21 167 291 139 149 157 63 316 387 327 17 43 85 215 73 254 183 354 69 265 346 315 99 175 251 190 390 18 103 155 83 378 213 234 227 398 93 0,1 152 175 227
PFG_MOEA,734,9,413.96,4915.5,0 304 31 48 192 330 238 129 148 260 391 271 39 268 272 30 66 166 205 208 6 204 154 305 326 283 65 297 62 241 110 140 286 317 333 180 220 158 189 64 20 126 124 7 56 217 55 25 367 170 361 209 71 33 97 225 232 179 224 0,55 391
PFG_MOEA,734,10,413.96,4915.5,0 287 10 383 382 0,
PFG_MOEA,734,11,413.96,4915.5,0 16 15 168 203 369 380 82 178 117 243 349 344 54 46 41 0,
PFG_MOEA,734,12,413.96,4915.5,0 335 360 216 150 9 47 125 309 5 343 290 368 376 258 248 328 75 171 87 278 153 353 348 45 210 195 379 270 257 60 50 160 79 143 282 310 104 223 244 211 324 147 332 347 296 196 78 98 27 176 144 342 370 306 202 338 0,
PFG_MOEA,735,1,320.55,5348.04,0 80 13 172 182 397 36 11 92 233 135 88 249 35 235 161 68 58 34 231 289 319 399 0,
PFG_MOEA,735,2,320.55,5348.04,0 374 230 94 156 311 350 4 314 193 340 299 321 269 120 142 132 339 174 320 364 308 229 3 393 294 146 121 322 123 145 51 37 0,393
PFG_MOEA,735,3,320.55,5348.04,0 96 242 221 200 165 112 329 300 191 152 247 255 1 262 42 250 28 246 259 264 356 345 377 395 400 394 188 301 372 21 167 291 139 149 157 63 316 387 327 17 43 85 215 73 254 183 354 69 265 346 315 99 175 251 190 0,215
PFG_MOEA,735,4,320.55,5348.04,0 304 31 192 330 238 129 398 227 234 213 18 390 286 140 110 241 93 260 148 48 0,
PFG_MOEA,735,5,320.55,5348.04,0 317 333 0,
PFG_MOEA,735,6,320.55,5348.04,0 33 71 209 361 170 367 25 55 217 56 7 180 220 158 189 64 20 126 124 224 10 383 382 16 203 168 15 0,25
PFG_MOEA,735,7,320.55,5348.04,0 380 369 335 360 216 150 9 47 125 309 5 195 379 270 210 45 348 353 153 278 87 171 75 328 248 258 376 368 290 343 54 46 344 349 243 117 178 82 41 0,
PFG_MOEA,735,8,320.55,5348.04,0 338 202 306 370 342 144 176 27 98 78 196 296 347 332 147 324 211 244 223 104 310 282 143 79 160 50 60 257 6 204 154 305 326 283 62 297 65 208 205 166 66 30 272 268 0,66
PFG_MOEA,735,9,320.55,5348.04,0 187 206 253 365 359 313 307 207 61 12 89 2 119 128 236 252 336 138 163 222 95 198 351 256 237 280 391 271 39 378 83 155 103 232 179 287 225 97 0,138 307
PFG_MOEA,735,10,320.55,5348.04,0 22 389 114 84 131 325 355 29 81 113 76 116 111 384 337 358 181 177 288 385 240 396 245 115 392 285 331 133 293 53 101 352 363 323 194 275 277 102 100 49 274 122 239 276 32 40 295 23 381 90 214 185 281 118 0,323 331
PFG_MOEA,735,11,320.55,5348.04,0 334 298 26 105 186 134 341 219 371 24 212 375 14 184 318 70 292 263 8 373 169 284 74 279 91 159 162 0,134
PFG_MOEA,735,12,320.55,5348.04,0 38 19 226 57 127 109 59 137 136 273 77 151 218 197 388 261 106 173 302 107 164 67 312 201 362 366 267 228 386 44 130 52 72 108 303 357 266 141 86 199 0,106 386
PFG_MOEA,736,1,270.73,5843.94,0 335 187 309 5 195 379 270 257 60 50 160 79 143 280 351 237 256 274 49 198 252 236 381 23 90 12 207 307 0,
PFG_MOEA,736,2,270.73,5843.94,0 61 313 359 206 253 365 360 214 185 118 281 26 334 298 371 22 134 186 162 159 292 263 8 373 318 70 184 284 74 279 0,134 284 313 318
PFG_MOEA,736,3,270.73,5843.94,0 91 169 108 14 375 212 24 192 330 238 129 200 165 112 191 152 127 57 109 59 137 273 136 247 17 43 85 215 33 71 224 260 148 48 31 304 0,33 200
PFG_MOEA,736,4,270.73,5843.94,0 73 254 69 354 183 327 387 157 149 188 394 316 63 262 1 255 250 28 42 400 395 377 345 356 264 259 246 308 229 197 218 151 77 107 164 67 302 388 3 106 173 261 320 364 0,
PFG_MOEA,736,5,270.73,5843.94,0 329 300 362 123 51 145 322 121 146 201 312 393 294 174 339 132 120 142 0,145 174
PFG_MOEA,736,6,270.73,5843.94,0 37 269 321 299 340 219 341 105 84 131 29 81 113 76 116 111 181 358 337 384 325 355 114 389 0,341
PFG_MOEA,736,7,270.73,5843.94,0 89 216 47 125 9 150 163 53 293 133 331 285 392 115 245 396 240 385 288 177 34 58 235 135 233 88 249 35 161 68 0,133 240
PFG_MOEA,736,8,270.73,5843.94,0 172 182 193 314 4 350 397 36 11 374 311 230 94 156 199 92 86 319 266 141 289 231 386 366 267 228 44 130 52 72 303 357 13 19 226 221 242 96 0,141 386
PFG_MOEA,736,9,270.73,5843.94,0 38 80 378 83 291 139 21 167 301 372 346 315 265 390 99 175 251 190 18 103 155 234 227 398 93 54 46 268 272 30 39 271 391 179 0,
PFG_MOEA,736,10,270.73,5843.94,0 97 225 232 209 361 213 170 367 328 248 258 376 368 290 343 66 349 344 243 117 178 82 41 16 380 369 196 78 98 27 176 144 342 370 306 202 338 203 168 15 399 0,82 176 225
PFG_MOEA,736,11,270.73,5843.94,0 287 64 166 205 75 348 353 45 210 278 153 171 87 6 208 158 189 220 241 62 297 65 283 204 154 305 326 110 140 180 333 317 286 25 55 217 56 7 124 126 20 10 0,65 126
PFG_MOEA,736,12,270.73,5843.94,0 2 119 128 295 40 32 276 239 122 296 332 347 138 336 222 95 101 194 147 324 275 323 363 352 277 102 223 244 211 104 310 100 282 383 382 0,2
PFG_MOEA,737,1,759.34,4800.0,0 219 341 105 389 114 84 131 355 325 29 81 113 76 116 111 384 337 358 181 177 288 385 240 396 245 115 392 285 331 133 293 53 163 150 9 125 47 216 89 61 206 253 365 0,245
PFG_MOEA,737,2,759.34,4800.0,0 22 134 186 162 159 279 74 284 184 318 70 292 263 8 373 169 108 14 375 212 24 91 0,318
PFG_MOEA,737,3,759.34,4800.0,0 304 31 48 148 260 224 71 33 129 238 330 192 200 165 112 191 152 127 57 109 59 137 273 136 247 17 43 85 215 73 254 69 354 183 327 387 157 149 188 394 316 63 262 1 255 250 28 42 400 395 377 345 356 264 259 246 308 229 197 218 151 77 107 164 67 302 388 3 106 173 261 320 364 393 312 201 362 329 300 123 51 145 322 121 146 294 174 339 132 120 142 37 269 321 299 340 233 135 88 249 35 161 235 68 58 34 386 231 289 366 267 228 44 130 52 72 303 357 319 266 141 86 92 199 156 94 230 311 374 11 36 397 350 4 314 193 182 172 13 19 226 221 242 96 80 38 0,33 106 174 200 303 311 394
PFG_MOEA,737,4,759.34,4800.0,0 378 83 155 103 18 190 251 175 99 315 346 372 301 167 21 139 291 265 390 234 0,
PFG_MOEA,737,5,759.34,4800.0,0 179 391 271 39 30 272 268 46 54 93 398 227 213 232 0,391
PFG_MOEA,737,6,759.34,4800.0,0 225 0,
PFG_MOEA,737,7,759.34,4800.0,0 97 209 361 170 367 0,
PFG_MOEA,737,8,759.34,4800.0,0 399 15 168 203 338 202 306 370 342 144 176 27 98 78 196 369 380 16 41 82 178 117 243 344 349 66 343 290 368 376 258 248 328 75 348 353 45 210 278 153 171 87 6 208 205 166 158 189 220 241 62 297 65 283 204 154 305 326 110 140 180 333 317 286 25 55 217 56 7 124 126 20 64 287 10 383 382 0,62 66 205 220 342
PFG_MOEA,737,9,759.34,4800.0,0 2 119 128 295 40 32 276 239 122 296 332 347 138 336 222 95 101 194 147 324 275 323 363 352 277 102 223 244 211 104 310 100 282 143 79 160 50 60 257 270 379 195 5 309 280 351 237 256 274 49 198 252 236 0,
PFG_MOEA,737,10,759.34,4800.0,0 381 23 90 12 207 307 0,
PFG_MOEA,737,11,759.34,4800.0,0 335 187 359 313 360 214 0,
PFG_MOEA,737,12,759.34,4800.0,0 185 118 281 26 334 298 371 0,
PFG_MOEA,738,1,314.81,5596.11,0 12 90 128 236 252 336 276 138 222 198 49 274 256 237 351 280 309 5 290 343 313 207 0,222
PFG_MOEA,738,2,314.81,5596.11,0 91 292 263 8 373 169 108 14 375 212 24 371 219 341 298 334 26 281 118 185 214 295 40 32 239 122 95 101 352 363 323 194 275 277 102 100 23 381 119 2 307 359 187 148 48 31 304 0,23
PFG_MOEA,738,3,314.81,5596.11,0 260 224 71 33 127 152 191 112 165 200 129 238 330 192 0,33
PFG_MOEA,738,4,314.81,5596.11,0 57 67 302 173 106 3 388 164 107 77 151 218 197 229 308 246 259 264 356 345 377 395 400 42 28 250 255 1 262 63 316 394 188 149 157 387 327 183 354 69 254 73 215 85 43 17 247 136 273 137 59 109 0,
PFG_MOEA,738,5,314.81,5596.11,0 329 300 362 123 51 145 322 121 146 201 261 320 364 393 312 294 174 339 132 206 253 365 360 335 0,362 393
PFG_MOEA,738,6,314.81,5596.11,0 61 358 181 177 288 385 240 396 245 115 392 285 331 133 293 53 163 150 9 125 47 216 89 0,
PFG_MOEA,738,7,314.81,5596.11,0 80 13 19 226 35 161 235 58 34 386 231 289 366 267 228 44 130 52 72 318 70 184 284 74 279 159 162 389 114 355 325 384 337 111 116 76 113 81 29 131 84 105 186 134 22 0,
PFG_MOEA,738,8,314.81,5596.11,0 38 96 242 221 172 182 397 350 311 4 314 193 230 94 156 374 36 11 92 319 357 303 266 141 86 199 68 135 88 249 233 340 299 321 269 120 142 37 301 21 139 291 167 372 346 315 99 175 251 0,182
PFG_MOEA,738,9,314.81,5596.11,0 97 225 232 179 391 271 158 241 62 297 65 283 204 154 305 326 110 140 286 317 333 180 220 126 124 7 56 217 55 25 367 170 361 209 227 234 213 190 390 265 18 103 155 83 378 398 93 54 46 268 272 30 39 0,65 154
PFG_MOEA,738,10,314.81,5596.11,0 399 15 16 380 41 82 178 117 243 344 349 20 189 64 166 205 208 6 87 171 153 278 210 353 258 376 368 66 287 10 383 382 0,243
PFG_MOEA,738,11,314.81,5596.11,0 369 338 203 168 0,
PFG_MOEA,738,12,314.81,5596.11,0 202 306 370 342 144 176 27 98 78 196 296 347 332 324 147 211 244 223 104 310 282 143 79 160 50 60 257 270 379 195 45 348 75 328 248 0,370
PFG_MOEA,739,1,411.21,4974.5,0 12 90 381 23 32 276 239 336 138 222 198 49 274 256 237 351 280 252 236 128 119 2 0,23
PFG_MOEA,739,2,411.21,4974.5,0 22 118 185 214 295 40 122 392 285 331 133 293 53 101 352 363 323 194 275 277 102 100 95 163 61 89 207 307 313 359 365 253 206 187 0,22 100
PFG_MOEA,739,3,411.21,4974.5,0 115 0,
PFG_MOEA,739,4,411.21,4974.5,0 245 396 240 385 288 177 181 358 337 384 111 116 76 113 81 29 325 355 0,
PFG_MOEA,739,5,411.21,4974.5,0 281 26 334 298 341 134 186 131 84 114 389 105 219 371 162 159 74 279 91 24 212 375 284 14 184 318 70 292 263 8 373 169 108 72 52 130 44 386 362 201 312 67 164 107 302 173 106 261 388 197 218 151 77 273 136 137 59 109 127 57 226 19 13 80 0,77 106 284
PFG_MOEA,739,6,411.21,4974.5,0 38 172 182 319 303 357 266 141 86 199 228 267 366 289 231 34 58 68 161 235 35 249 88 135 233 156 94 230 374 92 11 36 397 350 311 4 314 193 340 299 321 269 120 142 37 51 123 145 132 339 322 121 146 294 174 320 364 393 3 229 308 356 264 259 246 42 300 329 112 221 242 96 0,51 174 229 246 299
PFG_MOEA,739,7,411.21,4974.5,0 399 200 165 191 152 247 255 1 262 250 28 345 377 395 400 394 188 301 372 21 167 291 139 149 157 63 316 387 327 17 43 85 215 73 254 183 354 69 265 346 315 99 175 251 190 390 18 103 155 83 378 213 234 227 398 93 224 179 232 225 97 71 33 260 148 238 129 330 192 48 31 304 0,93
PFG_MOEA,739,8,411.21,4974.5,0 382 383 10 391 271 39 46 54 268 272 30 66 166 205 208 6 204 154 305 326 283 65 297 62 241 110 140 286 317 333 180 220 158 189 64 20 126 124 7 56 217 55 25 367 170 361 209 287 0,55 62 66 220
PFG_MOEA,739,9,411.21,4974.5,0 380 0,
PFG_MOEA,739,10,411.21,4974.5,0 16 369 15 0,
PFG_MOEA,739,11,411.21,4974.5,0 168 203 178 82 41 0,178
PFG_MOEA,739,12,411.21,4974.5,0 335 360 338 202 306 370 342 144 176 27 98 78 196 296 347 332 216 47 125 9 150 147 324 211 244 223 104 310 282 143 309 5 195 379 79 160 50 60 270 257 210 45 153 278 87 171 353 348 75 328 248 258 376 368 290 343 349 344 243 117 0,
PFG_MOEA,740,1,312.55,5795.78,0 336 138 239 122 296 347 332 324 275 277 104 211 244 223 102 352 363 323 194 147 101 95 222 0,122 211 222 277
PFG_MOEA,740,2,312.55,5795.78,0 335 360 207 307 313 359 187 100 310 282 143 79 160 50 60 257 270 379 195 5 309 280 351 237 256 274 49 198 252 236 381 23 90 12 214 185 118 281 26 334 298 371 72 52 130 44 386 80 0,5 307
PFG_MOEA,740,3,312.55,5795.78,0 13 19 226 57 127 109 59 137 136 273 77 151 218 197 388 261 106 173 302 107 164 67 312 201 362 123 51 145 294 174 339 132 142 120 269 321 299 0,174
PFG_MOEA,740,4,312.55,5795.78,0 340 233 135 88 249 35 235 161 68 58 34 231 289 366 267 228 141 266 303 357 319 86 199 156 94 0,303
PFG_MOEA,740,5,312.55,5795.78,0 38 172 182 397 36 11 92 374 230 311 350 4 314 193 37 322 121 146 320 364 393 3 229 308 356 264 259 246 42 300 329 112 191 152 221 242 96 0,42 264
PFG_MOEA,740,6,312.55,5795.78,0 200 165 129 0,
PFG_MOEA,740,7,312.55,5795.78,0 304 330 395 400 394 188 301 372 21 167 291 139 149 157 63 316 387 17 43 33 71 224 260 0,
PFG_MOEA,740,8,312.55,5795.78,0 399 247 28 250 345 377 262 1 255 327 254 73 215 85 93 179 232 225 97 148 238 192 48 31 0,93
PFG_MOEA,740,9,312.55,5795.78,0 378 69 183 354 265 346 315 99 175 251 190 390 18 103 155 83 234 213 227 398 209 361 170 367 25 55 217 56 7 180 333 317 286 140 110 62 297 65 283 326 305 154 204 6 208 241 220 158 189 64 20 126 124 0,175
PFG_MOEA,740,10,312.55,5795.78,0 287 382 383 10 268 272 30 66 166 205 271 39 391 53 293 133 331 285 392 115 245 396 240 385 288 177 181 358 337 384 111 116 76 113 81 29 325 355 131 84 114 389 105 341 219 0,
PFG_MOEA,740,11,312.55,5795.78,0 91 24 212 375 14 108 169 373 8 263 292 70 318 184 284 74 279 159 162 22 134 186 89 216 47 125 9 150 163 61 365 253 206 46 54 0,
PFG_MOEA,740,12,312.55,5795.78,0 41 82 178 117 243 344 349 343 290 368 376 258 248 328 75 171 87 153 278 210 45 353 348 2 119 128 295 40 32 276 196 78 98 27 176 144 342 370 306 202 338 203 168 369 380 16 15 0,16 87 203
PFG_MOEA,741,1,389.39,5146.42,0 163 78 53 293 133 331 285 392 98 115 245 27 396 240 385 288 177 181 358 337 384 111 116 76 113 81 29 325 355 131 84 114 389 91 279 74 159 162 371 219 298 341 22 134 186 105 118 185 0,
PFG_MOEA,741,2,389.39,5146.42,0 281 26 334 24 212 375 284 14 184 318 70 292 263 8 373 169 108 72 52 130 44 386 51 145 123 362 201 294 312 67 164 107 302 173 106 261 388 197 218 151 77 273 136 137 59 109 127 57 226 19 13 80 0,
PFG_MOEA,741,3,389.39,5146.42,0 142 339 174 132 120 269 321 299 340 233 135 88 249 35 235 161 68 58 34 231 289 366 267 228 141 266 303 357 319 86 199 156 94 230 374 92 11 36 397 350 311 4 314 193 0,88
PFG_MOEA,741,4,389.39,5146.42,0 182 172 38 0,
PFG_MOEA,741,5,389.39,5146.42,0 37 322 121 146 320 364 393 3 229 308 356 264 259 246 42 300 329 112 152 191 165 200 221 242 96 0,152 264 329
PFG_MOEA,741,6,389.39,5146.42,0 129 33 71 224 260 0,
PFG_MOEA,741,7,389.39,5146.42,0 399 247 255 1 262 250 28 345 377 395 400 394 188 301 372 21 167 291 139 149 157 63 316 387 17 43 73 254 327 183 354 69 215 85 93 179 232 225 97 148 48 238 330 192 31 304 0,395
PFG_MOEA,741,8,389.39,5146.42,0 16 15 168 203 369 380 391 271 39 268 272 30 66 166 205 208 6 204 154 305 326 283 65 297 62 241 110 140 286 317 333 180 220 158 189 64 20 126 124 7 56 217 55 25 367 170 361 209 398 227 234 213 190 251 175 99 315 346 265 390 18 103 155 83 378 54 46 287 10 383 382 41 0,7 16 20 103 272
PFG_MOEA,741,9,389.39,5146.42,0 82 178 117 243 368 376 258 353 153 171 87 278 210 143 237 256 274 49 100 282 310 104 102 277 275 194 323 363 352 101 198 95 222 138 122 276 336 252 236 128 23 381 90 119 2 12 0,
PFG_MOEA,741,10,389.39,5146.42,0 344 349 351 280 309 5 79 160 50 60 257 270 379 195 45 348 75 328 248 290 343 187 0,
PFG_MOEA,741,11,389.39,5146.42,0 214 295 40 32 239 370 342 144 176 150 47 9 125 216 89 61 207 307 313 359 206 253 365 360 335 0,176
PFG_MOEA,741,12,389.39,5146.42,0 338 202 306 196 296 347 332 324 147 211 244 223 0,
PFG_MOEA,742,1,413.96,4915.5,0 187 206 253 365 359 313 307 207 61 12 89 2 119 128 236 252 336 138 163 222 95 198 351 280 237 256 274 49 100 102 277 275 194 323 363 352 101 53 293 133 331 285 392 122 239 276 32 40 295 23 381 90 113 81 29 76 116 111 384 337 358 181 177 288 385 240 396 245 115 22 118 185 214 0,245 381
PFG_MOEA,742,2,413.96,4915.5,0 281 84 131 325 355 114 389 186 134 341 298 26 334 0,
PFG_MOEA,742,3,413.96,4915.5,0 371 219 105 162 159 74 279 91 24 212 375 284 14 184 318 70 292 263 8 373 169 108 72 52 130 44 386 362 201 312 67 164 107 302 173 106 261 388 197 218 151 77 273 136 137 59 0,
PFG_MOEA,742,4,413.96,4915.5,0 57 127 109 226 0,
PFG_MOEA,742,5,413.96,4915.5,0 19 0,
PFG_MOEA,742,6,413.96,4915.5,0 38 303 357 266 141 86 199 228 267 366 289 231 34 58 68 161 235 35 249 88 135 233 319 182 172 13 80 0,88
PFG_MOEA,742,7,413.96,4915.5,0 399 397 36 11 92 156 94 230 374 350 311 4 314 193 340 299 321 269 120 142 37 51 123 145 132 339 322 121 146 294 174 320 364 393 3 229 308 356 264 259 246 42 300 329 112 191 165 200 221 242 96 0,11 340 374 393
PFG_MOEA,742,8,413.96,4915.5,0 152 247 255 1 262 250 28 345 377 395 400 394 188 301 372 21 167 291 139 149 157 63 316 387 327 17 43 85 215 73 254 183 354 69 265 346 315 99 175 251 190 390 18 103 155 83 378 213 234 227 398 93 0,1 152 175 227
PFG_MOEA,742,9,413.96,4915.5,0 304 31 48 192 330 238 129 148 260 391 271 39 268 272 30 66 166 205 208 6 204 154 305 326 283 65 297 62 241 110 140 286 317 333 180 220 158 189 64 20 126 124 7 56 217 55 25 367 170 361 209 71 33 97 225 232 179 224 0,55 391
PFG_MOEA,742,10,413.96,4915.5,0 287 10 383 382 0,
PFG_MOEA,742,11,413.96,4915.5,0 16 15 168 203 369 380 82 178 117 243 349 344 54 46 41 0,
PFG_MOEA,742,12,413.96,4915.5,0 335 360 216 150 9 47 125 309 5 343 290 368 376 258 248 328 75 171 87 278 153 353 348 45 210 195 379 270 257 60 50 160 79 143 282 310 104 223 244 211 324 147 332 347 296 196 78 98 27 176 144 342 370 306 202 338 0,
PFG_MOEA,743,1,320.55,5348.04,0 80 13 172 182 397 36 11 92 233 135 88 249 35 235 161 68 58 34 231 289 319 399 0,
PFG_MOEA,743,2,320.55,5348.04,0 374 230 94 156 311 350 4 314 193 340 299 321 269 120 142 132 339 174 320 364 308 229 3 393 294 146 121 322 123 145 51 37 0,393
PFG_MOEA,743,3,320.55,5348.04,0 96 242 221 200 165 112 329 300 191 152 247 255 1 262 42 250 28 246 259 264 356 345 377 395 400 394 188 301 372 21 167 291 139 149 157 63 316 387 327 17 43 85 215 73 254 183 354 69 265 346 315 99 175 251 190 0,215
PFG_MOEA,743,4,320.55,5348.04,0 304 31 192 330 238 129 398 227 234 213 18 390 286 140 110 241 93 260 148 48 0,
PFG_MOEA,743,5,320.55,5348.04,0 317 333 0,
PFG_MOEA,743,6,320.55,5348.04,0 33 71 209 361 170 367 25 55 217 56 7 180 220 158 189 64 20 126 124 224 10 383 382 16 203 168 15 0,25
PFG_MOEA,743,7,320.55,5348.04,0 380 369 335 360 216 150 9 47 125 309 5 195 379 270 210 45 348 353 153 278 87 171 75 328 248 258 376 368 290 343 54 46 344 349 243 117 178 82 41 0,
PFG_MOEA,743,8,320.55,5348.04,0 338 202 306 370 342 144 176 27 98 78 196 296 347 332 147 324 211 244 223 104 310 282 143 79 160 50 60 257 6 204 154 305 326 283 62 297 65 208 205 166 66 30 272 268 0,66
PFG_MOEA,743,9,320.55,5348.04,0 187 206 253 365 359 313 307 207 61 12 89 2 119 128 236 252 336 138 163 222 95 198 351 256 237 280 391 271 39 378 83 155 103 232 179 287 225 97 0,138 307
PFG_MOEA,743,10,320.55,5348.04,0 22 389 114 84 131 325 355 29 81 113 76 116 111 384 337 358 181 177 288 385 240 396 245 115 392 285 331 133 293 53 101 352 363 323 194 275 277 102 100 49 274 122 239 276 32 40 295 23 381 90 214 185 281 118 0,323 331
PFG_MOEA,743,11,320.55,5348.04,0 334 298 26 105 186 134 341 219 371 24 212 375 14 184 318 70 292 263 8 373 169 284 74 279 91 159 162 0,134
PFG_MOEA,743,12,320.55,5348.04,0 38 19 226 57 127 109 59 137 136 273 77 151 218 197 388 261 106 173 302 107 164 67 312 201 362 366 267 228 386 44 130 52 72 108 303 357 266 141 86 199 0,106 386
PFG_MOEA,744,1,270.73,5843.94,0 335 187 309 5 195 379 270 257 60 50 160 79 143 280 351 237 256 274 49 198 252 236 381 23 90 12 207 307 0,
PFG_MOEA,744,2,270.73,5843.94,0 61 313 359 206 253 365 360 214 185 118 281 26 334 298 371 22 134 186 162 159 292 263 8 373 318 70 184 284 74 279 0,134 284 313 318
PFG_MOEA,744,3,270.73,5843.94,0 91 169 108 14 375 212 24 192 330 238 129 200 165 112 191 152 127 57 109 59 137 273 136 247 17 43 85 215 33 71 224 260 148 48 31 304 0,33 200
PFG_MOEA,744,4,270.73,5843.94,0 73 254 69 354 183 327 387 157 149 188 394 316 63 262 1 255 250 28 42 400 395 377 345 356 264 259 246 308 229 197 218 151 77 107 164 67 302 388 3 106 173 261 320 364 0,
PFG_MOEA,744,5,270.73,5843.94,0 329 300 362 123 51 145 322 121 146 201 312 393 294 174 339 132 120 142 0,145 174
PFG_MOEA,744,6,270.73,5843.94,0 37 269 321 299 340 219 341 105 84 131 29 81 113 76 116 111 181 358 337 384 325 355 114 389 0,341
PFG_MOEA,744,7,270.73,5843.94,0 89 216 47 125 9 150 163 53 293 133 331 285 392 115 245 396 240 385 288 177 34 58 235 135 233 88 249 35 161 68 0,133 240
PFG_MOEA,744,8,270.73,5843.94,0 172 182 193 314 4 350 397 36 11 374 311 230 94 156 199 92 86 319 266 141 289 231 386 366 267 228 44 130 52 72 303 357 13 19 226 221 242 96 0,141 386
PFG_MOEA,744,9,270.73,5843.94,0 38 80 378 83 291 139 21 167 301 372 346 315 265 390 99 175 251 190 18 103 155 234 227 398 93 54 46 268 272 30 39 271 391 179 0,
PFG_MOEA,744,10,270.73,5843.94,0 97 225 232 209 361 213 170 367 328 248 258 376 368 290 343 66 349 344 243 117 178 82 41 16 380 369 196 78 98 27 176 144 342 370 306 202 338 203 168 15 399 0,82 176 225
PFG_MOEA,744,11,270.73,5843.94,0 287 64 166 205 75 348 353 45 210 278 153 171 87 6 208 158 189 220 241 62 297 65 283 204 154 305 326 110 140 180 333 317 286 25 55 217 56 7 124 126 20 10 0,65 126
PFG_MOEA,744,12,270.73,5843.94,0 2 119 128 295 40 32 276 239 122 296 332 347 138 336 222 95 101 194 147 324 275 323 363 352 277 102 223 244 211 104 310 100 282 383 382 0,2
PFG_MOEA,745,1,759.34,4800.0,0 219 341 105 389 114 84 131 355 325 29 81 113 76 116 111 384 337 358 181 177 288 385 240 396 245 115 392 285 331 133 293 53 163 150 9 125 47 216 89 61 206 253 365 0,245
PFG_MOEA,745,2,759.34,4800.0,0 22 134 186 162 159 279 74 284 184 318 70 292 263 8 373 169 108 14 375 212 24 91 0,318
PFG_MOEA,745,3,759.34,4800.0,0 304 31 48 148 260 224 71 33 129 238 330 192 200 165 112 191 152 127 57 109 59 137 273 136 247 17 43 85 215 73 254 69 354 183 327 387 157 149 188 394 316 63 262 1 255 250 28 42 400 395 377 345 356 264 259 246 308 229 197 218 151 77 107 164 67 302 388 3 106 173 261 320 364 393 312 201 362 329 300 123 51 145 322 121 146 294 174 339 132 120 142 37 269 321 299 340 233 135 88 249 35 161 235 68 58 34 386 231 289 366 267 228 44 130 52 72 303 357 319 266 141 86 92 199 156 94 230 311 374 11 36 397 350 4 314 193 182 172 13 19 226 221 242 96 80 38 0,33 106 174 200 303 311 394
PFG_MOEA,745,4,759.34,4800.0,0 378 83 155 103 18 190 251 175 99 315 346 372 301 167 21 139 291 265 390 234 0,
PFG_MOEA,745,5,759.34,4800.0,0 179 391 271 39 30 272 268 46 54 93 398 227 213 232 0,391
PFG_MOEA,745,6,759.34,4800.0,0 225 0,
PFG_MOEA,745,7,759.34,4800.0,0 97 209 361 170 367 0,
PFG_MOEA,745,8,759.34,4800.0,0 399 15 168 203 338 202 306 370 342 144 176 27 98 78 196 369 380 16 41 82 178 117 243 344 349 66 343 290 368 376 258 248 328 75 348 353 45 210 278 153 171 87 6 208 205 166 158 189 220 241 62 297 65 283 204 154 305 326 110 140 180 333 317 286 25 55 217 56 7 124 126 20 64 287 10 383 382 0,62 66 205 220 342
PFG_MOEA,745,9,759.34,4800.0,0 2 119 128 295 40 32 276 239 122 296 332 347 138 336 222 95 101 194 147 324 275 323 363 352 277 102 223 244 211 104 310 100 282 143 79 160 50 60 257 270 379 195 5 309 280 351 237 256 274 49 198 252 236 0,
PFG_MOEA,745,10,759.34,4800.0,0 381 23 90 12 207 307 0,
PFG_MOEA,745,11,759.34,4800.0,0 335 187 359 313 360 214 0,
PFG_MOEA,745,12,759.34,4800.0,0 185 118 281 26 334 298 371 0,
PFG_MOEA,746,1,314.81,5596.11,0 12 90 128 236 252 336 276 138 222 198 49 274 256 237 351 280 309 5 290 343 313 207 0,222
PFG_MOEA,746,2,314.81,5596.11,0 91 292 263 8 373 169 108 14 375 212 24 371 219 341 298 334 26 281 118 185 214 295 40 32 239 122 95 101 352 363 323 194 275 277 102 100 23 381 119 2 307 359 187 148 48 31 304 0,23
PFG_MOEA,746,3,314.81,5596.11,0 260 224 71 33 127 152 191 112 165 200 129 238 330 192 0,33
PFG_MOEA,746,4,314.81,5596.11,0 57 67 302 173 106 3 388 164 107 77 151 218 197 229 308 246 259 264 356 345 377 395 400 42 28 250 255 1 262 63 316 394 188 149 157 387 327 183 354 69 254 73 215 85 43 17 247 136 273 137 59 109 0,
PFG_MOEA,746,5,314.81,5596.11,0 329 300 362 123 51 145 322 121 146 201 261 320 364 393 312 294 174 339 132 206 253 365 360 335 0,362 393
PFG_MOEA,746,6,314.81,5596.11,0 61 358 181 177 288 385 240 396 245 115 392 285 331 133 293 53 163 150 9 125 47 216 89 0,
PFG_MOEA,746,7,314.81,5596.11,0 80 13 19 226 35 161 235 58 34 386 231 289 366 267 228 44 130 52 72 318 70 184 284 74 279 159 162 389 114 355 325 384 337 111 116 76 113 81 29 131 84 105 186 134 22 0,
PFG_MOEA,746,8,314.81,5596.11,0 38 96 242 221 172 182 397 350 311 4 314 193 230 94 156 374 36 11 92 319 357 303 266 141 86 199 68 135 88 249 233 340 299 321 269 120 142 37 301 21 139 291 167 372 346 315 99 175 251 0,182
PFG_MOEA,746,9,314.81,5596.11,0 97 225 232 179 391 271 158 241 62 297 65 283 204 154 305 326 110 140 286 317 333 180 220 126 124 7 56 217 55 25 367 170 361 209 227 234 213 190 390 265 18 103 155 83 378 398 93 54 46 268 272 30 39 0,65 154
PFG_MOEA,746,10,314.81,5596.11,0 399 15 16 380 41 82 178 117 243 344 349 20 189 64 166 205 208 6 87 171 153 278 210 353 258 376 368 66 287 10 383 382 0,243
PFG_MOEA,746,11,314.81,5596.11,0 369 338 203 168 0,
PFG_MOEA,746,12,314.81,5596.11,0 202 306 370 342 144 176 27 98 78 196 296 347 332 324 147 211 244 223 104 310 282 143 79 160 50 60 257 270 379 195 45 348 75 328 248 0,370
PFG_MOEA,747,1,411.21,4974.5,0 12 90 381 23 32 276 239 336 138 222 198 49 274 256 237 351 280 252 236 128 119 2 0,23
PFG_MOEA,747,2,411.21,4974.5,0 22 118 185 214 295 40 122 392 285 331 133 293 53 101 352 363 323 194 275 277 102 100 95 163 61 89 207 307 313 359 365 253 206 187 0,22 100
PFG_MOEA,747,3,411.21,4974.5,0 115 0,
PFG_MOEA,747,4,411.21,4974.5,0 245 396 240 385 288 177 181 358 337 384 111 116 76 113 81 29 325 355 0,
PFG_MOEA,747,5,411.21,4974.5,0 281 26 334 298 341 134 186 131 84 114 389 105 219 371 162 159 74 279 91 24 212 375 284 14 184 318 70 292 263 8 373 169 108 72 52 130 44 386 362 201 312 67 164 107 302 173 106 261 388 197 218 151 77 273 136 137 59 109 127 57 226 19 13 80 0,77 106 284
PFG_MOEA,747,6,411.21,4974.5,0 38 172 182 319 303 357 266 141 86 199 228 267 366 289 231 34 58 68 161 235 35 249 88 135 233 156 94 230 374 92 11 36 397 350 311 4 314 193 340 299 321 269 120 142 37 51 123 145 132 339 322 121 146 294 174 320 364 393 3 229 308 356 264 259 246 42 300 329 112 221 242 96 0,51 174 229 246 299
PFG_MOEA,747,7,411.21,4974.5,0 399 200 165 191 152 247 255 1 262 250 28 345 377 395 400 394 188 301 372 21 167 291 139 149 157 63 316 387 327 17 43 85 215 73 254 183 354 69 265 346 315 99 175 251 190 390 18 103 155 83 378 213 234 227 398 93 224 179 232 225 97 71 33 260 148 238 129 330 192 48 31 304 0,93
PFG_MOEA,747,8,411.21,4974.5,0 382 383 10 391 271 39 46 54 268 272 30 66 166 205 208 6 204 154 305 326 283 65 297 62 241 110 140 286 317 333 180 220 158 189 64 20 126 124 7 56 217 55 25 367 170 361 209 287 0,55 62 66 220
PFG_MOEA,747,9,411.21,4974.5,0 380 0,
PFG_MOEA,747,10,411.21,4974.5,0 16 369 15 0,
PFG_MOEA,747,11,411.21,4974.5,0 168 203 178 82 41 0,178
PFG_MOEA,747,12,411.21,4974.5,0 335 360 338 202 306 370 342 144 176 27 98 78 196 296 347 332 216 47 125 9 150 147 324 211 244 223 104 310 282 143 309 5 195 379 79 160 50 60 270 257 210 45 153 278 87 171 353 348 75 328 248 258 376 368 290 343 349 344 243 117 0,
PFG_MOEA,748,1,312.55,5795.78,0 336 138 239 122 296 347 332 324 275 277 104 211 244 223 102 352 363 323 194 147 101 95 222 0,122 211 222 277
PFG_MOEA,748,2,312.55,5795.78,0 335 360 207 307 313 359 187 100 310 282 143 79 160 50 60 257 270 379 195 5 309 280 351 237 256 274 49 198 252 236 381 23 90 12 214 185 118 281 26 334 298 371 72 52 130 44 386 80 0,5 307
PFG_MOEA,748,3,312.55,5795.78,0 13 19 226 57 127 109 59 137 136 273 77 151 218 197 388 261 106 173 302 107 164 67 312 201 362 123 51 145 294 174 339 132 142 120 269 321 299 0,174
PFG_MOEA,748,4,312.55,5795.78,0 340 233 135 88 249 35 235 161 68 58 34 231 289 366 267 228 141 266 303 357 319 86 199 156 94 0,303
PFG_MOEA,748,5,312.55,5795.78,0 38 172 182 397 36 11 92 374 230 311 350 4 314 193 37 322 121 146 320 364 393 3 229 308 356 264 259 246 42 300 329 112 191 152 221 242 96 0,42 264
PFG_MOEA,748,6,312.55,5795.78,0 200 165 129 0,
PFG_MOEA,748,7,312.55,5795.78,0 304 330 395 400 394 188 301 372 21 167 291 139 149 157 63 316 387 17 43 33 71 224 260 0,
PFG_MOEA,748,8,312.55,5795.78,0 399 247 28 250 345 377 262 1 255 327 254 73 215 85 93 179 232 225 97 148 238 192 48 31 0,93
PFG_MOEA,748,9,312.55,5795.78,0 378 69 183 354 265 346 315 99 175 251 190 390 18 103 155 83 234 213 227 398 209 361 170 367 25 55 217 56 7 180 333 317 286 140 110 62 297 65 283 326 305 154 204 6 208 241 220 158 189 64 20 126 124 0,175
PFG_MOEA,748,10,312.55,5795.78,0 287 382 383 10 268 272 30 66 166 205 271 39 391 53 293 133 331 285 392 115 245 396 240 385 288 177 181 358 337 384 111 116 76 113 81 29 325 355 131 84 114 389 105 341 219 0,
PFG_MOEA,748,11,312.55,5795.78,0 91 24 212 375 14 108 169 373 8 263 292 70 318 184 284 74 279 159 162 22 134 186 89 216 47 125 9 150 163 61 365 253 206 46 54 0,
PFG_MOEA,748,12,312.55,5795.78,0 41 82 178 117 243 344 349 343 290 368 376 258 248 328 75 171 87 153 278 210 45 353 348 2 119 128 295 40 32 276 196 78 98 27 176 144 342 370 306 202 338 203 168 369 380 16 15 0,16 87 203
PFG_MOEA,749,1,389.39,5146.42,0 163 78 53 293 133 331 285 392 98 115 245 27 396 240 385 288 177 181 358 337 384 111 116 76 113 81 29 325 355 131 84 114 389 91 279 74 159 162 371 219 298 341 22 134 186 105 118 185 0,
PFG_MOEA,749,2,389.39,5146.42,0 281 26 334 24 212 375 284 14 184 318 70 292 263 8 373 169 108 72 52 130 44 386 51 145 123 362 201 294 312 67 164 107 302 173 106 261 388 197 218 151 77 273 136 137 59 109 127 57 226 19 13 80 0,
PFG_MOEA,749,3,389.39,5146.42,0 142 339 174 132 120 269 321 299 340 233 135 88 249 35 235 161 68 58 34 231 289 366 267 228 141 266 303 357 319 86 199 156 94 230 374 92 11 36 397 350 311 4 314 193 0,88
PFG_MOEA,749,4,389.39,5146.42,0 182 172 38 0,
PFG_MOEA,749,5,389.39,5146.42,0 37 322 121 146 320 364 393 3 229 308 356 264 259 246 42 300 329 112 152 191 165 200 221 242 96 0,152 264 329
PFG_MOEA,749,6,389.39,5146.42,0 129 33 71 224 260 0,
PFG_MOEA,749,7,389.39,5146.42,0 399 247 255 1 262 250 28 345 377 395 400 394 188 301 372 21 167 291 139 149 157 63 316 387 17 43 73 254 327 183 354 69 215 85 93 179 232 225 97 148 48 238 330 192 31 304 0,395
PFG_MOEA,749,8,389.39,5146.42,0 16 15 168 203 369 380 391 271 39 268 272 30 66 166 205 208 6 204 154 305 326 283 65 297 62 241 110 140 286 317 333 180 220 158 189 64 20 126 124 7 56 217 55 25 367 170 361 209 398 227 234 213 190 251 175 99 315 346 265 390 18 103 155 83 378 54 46 287 10 383 382 41 0,7 16 20 103 272
PFG_MOEA,749,9,389.39,5146.42,0 82 178 117 243 368 376 258 353 153 171 87 278 210 143 237 256 274 49 100 282 310 104 102 277 275 194 323 363 352 101 198 95 222 138 122 276 336 252 236 128 23 381 90 119 2 12 0,
PFG_MOEA,749,10,389.39,5146.42,0 344 349 351 280 309 5 79 160 50 60 257 270 379 195 45 348 75 328 248 290 343 187 0,
PFG_MOEA,749,11,389.39,5146.42,0 214 295 40 32 239 370 342 144 176 150 47 9 125 216 89 61 207 307 313 359 206 253 365 360 335 0,176
PFG_MOEA,749,12,389.39,5146.42,0 338 202 306 196 296 347 332 324 147 211 244 223 0,
PFG_MOEA,750,1,413.96,4915.5,0 187 206 253 365 359 313 307 207 61 12 89 2 119 128 236 252 336 138 163 222 95 198 351 280 237 256 274 49 100 102 277 275 194 323 363 352 101 53 293 133 331 285 392 122 239 276 32 40 295 23 381 90 113 81 29 76 116 111 384 337 358 181 177 288 385 240 396 245 115 22 118 185 214 0,245 381
PFG_MOEA,750,2,413.96,4915.5,0 281 84 131 325 355 114 389 186 134 341 298 26 334 0,
PFG_MOEA,750,3,413.96,4915.5,0 371 219 105 162 159 74 279 91 24 212 375 284 14 184 318 70 292 263 8 373 169 108 72 52 130 44 386 362 201 312 67 164 107 302 173 106 261 388 197 218 151 77 273 136 137 59 0,
PFG_MOEA,750,4,413.96,4915.5,0 57 127 109 226 0,
PFG_MOEA,750,5,413.96,4915.5,0 19 0,
PFG_MOEA,750,6,413.96,4915.5,0 38 303 357 266 141 86 199 228 267 366 289 231 34 58 68 161 235 35 249 88 135 233 319 182 172 13 80 0,88
PFG_MOEA,750,7,413.96,4915.5,0 399 397 36 11 92 156 94 230 374 350 311 4 314 193 340 299 321 269 120 142 37 51 123 145 132 339 322 121 146 294 174 320 364 393 3 229 308 356 264 259 246 42 300 329 112 191 165 200 221 242 96 0,11 340 374 393
PFG_MOEA,750,8,413.96,4915.5,0 152 247 255 1 262 250 28 345 377 395 400 394 188 301 372 21 167 291 139 149 157 63 316 387 327 17 43 85 215 73 254 183 354 69 265 346 315 99 175 251 190 390 18 103 155 83 378 213 234 227 398 93 0,1 152 175 227
PFG_MOEA,750,9,413.96,4915.5,0 304 31 48 192 330 238 129 148 260 391 271 39 268 272 30 66 166 205 208 6 204 154 305 326 283 65 297 62 241 110 140 286 317 333 180 220 158 189 64 20 126 124 7 56 217 55 25 367 170 361 209 71 33 97 225 232 179 224 0,55 391
PFG_MOEA,750,10,413.96,4915.5,0 287 10 383 382 0,
PFG_MOEA,750,11,413.96,4915.5,0 16 15 168 203 369 380 82 178 117 243 349 344 54 46 41 0,
PFG_MOEA,750,12,413.96,4915.5,0 335 360 216 150 9 47 125 309 5 343 290 368 376 258 248 328 75 171 87 278 153 353 348 45 210 195 379 270 257 60 50 160 79 143 282 310 104 223 244 211 324 147 332 347 296 196 78 98 27 176 144 342 370 306 202 338 0,
PFG_MOEA,751,1,320.55,5348.04,0 80 13 172 182 397 36 11 92 233 135 88 249 35 235 161 68 58 34 231 289 319 399 0,
PFG_MOEA,751,2,320.55,5348.04,0 374 230 94 156 311 350 4 314 193 340 299 321 269 120 142 132 339 174 320 364 308 229 3 393 294 146 121 322 123 145 51 37 0,393
PFG_MOEA,751,3,320.55,5348.04,0 96 242 221 200 165 112 329 300 191 152 247 255 1 262 42 250 28 246 259 264 356 345 377 395 400 394 188 301 372 21 167 291 139 149 157 63 316 387 327 17 43 85 215 73 254 183 354 69 265 346 315 99 175 251 190 0,215
PFG_MOEA,751,4,320.55,5348.04,0 304 31 192 330 238 129 398 227 234 213 18 390 286 140 110 241 93 260 148 48 0,
PFG_MOEA,751,5,320.55,5348.04,0 317 333 0,
PFG_MOEA,751,6,320.55,5348.04,0 33 71 209 361 170 367 25 55 217 56 7 180 220 158 189 64 20 126 124 224 10 383 382 16 203 168 15 0,25
PFG_MOEA,751,7,320.55,5348.04,0 380 369 335 360 216 150 9 47 125 309 5 195 379 270 210 45 348 353 153 278 87 171 75 328 248 258 376 368 290 343 54 46 344 349 243 117 178 82 41 0,
PFG_MOEA,751,8,320.55,5348.04,0 338 202 306 370 342 144 176 27 98 78 196 296 347 332 147 324 211 244 223 104 310 282 143 79 160 50 60 257 6 204 154 305 326 283 62 297 65 208 205 166 66 30 272 268 0,66
PFG_MOEA,751,9,320.55,5348.04,0 187 206 253 365 359 313 307 207 61 12 89 2 119 128 236 252 336 138 163 222 95 198 351 256 237 280 391 271 39 378 83 155 103 232 179 287 225 97 0,138 307
PFG_MOEA,751,10,320.55,5348.04,0 22 389 114 84 131 325 355 29 81 113 76 116 111 384 337 358 181 177 288 385 240 396 245 115 392 285 331 133 293 53 101 352 363 323 194 275 277 102 100 49 274 122 239 276 32 40 295 23 381 90 214 185 281 118 0,323 331
PFG_MOEA,751,11,320.55,5348.04,0 334 298 26 105 186 134 341 219 371 24 212 375 14 184 318 70 292 263 8 373 169 284 74 279 91 159 162 0,134
PFG_MOEA,751,12,320.55,5348.04,0 38 19 226 57 127 109 59 137 136 273 77 151 218 197 388 261 106 173 302 107 164 67 312 201 362 366 267 228 386 44 130 52 72 108 303 357 266 141 86 199 0,106 386
PFG_MOEA,752,1,270.73,5843.94,0 335 187 309 5 195 379 270 257 60 50 160 79 143 280 351 237 256 274 49 198 252 236 381 23 90 12 207 307 0,
PFG_MOEA,752,2,270.73,5843.94,0 61 313 359 206 253 365 360 214 185 118 281 26 334 298 371 22 134 186 162 159 292 263 8 373 318 70 184 284 74 279 0,134 284 313 318
PFG_MOEA,752,3,270.73,5843.94,0 91 169 108 14 375 212 24 192 330 238 129 200 165 112 191 152 127 57 109 59 137 273 136 247 17 43 85 215 33 71 224 260 148 48 31 304 0,33 200
PFG_MOEA,752,4,270.73,5843.94,0 73 254 69 354 183 327 387 157 149 188 394 316 63 262 1 255 250 28 42 400 395 377 345 356 264 259 246 308 229 197 218 151 77 107 164 67 302 388 3 106 173 261 320 364 0,
PFG_MOEA,752,5,270.73,5843.94,0 329 300 362 123 51 145 322 121 146 201 312 393 294 174 339 132 120 142 0,145 174
PFG_MOEA,752,6,270.73,5843.94,0 37 269 321 299 340 219 341 105 84 131 29 81 113 76 116 111 181 358 337 384 325 355 114 389 0,341
PFG_MOEA,752,7,270.73,5843.94,0 89 216 47 125 9 150 163 53 293 133 331 285 392 115 245 396 240 385 288 177 34 58 235 135 233 88 249 35 161 68 0,133 240
PFG_MOEA,752,8,270.73,5843.94,0 172 182 193 314 4 350 397 36 11 374 311 230 94 156 199 92 86 319 266 141 289 231 386 366 267 228 44 130 52 72 303 357 13 19 226 221 242 96 0,141 386
PFG_MOEA,752,9,270.73,5843.94,0 38 80 378 83 291 139 21 167 301 372 346 315 265 390 99 175 251 190 18 103 155 234 227 398 93 54 46 268 272 30 39 271 391 179 0,
PFG_MOEA,752,10,270.73,5843.94,0 97 225 232 209 361 213 170 367 328 248 258 376 368 290 343 66 349 344 243 117 178 82 41 16 380 369 196 78 98 27 176 144 342 370 306 202 338 203 168 15 399 0,82 176 225
PFG_MOEA,752,11,270.73,5843.94,0 287 64 166 205 75 348 353 45 210 278 153 171 87 6 208 158 189 220 241 62 297 65 283 204 154 305 326 110 140 180 333 317 286 25 55 217 56 7 124 126 20 10 0,65 126
PFG_MOEA,752,12,270.73,5843.94,0 2 119 128 295 40 32 276 239 122 296 332 347 138 336 222 95 101 194 147 324 275 323 363 352 277 102 223 244 211 104 310 100 282 383 382 0,2
PFG_MOEA,753,1,369.23,5154.87,0 90 295 40 32 276 239 122 222 95 101 323 363 352 102 277 275 194 53 293 133 331 285 392 115 245 396 240 385 288 177 181 358 337 384 111 116 76 113 81 29 325 131 84 355 114 389 279 74 159 162 371 219 341 22 134 186 105 298 334 26 281 118 185 214 0,40 240 245 331
PFG_MOEA,753,2,369.23,5154.87,0 91 24 212 375 284 14 184 318 70 292 263 8 373 169 108 72 52 130 44 386 0,318
PFG_MOEA,753,3,369.23,5154.87,0 362 201 312 67 164 107 302 173 106 261 388 197 218 151 77 273 136 0,106
PFG_MOEA,753,4,369.23,5154.87,0 399 172 182 397 36 11 92 86 141 266 303 357 319 199 228 267 366 289 231 34 58 68 161 235 35 249 88 135 233 156 94 230 374 350 311 4 314 193 340 299 321 269 120 142 37 51 145 123 137 59 109 127 57 226 19 13 80 38 0,340
PFG_MOEA,753,5,369.23,5154.87,0 132 339 322 0,
PFG_MOEA,753,6,369.23,5154.87,0 96 242 221 200 165 112 191 152 329 300 121 146 294 174 320 364 393 3 229 308 259 246 264 356 345 377 395 400 42 250 28 247 255 1 262 63 157 291 167 21 372 301 188 394 139 149 316 387 327 17 43 85 215 73 254 183 354 69 265 346 315 99 0,1 200 393
PFG_MOEA,753,7,369.23,5154.87,0 93 398 227 234 213 190 251 175 390 18 103 155 83 378 31 304 0,
PFG_MOEA,753,8,369.23,5154.87,0 48 192 330 238 129 148 260 391 0,
PFG_MOEA,753,9,369.23,5154.87,0 268 272 30 65 283 326 305 154 204 6 208 205 166 66 271 39 0,272
PFG_MOEA,753,10,369.23,5154.87,0 124 126 20 64 189 158 220 241 297 62 110 140 286 317 333 180 7 56 217 55 25 367 170 361 209 71 97 33 0,
PFG_MOEA,753,11,369.23,5154.87,0 15 16 380 369 168 203 338 202 306 370 342 144 176 27 98 78 196 296 347 332 324 147 211 244 223 210 45 348 353 153 278 87 171 75 328 248 258 376 368 290 343 54 46 224 225 232 179 287 10 383 382 41 344 349 243 117 178 82 125 9 47 150 216 360 335 0,47 87 353
PFG_MOEA,753,12,369.23,5154.87,0 207 307 313 359 365 253 206 187 100 310 104 282 143 79 160 50 60 257 270 379 195 5 309 280 351 237 256 274 49 198 163 138 336 252 236 381 23 128 119 2 89 12 61 0,
PFG_MOEA,754,1,759.34,4800.0,0 219 341 105 389 114 84 131 355 325 29 81 113 76 116 111 384 337 358 181 177 288 385 240 396 245 115 392 285 331 133 293 53 163 150 9 125 47 216 89 61 206 253 365 0,245
PFG_MOEA,754,2,759.34,4800.0,0 22 134 186 162 159 279 74 284 184 318 70 292 263 8 373 169 108 14 375 212 24 91 0,318
PFG_MOEA,754,3,759.34,4800.0,0 304 31 48 148 260 224 71 33 129 238 330 192 200 165 112 191 152 127 57 109 59 137 273 136 247 17 43 85 215 73 254 69 354 183 327 387 157 149 188 394 316 63 262 1 255 250 28 42 400 395 377 345 356 264 259 246 308 229 197 218 151 77 107 164 67 302 388 3 106 173 261 320 364 393 312 201 362 329 300 123 51 145 322 121 146 294 174 339 132 120 142 37 269 321 299 340 233 135 88 249 35 161 235 68 58 34 386 231 289 366 267 228 44 130 52 72 303 357 319 266 141 86 92 199 156 94 230 311 374 11 36 397 350 4 314 193 182 172 13 19 226 221 242 96 80 38 0,33 106 174 200 303 311 394
PFG_MOEA,754,4,759.34,4800.0,0 378 83 155 103 18 190 251 175 99 315 346 372 301 167 21 139 291 265 390 234 0,
PFG_MOEA,754,5,759.34,4800.0,0 179 391 271 39 30 272 268 46 54 93 398 227 213 232 0,391
PFG_MOEA,754,6,759.34,4800.0,0 225 0,
PFG_MOEA,754,7,759.34,4800.0,0 97 209 361 170 367 0,
PFG_MOEA,754,8,759.34,4800.0,0 399 15 168 203 338 202 306 370 342 144 176 27 98 78 196 369 380 16 41 82 178 117 243 344 349 66 343 290 368 376 258 248 328 75 348 353 45 210 278 153 171 87 6 208 205 166 158 189 220 241 62 297 65 283 204 154 305 326 110 140 180 333 317 286 25 55 217 56 7 124 126 20 64 287 10 383 382 0,62 66 205 220 342
PFG_MOEA,754,9,759.34,4800.0,0 2 119 128 295 40 32 276 239 122 296 332 347 138 336 222 95 101 194 147 324 275 323 363 352 277 102 223 244 211 104 310 100 282 143 79 160 50 60 257 270 379 195 5 309 280 351 237 256 274 49 198 252 236 0,
PFG_MOEA,754,10,759.34,4800.0,0 381 23 90 12 207 307 0,
PFG_MOEA,754,11,759.34,4800.0,0 335 187 359 313 360 214 0,
PFG_MOEA,754,12,759.34,4800.0,0 185 118 281 26 334 298 371 0,
PFG_MOEA,755,1,314.81,5596.11,0 12 90 128 236 252 336 276 138 222 198 49 274 256 237 351 280 309 5 290 343 313 207 0,222
PFG_MOEA,755,2,314.81,5596.11,0 91 292 263 8 373 169 108 14 375 212 24 371 219 341 298 334 26 281 118 185 214 295 40 32 239 122 95 101 352 363 323 194 275 277 102 100 23 381 119 2 307 359 187 148 48 31 304 0,23
PFG_MOEA,755,3,314.81,5596.11,0 260 224 71 33 127 152 191 112 165 200 129 238 330 192 0,33
PFG_MOEA,755,4,314.81,5596.11,0 57 67 302 173 106 3 388 164 107 77 151 218 197 229 308 246 259 264 356 345 377 395 400 42 28 250 255 1 262 63 316 394 188 149 157 387 327 183 354 69 254 73 215 85 43 17 247 136 273 137 59 109 0,
PFG_MOEA,755,5,314.81,5596.11,0 329 300 362 123 51 145 322 121 146 201 261 320 364 393 312 294 174 339 132 206 253 365 360 335 0,362 393
PFG_MOEA,755,6,314.81,5596.11,0 61 358 181 177 288 385 240 396 245 115 392 285 331 133 293 53 163 150 9 125 47 216 89 0,
PFG_MOEA,755,7,314.81,5596.11,0 80 13 19 226 35 161 235 58 34 386 231 289 366 267 228 44 130 52 72 318 70 184 284 74 279 159 162 389 114 355 325 384 337 111 116 76 113 81 29 131 84 105 186 134 22 0,
PFG_MOEA,755,8,314.81,5596.11,0 38 96 242 221 172 182 397 350 311 4 314 193 230 94 156 374 36 11 92 319 357 303 266 141 86 199 68 135 88 249 233 340 299 321 269 120 142 37 301 21 139 291 167 372 346 315 99 175 251 0,182
PFG_MOEA,755,9,314.81,5596.11,0 97 225 232 179 391 271 158 241 62 297 65 283 204 154 305 326 110 140 286 317 333 180 220 126 124 7 56 217 55 25 367 170 361 209 227 234 213 190 390 265 18 103 155 83 378 398 93 54 46 268 272 30 39 0,65 154
PFG_MOEA,755,10,314.81,5596.11,0 399 15 16 380 41 82 178 117 243 344 349 20 189 64 166 205 208 6 87 171 153 278 210 353 258 376 368 66 287 10 383 382 0,243
PFG_MOEA,755,11,314.81,5596.11,0 369 338 203 168 0,
PFG_MOEA,755,12,314.81,5596.11,0 202 306 370 342 144 176 27 98 78 196 296 347 332 324 147 211 244 223 104 310 282 143 79 160 50 60 257 270 379 195 45 348 75 328 248 0,370
PFG_MOEA,756,1,411.21,4974.5,0 12 90 381 23 32 276 239 336 138 222 198 49 274 256 237 351 280 252 236 128 119 2 0,23
PFG_MOEA,756,2,411.21,4974.5,0 22 118 185 214 295 40 122 392 285 331 133 293 53 101 352 363 323 194 275 277 102 100 95 163 61 89 207 307 313 359 365 253 206 187 0,22 100
PFG_MOEA,756,3,411.21,4974.5,0 115 0,
PFG_MOEA,756,4,411.21,4974.5,0 245 396 240 385 288 177 181 358 337 384 111 116 76 113 81 29 325 355 0,
PFG_MOEA,756,5,411.21,4974.5,0 281 26 334 298 341 134 186 131 84 114 389 105 219 371 162 159 74 279 91 24 212 375 284 14 184 318 70 292 263 8 373 169 108 72 52 130 44 386 362 201 312 67 164 107 302 173 106 261 388 197 218 151 77 273 136 137 59 109 127 57 226 19 13 80 0,77 106 284
PFG_MOEA,756,6,411.21,4974.5,0 38 172 182 319 303 357 266 141 86 199 228 267 366 289 231 34 58 68 161 235 35 249 88 135 233 156 94 230 374 92 11 36 397 350 311 4 314 193 340 299 321 269 120 142 37 51 123 145 132 339 322 121 146 294 174 320 364 393 3 229 308 356 264 259 246 42 300 329 112 221 242 96 0,51 174 229 246 299
PFG_MOEA,756,7,411.21,4974.5,0 399 200 165 191 152 247 255 1 262 250 28 345 377 395 400 394 188 301 372 21 167 291 139 149 157 63 316 387 327 17 43 85 215 73 254 183 354 69 265 346 315 99 175 251 190 390 18 103 155 83 378 213 234 227 398 93 224 179 232 225 97 71 33 260 148 238 129 330 192 48 31 304 0,93
PFG_MOEA,756,8,411.21,4974.5,0 382 383 10 391 271 39 46 54 268 272 30 66 166 205 208 6 204 154 305 326 283 65 297 62 241 110 140 286 317 333 180 220 158 189 64 20 126 124 7 56 217 55 25 367 170 361 209 287 0,55 62 66 220
PFG_MOEA,756,9,411.21,4974.5,0 380 0,
PFG_MOEA,756,10,411.21,4974.5,0 16 369 15 0,
PFG_MOEA,756,11,411.21,4974.5,0 168 203 178 82 41 0,178
PFG_MOEA,756,12,411.21,4974.5,0 335 360 338 202 306 370 342 144 176 27 98 78 196 296 347 332 216 47 125 9 150 147 324 211 244 223 104 310 282 143 309 5 195 379 79 160 50 60 270 257 210 45 153 278 87 171 353 348 75 328 248 258 376 368 290 343 349 344 243 117 0,
PFG_MOEA,757,1,312.55,5795.78,0 336 138 239 122 296 347 332 324 275 277 104 211 244 223 102 352 363 323 194 147 101 95 222 0,122 211 222 277
PFG_MOEA,757,2,312.55,5795.78,0 335 360 207 307 313 359 187 100 310 282 143 79 160 50 60 257 270 379 195 5 309 280 351 237 256 274 49 198 252 236 381 23 90 12 214 185 118 281 26 334 298 371 72 52 130 44 386 80 0,5 307
PFG_MOEA,757,3,312.55,5795.78,0 13 19 226 57 127 109 59 137 136 273 77 151 218 197 388 261 106 173 302 107 164 67 312 201 362 123 51 145 294 174 339 132 142 120 269 321 299 0,174
PFG_MOEA,757,4,312.55,5795.78,0 340 233 135 88 249 35 235 161 68 58 34 231 289 366 267 228 141 266 303 357 319 86 199 156 94 0,303
PFG_MOEA,757,5,312.55,5795.78,0 38 172 182 397 36 11 92 374 230 311 350 4 314 193 37 322 121 146 320 364 393 3 229 308 356 264 259 246 42 300 329 112 191 152 221 242 96 0,42 264
PFG_MOEA,757,6,312.55,5795.78,0 200 165 129 0,
PFG_MOEA,757,7,312.55,5795.78,0 304 330 395 400 394 188 301 372 21 167 291 139 149 157 63 316 387 17 43 33 71 224 260 0,
PFG_MOEA,757,8,312.55,5795.78,0 399 247 28 250 345 377 262 1 255 327 254 73 215 85 93 179 232 225 97 148 238 192 48 31 0,93
PFG_MOEA,757,9,312.55,5795.78,0 378 69 183 354 265 346 315 99 175 251 190 390 18 103 155 83 234 213 227 398 209 361 170 367 25 55 217 56 7 180 333 317 286 140 110 62 297 65 283 326 305 154 204 6 208 241 220 158 189 64 20 126 124 0,175
PFG_MOEA,757,10,312.55,5795.78,0 287 382 383 10 268 272 30 66 166 205 271 39 391 53 293 133 331 285 392 115 245 396 240 385 288 177 181 358 337 384 111 116 76 113 81 29 325 355 131 84 114 389 105 341 219 0,
PFG_MOEA,757,11,312.55,5795.78,0 91 24 212 375 14 108 169 373 8 263 292 70 318 184 284 74 279 159 162 22 134 186 89 216 47 125 9 150 163 61 365 253 206 46 54 0,
PFG_MOEA,757,12,312.55,5795.78,0 41 82 178 117 243 344 349 343 290 368 376 258 248 328 75 171 87 153 278 210 45 353 348 2 119 128 295 40 32 276 196 78 98 27 176 144 342 370 306 202 338 203 168 369 380 16 15 0,16 87 203
PFG_MOEA,758,1,389.39,5146.42,0 163 78 53 293 133 331 285 392 98 115 245 27 396 240 385 288 177 181 358 337 384 111 116 76 113 81 29 325 355 131 84 114 389 91 279 74 159 162 371 219 298 341 22 134 186 105 118 185 0,
PFG_MOEA,758,2,389.39,5146.42,0 281 26 334 24 212 375 284 14 184 318 70 292 263 8 373 169 108 72 52 130 44 386 51 145 123 362 201 294 312 67 164 107 302 173 106 261 388 197 218 151 77 273 136 137 59 109 127 57 226 19 13 80 0,
PFG_MOEA,758,3,389.39,5146.42,0 142 339 174 132 120 269 321 299 340 233 135 88 249 35 235 161 68 58 34 231 289 366 267 228 141 266 303 357 319 86 199 156 94 230 374 92 11 36 397 350 311 4 314 193 0,88
PFG_MOEA,758,4,389.39,5146.42,0 182 172 38 0,
PFG_MOEA,758,5,389.39,5146.42,0 37 322 121 146 320 364 393 3 229 308 356 264 259 246 42 300 329 112 152 191 165 200 221 242 96 0,152 264 329
PFG_MOEA,758,6,389.39,5146.42,0 129 33 71 224 260 0,
PFG_MOEA,758,7,389.39,5146.42,0 399 247 255 1 262 250 28 345 377 395 400 394 188 301 372 21 167 291 139 149 157 63 316 387 17 43 73 254 327 183 354 69 215 85 93 179 232 225 97 148 48 238 330 192 31 304 0,395
PFG_MOEA,758,8,389.39,5146.42,0 16 15 168 203 369 380 391 271 39 268 272 30 66 166 205 208 6 204 154 305 326 283 65 297 62 241 110 140 286 317 333 180 220 158 189 64 20 126 124 7 56 217 55 25 367 170 361 209 398 227 234 213 190 251 175 99 315 346 265 390 18 103 155 83 378 54 46 287 10 383 382 41 0,7 16 20 103 272
PFG_MOEA,758,9,389.39,5146.42,0 82 178 117 243 368 376 258 353 153 171 87 278 210 143 237 256 274 49 100 282 310 104 102 277 275 194 323 363 352 101 198 95 222 138 122 276 336 252 236 128 23 381 90 119 2 12 0,
PFG_MOEA,758,10,389.39,5146.42,0 344 349 351 280 309 5 79 160 50 60 257 270 379 195 45 348 75 328 248 290 343 187 0,
PFG_MOEA,758,11,389.39,5146.42,0 214 295 40 32 239 370 342 144 176 150 47 9 125 216 89 61 207 307 313 359 206 253 365 360 335 0,176
PFG_MOEA,758,12,389.39,5146.42,0 338 202 306 196 296 347 332 324 147 211 244 223 0,
PFG_MOEA,759,1,413.96,4915.5,0 187 206 253 365 359 313 307 207 61 12 89 2 119 128 236 252 336 138 163 222 95 198 351 280 237 256 274 49 100 102 277 275 194 323 363 352 101 53 293 133 331 285 392 122 239 276 32 40 295 23 381 90 113 81 29 76 116 111 384 337 358 181 177 288 385 240 396 245 115 22 118 185 214 0,245 381
PFG_MOEA,759,2,413.96,4915.5,0 281 84 131 325 355 114 389 186 134 341 298 26 334 0,
PFG_MOEA,759,3,413.96,4915.5,0 371 219 105 162 159 74 279 91 24 212 375 284 14 184 318 70 292 263 8 373 169 108 72 52 130 44 386 362 201 312 67 164 107 302 173 106 261 388 197 218 151 77 273 136 137 59 0,
PFG_MOEA,759,4,413.96,4915.5,0 57 127 109 226 0,
PFG_MOEA,759,5,413.96,4915.5,0 19 0,
PFG_MOEA,759,6,413.96,4915.5,0 38 303 357 266 141 86 199 228 267 366 289 231 34 58 68 161 235 35 249 88 135 233 319 182 172 13 80 0,88
PFG_MOEA,759,7,413.96,4915.5,0 399 397 36 11 92 156 94 230 374 350 311 4 314 193 340 299 321 269 120 142 37 51 123 145 132 339 322 121 146 294 174 320 364 393 3 229 308 356 264 259 246 42 300 329 112 191 165 200 221 242 96 0,11 340 374 393
PFG_MOEA,759,8,413.96,4915.5,0 152 247 255 1 262 250 28 345 377 395 400 394 188 301 372 21 167 291 139 149 157 63 316 387 327 17 43 85 215 73 254 183 354 69 265 346 315 99 175 251 190 390 18 103 155 83 378 213 234 227 398 93 0,1 152 175 227
PFG_MOEA,759,9,413.96,4915.5,0 304 31 48 192 330 238 129 148 260 391 271 39 268 272 30 66 166 205 208 6 204 154 305 326 283 65 297 62 241 110 140 286 317 333 180 220 158 189 64 20 126 124 7 56 217 55 25 367 170 361 209 71 33 97 225 232 179 224 0,55 391
PFG_MOEA,759,10,413.96,4915.5,0 287 10 383 382 0,
PFG_MOEA,759,11,413.96,4915.5,0 16 15 168 203 369 380 82 178 117 243 349 344 54 46 41 0,
PFG_MOEA,759,12,413.96,4915.5,0 335 360 216 150 9 47 125 309 5 343 290 368 376 258 248 328 75 171 87 278 153 353 348 45 210 195 379 270 257 60 50 160 79 143 282 310 104 223 244 211 324 147 332 347 296 196 78 98 27 176 144 342 370 306 202 338 0,
PFG_MOEA,760,1,320.55,5348.04,0 80 13 172 182 397 36 11 92 233 135 88 249 35 235 161 68 58 34 231 289 319 399 0,
PFG_MOEA,760,2,320.55,5348.04,0 374 230 94 156 311 350 4 314 193 340 299 321 269 120 142 132 339 174 320 364 308 229 3 393 294 146 121 322 123 145 51 37 0,393
PFG_MOEA,760,3,320.55,5348.04,0 96 242 221 200 165 112 329 300 191 152 247 255 1 262 42 250 28 246 259 264 356 345 377 395 400 394 188 301 372 21 167 291 139 149 157 63 316 387 327 17 43 85 215 73 254 183 354 69 265 346 315 99 175 251 190 0,215
PFG_MOEA,760,4,320.55,5348.04,0 304 31 192 330 238 129 398 227 234 213 18 390 286 140 110 241 93 260 148 48 0,
PFG_MOEA,760,5,320.55,5348.04,0 317 333 0,
PFG_MOEA,760,6,320.55,5348.04,0 33 71 209 361 170 367 25 55 217 56 7 180 220 158 189 64 20 126 124 224 10 383 382 16 203 168 15 0,25
PFG_MOEA,760,7,320.55,5348.04,0 380 369 335 360 216 150 9 47 125 309 5 195 379 270 210 45 348 353 153 278 87 171 75 328 248 258 376 368 290 343 54 46 344 349 243 117 178 82 41 0,
PFG_MOEA,760,8,320.55,5348.04,0 338 202 306 370 342 144 176 27 98 78 196 296 347 332 147 324 211 244 223 104 310 282 143 79 160 50 60 257 6 204 154 305 326 283 62 297 65 208 205 166 66 30 272 268 0,66
PFG_MOEA,760,9,320.55,5348.04,0 187 206 253 365 359 313 307 207 61 12 89 2 119 128 236 252 336 138 163 222 95 198 351 256 237 280 391 271 39 378 83 155 103 232 179 287 225 97 0,138 307
PFG_MOEA,760,10,320.55,5348.04,0 22 389 114 84 131 325 355 29 81 113 76 116 111 384 337 358 181 177 288 385 240 396 245 115 392 285 331 133 293 53 101 352 363 323 194 275 277 102 100 49 274 122 239 276 32 40 295 23 381 90 214 185 281 118 0,323 331
PFG_MOEA,760,11,320.55,5348.04,0 334 298 26 105 186 134 341 219 371 24 212 375 14 184 318 70 292 263 8 373 169 284 74 279 91 159 162 0,134
PFG_MOEA,760,12,320.55,5348.04,0 38 19 226 57 127 109 59 137 136 273 77 151 218 197 388 261 106 173 302 107 164 67 312 201 362 366 267 228 386 44 130 52 72 108 303 357 266 141 86 199 0,106 386
PFG_MOEA,761,1,270.73,5843.94,0 335 187 309 5 195 379 270 257 60 50 160 79 143 280 351 237 256 274 49 198 252 236 381 23 90 12 207 307 0,
PFG_MOEA,761,2,270.73,5843.94,0 61 313 359 206 253 365 360 214 185 118 281 26 334 298 371 22 134 186 162 159 292 263 8 373 318 70 184 284 74 279 0,134 284 313 318
PFG_MOEA,761,3,270.73,5843.94,0 91 169 108 14 375 212 24 192 330 238 129 200 165 112 191 152 127 57 109 59 137 273 136 247 17 43 85 215 33 71 224 260 148 48 31 304 0,33 200
PFG_MOEA,761,4,270.73,5843.94,0 73 254 69 354 183 327 387 157 149 188 394 316 63 262 1 255 250 28 42 400 395 377 345 356 264 259 246 308 229 197 218 151 77 107 164 67 302 388 3 106 173 261 320 364 0,
PFG_MOEA,761,5,270.73,5843.94,0 329 300 362 123 51 145 322 121 146 201 312 393 294 174 339 132 120 142 0,145 174
PFG_MOEA,761,6,270.73,5843.94,0 37 269 321 299 340 219 341 105 84 131 29 81 113 76 116 111 181 358 337 384 325 355 114 389 0,341
PFG_MOEA,761,7,270.73,5843.94,0 89 216 47 125 9 150 163 53 293 133 331 285 392 115 245 396 240 385 288 177 34 58 235 135 233 88 249 35 161 68 0,133 240
PFG_MOEA,761,8,270.73,5843.94,0 172 182 193 314 4 350 397 36 11 374 311 230 94 156 199 92 86 319 266 141 289 231 386 366 267 228 44 130 52 72 303 357 13 19 226 221 242 96 0,141 386
PFG_MOEA,761,9,270.73,5843.94,0 38 80 378 83 291 139 21 167 301 372 346 315 265 390 99 175 251 190 18 103 155 234 227 398 93 54 46 268 272 30 39 271 391 179 0,
PFG_MOEA,761,10,270.73,5843.94,0 97 225 232 209 361 213 170 367 328 248 258 376 368 290 343 66 349 344 243 117 178 82 41 16 380 369 196 78 98 27 176 144 342 370 306 202 338 203 168 15 399 0,82 176 225
PFG_MOEA,761,11,270.73,5843.94,0 287 64 166 205 75 348 353 45 210 278 153 171 87 6 208 158 189 220 241 62 297 65 283 204 154 305 326 110 140 180 333 317 286 25 55 217 56 7 124 126 20 10 0,65 126
PFG_MOEA,761,12,270.73,5843.94,0 2 119 128 295 40 32 276 239 122 296 332 347 138 336 222 95 101 194 147 324 275 323 363 352 277 102 223 244 211 104 310 100 282 383 382 0,2
PFG_MOEA,762,1,369.23,5154.87,0 90 295 40 32 276 239 122 222 95 101 323 363 352 102 277 275 194 53 293 133 331 285 392 115 245 396 240 385 288 177 181 358 337 384 111 116 76 113 81 29 325 131 84 355 114 389 279 74 159 162 371 219 341 22 134 186 105 298 334 26 281 118 185 214 0,40 240 245 331
PFG_MOEA,762,2,369.23,5154.87,0 91 24 212 375 284 14 184 318 70 292 263 8 373 169 108 72 52 130 44 386 0,318
PFG_MOEA,762,3,369.23,5154.87,0 362 201 312 67 164 107 302 173 106 261 388 197 218 151 77 273 136 0,106
PFG_MOEA,762,4,369.23,5154.87,0 399 172 182 397 36 11 92 86 141 266 303 357 319 199 228 267 366 289 231 34 58 68 161 235 35 249 88 135 233 156 94 230 374 350 311 4 314 193 340 299 321 269 120 142 37 51 145 123 137 59 109 127 57 226 19 13 80 38 0,340
PFG_MOEA,762,5,369.23,5154.87,0 132 339 322 0,
PFG_MOEA,762,6,369.23,5154.87,0 96 242 221 200 165 112 191 152 329 300 121 146 294 174 320 364 393 3 229 308 259 246 264 356 345 377 395 400 42 250 28 247 255 1 262 63 157 291 167 21 372 301 188 394 139 149 316 387 327 17 43 85 215 73 254 183 354 69 265 346 315 99 0,1 200 393
PFG_MOEA,762,7,369.23,5154.87,0 93 398 227 234 213 190 251 175 390 18 103 155 83 378 31 304 0,
PFG_MOEA,762,8,369.23,5154.87,0 48 192 330 238 129 148 260 391 0,
PFG_MOEA,762,9,369.23,5154.87,0 268 272 30 65 283 326 305 154 204 6 208 205 166 66 271 39 0,272
PFG_MOEA,762,10,369.23,5154.87,0 124 126 20 64 189 158 220 241 297 62 110 140 286 317 333 180 7 56 217 55 25 367 170 361 209 71 97 33 0,
PFG_MOEA,762,11,369.23,5154.87,0 15 16 380 369 168 203 338 202 306 370 342 144 176 27 98 78 196 296 347 332 324 147 211 244 223 210 45 348 353 153 278 87 171 75 328 248 258 376 368 290 343 54 46 224 225 232 179 287 10 383 382 41 344 349 243 117 178 82 125 9 47 150 216 360 335 0,47 87 353
PFG_MOEA,762,12,369.23,5154.87,0 207 307 313 359 365 253 206 187 100 310 104 282 143 79 160 50 60 257 270 379 195 5 309 280 351 237 256 274 49 198 163 138 336 252 236 381 23 128 119 2 89 12 61 0,
PFG_MOEA,763,1,759.34,4800.0,0 219 341 105 389 114 84 131 355 325 29 81 113 76 116 111 384 337 358 181 177 288 385 240 396 245 115 392 285 331 133 293 53 163 150 9 125 47 216 89 61 206 253 365 0,245
PFG_MOEA,763,2,759.34,4800.0,0 22 134 186 162 159 279 74 284 184 318 70 292 263 8 373 169 108 14 375 212 24 91 0,318
PFG_MOEA,763,3,759.34,4800.0,0 304 31 48 148 260 224 71 33 129 238 330 192 200 165 112 191 152 127 57 109 59 137 273 136 247 17 43 85 215 73 254 69 354 183 327 387 157 149 188 394 316 63 262 1 255 250 28 42 400 395 377 345 356 264 259 246 308 229 197 218 151 77 107 164 67 302 388 3 106 173 261 320 364 393 312 201 362 329 300 123 51 145 322 121 146 294 174 339 132 120 142 37 269 321 299 340 233 135 88 249 35 161 235 68 58 34 386 231 289 366 267 228 44 130 52 72 303 357 319 266 141 86 92 199 156 94 230 311 374 11 36 397 350 4 314 193 182 172 13 19 226 221 242 96 80 38 0,33 106 174 200 303 311 394
PFG_MOEA,763,4,759.34,4800.0,0 378 83 155 103 18 190 251 175 99 315 346 372 301 167 21 139 291 265 390 234 0,
PFG_MOEA,763,5,759.34,4800.0,0 179 391 271 39 30 272 268 46 54 93 398 227 213 232 0,391
PFG_MOEA,763,6,759.34,4800.0,0 225 0,
PFG_MOEA,763,7,759.34,4800.0,0 97 209 361 170 367 0,
PFG_MOEA,763,8,759.34,4800.0,0 399 15 168 203 338 202 306 370 342 144 176 27 98 78 196 369 380 16 41 82 178 117 243 344 349 66 343 290 368 376 258 248 328 75 348 353 45 210 278 153 171 87 6 208 205 166 158 189 220 241 62 297 65 283 204 154 305 326 110 140 180 333 317 286 25 55 217 56 7 124 126 20 64 287 10 383 382 0,62 66 205 220 342
PFG_MOEA,763,9,759.34,4800.0,0 2 119 128 295 40 32 276 239 122 296 332 347 138 336 222 95 101 194 147 324 275 323 363 352 277 102 223 244 211 104 310 100 282 143 79 160 50 60 257 270 379 195 5 309 280 351 237 256 274 49 198 252 236 0,
PFG_MOEA,763,10,759.34,4800.0,0 381 23 90 12 207 307 0,
PFG_MOEA,763,11,759.34,4800.0,0 335 187 359 313 360 214 0,
PFG_MOEA,763,12,759.34,4800.0,0 185 118 281 26 334 298 371 0,
PFG_MOEA,764,1,314.81,5596.11,0 12 90 128 236 252 336 276 138 222 198 49 274 256 237 351 280 309 5 290 343 313 207 0,222
PFG_MOEA,764,2,314.81,5596.11,0 91 292 263 8 373 169 108 14 375 212 24 371 219 341 298 334 26 281 118 185 214 295 40 32 239 122 95 101 352 363 323 194 275 277 102 100 23 381 119 2 307 359 187 148 48 31 304 0,23
PFG_MOEA,764,3,314.81,5596.11,0 260 224 71 33 127 152 191 112 165 200 129 238 330 192 0,33
PFG_MOEA,764,4,314.81,5596.11,0 57 67 302 173 106 3 388 164 107 77 151 218 197 229 308 246 259 264 356 345 377 395 400 42 28 250 255 1 262 63 316 394 188 149 157 387 327 183 354 69 254 73 215 85 43 17 247 136 273 137 59 109 0,
PFG_MOEA,764,5,314.81,5596.11,0 329 300 362 123 51 145 322 121 146 201 261 320 364 393 312 294 174 339 132 206 253 365 360 335 0,362 393
PFG_MOEA,764,6,314.81,5596.11,0 61 358 181 177 288 385 240 396 245 115 392 285 331 133 293 53 163 150 9 125 47 216 89 0,
PFG_MOEA,764,7,314.81,5596.11,0 80 13 19 226 35 161 235 58 34 386 231 289 366 267 228 44 130 52 72 318 70 184 284 74 279 159 162 389 114 355 325 384 337 111 116 76 113 81 29 131 84 105 186 134 22 0,
PFG_MOEA,764,8,314.81,5596.11,0 38 96 242 221 172 182 397 350 311 4 314 193 230 94 156 374 36 11 92 319 357 303 266 141 86 199 68 135 88 249 233 340 299 321 269 120 142 37 301 21 139 291 167 372 346 315 99 175 251 0,182
PFG_MOEA,764,9,314.81,5596.11,0 97 225 232 179 391 271 158 241 62 297 65 283 204 154 305 326 110 140 286 317 333 180 220 126 124 7 56 217 55 25 367 170 361 209 227 234 213 190 390 265 18 103 155 83 378 398 93 54 46 268 272 30 39 0,65 154
PFG_MOEA,764,10,314.81,5596.11,0 399 15 16 380 41 82 178 117 243 344 349 20 189 64 166 205 208 6 87 171 153 278 210 353 258 376 368 66 287 10 383 382 0,243
PFG_MOEA,764,11,314.81,5596.11,0 369 338 203 168 0,
PFG_MOEA,764,12,314.81,5596.11,0 202 306 370 342 144 176 27 98 78 196 296 347 332 324 147 211 244 223 104 310 282 143 79 160 50 60 257 270 379 195 45 348 75 328 248 0,370
PFG_MOEA,765,1,411.21,4974.5,0 12 90 381 23 32 276 239 336 138 222 198 49 274 256 237 351 280 252 236 128 119 2 0,23
PFG_MOEA,765,2,411.21,4974.5,0 22 118 185 214 295 40 122 392 285 331 133 293 53 101 352 363 323 194 275 277 102 100 95 163 61 89 207 307 313 359 365 253 206 187 0,22 100
PFG_MOEA,765,3,411.21,4974.5,0 115 0,
PFG_MOEA,765,4,411.21,4974.5,0 245 396 240 385 288 177 181 358 337 384 111 116 76 113 81 29 325 355 0,
PFG_MOEA,765,5,411.21,4974.5,0 281 26 334 298 341 134 186 131 84 114 389 105 219 371 162 159 74 279 91 24 212 375 284 14 184 318 70 292 263 8 373 169 108 72 52 130 44 386 362 201 312 67 164 107 302 173 106 261 388 197 218 151 77 273 136 137 59 109 127 57 226 19 13 80 0,77 106 284
PFG_MOEA,765,6,411.21,4974.5,0 38 172 182 319 303 357 266 141 86 199 228 267 366 289 231 34 58 68 161 235 35 249 88 135 233 156 94 230 374 92 11 36 397 350 311 4 314 193 340 299 321 269 120 142 37 51 123 145 132 339 322 121 146 294 174 320 364 393 3 229 308 356 264 259 246 42 300 329 112 221 242 96 0,51 174 229 246 299
PFG_MOEA,765,7,411.21,4974.5,0 399 200 165 191 152 247 255 1 262 250 28 345 377 395 400 394 188 301 372 21 167 291 139 149 157 63 316 387 327 17 43 85 215 73 254 183 354 69 265 346 315 99 175 251 190 390 18 103 155 83 378 213 234 227 398 93 224 179 232 225 97 71 33 260 148 238 129 330 192 48 31 304 0,93
PFG_MOEA,765,8,411.21,4974.5,0 382 383 10 391 271 39 46 54 268 272 30 66 166 205 208 6 204 154 305 326 283 65 297 62 241 110 140 286 317 333 180 220 158 189 64 20 126 124 7 56 217 55 25 367 170 361 209 287 0,55 62 66 220
PFG_MOEA,765,9,411.21,4974.5,0 380 0,
PFG_MOEA,765,10,411.21,4974.5,0 16 369 15 0,
PFG_MOEA,765,11,411.21,4974.5,0 168 203 178 82 41 0,178
PFG_MOEA,765,12,411.21,4974.5,0 335 360 338 202 306 370 342 144 176 27 98 78 196 296 347 332 216 47 125 9 150 147 324 211 244 223 104 310 282 143 309 5 195 379 79 160 50 60 270 257 210 45 153 278 87 171 353 348 75 328 248 258 376 368 290 343 349 344 243 117 0,
PFG_MOEA,766,1,312.55,5795.78,0 336 138 239 122 296 347 332 324 275 277 104 211 244 223 102 352 363 323 194 147 101 95 222 0,122 211 222 277
PFG_MOEA,766,2,312.55,5795.78,0 335 360 207 307 313 359 187 100 310 282 143 79 160 50 60 257 270 379 195 5 309 280 351 237 256 274 49 198 252 236 381 23 90 12 214 185 118 281 26 334 298 371 72 52 130 44 386 80 0,5 307
PFG_MOEA,766,3,312.55,5795.78,0 13 19 226 57 127 109 59 137 136 273 77 151 218 197 388 261 106 173 302 107 164 67 312 201 362 123 51 145 294 174 339 132 142 120 269 321 299 0,174
PFG_MOEA,766,4,312.55,5795.78,0 340 233 135 88 249 35 235 161 68 58 34 231 289 366 267 228 141 266 303 357 319 86 199 156 94 0,303
PFG_MOEA,766,5,312.55,5795.78,0 38 172 182 397 36 11 92 374 230 311 350 4 314 193 37 322 121 146 320 364 393 3 229 308 356 264 259 246 42 300 329 112 191 152 221 242 96 0,42 264
PFG_MOEA,766,6,312.55,5795.78,0 200 165 129 0,
PFG_MOEA,766,7,312.55,5795.78,0 304 330 395 400 394 188 301 372 21 167 291 139 149 157 63 316 387 17 43 33 71 224 260 0,
PFG_MOEA,766,8,312.55,5795.78,0 399 247 28 250 345 377 262 1 255 327 254 73 215 85 93 179 232 225 97 148 238 192 48 31 0,93
PFG_MOEA,766,9,312.55,5795.78,0 378 69 183 354 265 346 315 99 175 251 190 390 18 103 155 83 234 213 227 398 209 361 170 367 25 55 217 56 7 180 333 317 286 140 110 62 297 65 283 326 305 154 204 6 208 241 220 158 189 64 20 126 124 0,175
PFG_MOEA,766,10,312.55,5795.78,0 287 382 383 10 268 272 30 66 166 205 271 39 391 53 293 133 331 285 392 115 245 396 240 385 288 177 181 358 337 384 111 116 76 113 81 29 325 355 131 84 114 389 105 341 219 0,
PFG_MOEA,766,11,312.55,5795.78,0 91 24 212 375 14 108 169 373 8 263 292 70 318 184 284 74 279 159 162 22 134 186 89 216 47 125 9 150 163 61 365 253 206 46 54 0,
PFG_MOEA,766,12,312.55,5795.78,0 41 82 178 117 243 344 349 343 290 368 376 258 248 328 75 171 87 153 278 210 45 353 348 2 119 128 295 40 32 276 196 78 98 27 176 144 342 370 306 202 338 203 168 369 380 16 15 0,16 87 203
PFG_MOEA,767,1,389.39,5146.42,0 163 78 53 293 133 331 285 392 98 115 245 27 396 240 385 288 177 181 358 337 384 111 116 76 113 81 29 325 355 131 84 114 389 91 279 74 159 162 371 219 298 341 22 134 186 105 118 185 0,
PFG_MOEA,767,2,389.39,5146.42,0 281 26 334 24 212 375 284 14 184 318 70 292 263 8 373 169 108 72 52 130 44 386 51 145 123 362 201 294 312 67 164 107 302 173 106 261 388 197 218 151 77 273 136 137 59 109 127 57 226 19 13 80 0,
PFG_MOEA,767,3,389.39,5146.42,0 142 339 174 132 120 269 321 299 340 233 135 88 249 35 235 161 68 58 34 231 289 366 267 228 141 266 303 357 319 86 199 156 94 230 374 92 11 36 397 350 311 4 314 193 0,88
PFG_MOEA,767,4,389.39,5146.42,0 182 172 38 0,
PFG_MOEA,767,5,389.39,5146.42,0 37 322 121 146 320 364 393 3 229 308 356 264 259 246 42 300 329 112 152 191 165 200 221 242 96 0,152 264 329
PFG_MOEA,767,6,389.39,5146.42,0 129 33 71 224 260 0,
PFG_MOEA,767,7,389.39,5146.42,0 399 247 255 1 262 250 28 345 377 395 400 394 188 301 372 21 167 291 139 149 157 63 316 387 17 43 73 254 327 183 354 69 215 85 93 179 232 225 97 148 48 238 330 192 31 304 0,395
PFG_MOEA,767,8,389.39,5146.42,0 16 15 168 203 369 380 391 271 39 268 272 30 66 166 205 208 6 204 154 305 326 283 65 297 62 241 110 140 286 317 333 180 220 158 189 64 20 126 124 7 56 217 55 25 367 170 361 209 398 227 234 213 190 251 175 99 315 346 265 390 18 103 155 83 378 54 46 287 10 383 382 41 0,7 16 20 103 272
PFG_MOEA,767,9,389.39,5146.42,0 82 178 117 243 368 376 258 353 153 171 87 278 210 143 237 256 274 49 100 282 310 104 102 277 275 194 323 363 352 101 198 95 222 138 122 276 336 252 236 128 23 381 90 119 2 12 0,
PFG_MOEA,767,10,389.39,5146.42,0 344 349 351 280 309 5 79 160 50 60 257 270 379 195 45 348 75 328 248 290 343 187 0,
PFG_MOEA,767,11,389.39,5146.42,0 214 295 40 32 239 370 342 144 176 150 47 9 125 216 89 61 207 307 313 359 206 253 365 360 335 0,176
PFG_MOEA,767,12,389.39,5146.42,0 338 202 306 196 296 347 332 324 147 211 244 223 0,
PFG_MOEA,768,1,413.96,4915.5,0 187 206 253 365 359 313 307 207 61 12 89 2 119 128 236 252 336 138 163 222 95 198 351 280 237 256 274 49 100 102 277 275 194 323 363 352 101 53 293 133 331 285 392 122 239 276 32 40 295 23 381 90 113 81 29 76 116 111 384 337 358 181 177 288 385 240 396 245 115 22 118 185 214 0,245 381
PFG_MOEA,768,2,413.96,4915.5,0 281 84 131 325 355 114 389 186 134 341 298 26 334 0,
PFG_MOEA,768,3,413.96,4915.5,0 371 219 105 162 159 74 279 91 24 212 375 284 14 184 318 70 292 263 8 373 169 108 72 52 130 44 386 362 201 312 67 164 107 302 173 106 261 388 197 218 151 77 273 136 137 59 0,
PFG_MOEA,768,4,413.96,4915.5,0 57 127 109 226 0,
PFG_MOEA,768,5,413.96,4915.5,0 19 0,
PFG_MOEA,768,6,413.96,4915.5,0 38 303 357 266 141 86 199 228 267 366 289 231 34 58 68 161 235 35 249 88 135 233 319 182 172 13 80 0,88
PFG_MOEA,768,7,413.96,4915.5,0 399 397 36 11 92 156 94 230 374 350 311 4 314 193 340 299 321 269 120 142 37 51 123 145 132 339 322 121 146 294 174 320 364 393 3 229 308 356 264 259 246 42 300 329 112 191 165 200 221 242 96 0,11 340 374 393
PFG_MOEA,768,8,413.96,4915.5,0 152 247 255 1 262 250 28 345 377 395 400 394 188 301 372 21 167 291 139 149 157 63 316 387 327 17 43 85 215 73 254 183 354 69 265 346 315 99 175 251 190 390 18 103 155 83 378 213 234 227 398 93 0,1 152 175 227
PFG_MOEA,768,9,413.96,4915.5,0 304 31 48 192 330 238 129 148 260 391 271 39 268 272 30 66 166 205 208 6 204 154 305 326 283 65 297 62 241 110 140 286 317 333 180 220 158 189 64 20 126 124 7 56 217 55 25 367 170 361 209 71 33 97 225 232 179 224 0,55 391
PFG_MOEA,768,10,413.96,4915.5,0 287 10 383 382 0,
PFG_MOEA,768,11,413.96,4915.5,0 16 15 168 203 369 380 82 178 117 243 349 344 54 46 41 0,
PFG_MOEA,768,12,413.96,4915.5,0 335 360 216 150 9 47 125 309 5 343 290 368 376 258 248 328 75 171 87 278 153 353 348 45 210 195 379 270 257 60 50 160 79 143 282 310 104 223 244 211 324 147 332 347 296 196 78 98 27 176 144 342 370 306 202 338 0,
PFG_MOEA,769,1,320.55,5348.04,0 80 13 172 182 397 36 11 92 233 135 88 249 35 235 161 68 58 34 231 289 319 399 0,
PFG_MOEA,769,2,320.55,5348.04,0 374 230 94 156 311 350 4 314 193 340 299 321 269 120 142 132 339 174 320 364 308 229 3 393 294 146 121 322 123 145 51 37 0,393
PFG_MOEA,769,3,320.55,5348.04,0 96 242 221 200 165 112 329 300 191 152 247 255 1 262 42 250 28 246 259 264 356 345 377 395 400 394 188 301 372 21 167 291 139 149 157 63 316 387 327 17 43 85 215 73 254 183 354 69 265 346 315 99 175 251 190 0,215
PFG_MOEA,769,4,320.55,5348.04,0 304 31 192 330 238 129 398 227 234 213 18 390 286 140 110 241 93 260 148 48 0,
PFG_MOEA,769,5,320.55,5348.04,0 317 333 0,
PFG_MOEA,769,6,320.55,5348.04,0 33 71 209 361 170 367 25 55 217 56 7 180 220 158 189 64 20 126 124 224 10 383 382 16 203 168 15 0,25
PFG_MOEA,769,7,320.55,5348.04,0 380 369 335 360 216 150 9 47 125 309 5 195 379 270 210 45 348 353 153 278 87 171 75 328 248 258 376 368 290 343 54 46 344 349 243 117 178 82 41 0,
PFG_MOEA,769,8,320.55,5348.04,0 338 202 306 370 342 144 176 27 98 78 196 296 347 332 147 324 211 244 223 104 310 282 143 79 160 50 60 257 6 204 154 305 326 283 62 297 65 208 205 166 66 30 272 268 0,66
PFG_MOEA,769,9,320.55,5348.04,0 187 206 253 365 359 313 307 207 61 12 89 2 119 128 236 252 336 138 163 222 95 198 351 256 237 280 391 271 39 378 83 155 103 232 179 287 225 97 0,138 307
PFG_MOEA,769,10,320.55,5348.04,0 22 389 114 84 131 325 355 29 81 113 76 116 111 384 337 358 181 177 288 385 240 396 245 115 392 285 331 133 293 53 101 352 363 323 194 275 277 102 100 49 274 122 239 276 32 40 295 23 381 90 214 185 281 118 0,323 331
PFG_MOEA,769,11,320.55,5348.04,0 334 298 26 105 186 134 341 219 371 24 212 375 14 184 318 70 292 263 8 373 169 284 74 279 91 159 162 0,134
PFG_MOEA,769,12,320.55,5348.04,0 38 19 226 57 127 109 59 137 136 273 77 151 218 197 388 261 106 173 302 107 164 67 312 201 362 366 267 228 386 44 130 52 72 108 303 357 266 141 86 199 0,106 386
PFG_MOEA,770,1,270.73,5843.94,0 335 187 309 5 195 379 270 257 60 50 160 79 143 280 351 237 256 274 49 198 252 236 381 23 90 12 207 307 0,
PFG_MOEA,770,2,270.73,5843.94,0 61 313 359 206 253 365 360 214 185 118 281 26 334 298 371 22 134 186 162 159 292 263 8 373 318 70 184 284 74 279 0,134 284 313 318
PFG_MOEA,770,3,270.73,5843.94,0 91 169 108 14 375 212 24 192 330 238 129 200 165 112 191 152 127 57 109 59 137 273 136 247 17 43 85 215 33 71 224 260 148 48 31 304 0,33 200
PFG_MOEA,770,4,270.73,5843.94,0 73 254 69 354 183 327 387 157 149 188 394 316 63 262 1 255 250 28 42 400 395 377 345 356 264 259 246 308 229 197 218 151 77 107 164 67 302 388 3 106 173 261 320 364 0,
PFG_MOEA,770,5,270.73,5843.94,0 329 300 362 123 51 145 322 121 146 201 312 393 294 174 339 132 120 142 0,145 174
PFG_MOEA,770,6,270.73,5843.94,0 37 269 321 299 340 219 341 105 84 131 29 81 113 76 116 111 181 358 337 384 325 355 114 389 0,341
PFG_MOEA,770,7,270.73,5843.94,0 89 216 47 125 9 150 163 53 293 133 331 285 392 115 245 396 240 385 288 177 34 58 235 135 233 88 249 35 161 68 0,133 240
PFG_MOEA,770,8,270.73,5843.94,0 172 182 193 314 4 350 397 36 11 374 311 230 94 156 199 92 86 319 266 141 289 231 386 366 267 228 44 130 52 72 303 357 13 19 226 221 242 96 0,141 386
PFG_MOEA,770,9,270.73,5843.94,0 38 80 378 83 291 139 21 167 301 372 346 315 265 390 99 175 251 190 18 103 155 234 227 398 93 54 46 268 272 30 39 271 391 179 0,
PFG_MOEA,770,10,270.73,5843.94,0 97 225 232 209 361 213 170 367 328 248 258 376 368 290 343 66 349 344 243 117 178 82 41 16 380 369 196 78 98 27 176 144 342 370 306 202 338 203 168 15 399 0,82 176 225
PFG_MOEA,770,11,270.73,5843.94,0 287 64 166 205 75 348 353 45 210 278 153 171 87 6 208 158 189 220 241 62 297 65 283 204 154 305 326 110 140 180 333 317 286 25 55 217 56 7 124 126 20 10 0,65 126
PFG_MOEA,770,12,270.73,5843.94,0 2 119 128 295 40 32 276 239 122 296 332 347 138 336 222 95 101 194 147 324 275 323 363 352 277 102 223 244 211 104 310 100 282 383 382 0,2
PFG_MOEA,771,1,369.23,5154.87,0 90 295 40 32 276 239 122 222 95 101 323 363 352 102 277 275 194 53 293 133 331 285 392 115 245 396 240 385 288 177 181 358 337 384 111 116 76 113 81 29 325 131 84 355 114 389 279 74 159 162 371 219 341 22 134 186 105 298 334 26 281 118 185 214 0,40 240 245 331
PFG_MOEA,771,2,369.23,5154.87,0 91 24 212 375 284 14 184 318 70 292 263 8 373 169 108 72 52 130 44 386 0,318
PFG_MOEA,771,3,369.23,5154.87,0 362 201 312 67 164 107 302 173 106 261 388 197 218 151 77 273 136 0,106
PFG_MOEA,771,4,369.23,5154.87,0 399 172 182 397 36 11 92 86 141 266 303 357 319 199 228 267 366 289 231 34 58 68 161 235 35 249 88 135 233 156 94 230 374 350 311 4 314 193 340 299 321 269 120 142 37 51 145 123 137 59 109 127 57 226 19 13 80 38 0,340
PFG_MOEA,771,5,369.23,5154.87,0 132 339 322 0,
PFG_MOEA,771,6,369.23,5154.87,0 96 242 221 200 165 112 191 152 329 300 121 146 294 174 320 364 393 3 229 308 259 246 264 356 345 377 395 400 42 250 28 247 255 1 262 63 157 291 167 21 372 301 188 394 139 149 316 387 327 17 43 85 215 73 254 183 354 69 265 346 315 99 0,1 200 393
PFG_MOEA,771,7,369.23,5154.87,0 93 398 227 234 213 190 251 175 390 18 103 155 83 378 31 304 0,
PFG_MOEA,771,8,369.23,5154.87,0 48 192 330 238 129 148 260 391 0,
PFG_MOEA,771,9,369.23,5154.87,0 268 272 30 65 283 326 305 154 204 6 208 205 166 66 271 39 0,272
PFG_MOEA,771,10,369.23,5154.87,0 124 126 20 64 189 158 220 241 297 62 110 140 286 317 333 180 7 56 217 55 25 367 170 361 209 71 97 33 0,
PFG_MOEA,771,11,369.23,5154.87,0 15 16 380 369 168 203 338 202 306 370 342 144 176 27 98 78 196 296 347 332 324 147 211 244 223 210 45 348 353 153 278 87 171 75 328 248 258 376 368 290 343 54 46 224 225 232 179 287 10 383 382 41 344 349 243 117 178 82 125 9 47 150 216 360 335 0,47 87 353
PFG_MOEA,771,12,369.23,5154.87,0 207 307 313 359 365 253 206 187 100 310 104 282 143 79 160 50 60 257 270 379 195 5 309 280 351 237 256 274 49 198 163 138 336 252 236 381 23 128 119 2 89 12 61 0,
PFG_MOEA,772,1,759.34,4800.0,0 219 341 105 389 114 84 131 355 325 29 81 113 76 116 111 384 337 358 181 177 288 385 240 396 245 115 392 285 331 133 293 53 163 150 9 125 47 216 89 61 206 253 365 0,245
PFG_MOEA,772,2,759.34,4800.0,0 22 134 186 162 159 279 74 284 184 318 70 292 263 8 373 169 108 14 375 212 24 91 0,318
PFG_MOEA,772,3,759.34,4800.0,0 304 31 48 148 260 224 71 33 129 238 330 192 200 165 112 191 152 127 57 109 59 137 273 136 247 17 43 85 215 73 254 69 354 183 327 387 157 149 188 394 316 63 262 1 255 250 28 42 400 395 377 345 356 264 259 246 308 229 197 218 151 77 107 164 67 302 388 3 106 173 261 320 364 393 312 201 362 329 300 123 51 145 322 121 146 294 174 339 132 120 142 37 269 321 299 340 233 135 88 249 35 161 235 68 58 34 386 231 289 366 267 228 44 130 52 72 303 357 319 266 141 86 92 199 156 94 230 311 374 11 36 397 350 4 314 193 182 172 13 19 226 221 242 96 80 38 0,33 106 174 200 303 311 394
PFG_MOEA,772,4,759.34,4800.0,0 378 83 155 103 18 190 251 175 99 315 346 372 301 167 21 139 291 265 390 234 0,
PFG_MOEA,772,5,759.34,4800.0,0 179 391 271 39 30 272 268 46 54 93 398 227 213 232 0,391
PFG_MOEA,772,6,759.34,4800.0,0 225 0,
PFG_MOEA,772,7,759.34,4800.0,0 97 209 361 170 367 0,
PFG_MOEA,772,8,759.34,4800.0,0 399 15 168 203 338 202 306 370 342 144 176 27 98 78 196 369 380 16 41 82 178 117 243 344 349 66 343 290 368 376 258 248 328 75 348 353 45 210 278 153 171 87 6 208 205 166 158 189 220 241 62 297 65 283 204 154 305 326 110 140 180 333 317 286 25 55 217 56 7 124 126 20 64 287 10 383 382 0,62 66 205 220 342
PFG_MOEA,772,9,759.34,4800.0,0 2 119 128 295 40 32 276 239 122 296 332 347 138 336 222 95 101 194 147 324 275 323 363 352 277 102 223 244 211 104 310 100 282 143 79 160 50 60 257 270 379 195 5 309 280 351 237 256 274 49 198 252 236 0,
PFG_MOEA,772,10,759.34,4800.0,0 381 23 90 12 207 307 0,
PFG_MOEA,772,11,759.34,4800.0,0 335 187 359 313 360 214 0,
PFG_MOEA,772,12,759.34,4800.0,0 185 118 281 26 334 298 371 0,
PFG_MOEA,773,1,314.81,5596.11,0 12 90 128 236 252 336 276 138 222 198 49 274 256 237 351 280 309 5 290 343 313 207 0,222
PFG_MOEA,773,2,314.81,5596.11,0 91 292 263 8 373 169 108 14 375 212 24 371 219 341 298 334 26 281 118 185 214 295 40 32 239 122 95 101 352 363 323 194 275 277 102 100 23 381 119 2 307 359 187 148 48 31 304 0,23
PFG_MOEA,773,3,314.81,5596.11,0 260 224 71 33 127 152 191 112 165 200 129 238 330 192 0,33
PFG_MOEA,773,4,314.81,5596.11,0 57 67 302 173 106 3 388 164 107 77 151 218 197 229 308 246 259 264 356 345 377 395 400 42 28 250 255 1 262 63 316 394 188 149 157 387 327 183 354 69 254 73 215 85 43 17 247 136 273 137 59 109 0,
PFG_MOEA,773,5,314.81,5596.11,0 329 300 362 123 51 145 322 121 146 201 261 320 364 393 312 294 174 339 132 206 253 365 360 335 0,362 393
PFG_MOEA,773,6,314.81,5596.11,0 61 358 181 177 288 385 240 396 245 115 392 285 331 133 293 53 163 150 9 125 47 216 89 0,
PFG_MOEA,773,7,314.81,5596.11,0 80 13 19 226 35 161 235 58 34 386 231 289 366 267 228 44 130 52 72 318 70 184 284 74 279 159 162 389 114 355 325 384 337 111 116 76 113 81 29 131 84 105 186 134 22 0,
PFG_MOEA,773,8,314.81,5596.11,0 38 96 242 221 172 182 397 350 311 4 314 193 230 94 156 374 36 11 92 319 357 303 266 141 86 199 68 135 88 249 233 340 299 321 269 120 142 37 301 21 139 291 167 372 346 315 99 175 251 0,182
PFG_MOEA,773,9,314.81,5596.11,0 97 225 232 179 391 271 158 241 62 297 65 283 204 154 305 326 110 140 286 317 333 180 220 126 124 7 56 217 55 25 367 170 361 209 227 234 213 190 390 265 18 103 155 83 378 398 93 54 46 268 272 30 39 0,65 154
PFG_MOEA,773,10,314.81,5596.11,0 399 15 16 380 41 82 178 117 243 344 349 20 189 64 166 205 208 6 87 171 153 278 210 353 258 376 368 66 287 10 383 382 0,243
PFG_MOEA,773,11,314.81,5596.11,0 369 338 203 168 0,
PFG_MOEA,773,12,314.81,5596.11,0 202 306 370 342 144 176 27 98 78 196 296 347 332 324 147 211 244 223 104 310 282 143 79 160 50 60 257 270 379 195 45 348 75 328 248 0,370
PFG_MOEA,774,1,411.21,4974.5,0 12 90 381 23 32 276 239 336 138 222 198 49 274 256 237 351 280 252 236 128 119 2 0,23
PFG_MOEA,774,2,411.21,4974.5,0 22 118 185 214 295 40 122 392 285 331 133 293 53 101 352 363 323 194 275 277 102 100 95 163 61 89 207 307 313 359 365 253 206 187 0,22 100
PFG_MOEA,774,3,411.21,4974.5,0 115 0,
PFG_MOEA,774,4,411.21,4974.5,0 245 396 240 385 288 177 181 358 337 384 111 116 76 113 81 29 325 355 0,
PFG_MOEA,774,5,411.21,4974.5,0 281 26 334 298 341 134 186 131 84 114 389 105 219 371 162 159 74 279 91 24 212 375 284 14 184 318 70 292 263 8 373 169 108 72 52 130 44 386 362 201 312 67 164 107 302 173 106 261 388 197 218 151 77 273 136 137 59 109 127 57 226 19 13 80 0,77 106 284
PFG_MOEA,774,6,411.21,4974.5,0 38 172 182 319 303 357 266 141 86 199 228 267 366 289 231 34 58 68 161 235 35 249 88 135 233 156 94 230 374 92 11 36 397 350 311 4 314 193 340 299 321 269 120 142 37 51 123 145 132 339 322 121 146 294 174 320 364 393 3 229 308 356 264 259 246 42 300 329 112 221 242 96 0,51 174 229 246 299
PFG_MOEA,774,7,411.21,4974.5,0 399 200 165 191 152 247 255 1 262 250 28 345 377 395 400 394 188 301 372 21 167 291 139 149 157 63 316 387 327 17 43 85 215 73 254 183 354 69 265 346 315 99 175 251 190 390 18 103 155 83 378 213 234 227 398 93 224 179 232 225 97 71 33 260 148 238 129 330 192 48 31 304 0,93
PFG_MOEA,774,8,411.21,4974.5,0 382 383 10 391 271 39 46 54 268 272 30 66 166 205 208 6 204 154 305 326 283 65 297 62 241 110 140 286 317 333 180 220 158 189 64 20 126 124 7 56 217 55 25 367 170 361 209 287 0,55 62 66 220
PFG_MOEA,774,9,411.21,4974.5,0 380 0,
PFG_MOEA,774,10,411.21,4974.5,0 16 369 15 0,
PFG_MOEA,774,11,411.21,4974.5,0 168 203 178 82 41 0,178
PFG_MOEA,774,12,411.21,4974.5,0 335 360 338 202 306 370 342 144 176 27 98 78 196 296 347 332 216 47 125 9 150 147 324 211 244 223 104 310 282 143 309 5 195 379 79 160 50 60 270 257 210 45 153 278 87 171 353 348 75 328 248 258 376 368 290 343 349 344 243 117 0,
PFG_MOEA,775,1,312.55,5795.78,0 336 138 239 122 296 347 332 324 275 277 104 211 244 223 102 352 363 323 194 147 101 95 222 0,122 211 222 277
PFG_MOEA,775,2,312.55,5795.78,0 335 360 207 307 313 359 187 100 310 282 143 79 160 50 60 257 270 379 195 5 309 280 351 237 256 274 49 198 252 236 381 23 90 12 214 185 118 281 26 334 298 371 72 52 130 44 386 80 0,5 307
PFG_MOEA,775,3,312.55,5795.78,0 13 19 226 57 127 109 59 137 136 273 77 151 218 197 388 261 106 173 302 107 164 67 312 201 362 123 51 145 294 174 339 132 142 120 269 321 299 0,174
PFG_MOEA,775,4,312.55,5795.78,0 340 233 135 88 249 35 235 161 68 58 34 231 289 366 267 228 141 266 303 357 319 86 199 156 94 0,303
PFG_MOEA,775,5,312.55,5795.78,0 38 172 182 397 36 11 92 374 230 311 350 4 314 193 37 322 121 146 320 364 393 3 229 308 356 264 259 246 42 300 329 112 191 152 221 242 96 0,42 264
PFG_MOEA,775,6,312.55,5795.78,0 200 165 129 0,
PFG_MOEA,775,7,312.55,5795.78,0 304 330 395 400 394 188 301 372 21 167 291 139 149 157 63 316 387 17 43 33 71 224 260 0,
PFG_MOEA,775,8,312.55,5795.78,0 399 247 28 250 345 377 262 1 255 327 254 73 215 85 93 179 232 225 97 148 238 192 48 31 0,93
PFG_MOEA,775,9,312.55,5795.78,0 378 69 183 354 265 346 315 99 175 251 190 390 18 103 155 83 234 213 227 398 209 361 170 367 25 55 217 56 7 180 333 317 286 140 110 62 297 65 283 326 305 154 204 6 208 241 220 158 189 64 20 126 124 0,175
PFG_MOEA,775,10,312.55,5795.78,0 287 382 383 10 268 272 30 66 166 205 271 39 391 53 293 133 331 285 392 115 245 396 240 385 288 177 181 358 337 384 111 116 76 113 81 29 325 355 131 84 114 389 105 341 219 0,
PFG_MOEA,775,11,312.55,5795.78,0 91 24 212 375 14 108 169 373 8 263 292 70 318 184 284 74 279 159 162 22 134 186 89 216 47 125 9 150 163 61 365 253 206 46 54 0,
PFG_MOEA,775,12,312.55,5795.78,0 41 82 178 117 243 344 349 343 290 368 376 258 248 328 75 171 87 153 278 210 45 353 348 2 119 128 295 40 32 276 196 78 98 27 176 144 342 370 306 202 338 203 168 369 380 16 15 0,16 87 203
PFG_MOEA,776,1,389.39,5146.42,0 163 78 53 293 133 331 285 392 98 115 245 27 396 240 385 288 177 181 358 337 384 111 116 76 113 81 29 325 355 131 84 114 389 91 279 74 159 162 371 219 298 341 22 134 186 105 118 185 0,
PFG_MOEA,776,2,389.39,5146.42,0 281 26 334 24 212 375 284 14 184 318 70 292 263 8 373 169 108 72 52 130 44 386 51 145 123 362 201 294 312 67 164 107 302 173 106 261 388 197 218 151 77 273 136 137 59 109 127 57 226 19 13 80 0,
PFG_MOEA,776,3,389.39,5146.42,0 142 339 174 132 120 269 321 299 340 233 135 88 249 35 235 161 68 58 34 231 289 366 267 228 141 266 303 357 319 86 199 156 94 230 374 92 11 36 397 350 311 4 314 193 0,88
PFG_MOEA,776,4,389.39,5146.42,0 182 172 38 0,
PFG_MOEA,776,5,389.39,5146.42,0 37 322 121 146 320 364 393 3 229 308 356 264 259 246 42 300 329 112 152 191 165 200 221 242 96 0,152 264 329
PFG_MOEA,776,6,389.39,5146.42,0 129 33 71 224 260 0,
PFG_MOEA,776,7,389.39,5146.42,0 399 247 255 1 262 250 28 345 377 395 400 394 188 301 372 21 167 291 139 149 157 63 316 387 17 43 73 254 327 183 354 69 215 85 93 179 232 225 97 148 48 238 330 192 31 304 0,395
PFG_MOEA,776,8,389.39,5146.42,0 16 15 168 203 369 380 391 271 39 268 272 30 66 166 205 208 6 204 154 305 326 283 65 297 62 241 110 140 286 317 333 180 220 158 189 64 20 126 124 7 56 217 55 25 367 170 361 209 398 227 234 213 190 251 175 99 315 346 265 390 18 103 155 83 378 54 46 287 10 383 382 41 0,7 16 20 103 272
PFG_MOEA,776,9,389.39,5146.42,0 82 178 117 243 368 376 258 353 153 171 87 278 210 143 237 256 274 49 100 282 310 104 102 277 275 194 323 363 352 101 198 95 222 138 122 276 336 252 236 128 23 381 90 119 2 12 0,
PFG_MOEA,776,10,389.39,5146.42,0 344 349 351 280 309 5 79 160 50 60 257 270 379 195 45 348 75 328 248 290 343 187 0,
PFG_MOEA,776,11,389.39,5146.42,0 214 295 40 32 239 370 342 144 176 150 47 9 125 216 89 61 207 307 313 359 206 253 365 360 335 0,176
PFG_MOEA,776,12,389.39,5146.42,0 338 202 306 196 296 347 332 324 147 211 244 223 0,
PFG_MOEA,777,1,413.96,4915.5,0 187 206 253 365 359 313 307 207 61 12 89 2 119 128 236 252 336 138 163 222 95 198 351 280 237 256 274 49 100 102 277 275 194 323 363 352 101 53 293 133 331 285 392 122 239 276 32 40 295 23 381 90 113 81 29 76 116 111 384 337 358 181 177 288 385 240 396 245 115 22 118 185 214 0,245 381
PFG_MOEA,777,2,413.96,4915.5,0 281 84 131 325 355 114 389 186 134 341 298 26 334 0,
PFG_MOEA,777,3,413.96,4915.5,0 371 219 105 162 159 74 279 91 24 212 375 284 14 184 318 70 292 263 8 373 169 108 72 52 130 44 386 362 201 312 67 164 107 302 173 106 261 388 197 218 151 77 273 136 137 59 0,
PFG_MOEA,777,4,413.96,4915.5,0 57 127 109 226 0,
PFG_MOEA,777,5,413.96,4915.5,0 19 0,
PFG_MOEA,777,6,413.96,4915.5,0 38 303 357 266 141 86 199 228 267 366 289 231 34 58 68 161 235 35 249 88 135 233 319 182 172 13 80 0,88
PFG_MOEA,777,7,413.96,4915.5,0 399 397 36 11 92 156 94 230 374 350 311 4 314 193 340 299 321 269 120 142 37 51 123 145 132 339 322 121 146 294 174 320 364 393 3 229 308 356 264 259 246 42 300 329 112 191 165 200 221 242 96 0,11 340 374 393
PFG_MOEA,777,8,413.96,4915.5,0 152 247 255 1 262 250 28 345 377 395 400 394 188 301 372 21 167 291 139 149 157 63 316 387 327 17 43 85 215 73 254 183 354 69 265 346 315 99 175 251 190 390 18 103 155 83 378 213 234 227 398 93 0,1 152 175 227
PFG_MOEA,777,9,413.96,4915.5,0 304 31 48 192 330 238 129 148 260 391 271 39 268 272 30 66 166 205 208 6 204 154 305 326 283 65 297 62 241 110 140 286 317 333 180 220 158 189 64 20 126 124 7 56 217 55 25 367 170 361 209 71 33 97 225 232 179 224 0,55 391
PFG_MOEA,777,10,413.96,4915.5,0 287 10 383 382 0,
PFG_MOEA,777,11,413.96,4915.5,0 16 15 168 203 369 380 82 178 117 243 349 344 54 46 41 0,
PFG_MOEA,777,12,413.96,4915.5,0 335 360 216 150 9 47 125 309 5 343 290 368 376 258 248 328 75 171 87 278 153 353 348 45 210 195 379 270 257 60 50 160 79 143 282 310 104 223 244 211 324 147 332 347 296 196 78 98 27 176 144 342 370 306 202 338 0,
PFG_MOEA,778,1,320.55,5348.04,0 80 13 172 182 397 36 11 92 233 135 88 249 35 235 161 68 58 34 231 289 319 399 0,
PFG_MOEA,778,2,320.55,5348.04,0 374 230 94 156 311 350 4 314 193 340 299 321 269 120 142 132 339 174 320 364 308 229 3 393 294 146 121 322 123 145 51 37 0,393
PFG_MOEA,778,3,320.55,5348.04,0 96 242 221 200 165 112 329 300 191 152 247 255 1 262 42 250 28 246 259 264 356 345 377 395 400 394 188 301 372 21 167 291 139 149 157 63 316 387 327 17 43 85 215 73 254 183 354 69 265 346 315 99 175 251 190 0,215
PFG_MOEA,778,4,320.55,5348.04,0 304 31 192 330 238 129 398 227 234 213 18 390 286 140 110 241 93 260 148 48 0,
PFG_MOEA,778,5,320.55,5348.04,0 317 333 0,
PFG_MOEA,778,6,320.55,5348.04,0 33 71 209 361 170 367 25 55 217 56 7 180 220 158 189 64 20 126 124 224 10 383 382 16 203 168 15 0,25
PFG_MOEA,778,7,320.55,5348.04,0 380 369 335 360 216 150 9 47 125 309 5 195 379 270 210 45 348 353 153 278 87 171 75 328 248 258 376 368 290 343 54 46 344 349 243 117 178 82 41 0,
PFG_MOEA,778,8,320.55,5348.04,0 338 202 306 370 342 144 176 27 98 78 196 296 347 332 147 324 211 244 223 104 310 282 143 79 160 50 60 257 6 204 154 305 326 283 62 297 65 208 205 166 66 30 272 268 0,66
PFG_MOEA,778,9,320.55,5348.04,0 187 206 253 365 359 313 307 207 61 12 89 2 119 128 236 252 336 138 163 222 95 198 351 256 237 280 391 271 39 378 83 155 103 232 179 287 225 97 0,138 307
PFG_MOEA,778,10,320.55,5348.04,0 22 389 114 84 131 325 355 29 81 113 76 116 111 384 337 358 181 177 288 385 240 396 245 115 392 285 331 133 293 53 101 352 363 323 194 275 277 102 100 49 274 122 239 276 32 40 295 23 381 90 214 185 281 118 0,323 331
PFG_MOEA,778,11,320.55,5348.04,0 334 298 26 105 186 134 341 219 371 24 212 375 14 184 318 70 292 263 8 373 169 284 74 279 91 159 162 0,134
PFG_MOEA,778,12,320.55,5348.04,0 38 19 226 57 127 109 59 137 136 273 77 151 218 197 388 261 106 173 302 107 164 67 312 201 362 366 267 228 386 44 130 52 72 108 303 357 266 141 86 199 0,106 386
PFG_MOEA,779,1,270.73,5843.94,0 335 187 309 5 195 379 270 257 60 50 160 79 143 280 351 237 256 274 49 198 252 236 381 23 90 12 207 307 0,
PFG_MOEA,779,2,270.73,5843.94,0 61 313 359 206 253 365 360 214 185 118 281 26 334 298 371 22 134 186 162 159 292 263 8 373 318 70 184 284 74 279 0,134 284 313 318
PFG_MOEA,779,3,270.73,5843.94,0 91 169 108 14 375 212 24 192 330 238 129 200 165 112 191 152 127 57 109 59 137 273 136 247 17 43 85 215 33 71 224 260 148 48 31 304 0,33 200
PFG_MOEA,779,4,270.73,5843.94,0 73 254 69 354 183 327 387 157 149 188 394 316 63 262 1 255 250 28 42 400 395 377 345 356 264 259 246 308 229 197 218 151 77 107 164 67 302 388 3 106 173 261 320 364 0,
PFG_MOEA,779,5,270.73,5843.94,0 329 300 362 123 51 145 322 121 146 201 312 393 294 174 339 132 120 142 0,145 174
PFG_MOEA,779,6,270.73,5843.94,0 37 269 321 299 340 219 341 105 84 131 29 81 113 76 116 111 181 358 337 384 325 355 114 389 0,341
PFG_MOEA,779,7,270.73,5843.94,0 89 216 47 125 9 150 163 53 293 133 331 285 392 115 245 396 240 385 288 177 34 58 235 135 233 88 249 35 161 68 0,133 240
PFG_MOEA,779,8,270.73,5843.94,0 172 182 193 314 4 350 397 36 11 374 311 230 94 156 199 92 86 319 266 141 289 231 386 366 267 228 44 130 52 72 303 357 13 19 226 221 242 96 0,141 386
PFG_MOEA,779,9,270.73,5843.94,0 38 80 378 83 291 139 21 167 301 372 346 315 265 390 99 175 251 190 18 103 155 234 227 398 93 54 46 268 272 30 39 271 391 179 0,
PFG_MOEA,779,10,270.73,5843.94,0 97 225 232 209 361 213 170 367 328 248 258 376 368 290 343 66 349 344 243 117 178 82 41 16 380 369 196 78 98 27 176 144 342 370 306 202 338 203 168 15 399 0,82 176 225
PFG_MOEA,779,11,270.73,5843.94,0 287 64 166 205 75 348 353 45 210 278 153 171 87 6 208 158 189 220 241 62 297 65 283 204 154 305 326 110 140 180 333 317 286 25 55 217 56 7 124 126 20 10 0,65 126
PFG_MOEA,779,12,270.73,5843.94,0 2 119 128 295 40 32 276 239 122 296 332 347 138 336 222 95 101 194 147 324 275 323 363 352 277 102 223 244 211 104 310 100 282 383 382 0,2
PFG_MOEA,780,1,369.23,5154.87,0 90 295 40 32 276 239 122 222 95 101 323 363 352 102 277 275 194 53 293 133 331 285 392 115 245 396 240 385 288 177 181 358 337 384 111 116 76 113 81 29 325 131 84 355 114 389 279 74 159 162 371 219 341 22 134 186 105 298 334 26 281 118 185 214 0,40 240 245 331
PFG_MOEA,780,2,369.23,5154.87,0 91 24 212 375 284 14 184 318 70 292 263 8 373 169 108 72 52 130 44 386 0,318
PFG_MOEA,780,3,369.23,5154.87,0 362 201 312 67 164 107 302 173 106 261 388 197 218 151 77 273 136 0,106
PFG_MOEA,780,4,369.23,5154.87,0 399 172 182 397 36 11 92 86 141 266 303 357 319 199 228 267 366 289 231 34 58 68 161 235 35 249 88 135 233 156 94 230 374 350 311 4 314 193 340 299 321 269 120 142 37 51 145 123 137 59 109 127 57 226 19 13 80 38 0,340
PFG_MOEA,780,5,369.23,5154.87,0 132 339 322 0,
PFG_MOEA,780,6,369.23,5154.87,0 96 242 221 200 165 112 191 152 329 300 121 146 294 174 320 364 393 3 229 308 259 246 264 356 345 377 395 400 42 250 28 247 255 1 262 63 157 291 167 21 372 301 188 394 139 149 316 387 327 17 43 85 215 73 254 183 354 69 265 346 315 99 0,1 200 393
PFG_MOEA,780,7,369.23,5154.87,0 93 398 227 234 213 190 251 175 390 18 103 155 83 378 31 304 0,
PFG_MOEA,780,8,369.23,5154.87,0 48 192 330 238 129 148 260 391 0,
PFG_MOEA,780,9,369.23,5154.87,0 268 272 30 65 283 326 305 154 204 6 208 205 166 66 271 39 0,272
PFG_MOEA,780,10,369.23,5154.87,0 124 126 20 64 189 158 220 241 297 62 110 140 286 317 333 180 7 56 217 55 25 367 170 361 209 71 97 33 0,
PFG_MOEA,780,11,369.23,5154.87,0 15 16 380 369 168 203 338 202 306 370 342 144 176 27 98 78 196 296 347 332 324 147 211 244 223 210 45 348 353 153 278 87 171 75 328 248 258 376 368 290 343 54 46 224 225 232 179 287 10 383 382 41 344 349 243 117 178 82 125 9 47 150 216 360 335 0,47 87 353
PFG_MOEA,780,12,369.23,5154.87,0 207 307 313 359 365 253 206 187 100 310 104 282 143 79 160 50 60 257 270 379 195 5 309 280 351 237 256 274 49 198 163 138 336 252 236 381 23 128 119 2 89 12 61 0,
PFG_MOEA,781,1,759.34,4800.0,0 219 341 105 389 114 84 131 355 325 29 81 113 76 116 111 384 337 358 181 177 288 385 240 396 245 115 392 285 331 133 293 53 163 150 9 125 47 216 89 61 206 253 365 0,245
PFG_MOEA,781,2,759.34,4800.0,0 22 134 186 162 159 279 74 284 184 318 70 292 263 8 373 169 108 14 375 212 24 91 0,318
PFG_MOEA,781,3,759.34,4800.0,0 304 31 48 148 260 224 71 33 129 238 330 192 200 165 112 191 152 127 57 109 59 137 273 136 247 17 43 85 215 73 254 69 354 183 327 387 157 149 188 394 316 63 262 1 255 250 28 42 400 395 377 345 356 264 259 246 308 229 197 218 151 77 107 164 67 302 388 3 106 173 261 320 364 393 312 201 362 329 300 123 51 145 322 121 146 294 174 339 132 120 142 37 269 321 299 340 233 135 88 249 35 161 235 68 58 34 386 231 289 366 267 228 44 130 52 72 303 357 319 266 141 86 92 199 156 94 230 311 374 11 36 397 350 4 314 193 182 172 13 19 226 221 242 96 80 38 0,33 106 174 200 303 311 394
PFG_MOEA,781,4,759.34,4800.0,0 378 83 155 103 18 190 251 175 99 315 346 372 301 167 21 139 291 265 390 234 0,
PFG_MOEA,781,5,759.34,4800.0,0 179 391 271 39 30 272 268 46 54 93 398 227 213 232 0,391
PFG_MOEA,781,6,759.34,4800.0,0 225 0,
PFG_MOEA,781,7,759.34,4800.0,0 97 209 361 170 367 0,
PFG_MOEA,781,8,759.34,4800.0,0 399 15 168 203 338 202 306 370 342 144 176 27 98 78 196 369 380 16 41 82 178 117 243 344 349 66 343 290 368 376 258 248 328 75 348 353 45 210 278 153 171 87 6 208 205 166 158 189 220 241 62 297 65 283 204 154 305 326 110 140 180 333 317 286 25 55 217 56 7 124 126 20 64 287 10 383 382 0,62 66 205 220 342
PFG_MOEA,781,9,759.34,4800.0,0 2 119 128 295 40 32 276 239 122 296 332 347 138 336 222 95 101 194 147 324 275 323 363 352 277 102 223 244 211 104 310 100 282 143 79 160 50 60 257 270 379 195 5 309 280 351 237 256 274 49 198 252 236 0,
PFG_MOEA,781,10,759.34,4800.0,0 381 23 90 12 207 307 0,
PFG_MOEA,781,11,759.34,4800.0,0 335 187 359 313 360 214 0,
PFG_MOEA,781,12,759.34,4800.0,0 185 118 281 26 334 298 371 0,
PFG_MOEA,782,1,314.81,5596.11,0 12 90 128 236 252 336 276 138 222 198 49 274 256 237 351 280 309 5 290 343 313 207 0,222
PFG_MOEA,782,2,314.81,5596.11,0 91 292 263 8 373 169 108 14 375 212 24 371 219 341 298 334 26 281 118 185 214 295 40 32 239 122 95 101 352 363 323 194 275 277 102 100 23 381 119 2 307 359 187 148 48 31 304 0,23
PFG_MOEA,782,3,314.81,5596.11,0 260 224 71 33 127 152 191 112 165 200 129 238 330 192 0,33
PFG_MOEA,782,4,314.81,5596.11,0 57 67 302 173 106 3 388 164 107 77 151 218 197 229 308 246 259 264 356 345 377 395 400 42 28 250 255 1 262 63 316 394 188 149 157 387 327 183 354 69 254 73 215 85 43 17 247 136 273 137 59 109 0,
PFG_MOEA,782,5,314.81,5596.11,0 329 300 362 123 51 145 322 121 146 201 261 320 364 393 312 294 174 339 132 206 253 365 360 335 0,362 393
PFG_MOEA,782,6,314.81,5596.11,0 61 358 181 177 288 385 240 396 245 115 392 285 331 133 293 53 163 150 9 125 47 216 89 0,
PFG_MOEA,782,7,314.81,5596.11,0 80 13 19 226 35 161 235 58 34 386 231 289 366 267 228 44 130 52 72 318 70 184 284 74 279 159 162 389 114 355 325 384 337 111 116 76 113 81 29 131 84 105 186 134 22 0,
PFG_MOEA,782,8,314.81,5596.11,0 38 96 242 221 172 182 397 350 311 4 314 193 230 94 156 374 36 11 92 319 357 303 266 141 86 199 68 135 88 249 233 340 299 321 269 120 142 37 301 21 139 291 167 372 346 315 99 175 251 0,182
PFG_MOEA,782,9,314.81,5596.11,0 97 225 232 179 391 271 158 241 62 297 65 283 204 154 305 326 110 140 286 317 333 180 220 126 124 7 56 217 55 25 367 170 361 209 227 234 213 190 390 265 18 103 155 83 378 398 93 54 46 268 272 30 39 0,65 154
PFG_MOEA,782,10,314.81,5596.11,0 399 15 16 380 41 82 178 117 243 344 349 20 189 64 166 205 208 6 87 171 153 278 210 353 258 376 368 66 287 10 383 382 0,243
PFG_MOEA,782,11,314.81,5596.11,0 369 338 203 168 0,
PFG_MOEA,782,12,314.81,5596.11,0 202 306 370 342 144 176 27 98 78 196 296 347 332 324 147 211 244 223 104 310 282 143 79 160 50 60 257 270 379 195 45 348 75 328 248 0,370
PFG_MOEA,783,1,411.21,4974.5,0 12 90 381 23 32 276 239 336 138 222 198 49 274 256 237 351 280 252 236 128 119 2 0,23
PFG_MOEA,783,2,411.21,4974.5,0 22 118 185 214 295 40 122 392 285 331 133 293 53 101 352 363 323 194 275 277 102 100 95 163 61 89 207 307 313 359 365 253 206 187 0,22 100
PFG_MOEA,783,3,411.21,4974.5,0 115 0,
PFG_MOEA,783,4,411.21,4974.5,0 245 396 240 385 288 177 181 358 337 384 111 116 76 113 81 29 325 355 0,
PFG_MOEA,783,5,411.21,4974.5,0 281 26 334 298 341 134 186 131 84 114 389 105 219 371 162 159 74 279 91 24 212 375 284 14 184 318 70 292 263 8 373 169 108 72 52 130 44 386 362 201 312 67 164 107 302 173 106 261 388 197 218 151 77 273 136 137 59 109 127 57 226 19 13 80 0,77 106 284
PFG_MOEA,783,6,411.21,4974.5,0 38 172 182 319 303 357 266 141 86 199 228 267 366 289 231 34 58 68 161 235 35 249 88 135 233 156 94 230 374 92 11 36 397 350 311 4 314 193 340 299 321 269 120 142 37 51 123 145 132 339 322 121 146 294 174 320 364 393 3 229 308 356 264 259 246 42 300 329 112 221 242 96 0,51 174 229 246 299
PFG_MOEA,783,7,411.21,4974.5,0 399 200 165 191 152 247 255 1 262 250 28 345 377 395 400 394 188 301 372 21 167 291 139 149 157 63 316 387 327 17 43 85 215 73 254 183 354 69 265 346 315 99 175 251 190 390 18 103 155 83 378 213 234 227 398 93 224 179 232 225 97 71 33 260 148 238 129 330 192 48 31 304 0,93
PFG_MOEA,783,8,411.21,4974.5,0 382 383 10 391 271 39 46 54 268 272 30 66 166 205 208 6 204 154 305 326 283 65 297 62 241 110 140 286 317 333 180 220 158 189 64 20 126 124 7 56 217 55 25 367 170 361 209 287 0,55 62 66 220
PFG_MOEA,783,9,411.21,4974.5,0 380 0,
PFG_MOEA,783,10,411.21,4974.5,0 16 369 15 0,
PFG_MOEA,783,11,411.21,4974.5,0 168 203 178 82 41 0,178
PFG_MOEA,783,12,411.21,4974.5,0 335 360 338 202 306 370 342 144 176 27 98 78 196 296 347 332 216 47 125 9 150 147 324 211 244 223 104 310 282 143 309 5 195 379 79 160 50 60 270 257 210 45 153 278 87 171 353 348 75 328 248 258 376 368 290 343 349 344 243 117 0,
PFG_MOEA,784,1,312.55,5795.78,0 336 138 239 122 296 347 332 324 275 277 104 211 244 223 102 352 363 323 194 147 101 95 222 0,122 211 222 277
PFG_MOEA,784,2,312.55,5795.78,0 335 360 207 307 313 359 187 100 310 282 143 79 160 50 60 257 270 379 195 5 309 280 351 237 256 274 49 198 252 236 381 23 90 12 214 185 118 281 26 334 298 371 72 52 130 44 386 80 0,5 307
PFG_MOEA,784,3,312.55,5795.78,0 13 19 226 57 127 109 59 137 136 273 77 151 218 197 388 261 106 173 302 107 164 67 312 201 362 123 51 145 294 174 339 132 142 120 269 321 299 0,174
PFG_MOEA,784,4,312.55,5795.78,0 340 233 135 88 249 35 235 161 68 58 34 231 289 366 267 228 141 266 303 357 319 86 199 156 94 0,303
PFG_MOEA,784,5,312.55,5795.78,0 38 172 182 397 36 11 92 374 230 311 350 4 314 193 37 322 121 146 320 364 393 3 229 308 356 264 259 246 42 300 329 112 191 152 221 242 96 0,42 264
PFG_MOEA,784,6,312.55,5795.78,0 200 165 129 0,
PFG_MOEA,784,7,312.55,5795.78,0 304 330 395 400 394 188 301 372 21 167 291 139 149 157 63 316 387 17 43 33 71 224 260 0,
PFG_MOEA,784,8,312.55,5795.78,0 399 247 28 250 345 377 262 1 255 327 254 73 215 85 93 179 232 225 97 148 238 192 48 31 0,93
PFG_MOEA,784,9,312.55,5795.78,0 378 69 183 354 265 346 315 99 175 251 190 390 18 103 155 83 234 213 227 398 209 361 170 367 25 55 217 56 7 180 333 317 286 140 110 62 297 65 283 326 305 154 204 6 208 241 220 158 189 64 20 126 124 0,175
PFG_MOEA,784,10,312.55,5795.78,0 287 382 383 10 268 272 30 66 166 205 271 39 391 53 293 133 331 285 392 115 245 396 240 385 288 177 181 358 337 384 111 116 76 113 81 29 325 355 131 84 114 389 105 341 219 0,
PFG_MOEA,784,11,312.55,5795.78,0 91 24 212 375 14 108 169 373 8 263 292 70 318 184 284 74 279 159 162 22 134 186 89 216 47 125 9 150 163 61 365 253 206 46 54 0,
PFG_MOEA,784,12,312.55,5795.78,0 41 82 178 117 243 344 349 343 290 368 376 258 248 328 75 171 87 153 278 210 45 353 348 2 119 128 295 40 32 276 196 78 98 27 176 144 342 370 306 202 338 203 168 369 380 16 15 0,16 87 203
PFG_MOEA,785,1,389.39,5146.42,0 163 78 53 293 133 331 285 392 98 115 245 27 396 240 385 288 177 181 358 337 384 111 116 76 113 81 29 325 355 131 84 114 389 91 279 74 159 162 371 219 298 341 22 134 186 105 118 185 0,
PFG_MOEA,785,2,389.39,5146.42,0 281 26 334 24 212 375 284 14 184 318 70 292 263 8 373 169 108 72 52 130 44 386 51 145 123 362 201 294 312 67 164 107 302 173 106 261 388 197 218 151 77 273 136 137 59 109 127 57 226 19 13 80 0,
PFG_MOEA,785,3,389.39,5146.42,0 142 339 174 132 120 269 321 299 340 233 135 88 249 35 235 161 68 58 34 231 289 366 267 228 141 266 303 357 319 86 199 156 94 230 374 92 11 36 397 350 311 4 314 193 0,88
PFG_MOEA,785,4,389.39,5146.42,0 182 172 38 0,
PFG_MOEA,785,5,389.39,5146.42,0 37 322 121 146 320 364 393 3 229 308 356 264 259 246 42 300 329 112 152 191 165 200 221 242 96 0,152 264 329
PFG_MOEA,785,6,389.39,5146.42,0 129 33 71 224 260 0,
PFG_MOEA,785,7,389.39,5146.42,0 399 247 255 1 262 250 28 345 377 395 400 394 188 301 372 21 167 291 139 149 157 63 316 387 17 43 73 254 327 183 354 69 215 85 93 179 232 225 97 148 48 238 330 192 31 304 0,395
PFG_MOEA,785,8,389.39,5146.42,0 16 15 168 203 369 380 391 271 39 268 272 30 66 166 205 208 6 204 154 305 326 283 65 297 62 241 110 140 286 317 333 180 220 158 189 64 20 126 124 7 56 217 55 25 367 170 361 209 398 227 234 213 190 251 175 99 315 346 265 390 18 103 155 83 378 54 46 287 10 383 382 41 0,7 16 20 103 272
PFG_MOEA,785,9,389.39,5146.42,0 82 178 117 243 368 376 258 353 153 171 87 278 210 143 237 256 274 49 100 282 310 104 102 277 275 194 323 363 352 101 198 95 222 138 122 276 336 252 236 128 23 381 90 119 2 12 0,
PFG_MOEA,785,10,389.39,5146.42,0 344 349 351 280 309 5 79 160 50 60 257 270 379 195 45 348 75 328 248 290 343 187 0,
PFG_MOEA,785,11,389.39,5146.42,0 214 295 40 32 239 370 342 144 176 150 47 9 125 216 89 61 207 307 313 359 206 253 365 360 335 0,176
PFG_MOEA,785,12,389.39,5146.42,0 338 202 306 196 296 347 332 324 147 211 244 223 0,
PFG_MOEA,786,1,413.96,4915.5,0 187 206 253 365 359 313 307 207 61 12 89 2 119 128 236 252 336 138 163 222 95 198 351 280 237 256 274 49 100 102 277 275 194 323 363 352 101 53 293 133 331 285 392 122 239 276 32 40 295 23 381 90 113 81 29 76 116 111 384 337 358 181 177 288 385 240 396 245 115 22 118 185 214 0,245 381
PFG_MOEA,786,2,413.96,4915.5,0 281 84 131 325 355 114 389 186 134 341 298 26 334 0,
PFG_MOEA,786,3,413.96,4915.5,0 371 219 105 162 159 74 279 91 24 212 375 284 14 184 318 70 292 263 8 373 169 108 72 52 130 44 386 362 201 312 67 164 107 302 173 106 261 388 197 218 151 77 273 136 137 59 0,
PFG_MOEA,786,4,413.96,4915.5,0 57 127 109 226 0,
PFG_MOEA,786,5,413.96,4915.5,0 19 0,
PFG_MOEA,786,6,413.96,4915.5,0 38 303 357 266 141 86 199 228 267 366 289 231 34 58 68 161 235 35 249 88 135 233 319 182 172 13 80 0,88
PFG_MOEA,786,7,413.96,4915.5,0 399 397 36 11 92 156 94 230 374 350 311 4 314 193 340 299 321 269 120 142 37 51 123 145 132 339 322 121 146 294 174 320 364 393 3 229 308 356 264 259 246 42 300 329 112 191 165 200 221 242 96 0,11 340 374 393
PFG_MOEA,786,8,413.96,4915.5,0 152 247 255 1 262 250 28 345 377 395 400 394 188 301 372 21 167 291 139 149 157 63 316 387 327 17 43 85 215 73 254 183 354 69 265 346 315 99 175 251 190 390 18 103 155 83 378 213 234 227 398 93 0,1 152 175 227
PFG_MOEA,786,9,413.96,4915.5,0 304 31 48 192 330 238 129 148 260 391 271 39 268 272 30 66 166 205 208 6 204 154 305 326 283 65 297 62 241 110 140 286 317 333 180 220 158 189 64 20 126 124 7 56 217 55 25 367 170 361 209 71 33 97 225 232 179 224 0,55 391
PFG_MOEA,786,10,413.96,4915.5,0 287 10 383 382 0,
PFG_MOEA,786,11,413.96,4915.5,0 16 15 168 203 369 380 82 178 117 243 349 344 54 46 41 0,
PFG_MOEA,786,12,413.96,4915.5,0 335 360 216 150 9 47 125 309 5 343 290 368 376 258 248 328 75 171 87 278 153 353 348 45 210 195 379 270 257 60 50 160 79 143 282 310 104 223 244 211 324 147 332 347 296 196 78 98 27 176 144 342 370 306 202 338 0,
PFG_MOEA,787,1,320.55,5348.04,0 80 13 172 182 397 36 11 92 233 135 88 249 35 235 161 68 58 34 231 289 319 399 0,
PFG_MOEA,787,2,320.55,5348.04,0 374 230 94 156 311 350 4 314 193 340 299 321 269 120 142 132 339 174 320 364 308 229 3 393 294 146 121 322 123 145 51 37 0,393
PFG_MOEA,787,3,320.55,5348.04,0 96 242 221 200 165 112 329 300 191 152 247 255 1 262 42 250 28 246 259 264 356 345 377 395 400 394 188 301 372 21 167 291 139 149 157 63 316 387 327 17 43 85 215 73 254 183 354 69 265 346 315 99 175 251 190 0,215
PFG_MOEA,787,4,320.55,5348.04,0 304 31 192 330 238 129 398 227 234 213 18 390 286 140 110 241 93 260 148 48 0,
PFG_MOEA,787,5,320.55,5348.04,0 317 333 0,
PFG_MOEA,787,6,320.55,5348.04,0 33 71 209 361 170 367 25 55 217 56 7 180 220 158 189 64 20 126 124 224 10 383 382 16 203 168 15 0,25
PFG_MOEA,787,7,320.55,5348.04,0 380 369 335 360 216 150 9 47 125 309 5 195 379 270 210 45 348 353 153 278 87 171 75 328 248 258 376 368 290 343 54 46 344 349 243 117 178 82 41 0,
PFG_MOEA,787,8,320.55,5348.04,0 338 202 306 370 342 144 176 27 98 78 196 296 347 332 147 324 211 244 223 104 310 282 143 79 160 50 60 257 6 204 154 305 326 283 62 297 65 208 205 166 66 30 272 268 0,66
PFG_MOEA,787,9,320.55,5348.04,0 187 206 253 365 359 313 307 207 61 12 89 2 119 128 236 252 336 138 163 222 95 198 351 256 237 280 391 271 39 378 83 155 103 232 179 287 225 97 0,138 307
PFG_MOEA,787,10,320.55,5348.04,0 22 389 114 84 131 325 355 29 81 113 76 116 111 384 337 358 181 177 288 385 240 396 245 115 392 285 331 133 293 53 101 352 363 323 194 275 277 102 100 49 274 122 239 276 32 40 295 23 381 90 214 185 281 118 0,323 331
PFG_MOEA,787,11,320.55,5348.04,0 334 298 26 105 186 134 341 219 371 24 212 375 14 184 318 70 292 263 8 373 169 284 74 279 91 159 162 0,134
PFG_MOEA,787,12,320.55,5348.04,0 38 19 226 57 127 109 59 137 136 273 77 151 218 197 388 261 106 173 302 107 164 67 312 201 362 366 267 228 386 44 130 52 72 108 303 357 266 141 86 199 0,106 386
PFG_MOEA,788,1,270.73,5843.94,0 335 187 309 5 195 379 270 257 60 50 160 79 143 280 351 237 256 274 49 198 252 236 381 23 90 12 207 307 0,
PFG_MOEA,788,2,270.73,5843.94,0 61 313 359 206 253 365 360 214 185 118 281 26 334 298 371 22 134 186 162 159 292 263 8 373 318 70 184 284 74 279 0,134 284 313 318
PFG_MOEA,788,3,270.73,5843.94,0 91 169 108 14 375 212 24 192 330 238 129 200 165 112 191 152 127 57 109 59 137 273 136 247 17 43 85 215 33 71 224 260 148 48 31 304 0,33 200
PFG_MOEA,788,4,270.73,5843.94,0 73 254 69 354 183 327 387 157 149 188 394 316 63 262 1 255 250 28 42 400 395 377 345 356 264 259 246 308 229 197 218 151 77 107 164 67 302 388 3 106 173 261 320 364 0,
PFG_MOEA,788,5,270.73,5843.94,0 329 300 362 123 51 145 322 121 146 201 312 393 294 174 339 132 120 142 0,145 174
PFG_MOEA,788,6,270.73,5843.94,0 37 269 321 299 340 219 341 105 84 131 29 81 113 76 116 111 181 358 337 384 325 355 114 389 0,341
PFG_MOEA,788,7,270.73,5843.94,0 89 216 47 125 9 150 163 53 293 133 331 285 392 115 245 396 240 385 288 177 34 58 235 135 233 88 249 35 161 68 0,133 240
PFG_MOEA,788,8,270.73,5843.94,0 172 182 193 314 4 350 397 36 11 374 311 230 94 156 199 92 86 319 266 141 289 231 386 366 267 228 44 130 52 72 303 357 13 19 226 221 242 96 0,141 386
PFG_MOEA,788,9,270.73,5843.94,0 38 80 378 83 291 139 21 167 301 372 346 315 265 390 99 175 251 190 18 103 155 234 227 398 93 54 46 268 272 30 39 271 391 179 0,
PFG_MOEA,788,10,270.73,5843.94,0 97 225 232 209 361 213 170 367 328 248 258 376 368 290 343 66 349 344 243 117 178 82 41 16 380 369 196 78 98 27 176 144 342 370 306 202 338 203 168 15 399 0,82 176 225
PFG_MOEA,788,11,270.73,5843.94,0 287 64 166 205 75 348 353 45 210 278 153 171 87 6 208 158 189 220 241 62 297 65 283 204 154 305 326 110 140 180 333 317 286 25 55 217 56 7 124 126 20 10 0,65 126
PFG_MOEA,788,12,270.73,5843.94,0 2 119 128 295 40 32 276 239 122 296 332 347 138 336 222 95 101 194 147 324 275 323 363 352 277 102 223 244 211 104 310 100 282 383 382 0,2
PFG_MOEA,789,1,369.23,5154.87,0 90 295 40 32 276 239 122 222 95 101 323 363 352 102 277 275 194 53 293 133 331 285 392 115 245 396 240 385 288 177 181 358 337 384 111 116 76 113 81 29 325 131 84 355 114 389 279 74 159 162 371 219 341 22 134 186 105 298 334 26 281 118 185 214 0,40 240 245 331
PFG_MOEA,789,2,369.23,5154.87,0 91 24 212 375 284 14 184 318 70 292 263 8 373 169 108 72 52 130 44 386 0,318
PFG_MOEA,789,3,369.23,5154.87,0 362 201 312 67 164 107 302 173 106 261 388 197 218 151 77 273 136 0,106
PFG_MOEA,789,4,369.23,5154.87,0 399 172 182 397 36 11 92 86 141 266 303 357 319 199 228 267 366 289 231 34 58 68 161 235 35 249 88 135 233 156 94 230 374 350 311 4 314 193 340 299 321 269 120 142 37 51 145 123 137 59 109 127 57 226 19 13 80 38 0,340
PFG_MOEA,789,5,369.23,5154.87,0 132 339 322 0,
PFG_MOEA,789,6,369.23,5154.87,0 96 242 221 200 165 112 191 152 329 300 121 146 294 174 320 364 393 3 229 308 259 246 264 356 345 377 395 400 42 250 28 247 255 1 262 63 157 291 167 21 372 301 188 394 139 149 316 387 327 17 43 85 215 73 254 183 354 69 265 346 315 99 0,1 200 393
PFG_MOEA,789,7,369.23,5154.87,0 93 398 227 234 213 190 251 175 390 18 103 155 83 378 31 304 0,
PFG_MOEA,789,8,369.23,5154.87,0 48 192 330 238 129 148 260 391 0,
PFG_MOEA,789,9,369.23,5154.87,0 268 272 30 65 283 326 305 154 204 6 208 205 166 66 271 39 0,272
PFG_MOEA,789,10,369.23,5154.87,0 124 126 20 64 189 158 220 241 297 62 110 140 286 317 333 180 7 56 217 55 25 367 170 361 209 71 97 33 0,
PFG_MOEA,789,11,369.23,5154.87,0 15 16 380 369 168 203 338 202 306 370 342 144 176 27 98 78 196 296 347 332 324 147 211 244 223 210 45 348 353 153 278 87 171 75 328 248 258 376 368 290 343 54 46 224 225 232 179 287 10 383 382 41 344 349 243 117 178 82 125 9 47 150 216 360 335 0,47 87 353
PFG_MOEA,789,12,369.23,5154.87,0 207 307 313 359 365 253 206 187 100 310 104 282 143 79 160 50 60 257 270 379 195 5 309 280 351 237 256 274 49 198 163 138 336 252 236 381 23 128 119 2 89 12 61 0,
PFG_MOEA,790,1,337.93,5308.22,0 187 206 253 313 359 365 0,
PFG_MOEA,790,2,337.93,5308.22,0 207 307 198 280 351 256 237 101 53 293 133 331 285 392 95 222 163 138 336 252 236 128 119 2 89 12 61 0,133 222
PFG_MOEA,790,3,337.93,5308.22,0 323 363 352 194 275 277 102 100 49 274 122 239 276 32 40 295 23 381 90 0,
PFG_MOEA,790,4,337.93,5308.22,0 22 115 245 396 240 385 288 177 181 358 337 384 111 116 76 113 81 29 131 84 281 118 185 214 0,
PFG_MOEA,790,5,337.93,5308.22,0 334 26 298 371 219 341 134 186 105 355 325 114 389 162 159 74 279 91 24 212 375 284 14 184 318 70 292 263 8 373 169 108 72 52 130 44 386 362 201 312 0,284
PFG_MOEA,790,6,337.93,5308.22,0 399 172 182 397 36 11 92 86 141 266 303 357 319 199 228 267 366 289 231 34 58 68 161 235 35 249 88 135 233 156 94 230 57 127 109 59 137 136 273 77 151 218 197 388 261 106 173 302 107 164 67 294 226 19 13 80 38 0,
PFG_MOEA,790,7,337.93,5308.22,0 374 350 311 4 314 193 340 299 321 269 120 142 37 51 145 123 146 121 322 339 132 174 320 364 393 3 229 308 356 264 259 246 42 1 255 247 152 191 112 329 300 165 200 221 242 96 0,132 264 340 393
PFG_MOEA,790,8,337.93,5308.22,0 28 250 262 400 395 345 377 394 188 301 372 21 167 291 139 149 157 63 316 387 327 17 43 85 215 73 254 183 354 69 265 346 315 99 175 251 190 0,
PFG_MOEA,790,9,337.93,5308.22,0 304 192 330 238 129 378 83 155 103 18 390 213 234 227 398 140 110 241 62 297 65 283 326 305 154 204 6 208 205 166 66 93 30 272 268 39 271 391 260 148 48 31 0,65 391
PFG_MOEA,790,10,337.93,5308.22,0 33 71 225 97 232 209 361 170 367 25 55 217 56 7 317 286 333 180 220 158 189 64 20 126 124 224 10 287 179 0,
PFG_MOEA,790,11,337.93,5308.22,0 15 168 203 369 16 380 335 360 216 150 9 47 125 309 5 195 379 270 210 45 348 353 153 278 87 171 75 328 248 54 46 383 382 344 349 243 117 178 82 41 0,82 87 195 353
PFG_MOEA,790,12,337.93,5308.22,0 338 202 306 370 342 144 176 27 98 78 196 296 347 332 147 324 211 244 223 104 310 282 143 79 160 50 60 257 258 376 368 290 343 0,290
PFG_MOEA,791,1,759.34,4800.0,0 219 341 105 389 114 84 131 355 325 29 81 113 76 116 111 384 337 358 181 177 288 385 240 396 245 115 392 285 331 133 293 53 163 150 9 125 47 216 89 61 206 253 365 0,245
PFG_MOEA,791,2,759.34,4800.0,0 22 134 186 162 159 279 74 284 184 318 70 292 263 8 373 169 108 14 375 212 24 91 0,318
PFG_MOEA,791,3,759.34,4800.0,0 304 31 48 148 260 224 71 33 129 238 330 192 200 165 112 191 152 127 57 109 59 137 273 136 247 17 43 85 215 73 254 69 354 183 327 387 157 149 188 394 316 63 262 1 255 250 28 42 400 395 377 345 356 264 259 246 308 229 197 218 151 77 107 164 67 302 388 3 106 173 261 320 364 393 312 201 362 329 300 123 51 145 322 121 146 294 174 339 132 120 142 37 269 321 299 340 233 135 88 249 35 161 235 68 58 34 386 231 289 366 267 228 44 130 52 72 303 357 319 266 141 86 92 199 156 94 230 311 374 11 36 397 350 4 314 193 182 172 13 19 226 221 242 96 80 38 0,33 106 174 200 303 311 394
PFG_MOEA,791,4,759.34,4800.0,0 378 83 155 103 18 190 251 175 99 315 346 372 301 167 21 139 291 265 390 234 0,
PFG_MOEA,791,5,759.34,4800.0,0 179 391 271 39 30 272 268 46 54 93 398 227 213 232 0,391
PFG_MOEA,791,6,759.34,4800.0,0 225 0,
PFG_MOEA,791,7,759.34,4800.0,0 97 209 361 170 367 0,
PFG_MOEA,791,8,759.34,4800.0,0 399 15 168 203 338 202 306 370 342 144 176 27 98 78 196 369 380 16 41 82 178 117 243 344 349 66 343 290 368 376 258 248 328 75 348 353 45 210 278 153 171 87 6 208 205 166 158 189 220 241 62 297 65 283 204 154 305 326 110 140 180 333 317 286 25 55 217 56 7 124 126 20 64 287 10 383 382 0,62 66 205 220 342
PFG_MOEA,791,9,759.34,4800.0,0 2 119 128 295 40 32 276 239 122 296 332 347 138 336 222 95 101 194 147 324 275 323 363 352 277 102 223 244 211 104 310 100 282 143 79 160 50 60 257 270 379 195 5 309 280 351 237 256 274 49 198 252 236 0,
PFG_MOEA,791,10,759.34,4800.0,0 381 23 90 12 207 307 0,
PFG_MOEA,791,11,759.34,4800.0,0 335 187 359 313 360 214 0,
PFG_MOEA,791,12,759.34,4800.0,0 185 118 281 26 334 298 371 0,
PFG_MOEA,792,1,314.81,5596.11,0 12 90 128 236 252 336 276 138 222 198 49 274 256 237 351 280 309 5 290 343 313 207 0,222
PFG_MOEA,792,2,314.81,5596.11,0 91 292 263 8 373 169 108 14 375 212 24 371 219 341 298 334 26 281 118 185 214 295 40 32 239 122 95 101 352 363 323 194 275 277 102 100 23 381 119 2 307 359 187 148 48 31 304 0,23
PFG_MOEA,792,3,314.81,5596.11,0 260 224 71 33 127 152 191 112 165 200 129 238 330 192 0,33
PFG_MOEA,792,4,314.81,5596.11,0 57 67 302 173 106 3 388 164 107 77 151 218 197 229 308 246 259 264 356 345 377 395 400 42 28 250 255 1 262 63 316 394 188 149 157 387 327 183 354 69 254 73 215 85 43 17 247 136 273 137 59 109 0,
PFG_MOEA,792,5,314.81,5596.11,0 329 300 362 123 51 145 322 121 146 201 261 320 364 393 312 294 174 339 132 206 253 365 360 335 0,362 393
PFG_MOEA,792,6,314.81,5596.11,0 61 358 181 177 288 385 240 396 245 115 392 285 331 133 293 53 163 150 9 125 47 216 89 0,
PFG_MOEA,792,7,314.81,5596.11,0 80 13 19 226 35 161 235 58 34 386 231 289 366 267 228 44 130 52 72 318 70 184 284 74 279 159 162 389 114 355 325 384 337 111 116 76 113 81 29 131 84 105 186 134 22 0,
PFG_MOEA,792,8,314.81,5596.11,0 38 96 242 221 172 182 397 350 311 4 314 193 230 94 156 374 36 11 92 319 357 303 266 141 86 199 68 135 88 249 233 340 299 321 269 120 142 37 301 21 139 291 167 372 346 315 99 175 251 0,182
PFG_MOEA,792,9,314.81,5596.11,0 97 225 232 179 391 271 158 241 62 297 65 283 204 154 305 326 110 140 286 317 333 180 220 126 124 7 56 217 55 25 367 170 361 209 227 234 213 190 390 265 18 103 155 83 378 398 93 54 46 268 272 30 39 0,65 154
PFG_MOEA,792,10,314.81,5596.11,0 399 15 16 380 41 82 178 117 243 344 349 20 189 64 166 205 208 6 87 171 153 278 210 353 258 376 368 66 287 10 383 382 0,243
PFG_MOEA,792,11,314.81,5596.11,0 369 338 203 168 0,
PFG_MOEA,792,12,314.81,5596.11,0 202 306 370 342 144 176 27 98 78 196 296 347 332 324 147 211 244 223 104 310 282 143 79 160 50 60 257 270 379 195 45 348 75 328 248 0,370
PFG_MOEA,793,1,411.21,4974.5,0 12 90 381 23 32 276 239 336 138 222 198 49 274 256 237 351 280 252 236 128 119 2 0,23
PFG_MOEA,793,2,411.21,4974.5,0 22 118 185 214 295 40 122 392 285 331 133 293 53 101 352 363 323 194 275 277 102 100 95 163 61 89 207 307 313 359 365 253 206 187 0,22 100
PFG_MOEA,793,3,411.21,4974.5,0 115 0,
PFG_MOEA,793,4,411.21,4974.5,0 245 396 240 385 288 177 181 358 337 384 111 116 76 113 81 29 325 355 0,
PFG_MOEA,793,5,411.21,4974.5,0 281 26 334 298 341 134 186 131 84 114 389 105 219 371 162 159 74 279 91 24 212 375 284 14 184 318 70 292 263 8 373 169 108 72 52 130 44 386 362 201 312 67 164 107 302 173 106 261 388 197 218 151 77 273 136 137 59 109 127 57 226 19 13 80 0,77 106 284
PFG_MOEA,793,6,411.21,4974.5,0 38 172 182 319 303 357 266 141 86 199 228 267 366 289 231 34 58 68 161 235 35 249 88 135 233 156 94 230 374 92 11 36 397 350 311 4 314 193 340 299 321 269 120 142 37 51 123 145 132 339 322 121 146 294 174 320 364 393 3 229 308 356 264 259 246 42 300 329 112 221 242 96 0,51 174 229 246 299
PFG_MOEA,793,7,411.21,4974.5,0 399 200 165 191 152 247 255 1 262 250 28 345 377 395 400 394 188 301 372 21 167 291 139 149 157 63 316 387 327 17 43 85 215 73 254 183 354 69 265 346 315 99 175 251 190 390 18 103 155 83 378 213 234 227 398 93 224 179 232 225 97 71 33 260 148 238 129 330 192 48 31 304 0,93
PFG_MOEA,793,8,411.21,4974.5,0 382 383 10 391 271 39 46 54 268 272 30 66 166 205 208 6 204 154 305 326 283 65 297 62 241 110 140 286 317 333 180 220 158 189 64 20 126 124 7 56 217 55 25 367 170 361 209 287 0,55 62 66 220
PFG_MOEA,793,9,411.21,4974.5,0 380 0,
PFG_MOEA,793,10,411.21,4974.5,0 16 369 15 0,
PFG_MOEA,793,11,411.21,4974.5,0 168 203 178 82 41 0,178
PFG_MOEA,793,12,411.21,4974.5,0 335 360 338 202 306 370 342 144 176 27 98 78 196 296 347 332 216 47 125 9 150 147 324 211 244 223 104 310 282 143 309 5 195 379 79 160 50 60 270 257 210 45 153 278 87 171 353 348 75 328 248 258 376 368 290 343 349 344 243 117 0,
PFG_MOEA,794,1,312.55,5795.78,0 336 138 239 122 296 347 332 324 275 277 104 211 244 223 102 352 363 323 194 147 101 95 222 0,122 211 222 277
PFG_MOEA,794,2,312.55,5795.78,0 335 360 207 307 313 359 187 100 310 282 143 79 160 50 60 257 270 379 195 5 309 280 351 237 256 274 49 198 252 236 381 23 90 12 214 185 118 281 26 334 298 371 72 52 130 44 386 80 0,5 307
PFG_MOEA,794,3,312.55,5795.78,0 13 19 226 57 127 109 59 137 136 273 77 151 218 197 388 261 106 173 302 107 164 67 312 201 362 123 51 145 294 174 339 132 142 120 269 321 299 0,174
PFG_MOEA,794,4,312.55,5795.78,0 340 233 135 88 249 35 235 161 68 58 34 231 289 366 267 228 141 266 303 357 319 86 199 156 94 0,303
PFG_MOEA,794,5,312.55,5795.78,0 38 172 182 397 36 11 92 374 230 311 350 4 314 193 37 322 121 146 320 364 393 3 229 308 356 264 259 246 42 300 329 112 191 152 221 242 96 0,42 264
PFG_MOEA,794,6,312.55,5795.78,0 200 165 129 0,
PFG_MOEA,794,7,312.55,5795.78,0 304 330 395 400 394 188 301 372 21 167 291 139 149 157 63 316 387 17 43 33 71 224 260 0,
PFG_MOEA,794,8,312.55,5795.78,0 399 247 28 250 345 377 262 1 255 327 254 73 215 85 93 179 232 225 97 148 238 192 48 31 0,93
PFG_MOEA,794,9,312.55,5795.78,0 378 69 183 354 265 346 315 99 175 251 190 390 18 103 155 83 234 213 227 398 209 361 170 367 25 55 217 56 7 180 333 317 286 140 110 62 297 65 283 326 305 154 204 6 208 241 220 158 189 64 20 126 124 0,175
PFG_MOEA,794,10,312.55,5795.78,0 287 382 383 10 268 272 30 66 166 205 271 39 391 53 293 133 331 285 392 115 245 396 240 385 288 177 181 358 337 384 111 116 76 113 81 29 325 355 131 84 114 389 105 341 219 0,
PFG_MOEA,794,11,312.55,5795.78,0 91 24 212 375 14 108 169 373 8 263 292 70 318 184 284 74 279 159 162 22 134 186 89 216 47 125 9 150 163 61 365 253 206 46 54 0,
PFG_MOEA,794,12,312.55,5795.78,0 41 82 178 117 243 344 349 343 290 368 376 258 248 328 75 171 87 153 278 210 45 353 348 2 119 128 295 40 32 276 196 78 98 27 176 144 342 370 306 202 338 203 168 369 380 16 15 0,16 87 203
PFG_MOEA,795,1,389.39,5146.42,0 163 78 53 293 133 331 285 392 98 115 245 27 396 240 385 288 177 181 358 337 384 111 116 76 113 81 29 325 355 131 84 114 389 91 279 74 159 162 371 219 298 341 22 134 186 105 118 185 0,
PFG_MOEA,795,2,389.39,5146.42,0 281 26 334 24 212 375 284 14 184 318 70 292 263 8 373 169 108 72 52 130 44 386 51 145 123 362 201 294 312 67 164 107 302 173 106 261 388 197 218 151 77 273 136 137 59 109 127 57 226 19 13 80 0,
PFG_MOEA,795,3,389.39,5146.42,0 142 339 174 132 120 269 321 299 340 233 135 88 249 35 235 161 68 58 34 231 289 366 267 228 141 266 303 357 319 86 199 156 94 230 374 92 11 36 397 350 311 4 314 193 0,88
PFG_MOEA,795,4,389.39,5146.42,0 182 172 38 0,
PFG_MOEA,795,5,389.39,5146.42,0 37 322 121 146 320 364 393 3 229 308 356 264 259 246 42 300 329 112 152 191 165 200 221 242 96 0,152 264 329
PFG_MOEA,795,6,389.39,5146.42,0 129 33 71 224 260 0,
PFG_MOEA,795,7,389.39,5146.42,0 399 247 255 1 262 250 28 345 377 395 400 394 188 301 372 21 167 291 139 149 157 63 316 387 17 43 73 254 327 183 354 69 215 85 93 179 232 225 97 148 48 238 330 192 31 304 0,395
PFG_MOEA,795,8,389.39,5146.42,0 16 15 168 203 369 380 391 271 39 268 272 30 66 166 205 208 6 204 154 305 326 283 65 297 62 241 110 140 286 317 333 180 220 158 189 64 20 126 124 7 56 217 55 25 367 170 361 209 398 227 234 213 190 251 175 99 315 346 265 390 18 103 155 83 378 54 46 287 10 383 382 41 0,7 16 20 103 272
PFG_MOEA,795,9,389.39,5146.42,0 82 178 117 243 368 376 258 353 153 171 87 278 210 143 237 256 274 49 100 282 310 104 102 277 275 194 323 363 352 101 198 95 222 138 122 276 336 252 236 128 23 381 90 119 2 12 0,
PFG_MOEA,795,10,389.39,5146.42,0 344 349 351 280 309 5 79 160 50 60 257 270 379 195 45 348 75 328 248 290 343 187 0,
PFG_MOEA,795,11,389.39,5146.42,0 214 295 40 32 239 370 342 144 176 150 47 9 125 216 89 61 207 307 313 359 206 253 365 360 335 0,176
PFG_MOEA,795,12,389.39,5146.42,0 338 202 306 196 296 347 332 324 147 211 244 223 0,
PFG_MOEA,796,1,413.96,4915.5,0 187 206 253 365 359 313 307 207 61 12 89 2 119 128 236 252 336 138 163 222 95 198 351 280 237 256 274 49 100 102 277 275 194 323 363 352 101 53 293 133 331 285 392 122 239 276 32 40 295 23 381 90 113 81 29 76 116 111 384 337 358 181 177 288 385 240 396 245 115 22 118 185 214 0,245 381
PFG_MOEA,796,2,413.96,4915.5,0 281 84 131 325 355 114 389 186 134 341 298 26 334 0,
PFG_MOEA,796,3,413.96,4915.5,0 371 219 105 162 159 74 279 91 24 212 375 284 14 184 318 70 292 263 8 373 169 108 72 52 130 44 386 362 201 312 67 164 107 302 173 106 261 388 197 218 151 77 273 136 137 59 0,
PFG_MOEA,796,4,413.96,4915.5,0 57 127 109 226 0,
PFG_MOEA,796,5,413.96,4915.5,0 19 0,
PFG_MOEA,796,6,413.96,4915.5,0 38 303 357 266 141 86 199 228 267 366 289 231 34 58 68 161 235 35 249 88 135 233 319 182 172 13 80 0,88
PFG_MOEA,796,7,413.96,4915.5,0 399 397 36 11 92 156 94 230 374 350 311 4 314 193 340 299 321 269 120 142 37 51 123 145 132 339 322 121 146 294 174 320 364 393 3 229 308 356 264 259 246 42 300 329 112 191 165 200 221 242 96 0,11 340 374 393
PFG_MOEA,796,8,413.96,4915.5,0 152 247 255 1 262 250 28 345 377 395 400 394 188 301 372 21 167 291 139 149 157 63 316 387 327 17 43 85 215 73 254 183 354 69 265 346 315 99 175 251 190 390 18 103 155 83 378 213 234 227 398 93 0,1 152 175 227
PFG_MOEA,796,9,413.96,4915.5,0 304 31 48 192 330 238 129 148 260 391 271 39 268 272 30 66 166 205 208 6 204 154 305 326 283 65 297 62 241 110 140 286 317 333 180 220 158 189 64 20 126 124 7 56 217 55 25 367 170 361 209 71 33 97 225 232 179 224 0,55 391
PFG_MOEA,796,10,413.96,4915.5,0 287 10 383 382 0,
PFG_MOEA,796,11,413.96,4915.5,0 16 15 168 203 369 380 82 178 117 243 349 344 54 46 41 0,
PFG_MOEA,796,12,413.96,4915.5,0 335 360 216 150 9 47 125 309 5 343 290 368 376 258 248 328 75 171 87 278 153 353 348 45 210 195 379 270 257 60 50 160 79 143 282 310 104 223 244 211 324 147 332 347 296 196 78 98 27 176 144 342 370 306 202 338 0,
PFG_MOEA,797,1,320.55,5348.04,0 80 13 172 182 397 36 11 92 233 135 88 249 35 235 161 68 58 34 231 289 319 399 0,
PFG_MOEA,797,2,320.55,5348.04,0 374 230 94 156 311 350 4 314 193 340 299 321 269 120 142 132 339 174 320 364 308 229 3 393 294 146 121 322 123 145 51 37 0,393
PFG_MOEA,797,3,320.55,5348.04,0 96 242 221 200 165 112 329 300 191 152 247 255 1 262 42 250 28 246 259 264 356 345 377 395 400 394 188 301 372 21 167 291 139 149 157 63 316 387 327 17 43 85 215 73 254 183 354 69 265 346 315 99 175 251 190 0,215
PFG_MOEA,797,4,320.55,5348.04,0 304 31 192 330 238 129 398 227 234 213 18 390 286 140 110 241 93 260 148 48 0,
PFG_MOEA,797,5,320.55,5348.04,0 317 333 0,
PFG_MOEA,797,6,320.55,5348.04,0 33 71 209 361 170 367 25 55 217 56 7 180 220 158 189 64 20 126 124 224 10 383 382 16 203 168 15 0,25
PFG_MOEA,797,7,320.55,5348.04,0 380 369 335 360 216 150 9 47 125 309 5 195 379 270 210 45 348 353 153 278 87 171 75 328 248 258 376 368 290 343 54 46 344 349 243 117 178 82 41 0,
PFG_MOEA,797,8,320.55,5348.04,0 338 202 306 370 342 144 176 27 98 78 196 296 347 332 147 324 211 244 223 104 310 282 143 79 160 50 60 257 6 204 154 305 326 283 62 297 65 208 205 166 66 30 272 268 0,66
PFG_MOEA,797,9,320.55,5348.04,0 187 206 253 365 359 313 307 207 61 12 89 2 119 128 236 252 336 138 163 222 95 198 351 256 237 280 391 271 39 378 83 155 103 232 179 287 225 97 0,138 307
PFG_MOEA,797,10,320.55,5348.04,0 22 389 114 84 131 325 355 29 81 113 76 116 111 384 337 358 181 177 288 385 240 396 245 115 392 285 331 133 293 53 101 352 363 323 194 275 277 102 100 49 274 122 239 276 32 40 295 23 381 90 214 185 281 118 0,323 331
PFG_MOEA,797,11,320.55,5348.04,0 334 298 26 105 186 134 341 219 371 24 212 375 14 184 318 70 292 263 8 373 169 284 74 279 91 159 162 0,134
PFG_MOEA,797,12,320.55,5348.04,0 38 19 226 57 127 109 59 137 136 273 77 151 218 197 388 261 106 173 302 107 164 67 312 201 362 366 267 228 386 44 130 52 72 108 303 357 266 141 86 199 0,106 386
PFG_MOEA,798,1,270.73,5843.94,0 335 187 309 5 195 379 270 257 60 50 160 79 143 280 351 237 256 274 49 198 252 236 381 23 90 12 207 307 0,
PFG_MOEA,798,2,270.73,5843.94,0 61 313 359 206 253 365 360 214 185 118 281 26 334 298 371 22 134 186 162 159 292 263 8 373 318 70 184 284 74 279 0,134 284 313 318
PFG_MOEA,798,3,270.73,5843.94,0 91 169 108 14 375 212 24 192 330 238 129 200 165 112 191 152 127 57 109 59 137 273 136 247 17 43 85 215 33 71 224 260 148 48 31 304 0,33 200
PFG_MOEA,798,4,270.73,5843.94,0 73 254 69 354 183 327 387 157 149 188 394 316 63 262 1 255 250 28 42 400 395 377 345 356 264 259 246 308 229 197 218 151 77 107 164 67 302 388 3 106 173 261 320 364 0,
PFG_MOEA,798,5,270.73,5843.94,0 329 300 362 123 51 145 322 121 146 201 312 393 294 174 339 132 120 142 0,145 174
PFG_MOEA,798,6,270.73,5843.94,0 37 269 321 299 340 219 341 105 84 131 29 81 113 76 116 111 181 358 337 384 325 355 114 389 0,341
PFG_MOEA,798,7,270.73,5843.94,0 89 216 47 125 9 150 163 53 293 133 331 285 392 115 245 396 240 385 288 177 34 58 235 135 233 88 249 35 161 68 0,133 240
PFG_MOEA,798,8,270.73,5843.94,0 172 182 193 314 4 350 397 36 11 374 311 230 94 156 199 92 86 319 266 141 289 231 386 366 267 228 44 130 52 72 303 357 13 19 226 221 242 96 0,141 386
PFG_MOEA,798,9,270.73,5843.94,0 38 80 378 83 291 139 21 167 301 372 346 315 265 390 99 175 251 190 18 103 155 234 227 398 93 54 46 268 272 30 39 271 391 179 0,
PFG_MOEA,798,10,270.73,5843.94,0 97 225 232 209 361 213 170 367 328 248 258 376 368 290 343 66 349 344 243 117 178 82 41 16 380 369 196 78 98 27 176 144 342 370 306 202 338 203 168 15 399 0,82 176 225
PFG_MOEA,798,11,270.73,5843.94,0 287 64 166 205 75 348 353 45 210 278 153 171 87 6 208 158 189 220 241 62 297 65 283 204 154 305 326 110 140 180 333 317 286 25 55 217 56 7 124 126 20 10 0,65 126
PFG_MOEA,798,12,270.73,5843.94,0 2 119 128 295 40 32 276 239 122 296 332 347 138 336 222 95 101 194 147 324 275 323 363 352 277 102 223 244 211 104 310 100 282 383 382 0,2
PFG_MOEA,799,1,369.23,5154.87,0 90 295 40 32 276 239 122 222 95 101 323 363 352 102 277 275 194 53 293 133 331 285 392 115 245 396 240 385 288 177 181 358 337 384 111 116 76 113 81 29 325 131 84 355 114 389 279 74 159 162 371 219 341 22 134 186 105 298 334 26 281 118 185 214 0,40 240 245 331
PFG_MOEA,799,2,369.23,5154.87,0 91 24 212 375 284 14 184 318 70 292 263 8 373 169 108 72 52 130 44 386 0,318
PFG_MOEA,799,3,369.23,5154.87,0 362 201 312 67 164 107 302 173 106 261 388 197 218 151 77 273 136 0,106
PFG_MOEA,799,4,369.23,5154.87,0 399 172 182 397 36 11 92 86 141 266 303 357 319 199 228 267 366 289 231 34 58 68 161 235 35 249 88 135 233 156 94 230 374 350 311 4 314 193 340 299 321 269 120 142 37 51 145 123 137 59 109 127 57 226 19 13 80 38 0,340
PFG_MOEA,799,5,369.23,5154.87,0 132 339 322 0,
PFG_MOEA,799,6,369.23,5154.87,0 96 242 221 200 165 112 191 152 329 300 121 146 294 174 320 364 393 3 229 308 259 246 264 356 345 377 395 400 42 250 28 247 255 1 262 63 157 291 167 21 372 301 188 394 139 149 316 387 327 17 43 85 215 73 254 183 354 69 265 346 315 99 0,1 200 393
PFG_MOEA,799,7,369.23,5154.87,0 93 398 227 234 213 190 251 175 390 18 103 155 83 378 31 304 0,
PFG_MOEA,799,8,369.23,5154.87,0 48 192 330 238 129 148 260 391 0,
PFG_MOEA,799,9,369.23,5154.87,0 268 272 30 65 283 326 305 154 204 6 208 205 166 66 271 39 0,272
PFG_MOEA,799,10,369.23,5154.87,0 124 126 20 64 189 158 220 241 297 62 110 140 286 317 333 180 7 56 217 55 25 367 170 361 209 71 97 33 0,
PFG_MOEA,799,11,369.23,5154.87,0 15 16 380 369 168 203 338 202 306 370 342 144 176 27 98 78 196 296 347 332 324 147 211 244 223 210 45 348 353 153 278 87 171 75 328 248 258 376 368 290 343 54 46 224 225 232 179 287 10 383 382 41 344 349 243 117 178 82 125 9 47 150 216 360 335 0,47 87 353
PFG_MOEA,799,12,369.23,5154.87,0 207 307 313 359 365 253 206 187 100 310 104 282 143 79 160 50 60 257 270 379 195 5 309 280 351 237 256 274 49 198 163 138 336 252 236 381 23 128 119 2 89 12 61 0,
PFG_MOEA,800,1,337.93,5308.22,0 187 206 253 313 359 365 0,
PFG_MOEA,800,2,337.93,5308.22,0 207 307 198 280 351 256 237 101 53 293 133 331 285 392 95 222 163 138 336 252 236 128 119 2 89 12 61 0,133 222
PFG_MOEA,800,3,337.93,5308.22,0 323 363 352 194 275 277 102 100 49 274 122 239 276 32 40 295 23 381 90 0,
PFG_MOEA,800,4,337.93,5308.22,0 22 115 245 396 240 385 288 177 181 358 337 384 111 116 76 113 81 29 131 84 281 118 185 214 0,
PFG_MOEA,800,5,337.93,5308.22,0 334 26 298 371 219 341 134 186 105 355 325 114 389 162 159 74 279 91 24 212 375 284 14 184 318 70 292 263 8 373 169 108 72 52 130 44 386 362 201 312 0,284
PFG_MOEA,800,6,337.93,5308.22,0 399 172 182 397 36 11 92 86 141 266 303 357 319 199 228 267 366 289 231 34 58 68 161 235 35 249 88 135 233 156 94 230 57 127 109 59 137 136 273 77 151 218 197 388 261 106 173 302 107 164 67 294 226 19 13 80 38 0,
PFG_MOEA,800,7,337.93,5308.22,0 374 350 311 4 314 193 340 299 321 269 120 142 37 51 145 123 146 121 322 339 132 174 320 364 393 3 229 308 356 264 259 246 42 1 255 247 152 191 112 329 300 165 200 221 242 96 0,132 264 340 393
PFG_MOEA,800,8,337.93,5308.22,0 28 250 262 400 395 345 377 394 188 301 372 21 167 291 139 149 157 63 316 387 327 17 43 85 215 73 254 183 354 69 265 346 315 99 175 251 190 0,
PFG_MOEA,800,9,337.93,5308.22,0 304 192 330 238 129 378 83 155 103 18 390 213 234 227 398 140 110 241 62 297 65 283 326 305 154 204 6 208 205 166 66 93 30 272 268 39 271 391 260 148 48 31 0,65 391
PFG_MOEA,800,10,337.93,5308.22,0 33 71 225 97 232 209 361 170 367 25 55 217 56 7 317 286 333 180 220 158 189 64 20 126 124 224 10 287 179 0,
PFG_MOEA,800,11,337.93,5308.22,0 15 168 203 369 16 380 335 360 216 150 9 47 125 309 5 195 379 270 210 45 348 353 153 278 87 171 75 328 248 54 46 383 382 344 349 243 117 178 82 41 0,82 87 195 353
PFG_MOEA,800,12,337.93,5308.22,0 338 202 306 370 342 144 176 27 98 78 196 296 347 332 147 324 211 244 223 104 310 282 143 79 160 50 60 257 258 376 368 290 343 0,290
PFG_MOEA,801,1,759.34,4800.0,0 219 341 105 389 114 84 131 355 325 29 81 113 76 116 111 384 337 358 181 177 288 385 240 396 245 115 392 285 331 133 293 53 163 150 9 125 47 216 89 61 206 253 365 0,245
PFG_MOEA,801,2,759.34,4800.0,0 22 134 186 162 159 279 74 284 184 318 70 292 263 8 373 169 108 14 375 212 24 91 0,318
PFG_MOEA,801,3,759.34,4800.0,0 304 31 48 148 260 224 71 33 129 238 330 192 200 165 112 191 152 127 57 109 59 137 273 136 247 17 43 85 215 73 254 69 354 183 327 387 157 149 188 394 316 63 262 1 255 250 28 42 400 395 377 345 356 264 259 246 308 229 197 218 151 77 107 164 67 302 388 3 106 173 261 320 364 393 312 201 362 329 300 123 51 145 322 121 146 294 174 339 132 120 142 37 269 321 299 340 233 135 88 249 35 161 235 68 58 34 386 231 289 366 267 228 44 130 52 72 303 357 319 266 141 86 92 199 156 94 230 311 374 11 36 397 350 4 314 193 182 172 13 19 226 221 242 96 80 38 0,33 106 174 200 303 311 394
PFG_MOEA,801,4,759.34,4800.0,0 378 83 155 103 18 190 251 175 99 315 346 372 301 167 21 139 291 265 390 234 0,
PFG_MOEA,801,5,759.34,4800.0,0 179 391 271 39 30 272 268 46 54 93 398 227 213 232 0,391
PFG_MOEA,801,6,759.34,4800.0,0 225 0,
PFG_MOEA,801,7,759.34,4800.0,0 97 209 361 170 367 0,
PFG_MOEA,801,8,759.34,4800.0,0 399 15 168 203 338 202 306 370 342 144 176 27 98 78 196 369 380 16 41 82 178 117 243 344 349 66 343 290 368 376 258 248 328 75 348 353 45 210 278 153 171 87 6 208 205 166 158 189 220 241 62 297 65 283 204 154 305 326 110 140 180 333 317 286 25 55 217 56 7 124 126 20 64 287 10 383 382 0,62 66 205 220 342
PFG_MOEA,801,9,759.34,4800.0,0 2 119 128 295 40 32 276 239 122 296 332 347 138 336 222 95 101 194 147 324 275 323 363 352 277 102 223 244 211 104 310 100 282 143 79 160 50 60 257 270 379 195 5 309 280 351 237 256 274 49 198 252 236 0,
PFG_MOEA,801,10,759.34,4800.0,0 381 23 90 12 207 307 0,
PFG_MOEA,801,11,759.34,4800.0,0 335 187 359 313 360 214 0,
PFG_MOEA,801,12,759.34,4800.0,0 185 118 281 26 334 298 371 0,
PFG_MOEA,802,1,314.81,5596.11,0 12 90 128 236 252 336 276 138 222 198 49 274 256 237 351 280 309 5 290 343 313 207 0,222
PFG_MOEA,802,2,314.81,5596.11,0 91 292 263 8 373 169 108 14 375 212 24 371 219 341 298 334 26 281 118 185 214 295 40 32 239 122 95 101 352 363 323 194 275 277 102 100 23 381 119 2 307 359 187 148 48 31 304 0,23
PFG_MOEA,802,3,314.81,5596.11,0 260 224 71 33 127 152 191 112 165 200 129 238 330 192 0,33
PFG_MOEA,802,4,314.81,5596.11,0 57 67 302 173 106 3 388 164 107 77 151 218 197 229 308 246 259 264 356 345 377 395 400 42 28 250 255 1 262 63 316 394 188 149 157 387 327 183 354 69 254 73 215 85 43 17 247 136 273 137 59 109 0,
PFG_MOEA,802,5,314.81,5596.11,0 329 300 362 123 51 145 322 121 146 201 261 320 364 393 312 294 174 339 132 206 253 365 360 335 0,362 393
PFG_MOEA,802,6,314.81,5596.11,0 61 358 181 177 288 385 240 396 245 115 392 285 331 133 293 53 163 150 9 125 47 216 89 0,
PFG_MOEA,802,7,314.81,5596.11,0 80 13 19 226 35 161 235 58 34 386 231 289 366 267 228 44 130 52 72 318 70 184 284 74 279 159 162 389 114 355 325 384 337 111 116 76 113 81 29 131 84 105 186 134 22 0,
PFG_MOEA,802,8,314.81,5596.11,0 38 96 242 221 172 182 397 350 311 4 314 193 230 94 156 374 36 11 92 319 357 303 266 141 86 199 68 135 88 249 233 340 299 321 269 120 142 37 301 21 139 291 167 372 346 315 99 175 251 0,182
PFG_MOEA,802,9,314.81,5596.11,0 97 225 232 179 391 271 158 241 62 297 65 283 204 154 305 326 110 140 286 317 333 180 220 126 124 7 56 217 55 25 367 170 361 209 227 234 213 190 390 265 18 103 155 83 378 398 93 54 46 268 272 30 39 0,65 154
PFG_MOEA,802,10,314.81,5596.11,0 399 15 16 380 41 82 178 117 243 344 349 20 189 64 166 205 208 6 87 171 153 278 210 353 258 376 368 66 287 10 383 382 0,243
PFG_MOEA,802,11,314.81,5596.11,0 369 338 203 168 0,
PFG_MOEA,802,12,314.81,5596.11,0 202 306 370 342 144 176 27 98 78 196 296 347 332 324 147 211 244 223 104 310 282 143 79 160 50 60 257 270 379 195 45 348 75 328 248 0,370
PFG_MOEA,803,1,411.21,4974.5,0 12 90 381 23 32 276 239 336 138 222 198 49 274 256 237 351 280 252 236 128 119 2 0,23
PFG_MOEA,803,2,411.21,4974.5,0 22 118 185 214 295 40 122 392 285 331 133 293 53 101 352 363 323 194 275 277 102 100 95 163 61 89 207 307 313 359 365 253 206 187 0,22 100
PFG_MOEA,803,3,411.21,4974.5,0 115 0,
PFG_MOEA,803,4,411.21,4974.5,0 245 396 240 385 288 177 181 358 337 384 111 116 76 113 81 29 325 355 0,
PFG_MOEA,803,5,411.21,4974.5,0 281 26 334 298 341 134 186 131 84 114 389 105 219 371 162 159 74 279 91 24 212 375 284 14 184 318 70 292 263 8 373 169 108 72 52 130 44 386 362 201 312 67 164 107 302 173 106 261 388 197 218 151 77 273 136 137 59 109 127 57 226 19 13 80 0,77 106 284
PFG_MOEA,803,6,411.21,4974.5,0 38 172 182 319 303 357 266 141 86 199 228 267 366 289 231 34 58 68 161 235 35 249 88 135 233 156 94 230 374 92 11 36 397 350 311 4 314 193 340 299 321 269 120 142 37 51 123 145 132 339 322 121 146 294 174 320 364 393 3 229 308 356 264 259 246 42 300 329 112 221 242 96 0,51 174 229 246 299
PFG_MOEA,803,7,411.21,4974.5,0 399 200 165 191 152 247 255 1 262 250 28 345 377 395 400 394 188 301 372 21 167 291 139 149 157 63 316 387 327 17 43 85 215 73 254 183 354 69 265 346 315 99 175 251 190 390 18 103 155 83 378 213 234 227 398 93 224 179 232 225 97 71 33 260 148 238 129 330 192 48 31 304 0,93
PFG_MOEA,803,8,411.21,4974.5,0 382 383 10 391 271 39 46 54 268 272 30 66 166 205 208 6 204 154 305 326 283 65 297 62 241 110 140 286 317 333 180 220 158 189 64 20 126 124 7 56 217 55 25 367 170 361 209 287 0,55 62 66 220
PFG_MOEA,803,9,411.21,4974.5,0 380 0,
PFG_MOEA,803,10,411.21,4974.5,0 16 369 15 0,
PFG_MOEA,803,11,411.21,4974.5,0 168 203 178 82 41 0,178
PFG_MOEA,803,12,411.21,4974.5,0 335 360 338 202 306 370 342 144 176 27 98 78 196 296 347 332 216 47 125 9 150 147 324 211 244 223 104 310 282 143 309 5 195 379 79 160 50 60 270 257 210 45 153 278 87 171 353 348 75 328 248 258 376 368 290 343 349 344 243 117 0,
PFG_MOEA,804,1,312.55,5795.78,0 336 138 239 122 296 347 332 324 275 277 104 211 244 223 102 352 363 323 194 147 101 95 222 0,122 211 222 277
PFG_MOEA,804,2,312.55,5795.78,0 335 360 207 307 313 359 187 100 310 282 143 79 160 50 60 257 270 379 195 5 309 280 351 237 256 274 49 198 252 236 381 23 90 12 214 185 118 281 26 334 298 371 72 52 130 44 386 80 0,5 307
PFG_MOEA,804,3,312.55,5795.78,0 13 19 226 57 127 109 59 137 136 273 77 151 218 197 388 261 106 173 302 107 164 67 312 201 362 123 51 145 294 174 339 132 142 120 269 321 299 0,174
PFG_MOEA,804,4,312.55,5795.78,0 340 233 135 88 249 35 235 161 68 58 34 231 289 366 267 228 141 266 303 357 319 86 199 156 94 0,303
PFG_MOEA,804,5,312.55,5795.78,0 38 172 182 397 36 11 92 374 230 311 350 4 314 193 37 322 121 146 320 364 393 3 229 308 356 264 259 246 42 300 329 112 191 152 221 242 96 0,42 264
PFG_MOEA,804,6,312.55,5795.78,0 200 165 129 0,
PFG_MOEA,804,7,312.55,5795.78,0 304 330 395 400 394 188 301 372 21 167 291 139 149 157 63 316 387 17 43 33 71 224 260 0,
PFG_MOEA,804,8,312.55,5795.78,0 399 247 28 250 345 377 262 1 255 327 254 73 215 85 93 179 232 225 97 148 238 192 48 31 0,93
PFG_MOEA,804,9,312.55,5795.78,0 378 69 183 354 265 346 315 99 175 251 190 390 18 103 155 83 234 213 227 398 209 361 170 367 25 55 217 56 7 180 333 317 286 140 110 62 297 65 283 326 305 154 204 6 208 241 220 158 189 64 20 126 124 0,175
PFG_MOEA,804,10,312.55,5795.78,0 287 382 383 10 268 272 30 66 166 205 271 39 391 53 293 133 331 285 392 115 245 396 240 385 288 177 181 358 337 384 111 116 76 113 81 29 325 355 131 84 114 389 105 341 219 0,
PFG_MOEA,804,11,312.55,5795.78,0 91 24 212 375 14 108 169 373 8 263 292 70 318 184 284 74 279 159 162 22 134 186 89 216 47 125 9 150 163 61 365 253 206 46 54 0,
PFG_MOEA,804,12,312.55,5795.78,0 41 82 178 117 243 344 349 343 290 368 376 258 248 328 75 171 87 153 278 210 45 353 348 2 119 128 295 40 32 276 196 78 98 27 176 144 342 370 306 202 338 203 168 369 380 16 15 0,16 87 203
PFG_MOEA,805,1,389.39,5146.42,0 163 78 53 293 133 331 285 392 98 115 245 27 396 240 385 288 177 181 358 337 384 111 116 76 113 81 29 325 355 131 84 114 389 91 279 74 159 162 371 219 298 341 22 134 186 105 118 185 0,
PFG_MOEA,805,2,389.39,5146.42,0 281 26 334 24 212 375 284 14 184 318 70 292 263 8 373 169 108 72 52 130 44 386 51 145 123 362 201 294 312 67 164 107 302 173 106 261 388 197 218 151 77 273 136 137 59 109 127 57 226 19 13 80 0,
PFG_MOEA,805,3,389.39,5146.42,0 142 339 174 132 120 269 321 299 340 233 135 88 249 35 235 161 68 58 34 231 289 366 267 228 141 266 303 357 319 86 199 156 94 230 374 92 11 36 397 350 311 4 314 193 0,88
PFG_MOEA,805,4,389.39,5146.42,0 182 172 38 0,
PFG_MOEA,805,5,389.39,5146.42,0 37 322 121 146 320 364 393 3 229 308 356 264 259 246 42 300 329 112 152 191 165 200 221 242 96 0,152 264 329
PFG_MOEA,805,6,389.39,5146.42,0 129 33 71 224 260 0,
PFG_MOEA,805,7,389.39,5146.42,0 399 247 255 1 262 250 28 345 377 395 400 394 188 301 372 21 167 291 139 149 157 63 316 387 17 43 73 254 327 183 354 69 215 85 93 179 232 225 97 148 48 238 330 192 31 304 0,395
PFG_MOEA,805,8,389.39,5146.42,0 16 15 168 203 369 380 391 271 39 268 272 30 66 166 205 208 6 204 154 305 326 283 65 297 62 241 110 140 286 317 333 180 220 158 189 64 20 126 124 7 56 217 55 25 367 170 361 209 398 227 234 213 190 251 175 99 315 346 265 390 18 103 155 83 378 54 46 287 10 383 382 41 0,7 16 20 103 272
PFG_MOEA,805,9,389.39,5146.42,0 82 178 117 243 368 376 258 353 153 171 87 278 210 143 237 256 274 49 100 282 310 104 102 277 275 194 323 363 352 101 198 95 222 138 122 276 336 252 236 128 23 381 90 119 2 12 0,
PFG_MOEA,805,10,389.39,5146.42,0 344 349 351 280 309 5 79 160 50 60 257 270 379 195 45 348 75 328 248 290 343 187 0,
PFG_MOEA,805,11,389.39,5146.42,0 214 295 40 32 239 370 342 144 176 150 47 9 125 216 89 61 207 307 313 359 206 253 365 360 335 0,176
PFG_MOEA,805,12,389.39,5146.42,0 338 202 306 196 296 347 332 324 147 211 244 223 0,
PFG_MOEA,806,1,413.96,4915.5,0 187 206 253 365 359 313 307 207 61 12 89 2 119 128 236 252 336 138 163 222 95 198 351 280 237 256 274 49 100 102 277 275 194 323 363 352 101 53 293 133 331 285 392 122 239 276 32 40 295 23 381 90 113 81 29 76 116 111 384 337 358 181 177 288 385 240 396 245 115 22 118 185 214 0,245 381
PFG_MOEA,806,2,413.96,4915.5,0 281 84 131 325 355 114 389 186 134 341 298 26 334 0,
PFG_MOEA,806,3,413.96,4915.5,0 371 219 105 162 159 74 279 91 24 212 375 284 14 184 318 70 292 263 8 373 169 108 72 52 130 44 386 362 201 312 67 164 107 302 173 106 261 388 197 218 151 77 273 136 137 59 0,
PFG_MOEA,806,4,413.96,4915.5,0 57 127 109 226 0,
PFG_MOEA,806,5,413.96,4915.5,0 19 0,
PFG_MOEA,806,6,413.96,4915.5,0 38 303 357 266 141 86 199 228 267 366 289 231 34 58 68 161 235 35 249 88 135 233 319 182 172 13 80 0,88
PFG_MOEA,806,7,413.96,4915.5,0 399 397 36 11 92 156 94 230 374 350 311 4 314 193 340 299 321 269 120 142 37 51 123 145 132 339 322 121 146 294 174 320 364 393 3 229 308 356 264 259 246 42 300 329 112 191 165 200 221 242 96 0,11 340 374 393
PFG_MOEA,806,8,413.96,4915.5,0 152 247 255 1 262 250 28 345 377 395 400 394 188 301 372 21 167 291 139 149 157 63 316 387 327 17 43 85 215 73 254 183 354 69 265 346 315 99 175 251 190 390 18 103 155 83 378 213 234 227 398 93 0,1 152 175 227
PFG_MOEA,806,9,413.96,4915.5,0 304 31 48 192 330 238 129 148 260 391 271 39 268 272 30 66 166 205 208 6 204 154 305 326 283 65 297 62 241 110 140 286 317 333 180 220 158 189 64 20 126 124 7 56 217 55 25 367 170 361 209 71 33 97 225 232 179 224 0,55 391
PFG_MOEA,806,10,413.96,4915.5,0 287 10 383 382 0,
PFG_MOEA,806,11,413.96,4915.5,0 16 15 168 203 369 380 82 178 117 243 349 344 54 46 41 0,
PFG_MOEA,806,12,413.96,4915.5,0 335 360 216 150 9 47 125 309 5 343 290 368 376 258 248 328 75 171 87 278 153 353 348 45 210 195 379 270 257 60 50 160 79 143 282 310 104 223 244 211 324 147 332 347 296 196 78 98 27 176 144 342 370 306 202 338 0,
PFG_MOEA,807,1,320.55,5348.04,0 80 13 172 182 397 36 11 92 233 135 88 249 35 235 161 68 58 34 231 289 319 399 0,
PFG_MOEA,807,2,320.55,5348.04,0 374 230 94 156 311 350 4 314 193 340 299 321 269 120 142 132 339 174 320 364 308 229 3 393 294 146 121 322 123 145 51 37 0,393
PFG_MOEA,807,3,320.55,5348.04,0 96 242 221 200 165 112 329 300 191 152 247 255 1 262 42 250 28 246 259 264 356 345 377 395 400 394 188 301 372 21 167 291 139 149 157 63 316 387 327 17 43 85 215 73 254 183 354 69 265 346 315 99 175 251 190 0,215
PFG_MOEA,807,4,320.55,5348.04,0 304 31 192 330 238 129 398 227 234 213 18 390 286 140 110 241 93 260 148 48 0,
PFG_MOEA,807,5,320.55,5348.04,0 317 333 0,
PFG_MOEA,807,6,320.55,5348.04,0 33 71 209 361 170 367 25 55 217 56 7 180 220 158 189 64 20 126 124 224 10 383 382 16 203 168 15 0,25
PFG_MOEA,807,7,320.55,5348.04,0 380 369 335 360 216 150 9 47 125 309 5 195 379 270 210 45 348 353 153 278 87 171 75 328 248 258 376 368 290 343 54 46 344 349 243 117 178 82 41 0,
PFG_MOEA,807,8,320.55,5348.04,0 338 202 306 370 342 144 176 27 98 78 196 296 347 332 147 324 211 244 223 104 310 282 143 79 160 50 60 257 6 204 154 305 326 283 62 297 65 208 205 166 66 30 272 268 0,66
PFG_MOEA,807,9,320.55,5348.04,0 187 206 253 365 359 313 307 207 61 12 89 2 119 128 236 252 336 138 163 222 95 198 351 256 237 280 391 271 39 378 83 155 103 232 179 287 225 97 0,138 307
PFG_MOEA,807,10,320.55,5348.04,0 22 389 114 84 131 325 355 29 81 113 76 116 111 384 337 358 181 177 288 385 240 396 245 115 392 285 331 133 293 53 101 352 363 323 194 275 277 102 100 49 274 122 239 276 32 40 295 23 381 90 214 185 281 118 0,323 331
PFG_MOEA,807,11,320.55,5348.04,0 334 298 26 105 186 134 341 219 371 24 212 375 14 184 318 70 292 263 8 373 169 284 74 279 91 159 162 0,134
PFG_MOEA,807,12,320.55,5348.04,0 38 19 226 57 127 109 59 137 136 273 77 151 218 197 388 261 106 173 302 107 164 67 312 201 362 366 267 228 386 44 130 52 72 108 303 357 266 141 86 199 0,106 386
PFG_MOEA,808,1,270.73,5843.94,0 335 187 309 5 195 379 270 257 60 50 160 79 143 280 351 237 256 274 49 198 252 236 381 23 90 12 207 307 0,
PFG_MOEA,808,2,270.73,5843.94,0 61 313 359 206 253 365 360 214 185 118 281 26 334 298 371 22 134 186 162 159 292 263 8 373 318 70 184 284 74 279 0,134 284 313 318
PFG_MOEA,808,3,270.73,5843.94,0 91 169 108 14 375 212 24 192 330 238 129 200 165 112 191 152 127 57 109 59 137 273 136 247 17 43 85 215 33 71 224 260 148 48 31 304 0,33 200
PFG_MOEA,808,4,270.73,5843.94,0 73 254 69 354 183 327 387 157 149 188 394 316 63 262 1 255 250 28 42 400 395 377 345 356 264 259 246 308 229 197 218 151 77 107 164 67 302 388 3 106 173 261 320 364 0,
PFG_MOEA,808,5,270.73,5843.94,0 329 300 362 123 51 145 322 121 146 201 312 393 294 174 339 132 120 142 0,145 174
PFG_MOEA,808,6,270.73,5843.94,0 37 269 321 299 340 219 341 105 84 131 29 81 113 76 116 111 181 358 337 384 325 355 114 389 0,341
PFG_MOEA,808,7,270.73,5843.94,0 89 216 47 125 9 150 163 53 293 133 331 285 392 115 245 396 240 385 288 177 34 58 235 135 233 88 249 35 161 68 0,133 240
PFG_MOEA,808,8,270.73,5843.94,0 172 182 193 314 4 350 397 36 11 374 311 230 94 156 199 92 86 319 266 141 289 231 386 366 267 228 44 130 52 72 303 357 13 19 226 221 242 96 0,141 386
PFG_MOEA,808,9,270.73,5843.94,0 38 80 378 83 291 139 21 167 301 372 346 315 265 390 99 175 251 190 18 103 155 234 227 398 93 54 46 268 272 30 39 271 391 179 0,
PFG_MOEA,808,10,270.73,5843.94,0 97 225 232 209 361 213 170 367 328 248 258 376 368 290 343 66 349 344 243 117 178 82 41 16 380 369 196 78 98 27 176 144 342 370 306 202 338 203 168 15 399 0,82 176 225
PFG_MOEA,808,11,270.73,5843.94,0 287 64 166 205 75 348 353 45 210 278 153 171 87 6 208 158 189 220 241 62 297 65 283 204 154 305 326 110 140 180 333 317 286 25 55 217 56 7 124 126 20 10 0,65 126
PFG_MOEA,808,12,270.73,5843.94,0 2 119 128 295 40 32 276 239 122 296 332 347 138 336 222 95 101 194 147 324 275 323 363 352 277 102 223 244 211 104 310 100 282 383 382 0,2
PFG_MOEA,809,1,369.23,5154.87,0 90 295 40 32 276 239 122 222 95 101 323 363 352 102 277 275 194 53 293 133 331 285 392 115 245 396 240 385 288 177 181 358 337 384 111 116 76 113 81 29 325 131 84 355 114 389 279 74 159 162 371 219 341 22 134 186 105 298 334 26 281 118 185 214 0,40 240 245 331
PFG_MOEA,809,2,369.23,5154.87,0 91 24 212 375 284 14 184 318 70 292 263 8 373 169 108 72 52 130 44 386 0,318
PFG_MOEA,809,3,369.23,5154.87,0 362 201 312 67 164 107 302 173 106 261 388 197 218 151 77 273 136 0,106
PFG_MOEA,809,4,369.23,5154.87,0 399 172 182 397 36 11 92 86 141 266 303 357 319 199 228 267 366 289 231 34 58 68 161 235 35 249 88 135 233 156 94 230 374 350 311 4 314 193 340 299 321 269 120 142 37 51 145 123 137 59 109 127 57 226 19 13 80 38 0,340
PFG_MOEA,809,5,369.23,5154.87,0 132 339 322 0,
PFG_MOEA,809,6,369.23,5154.87,0 96 242 221 200 165 112 191 152 329 300 121 146 294 174 320 364 393 3 229 308 259 246 264 356 345 377 395 400 42 250 28 247 255 1 262 63 157 291 167 21 372 301 188 394 139 149 316 387 327 17 43 85 215 73 254 183 354 69 265 346 315 99 0,1 200 393
PFG_MOEA,809,7,369.23,5154.87,0 93 398 227 234 213 190 251 175 390 18 103 155 83 378 31 304 0,
PFG_MOEA,809,8,369.23,5154.87,0 48 192 330 238 129 148 260 391 0,
PFG_MOEA,809,9,369.23,5154.87,0 268 272 30 65 283 326 305 154 204 6 208 205 166 66 271 39 0,272
PFG_MOEA,809,10,369.23,5154.87,0 124 126 20 64 189 158 220 241 297 62 110 140 286 317 333 180 7 56 217 55 25 367 170 361 209 71 97 33 0,
PFG_MOEA,809,11,369.23,5154.87,0 15 16 380 369 168 203 338 202 306 370 342 144 176 27 98 78 196 296 347 332 324 147 211 244 223 210 45 348 353 153 278 87 171 75 328 248 258 376 368 290 343 54 46 224 225 232 179 287 10 383 382 41 344 349 243 117 178 82 125 9 47 150 216 360 335 0,47 87 353
PFG_MOEA,809,12,369.23,5154.87,0 207 307 313 359 365 253 206 187 100 310 104 282 143 79 160 50 60 257 270 379 195 5 309 280 351 237 256 274 49 198 163 138 336 252 236 381 23 128 119 2 89 12 61 0,
PFG_MOEA,810,1,337.93,5308.22,0 187 206 253 313 359 365 0,
PFG_MOEA,810,2,337.93,5308.22,0 207 307 198 280 351 256 237 101 53 293 133 331 285 392 95 222 163 138 336 252 236 128 119 2 89 12 61 0,133 222
PFG_MOEA,810,3,337.93,5308.22,0 323 363 352 194 275 277 102 100 49 274 122 239 276 32 40 295 23 381 90 0,
PFG_MOEA,810,4,337.93,5308.22,0 22 115 245 396 240 385 288 177 181 358 337 384 111 116 76 113 81 29 131 84 281 118 185 214 0,
PFG_MOEA,810,5,337.93,5308.22,0 334 26 298 371 219 341 134 186 105 355 325 114 389 162 159 74 279 91 24 212 375 284 14 184 318 70 292 263 8 373 169 108 72 52 130 44 386 362 201 312 0,284
PFG_MOEA,810,6,337.93,5308.22,0 399 172 182 397 36 11 92 86 141 266 303 357 319 199 228 267 366 289 231 34 58 68 161 235 35 249 88 135 233 156 94 230 57 127 109 59 137 136 273 77 151 218 197 388 261 106 173 302 107 164 67 294 226 19 13 80 38 0,
PFG_MOEA,810,7,337.93,5308.22,0 374 350 311 4 314 193 340 299 321 269 120 142 37 51 145 123 146 121 322 339 132 174 320 364 393 3 229 308 356 264 259 246 42 1 255 247 152 191 112 329 300 165 200 221 242 96 0,132 264 340 393
PFG_MOEA,810,8,337.93,5308.22,0 28 250 262 400 395 345 377 394 188 301 372 21 167 291 139 149 157 63 316 387 327 17 43 85 215 73 254 183 354 69 265 346 315 99 175 251 190 0,
PFG_MOEA,810,9,337.93,5308.22,0 304 192 330 238 129 378 83 155 103 18 390 213 234 227 398 140 110 241 62 297 65 283 326 305 154 204 6 208 205 166 66 93 30 272 268 39 271 391 260 148 48 31 0,65 391
PFG_MOEA,810,10,337.93,5308.22,0 33 71 225 97 232 209 361 170 367 25 55 217 56 7 317 286 333 180 220 158 189 64 20 126 124 224 10 287 179 0,
PFG_MOEA,810,11,337.93,5308.22,0 15 168 203 369 16 380 335 360 216 150 9 47 125 309 5 195 379 270 210 45 348 353 153 278 87 171 75 328 248 54 46 383 382 344 349 243 117 178 82 41 0,82 87 195 353
PFG_MOEA,810,12,337.93,5308.22,0 338 202 306 370 342 144 176 27 98 78 196 296 347 332 147 324 211 244 223 104 310 282 143 79 160 50 60 257 258 376 368 290 343 0,290
PFG_MOEA,811,1,759.34,4800.0,0 219 341 105 389 114 84 131 355 325 29 81 113 76 116 111 384 337 358 181 177 288 385 240 396 245 115 392 285 331 133 293 53 163 150 9 125 47 216 89 61 206 253 365 0,245
PFG_MOEA,811,2,759.34,4800.0,0 22 134 186 162 159 279 74 284 184 318 70 292 263 8 373 169 108 14 375 212 24 91 0,318
PFG_MOEA,811,3,759.34,4800.0,0 304 31 48 148 260 224 71 33 129 238 330 192 200 165 112 191 152 127 57 109 59 137 273 136 247 17 43 85 215 73 254 69 354 183 327 387 157 149 188 394 316 63 262 1 255 250 28 42 400 395 377 345 356 264 259 246 308 229 197 218 151 77 107 164 67 302 388 3 106 173 261 320 364 393 312 201 362 329 300 123 51 145 322 121 146 294 174 339 132 120 142 37 269 321 299 340 233 135 88 249 35 161 235 68 58 34 386 231 289 366 267 228 44 130 52 72 303 357 319 266 141 86 92 199 156 94 230 311 374 11 36 397 350 4 314 193 182 172 13 19 226 221 242 96 80 38 0,33 106 174 200 303 311 394
PFG_MOEA,811,4,759.34,4800.0,0 378 83 155 103 18 190 251 175 99 315 346 372 301 167 21 139 291 265 390 234 0,
PFG_MOEA,811,5,759.34,4800.0,0 179 391 271 39 30 272 268 46 54 93 398 227 213 232 0,391
PFG_MOEA,811,6,759.34,4800.0,0 225 0,
PFG_MOEA,811,7,759.34,4800.0,0 97 209 361 170 367 0,
PFG_MOEA,811,8,759.34,4800.0,0 399 15 168 203 338 202 306 370 342 144 176 27 98 78 196 369 380 16 41 82 178 117 243 344 349 66 343 290 368 376 258 248 328 75 348 353 45 210 278 153 171 87 6 208 205 166 158 189 220 241 62 297 65 283 204 154 305 326 110 140 180 333 317 286 25 55 217 56 7 124 126 20 64 287 10 383 382 0,62 66 205 220 342
PFG_MOEA,811,9,759.34,4800.0,0 2 119 128 295 40 32 276 239 122 296 332 347 138 336 222 95 101 194 147 324 275 323 363 352 277 102 223 244 211 104 310 100 282 143 79 160 50 60 257 270 379 195 5 309 280 351 237 256 274 49 198 252 236 0,
PFG_MOEA,811,10,759.34,4800.0,0 381 23 90 12 207 307 0,
PFG_MOEA,811,11,759.34,4800.0,0 335 187 359 313 360 214 0,
PFG_MOEA,811,12,759.34,4800.0,0 185 118 281 26 334 298 371 0,
PFG_MOEA,812,1,314.81,5596.11,0 12 90 128 236 252 336 276 138 222 198 49 274 256 237 351 280 309 5 290 343 313 207 0,222
PFG_MOEA,812,2,314.81,5596.11,0 91 292 263 8 373 169 108 14 375 212 24 371 219 341 298 334 26 281 118 185 214 295 40 32 239 122 95 101 352 363 323 194 275 277 102 100 23 381 119 2 307 359 187 148 48 31 304 0,23
PFG_MOEA,812,3,314.81,5596.11,0 260 224 71 33 127 152 191 112 165 200 129 238 330 192 0,33
PFG_MOEA,812,4,314.81,5596.11,0 57 67 302 173 106 3 388 164 107 77 151 218 197 229 308 246 259 264 356 345 377 395 400 42 28 250 255 1 262 63 316 394 188 149 157 387 327 183 354 69 254 73 215 85 43 17 247 136 273 137 59 109 0,
PFG_MOEA,812,5,314.81,5596.11,0 329 300 362 123 51 145 322 121 146 201 261 320 364 393 312 294 174 339 132 206 253 365 360 335 0,362 393
PFG_MOEA,812,6,314.81,5596.11,0 61 358 181 177 288 385 240 396 245 115 392 285 331 133 293 53 163 150 9 125 47 216 89 0,
PFG_MOEA,812,7,314.81,5596.11,0 80 13 19 226 35 161 235 58 34 386 231 289 366 267 228 44 130 52 72 318 70 184 284 74 279 159 162 389 114 355 325 384 337 111 116 76 113 81 29 131 84 105 186 134 22 0,
PFG_MOEA,812,8,314.81,5596.11,0 38 96 242 221 172 182 397 350 311 4 314 193 230 94 156 374 36 11 92 319 357 303 266 141 86 199 68 135 88 249 233 340 299 321 269 120 142 37 301 21 139 291 167 372 346 315 99 175 251 0,182
PFG_MOEA,812,9,314.81,5596.11,0 97 225 232 179 391 271 158 241 62 297 65 283 204 154 305 326 110 140 286 317 333 180 220 126 124 7 56 217 55 25 367 170 361 209 227 234 213 190 390 265 18 103 155 83 378 398 93 54 46 268 272 30 39 0,65 154
PFG_MOEA,812,10,314.81,5596.11,0 399 15 16 380 41 82 178 117 243 344 349 20 189 64 166 205 208 6 87 171 153 278 210 353 258 376 368 66 287 10 383 382 0,243
PFG_MOEA,812,11,314.81,5596.11,0 369 338 203 168 0,
PFG_MOEA,812,12,314.81,5596.11,0 202 306 370 342 144 176 27 98 78 196 296 347 332 324 147 211 244 223 104 310 282 143 79 160 50 60 257 270 379 195 45 348 75 328 248 0,370
PFG_MOEA,813,1,411.21,4974.5,0 12 90 381 23 32 276 239 336 138 222 198 49 274 256 237 351 280 252 236 128 119 2 0,23
PFG_MOEA,813,2,411.21,4974.5,0 22 118 185 214 295 40 122 392 285 331 133 293 53 101 352 363 323 194 275 277 102 100 95 163 61 89 207 307 313 359 365 253 206 187 0,22 100
PFG_MOEA,813,3,411.21,4974.5,0 115 0,
PFG_MOEA,813,4,411.21,4974.5,0 245 396 240 385 288 177 181 358 337 384 111 116 76 113 81 29 325 355 0,
PFG_MOEA,813,5,411.21,4974.5,0 281 26 334 298 341 134 186 131 84 114 389 105 219 371 162 159 74 279 91 24 212 375 284 14 184 318 70 292 263 8 373 169 108 72 52 130 44 386 362 201 312 67 164 107 302 173 106 261 388 197 218 151 77 273 136 137 59 109 127 57 226 19 13 80 0,77 106 284
PFG_MOEA,813,6,411.21,4974.5,0 38 172 182 319 303 357 266 141 86 199 228 267 366 289 231 34 58 68 161 235 35 249 88 135 233 156 94 230 374 92 11 36 397 350 311 4 314 193 340 299 321 269 120 142 37 51 123 145 132 339 322 121 146 294 174 320 364 393 3 229 308 356 264 259 246 42 300 329 112 221 242 96 0,51 174 229 246 299
PFG_MOEA,813,7,411.21,4974.5,0 399 200 165 191 152 247 255 1 262 250 28 345 377 395 400 394 188 301 372 21 167 291 139 149 157 63 316 387 327 17 43 85 215 73 254 183 354 69 265 346 315 99 175 251 190 390 18 103 155 83 378 213 234 227 398 93 224 179 232 225 97 71 33 260 148 238 129 330 192 48 31 304 0,93
PFG_MOEA,813,8,411.21,4974.5,0 382 383 10 391 271 39 46 54 268 272 30 66 166 205 208 6 204 154 305 326 283 65 297 62 241 110 140 286 317 333 180 220 158 189 64 20 126 124 7 56 217 55 25 367 170 361 209 287 0,55 62 66 220
PFG_MOEA,813,9,411.21,4974.5,0 380 0,
PFG_MOEA,813,10,411.21,4974.5,0 16 369 15 0,
PFG_MOEA,813,11,411.21,4974.5,0 168 203 178 82 41 0,178
PFG_MOEA,813,12,411.21,4974.5,0 335 360 338 202 306 370 342 144 176 27 98 78 196 296 347 332 216 47 125 9 150 147 324 211 244 223 104 310 282 143 309 5 195 379 79 160 50 60 270 257 210 45 153 278 87 171 353 348 75 328 248 258 376 368 290 343 349 344 243 117 0,
PFG_MOEA,814,1,312.55,5795.78,0 336 138 239 122 296 347 332 324 275 277 104 211 244 223 102 352 363 323 194 147 101 95 222 0,122 211 222 277
PFG_MOEA,814,2,312.55,5795.78,0 335 360 207 307 313 359 187 100 310 282 143 79 160 50 60 257 270 379 195 5 309 280 351 237 256 274 49 198 252 236 381 23 90 12 214 185 118 281 26 334 298 371 72 52 130 44 386 80 0,5 307
PFG_MOEA,814,3,312.55,5795.78,0 13 19 226 57 127 109 59 137 136 273 77 151 218 197 388 261 106 173 302 107 164 67 312 201 362 123 51 145 294 174 339 132 142 120 269 321 299 0,174
PFG_MOEA,814,4,312.55,5795.78,0 340 233 135 88 249 35 235 161 68 58 34 231 289 366 267 228 141 266 303 357 319 86 199 156 94 0,303
PFG_MOEA,814,5,312.55,5795.78,0 38 172 182 397 36 11 92 374 230 311 350 4 314 193 37 322 121 146 320 364 393 3 229 308 356 264 259 246 42 300 329 112 191 152 221 242 96 0,42 264
PFG_MOEA,814,6,312.55,5795.78,0 200 165 129 0,
PFG_MOEA,814,7,312.55,5795.78,0 304 330 395 400 394 188 301 372 21 167 291 139 149 157 63 316 387 17 43 33 71 224 260 0,
PFG_MOEA,814,8,312.55,5795.78,0 399 247 28 250 345 377 262 1 255 327 254 73 215 85 93 179 232 225 97 148 238 192 48 31 0,93
PFG_MOEA,814,9,312.55,5795.78,0 378 69 183 354 265 346 315 99 175 251 190 390 18 103 155 83 234 213 227 398 209 361 170 367 25 55 217 56 7 180 333 317 286 140 110 62 297 65 283 326 305 154 204 6 208 241 220 158 189 64 20 126 124 0,175
PFG_MOEA,814,10,312.55,5795.78,0 287 382 383 10 268 272 30 66 166 205 271 39 391 53 293 133 331 285 392 115 245 396 240 385 288 177 181 358 337 384 111 116 76 113 81 29 325 355 131 84 114 389 105 341 219 0,
PFG_MOEA,814,11,312.55,5795.78,0 91 24 212 375 14 108 169 373 8 263 292 70 318 184 284 74 279 159 162 22 134 186 89 216 47 125 9 150 163 61 365 253 206 46 54 0,
PFG_MOEA,814,12,312.55,5795.78,0 41 82 178 117 243 344 349 343 290 368 376 258 248 328 75 171 87 153 278 210 45 353 348 2 119 128 295 40 32 276 196 78 98 27 176 144 342 370 306 202 338 203 168 369 380 16 15 0,16 87 203
PFG_MOEA,815,1,389.39,5146.42,0 163 78 53 293 133 331 285 392 98 115 245 27 396 240 385 288 177 181 358 337 384 111 116 76 113 81 29 325 355 131 84 114 389 91 279 74 159 162 371 219 298 341 22 134 186 105 118 185 0,
PFG_MOEA,815,2,389.39,5146.42,0 281 26 334 24 212 375 284 14 184 318 70 292 263 8 373 169 108 72 52 130 44 386 51 145 123 362 201 294 312 67 164 107 302 173 106 261 388 197 218 151 77 273 136 137 59 109 127 57 226 19 13 80 0,
PFG_MOEA,815,3,389.39,5146.42,0 142 339 174 132 120 269 321 299 340 233 135 88 249 35 235 161 68 58 34 231 289 366 267 228 141 266 303 357 319 86 199 156 94 230 374 92 11 36 397 350 311 4 314 193 0,88
PFG_MOEA,815,4,389.39,5146.42,0 182 172 38 0,
PFG_MOEA,815,5,389.39,5146.42,0 37 322 121 146 320 364 393 3 229 308 356 264 259 246 42 300 329 112 152 191 165 200 221 242 96 0,152 264 329
PFG_MOEA,815,6,389.39,5146.42,0 129 33 71 224 260 0,
PFG_MOEA,815,7,389.39,5146.42,0 399 247 255 1 262 250 28 345 377 395 400 394 188 301 372 21 167 291 139 149 157 63 316 387 17 43 73 254 327 183 354 69 215 85 93 179 232 225 97 148 48 238 330 192 31 304 0,395
PFG_MOEA,815,8,389.39,5146.42,0 16 15 168 203 369 380 391 271 39 268 272 30 66 166 205 208 6 204 154 305 326 283 65 297 62 241 110 140 286 317 333 180 220 158 189 64 20 126 124 7 56 217 55 25 367 170 361 209 398 227 234 213 190 251 175 99 315 346 265 390 18 103 155 83 378 54 46 287 10 383 382 41 0,7 16 20 103 272
PFG_MOEA,815,9,389.39,5146.42,0 82 178 117 243 368 376 258 353 153 171 87 278 210 143 237 256 274 49 100 282 310 104 102 277 275 194 323 363 352 101 198 95 222 138 122 276 336 252 236 128 23 381 90 119 2 12 0,
PFG_MOEA,815,10,389.39,5146.42,0 344 349 351 280 309 5 79 160 50 60 257 270 379 195 45 348 75 328 248 290 343 187 0,
PFG_MOEA,815,11,389.39,5146.42,0 214 295 40 32 239 370 342 144 176 150 47 9 125 216 89 61 207 307 313 359 206 253 365 360 335 0,176
PFG_MOEA,815,12,389.39,5146.42,0 338 202 306 196 296 347 332 324 147 211 244 223 0,
PFG_MOEA,816,1,413.96,4915.5,0 187 206 253 365 359 313 307 207 61 12 89 2 119 128 236 252 336 138 163 222 95 198 351 280 237 256 274 49 100 102 277 275 194 323 363 352 101 53 293 133 331 285 392 122 239 276 32 40 295 23 381 90 113 81 29 76 116 111 384 337 358 181 177 288 385 240 396 245 115 22 118 185 214 0,245 381
PFG_MOEA,816,2,413.96,4915.5,0 281 84 131 325 355 114 389 186 134 341 298 26 334 0,
PFG_MOEA,816,3,413.96,4915.5,0 371 219 105 162 159 74 279 91 24 212 375 284 14 184 318 70 292 263 8 373 169 108 72 52 130 44 386 362 201 312 67 164 107 302 173 106 261 388 197 218 151 77 273 136 137 59 0,
PFG_MOEA,816,4,413.96,4915.5,0 57 127 109 226 0,
PFG_MOEA,816,5,413.96,4915.5,0 19 0,
PFG_MOEA,816,6,413.96,4915.5,0 38 303 357 266 141 86 199 228 267 366 289 231 34 58 68 161 235 35 249 88 135 233 319 182 172 13 80 0,88
PFG_MOEA,816,7,413.96,4915.5,0 399 397 36 11 92 156 94 230 374 350 311 4 314 193 340 299 321 269 120 142 37 51 123 145 132 339 322 121 146 294 174 320 364 393 3 229 308 356 264 259 246 42 300 329 112 191 165 200 221 242 96 0,11 340 374 393
PFG_MOEA,816,8,413.96,4915.5,0 152 247 255 1 262 250 28 345 377 395 400 394 188 301 372 21 167 291 139 149 157 63 316 387 327 17 43 85 215 73 254 183 354 69 265 346 315 99 175 251 190 390 18 103 155 83 378 213 234 227 398 93 0,1 152 175 227
PFG_MOEA,816,9,413.96,4915.5,0 304 31 48 192 330 238 129 148 260 391 271 39 268 272 30 66 166 205 208 6 204 154 305 326 283 65 297 62 241 110 140 286 317 333 180 220 158 189 64 20 126 124 7 56 217 55 25 367 170 361 209 71 33 97 225 232 179 224 0,55 391
PFG_MOEA,816,10,413.96,4915.5,0 287 10 383 382 0,
PFG_MOEA,816,11,413.96,4915.5,0 16 15 168 203 369 380 82 178 117 243 349 344 54 46 41 0,
PFG_MOEA,816,12,413.96,4915.5,0 335 360 216 150 9 47 125 309 5 343 290 368 376 258 248 328 75 171 87 278 153 353 348 45 210 195 379 270 257 60 50 160 79 143 282 310 104 223 244 211 324 147 332 347 296 196 78 98 27 176 144 342 370 306 202 338 0,
PFG_MOEA,817,1,320.55,5348.04,0 80 13 172 182 397 36 11 92 233 135 88 249 35 235 161 68 58 34 231 289 319 399 0,
PFG_MOEA,817,2,320.55,5348.04,0 374 230 94 156 311 350 4 314 193 340 299 321 269 120 142 132 339 174 320 364 308 229 3 393 294 146 121 322 123 145 51 37 0,393
PFG_MOEA,817,3,320.55,5348.04,0 96 242 221 200 165 112 329 300 191 152 247 255 1 262 42 250 28 246 259 264 356 345 377 395 400 394 188 301 372 21 167 291 139 149 157 63 316 387 327 17 43 85 215 73 254 183 354 69 265 346 315 99 175 251 190 0,215
PFG_MOEA,817,4,320.55,5348.04,0 304 31 192 330 238 129 398 227 234 213 18 390 286 140 110 241 93 260 148 48 0,
PFG_MOEA,817,5,320.55,5348.04,0 317 333 0,
PFG_MOEA,817,6,320.55,5348.04,0 33 71 209 361 170 367 25 55 217 56 7 180 220 158 189 64 20 126 124 224 10 383 382 16 203 168 15 0,25
PFG_MOEA,817,7,320.55,5348.04,0 380 369 335 360 216 150 9 47 125 309 5 195 379 270 210 45 348 353 153 278 87 171 75 328 248 258 376 368 290 343 54 46 344 349 243 117 178 82 41 0,
PFG_MOEA,817,8,320.55,5348.04,0 338 202 306 370 342 144 176 27 98 78 196 296 347 332 147 324 211 244 223 104 310 282 143 79 160 50 60 257 6 204 154 305 326 283 62 297 65 208 205 166 66 30 272 268 0,66
PFG_MOEA,817,9,320.55,5348.04,0 187 206 253 365 359 313 307 207 61 12 89 2 119 128 236 252 336 138 163 222 95 198 351 256 237 280 391 271 39 378 83 155 103 232 179 287 225 97 0,138 307
PFG_MOEA,817,10,320.55,5348.04,0 22 389 114 84 131 325 355 29 81 113 76 116 111 384 337 358 181 177 288 385 240 396 245 115 392 285 331 133 293 53 101 352 363 323 194 275 277 102 100 49 274 122 239 276 32 40 295 23 381 90 214 185 281 118 0,323 331
PFG_MOEA,817,11,320.55,5348.04,0 334 298 26 105 186 134 341 219 371 24 212 375 14 184 318 70 292 263 8 373 169 284 74 279 91 159 162 0,134
PFG_MOEA,817,12,320.55,5348.04,0 38 19 226 57 127 109 59 137 136 273 77 151 218 197 388 261 106 173 302 107 164 67 312 201 362 366 267 228 386 44 130 52 72 108 303 357 266 141 86 199 0,106 386
PFG_MOEA,818,1,270.73,5843.94,0 335 187 309 5 195 379 270 257 60 50 160 79 143 280 351 237 256 274 49 198 252 236 381 23 90 12 207 307 0,
PFG_MOEA,818,2,270.73,5843.94,0 61 313 359 206 253 365 360 214 185 118 281 26 334 298 371 22 134 186 162 159 292 263 8 373 318 70 184 284 74 279 0,134 284 313 318
PFG_MOEA,818,3,270.73,5843.94,0 91 169 108 14 375 212 24 192 330 238 129 200 165 112 191 152 127 57 109 59 137 273 136 247 17 43 85 215 33 71 224 260 148 48 31 304 0,33 200
PFG_MOEA,818,4,270.73,5843.94,0 73 254 69 354 183 327 387 157 149 188 394 316 63 262 1 255 250 28 42 400 395 377 345 356 264 259 246 308 229 197 218 151 77 107 164 67 302 388 3 106 173 261 320 364 0,
PFG_MOEA,818,5,270.73,5843.94,0 329 300 362 123 51 145 322 121 146 201 312 393 294 174 339 132 120 142 0,145 174
PFG_MOEA,818,6,270.73,5843.94,0 37 269 321 299 340 219 341 105 84 131 29 81 113 76 116 111 181 358 337 384 325 355 114 389 0,341
PFG_MOEA,818,7,270.73,5843.94,0 89 216 47 125 9 150 163 53 293 133 331 285 392 115 245 396 240 385 288 177 34 58 235 135 233 88 249 35 161 68 0,133 240
PFG_MOEA,818,8,270.73,5843.94,0 172 182 193 314 4 350 397 36 11 374 311 230 94 156 199 92 86 319 266 141 289 231 386 366 267 228 44 130 52 72 303 357 13 19 226 221 242 96 0,141 386
PFG_MOEA,818,9,270.73,5843.94,0 38 80 378 83 291 139 21 167 301 372 346 315 265 390 99 175 251 190 18 103 155 234 227 398 93 54 46 268 272 30 39 271 391 179 0,
PFG_MOEA,818,10,270.73,5843.94,0 97 225 232 209 361 213 170 367 328 248 258 376 368 290 343 66 349 344 243 117 178 82 41 16 380 369 196 78 98 27 176 144 342 370 306 202 338 203 168 15 399 0,82 176 225
PFG_MOEA,818,11,270.73,5843.94,0 287 64 166 205 75 348 353 45 210 278 153 171 87 6 208 158 189 220 241 62 297 65 283 204 154 305 326 110 140 180 333 317 286 25 55 217 56 7 124 126 20 10 0,65 126
PFG_MOEA,818,12,270.73,5843.94,0 2 119 128 295 40 32 276 239 122 296 332 347 138 336 222 95 101 194 147 324 275 323 363 352 277 102 223 244 211 104 310 100 282 383 382 0,2
PFG_MOEA,819,1,369.23,5154.87,0 90 295 40 32 276 239 122 222 95 101 323 363 352 102 277 275 194 53 293 133 331 285 392 115 245 396 240 385 288 177 181 358 337 384 111 116 76 113 81 29 325 131 84 355 114 389 279 74 159 162 371 219 341 22 134 186 105 298 334 26 281 118 185 214 0,40 240 245 331
PFG_MOEA,819,2,369.23,5154.87,0 91 24 212 375 284 14 184 318 70 292 263 8 373 169 108 72 52 130 44 386 0,318
PFG_MOEA,819,3,369.23,5154.87,0 362 201 312 67 164 107 302 173 106 261 388 197 218 151 77 273 136 0,106
PFG_MOEA,819,4,369.23,5154.87,0 399 172 182 397 36 11 92 86 141 266 303 357 319 199 228 267 366 289 231 34 58 68 161 235 35 249 88 135 233 156 94 230 374 350 311 4 314 193 340 299 321 269 120 142 37 51 145 123 137 59 109 127 57 226 19 13 80 38 0,340
PFG_MOEA,819,5,369.23,5154.87,0 132 339 322 0,
PFG_MOEA,819,6,369.23,5154.87,0 96 242 221 200 165 112 191 152 329 300 121 146 294 174 320 364 393 3 229 308 259 246 264 356 345 377 395 400 42 250 28 247 255 1 262 63 157 291 167 21 372 301 188 394 139 149 316 387 327 17 43 85 215 73 254 183 354 69 265 346 315 99 0,1 200 393
PFG_MOEA,819,7,369.23,5154.87,0 93 398 227 234 213 190 251 175 390 18 103 155 83 378 31 304 0,
PFG_MOEA,819,8,369.23,5154.87,0 48 192 330 238 129 148 260 391 0,
PFG_MOEA,819,9,369.23,5154.87,0 268 272 30 65 283 326 305 154 204 6 208 205 166 66 271 39 0,272
PFG_MOEA,819,10,369.23,5154.87,0 124 126 20 64 189 158 220 241 297 62 110 140 286 317 333 180 7 56 217 55 25 367 170 361 209 71 97 33 0,
PFG_MOEA,819,11,369.23,5154.87,0 15 16 380 369 168 203 338 202 306 370 342 144 176 27 98 78 196 296 347 332 324 147 211 244 223 210 45 348 353 153 278 87 171 75 328 248 258 376 368 290 343 54 46 224 225 232 179 287 10 383 382 41 344 349 243 117 178 82 125 9 47 150 216 360 335 0,47 87 353
PFG_MOEA,819,12,369.23,5154.87,0 207 307 313 359 365 253 206 187 100 310 104 282 143 79 160 50 60 257 270 379 195 5 309 280 351 237 256 274 49 198 163 138 336 252 236 381 23 128 119 2 89 12 61 0,
PFG_MOEA,820,1,337.93,5308.22,0 187 206 253 313 359 365 0,
PFG_MOEA,820,2,337.93,5308.22,0 207 307 198 280 351 256 237 101 53 293 133 331 285 392 95 222 163 138 336 252 236 128 119 2 89 12 61 0,133 222
PFG_MOEA,820,3,337.93,5308.22,0 323 363 352 194 275 277 102 100 49 274 122 239 276 32 40 295 23 381 90 0,
PFG_MOEA,820,4,337.93,5308.22,0 22 115 245 396 240 385 288 177 181 358 337 384 111 116 76 113 81 29 131 84 281 118 185 214 0,
PFG_MOEA,820,5,337.93,5308.22,0 334 26 298 371 219 341 134 186 105 355 325 114 389 162 159 74 279 91 24 212 375 284 14 184 318 70 292 263 8 373 169 108 72 52 130 44 386 362 201 312 0,284
PFG_MOEA,820,6,337.93,5308.22,0 399 172 182 397 36 11 92 86 141 266 303 357 319 199 228 267 366 289 231 34 58 68 161 235 35 249 88 135 233 156 94 230 57 127 109 59 137 136 273 77 151 218 197 388 261 106 173 302 107 164 67 294 226 19 13 80 38 0,
PFG_MOEA,820,7,337.93,5308.22,0 374 350 311 4 314 193 340 299 321 269 120 142 37 51 145 123 146 121 322 339 132 174 320 364 393 3 229 308 356 264 259 246 42 1 255 247 152 191 112 329 300 165 200 221 242 96 0,132 264 340 393
PFG_MOEA,820,8,337.93,5308.22,0 28 250 262 400 395 345 377 394 188 301 372 21 167 291 139 149 157 63 316 387 327 17 43 85 215 73 254 183 354 69 265 346 315 99 175 251 190 0,
PFG_MOEA,820,9,337.93,5308.22,0 304 192 330 238 129 378 83 155 103 18 390 213 234 227 398 140 110 241 62 297 65 283 326 305 154 204 6 208 205 166 66 93 30 272 268 39 271 391 260 148 48 31 0,65 391
PFG_MOEA,820,10,337.93,5308.22,0 33 71 225 97 232 209 361 170 367 25 55 217 56 7 317 286 333 180 220 158 189 64 20 126 124 224 10 287 179 0,
PFG_MOEA,820,11,337.93,5308.22,0 15 168 203 369 16 380 335 360 216 150 9 47 125 309 5 195 379 270 210 45 348 353 153 278 87 171 75 328 248 54 46 383 382 344 349 243 117 178 82 41 0,82 87 195 353
PFG_MOEA,820,12,337.93,5308.22,0 338 202 306 370 342 144 176 27 98 78 196 296 347 332 147 324 211 244 223 104 310 282 143 79 160 50 60 257 258 376 368 290 343 0,290
PFG_MOEA,821,1,759.34,4800.0,0 219 341 105 389 114 84 131 355 325 29 81 113 76 116 111 384 337 358 181 177 288 385 240 396 245 115 392 285 331 133 293 53 163 150 9 125 47 216 89 61 206 253 365 0,245
PFG_MOEA,821,2,759.34,4800.0,0 22 134 186 162 159 279 74 284 184 318 70 292 263 8 373 169 108 14 375 212 24 91 0,318
PFG_MOEA,821,3,759.34,4800.0,0 304 31 48 148 260 224 71 33 129 238 330 192 200 165 112 191 152 127 57 109 59 137 273 136 247 17 43 85 215 73 254 69 354 183 327 387 157 149 188 394 316 63 262 1 255 250 28 42 400 395 377 345 356 264 259 246 308 229 197 218 151 77 107 164 67 302 388 3 106 173 261 320 364 393 312 201 362 329 300 123 51 145 322 121 146 294 174 339 132 120 142 37 269 321 299 340 233 135 88 249 35 161 235 68 58 34 386 231 289 366 267 228 44 130 52 72 303 357 319 266 141 86 92 199 156 94 230 311 374 11 36 397 350 4 314 193 182 172 13 19 226 221 242 96 80 38 0,33 106 174 200 303 311 394
PFG_MOEA,821,4,759.34,4800.0,0 378 83 155 103 18 190 251 175 99 315 346 372 301 167 21 139 291 265 390 234 0,
PFG_MOEA,821,5,759.34,4800.0,0 179 391 271 39 30 272 268 46 54 93 398 227 213 232 0,391
PFG_MOEA,821,6,759.34,4800.0,0 225 0,
PFG_MOEA,821,7,759.34,4800.0,0 97 209 361 170 367 0,
PFG_MOEA,821,8,759.34,4800.0,0 399 15 168 203 338 202 306 370 342 144 176 27 98 78 196 369 380 16 41 82 178 117 243 344 349 66 343 290 368 376 258 248 328 75 348 353 45 210 278 153 171 87 6 208 205 166 158 189 220 241 62 297 65 283 204 154 305 326 110 140 180 333 317 286 25 55 217 56 7 124 126 20 64 287 10 383 382 0,62 66 205 220 342
PFG_MOEA,821,9,759.34,4800.0,0 2 119 128 295 40 32 276 239 122 296 332 347 138 336 222 95 101 194 147 324 275 323 363 352 277 102 223 244 211 104 310 100 282 143 79 160 50 60 257 270 379 195 5 309 280 351 237 256 274 49 198 252 236 0,
PFG_MOEA,821,10,759.34,4800.0,0 381 23 90 12 207 307 0,
PFG_MOEA,821,11,759.34,4800.0,0 335 187 359 313 360 214 0,
PFG_MOEA,821,12,759.34,4800.0,0 185 118 281 26 334 298 371 0,
PFG_MOEA,822,1,314.81,5596.11,0 12 90 128 236 252 336 276 138 222 198 49 274 256 237 351 280 309 5 290 343 313 207 0,222
PFG_MOEA,822,2,314.81,5596.11,0 91 292 263 8 373 169 108 14 375 212 24 371 219 341 298 334 26 281 118 185 214 295 40 32 239 122 95 101 352 363 323 194 275 277 102 100 23 381 119 2 307 359 187 148 48 31 304 0,23
PFG_MOEA,822,3,314.81,5596.11,0 260 224 71 33 127 152 191 112 165 200 129 238 330 192 0,33
PFG_MOEA,822,4,314.81,5596.11,0 57 67 302 173 106 3 388 164 107 77 151 218 197 229 308 246 259 264 356 345 377 395 400 42 28 250 255 1 262 63 316 394 188 149 157 387 327 183 354 69 254 73 215 85 43 17 247 136 273 137 59 109 0,
PFG_MOEA,822,5,314.81,5596.11,0 329 300 362 123 51 145 322 121 146 201 261 320 364 393 312 294 174 339 132 206 253 365 360 335 0,362 393
PFG_MOEA,822,6,314.81,5596.11,0 61 358 181 177 288 385 240 396 245 115 392 285 331 133 293 53 163 150 9 125 47 216 89 0,
PFG_MOEA,822,7,314.81,5596.11,0 80 13 19 226 35 161 235 58 34 386 231 289 366 267 228 44 130 52 72 318 70 184 284 74 279 159 162 389 114 355 325 384 337 111 116 76 113 81 29 131 84 105 186 134 22 0,
PFG_MOEA,822,8,314.81,5596.11,0 38 96 242 221 172 182 397 350 311 4 314 193 230 94 156 374 36 11 92 319 357 303 266 141 86 199 68 135 88 249 233 340 299 321 269 120 142 37 301 21 139 291 167 372 346 315 99 175 251 0,182
PFG_MOEA,822,9,314.81,5596.11,0 97 225 232 179 391 271 158 241 62 297 65 283 204 154 305 326 110 140 286 317 333 180 220 126 124 7 56 217 55 25 367 170 361 209 227 234 213 190 390 265 18 103 155 83 378 398 93 54 46 268 272 30 39 0,65 154
PFG_MOEA,822,10,314.81,5596.11,0 399 15 16 380 41 82 178 117 243 344 349 20 189 64 166 205 208 6 87 171 153 278 210 353 258 376 368 66 287 10 383 382 0,243
PFG_MOEA,822,11,314.81,5596.11,0 369 338 203 168 0,
PFG_MOEA,822,12,314.81,5596.11,0 202 306 370 342 144 176 27 98 78 196 296 347 332 324 147 211 244 223 104 310 282 143 79 160 50 60 257 270 379 195 45 348 75 328 248 0,370
PFG_MOEA,823,1,411.21,4974.5,0 12 90 381 23 32 276 239 336 138 222 198 49 274 256 237 351 280 252 236 128 119 2 0,23
PFG_MOEA,823,2,411.21,4974.5,0 22 118 185 214 295 40 122 392 285 331 133 293 53 101 352 363 323 194 275 277 102 100 95 163 61 89 207 307 313 359 365 253 206 187 0,22 100
PFG_MOEA,823,3,411.21,4974.5,0 115 0,
PFG_MOEA,823,4,411.21,4974.5,0 245 396 240 385 288 177 181 358 337 384 111 116 76 113 81 29 325 355 0,
PFG_MOEA,823,5,411.21,4974.5,0 281 26 334 298 341 134 186 131 84 114 389 105 219 371 162 159 74 279 91 24 212 375 284 14 184 318 70 292 263 8 373 169 108 72 52 130 44 386 362 201 312 67 164 107 302 173 106 261 388 197 218 151 77 273 136 137 59 109 127 57 226 19 13 80 0,77 106 284
PFG_MOEA,823,6,411.21,4974.5,0 38 172 182 319 303 357 266 141 86 199 228 267 366 289 231 34 58 68 161 235 35 249 88 135 233 156 94 230 374 92 11 36 397 350 311 4 314 193 340 299 321 269 120 142 37 51 123 145 132 339 322 121 146 294 174 320 364 393 3 229 308 356 264 259 246 42 300 329 112 221 242 96 0,51 174 229 246 299
PFG_MOEA,823,7,411.21,4974.5,0 399 200 165 191 152 247 255 1 262 250 28 345 377 395 400 394 188 301 372 21 167 291 139 149 157 63 316 387 327 17 43 85 215 73 254 183 354 69 265 346 315 99 175 251 190 390 18 103 155 83 378 213 234 227 398 93 224 179 232 225 97 71 33 260 148 238 129 330 192 48 31 304 0,93
PFG_MOEA,823,8,411.21,4974.5,0 382 383 10 391 271 39 46 54 268 272 30 66 166 205 208 6 204 154 305 326 283 65 297 62 241 110 140 286 317 333 180 220 158 189 64 20 126 124 7 56 217 55 25 367 170 361 209 287 0,55 62 66 220
PFG_MOEA,823,9,411.21,4974.5,0 380 0,
PFG_MOEA,823,10,411.21,4974.5,0 16 369 15 0,
PFG_MOEA,823,11,411.21,4974.5,0 168 203 178 82 41 0,178
PFG_MOEA,823,12,411.21,4974.5,0 335 360 338 202 306 370 342 144 176 27 98 78 196 296 347 332 216 47 125 9 150 147 324 211 244 223 104 310 282 143 309 5 195 379 79 160 50 60 270 257 210 45 153 278 87 171 353 348 75 328 248 258 376 368 290 343 349 344 243 117 0,
PFG_MOEA,824,1,312.55,5795.78,0 336 138 239 122 296 347 332 324 275 277 104 211 244 223 102 352 363 323 194 147 101 95 222 0,122 211 222 277
PFG_MOEA,824,2,312.55,5795.78,0 335 360 207 307 313 359 187 100 310 282 143 79 160 50 60 257 270 379 195 5 309 280 351 237 256 274 49 198 252 236 381 23 90 12 214 185 118 281 26 334 298 371 72 52 130 44 386 80 0,5 307
PFG_MOEA,824,3,312.55,5795.78,0 13 19 226 57 127 109 59 137 136 273 77 151 218 197 388 261 106 173 302 107 164 67 312 201 362 123 51 145 294 174 339 132 142 120 269 321 299 0,174
PFG_MOEA,824,4,312.55,5795.78,0 340 233 135 88 249 35 235 161 68 58 34 231 289 366 267 228 141 266 303 357 319 86 199 156 94 0,303
PFG_MOEA,824,5,312.55,5795.78,0 38 172 182 397 36 11 92 374 230 311 350 4 314 193 37 322 121 146 320 364 393 3 229 308 356 264 259 246 42 300 329 112 191 152 221 242 96 0,42 264
PFG_MOEA,824,6,312.55,5795.78,0 200 165 129 0,
PFG_MOEA,824,7,312.55,5795.78,0 304 330 395 400 394 188 301 372 21 167 291 139 149 157 63 316 387 17 43 33 71 224 260 0,
PFG_MOEA,824,8,312.55,5795.78,0 399 247 28 250 345 377 262 1 255 327 254 73 215 85 93 179 232 225 97 148 238 192 48 31 0,93
PFG_MOEA,824,9,312.55,5795.78,0 378 69 183 354 265 346 315 99 175 251 190 390 18 103 155 83 234 213 227 398 209 361 170 367 25 55 217 56 7 180 333 317 286 140 110 62 297 65 283 326 305 154 204 6 208 241 220 158 189 64 20 126 124 0,175
PFG_MOEA,824,10,312.55,5795.78,0 287 382 383 10 268 272 30 66 166 205 271 39 391 53 293 133 331 285 392 115 245 396 240 385 288 177 181 358 337 384 111 116 76 113 81 29 325 355 131 84 114 389 105 341 219 0,
PFG_MOEA,824,11,312.55,5795.78,0 91 24 212 375 14 108 169 373 8 263 292 70 318 184 284 74 279 159 162 22 134 186 89 216 47 125 9 150 163 61 365 253 206 46 54 0,
PFG_MOEA,824,12,312.55,5795.78,0 41 82 178 117 243 344 349 343 290 368 376 258 248 328 75 171 87 153 278 210 45 353 348 2 119 128 295 40 32 276 196 78 98 27 176 144 342 370 306 202 338 203 168 369 380 16 15 0,16 87 203
PFG_MOEA,825,1,389.39,5146.42,0 163 78 53 293 133 331 285 392 98 115 245 27 396 240 385 288 177 181 358 337 384 111 116 76 113 81 29 325 355 131 84 114 389 91 279 74 159 162 371 219 298 341 22 134 186 105 118 185 0,
PFG_MOEA,825,2,389.39,5146.42,0 281 26 334 24 212 375 284 14 184 318 70 292 263 8 373 169 108 72 52 130 44 386 51 145 123 362 201 294 312 67 164 107 302 173 106 261 388 197 218 151 77 273 136 137 59 109 127 57 226 19 13 80 0,
PFG_MOEA,825,3,389.39,5146.42,0 142 339 174 132 120 269 321 299 340 233 135 88 249 35 235 161 68 58 34 231 289 366 267 228 141 266 303 357 319 86 199 156 94 230 374 92 11 36 397 350 311 4 314 193 0,88
PFG_MOEA,825,4,389.39,5146.42,0 182 172 38 0,
PFG_MOEA,825,5,389.39,5146.42,0 37 322 121 146 320 364 393 3 229 308 356 264 259 246 42 300 329 112 152 191 165 200 221 242 96 0,152 264 329
PFG_MOEA,825,6,389.39,5146.42,0 129 33 71 224 260 0,
PFG_MOEA,825,7,389.39,5146.42,0 399 247 255 1 262 250 28 345 377 395 400 394 188 301 372 21 167 291 139 149 157 63 316 387 17 43 73 254 327 183 354 69 215 85 93 179 232 225 97 148 48 238 330 192 31 304 0,395
PFG_MOEA,825,8,389.39,5146.42,0 16 15 168 203 369 380 391 271 39 268 272 30 66 166 205 208 6 204 154 305 326 283 65 297 62 241 110 140 286 317 333 180 220 158 189 64 20 126 124 7 56 217 55 25 367 170 361 209 398 227 234 213 190 251 175 99 315 346 265 390 18 103 155 83 378 54 46 287 10 383 382 41 0,7 16 20 103 272
PFG_MOEA,825,9,389.39,5146.42,0 82 178 117 243 368 376 258 353 153 171 87 278 210 143 237 256 274 49 100 282 310 104 102 277 275 194 323 363 352 101 198 95 222 138 122 276 336 252 236 128 23 381 90 119 2 12 0,
PFG_MOEA,825,10,389.39,5146.42,0 344 349 351 280 309 5 79 160 50 60 257 270 379 195 45 348 75 328 248 290 343 187 0,
PFG_MOEA,825,11,389.39,5146.42,0 214 295 40 32 239 370 342 144 176 150 47 9 125 216 89 61 207 307 313 359 206 253 365 360 335 0,176
PFG_MOEA,825,12,389.39,5146.42,0 338 202 306 196 296 347 332 324 147 211 244 223 0,
PFG_MOEA,826,1,413.96,4915.5,0 187 206 253 365 359 313 307 207 61 12 89 2 119 128 236 252 336 138 163 222 95 198 351 280 237 256 274 49 100 102 277 275 194 323 363 352 101 53 293 133 331 285 392 122 239 276 32 40 295 23 381 90 113 81 29 76 116 111 384 337 358 181 177 288 385 240 396 245 115 22 118 185 214 0,245 381
PFG_MOEA,826,2,413.96,4915.5,0 281 84 131 325 355 114 389 186 134 341 298 26 334 0,
PFG_MOEA,826,3,413.96,4915.5,0 371 219 105 162 159 74 279 91 24 212 375 284 14 184 318 70 292 263 8 373 169 108 72 52 130 44 386 362 201 312 67 164 107 302 173 106 261 388 197 218 151 77 273 136 137 59 0,
PFG_MOEA,826,4,413.96,4915.5,0 57 127 109 226 0,
PFG_MOEA,826,5,413.96,4915.5,0 19 0,
PFG_MOEA,826,6,413.96,4915.5,0 38 303 357 266 141 86 199 228 267 366 289 231 34 58 68 161 235 35 249 88 135 233 319 182 172 13 80 0,88
PFG_MOEA,826,7,413.96,4915.5,0 399 397 36 11 92 156 94 230 374 350 311 4 314 193 340 299 321 269 120 142 37 51 123 145 132 339 322 121 146 294 174 320 364 393 3 229 308 356 264 259 246 42 300 329 112 191 165 200 221 242 96 0,11 340 374 393
PFG_MOEA,826,8,413.96,4915.5,0 152 247 255 1 262 250 28 345 377 395 400 394 188 301 372 21 167 291 139 149 157 63 316 387 327 17 43 85 215 73 254 183 354 69 265 346 315 99 175 251 190 390 18 103 155 83 378 213 234 227 398 93 0,1 152 175 227
PFG_MOEA,826,9,413.96,4915.5,0 304 31 48 192 330 238 129 148 260 391 271 39 268 272 30 66 166 205 208 6 204 154 305 326 283 65 297 62 241 110 140 286 317 333 180 220 158 189 64 20 126 124 7 56 217 55 25 367 170 361 209 71 33 97 225 232 179 224 0,55 391
PFG_MOEA,826,10,413.96,4915.5,0 287 10 383 382 0,
PFG_MOEA,826,11,413.96,4915.5,0 16 15 168 203 369 380 82 178 117 243 349 344 54 46 41 0,
PFG_MOEA,826,12,413.96,4915.5,0 335 360 216 150 9 47 125 309 5 343 290 368 376 258 248 328 75 171 87 278 153 353 348 45 210 195 379 270 257 60 50 160 79 143 282 310 104 223 244 211 324 147 332 347 296 196 78 98 27 176 144 342 370 306 202 338 0,
PFG_MOEA,827,1,320.55,5348.04,0 80 13 172 182 397 36 11 92 233 135 88 249 35 235 161 68 58 34 231 289 319 399 0,
PFG_MOEA,827,2,320.55,5348.04,0 374 230 94 156 311 350 4 314 193 340 299 321 269 120 142 132 339 174 320 364 308 229 3 393 294 146 121 322 123 145 51 37 0,393
PFG_MOEA,827,3,320.55,5348.04,0 96 242 221 200 165 112 329 300 191 152 247 255 1 262 42 250 28 246 259 264 356 345 377 395 400 394 188 301 372 21 167 291 139 149 157 63 316 387 327 17 43 85 215 73 254 183 354 69 265 346 315 99 175 251 190 0,215
PFG_MOEA,827,4,320.55,5348.04,0 304 31 192 330 238 129 398 227 234 213 18 390 286 140 110 241 93 260 148 48 0,
PFG_MOEA,827,5,320.55,5348.04,0 317 333 0,
PFG_MOEA,827,6,320.55,5348.04,0 33 71 209 361 170 367 25 55 217 56 7 180 220 158 189 64 20 126 124 224 10 383 382 16 203 168 15 0,25
PFG_MOEA,827,7,320.55,5348.04,0 380 369 335 360 216 150 9 47 125 309 5 195 379 270 210 45 348 353 153 278 87 171 75 328 248 258 376 368 290 343 54 46 344 349 243 117 178 82 41 0,
PFG_MOEA,827,8,320.55,5348.04,0 338 202 306 370 342 144 176 27 98 78 196 296 347 332 147 324 211 244 223 104 310 282 143 79 160 50 60 257 6 204 154 305 326 283 62 297 65 208 205 166 66 30 272 268 0,66
PFG_MOEA,827,9,320.55,5348.04,0 187 206 253 365 359 313 307 207 61 12 89 2 119 128 236 252 336 138 163 222 95 198 351 256 237 280 391 271 39 378 83 155 103 232 179 287 225 97 0,138 307
PFG_MOEA,827,10,320.55,5348.04,0 22 389 114 84 131 325 355 29 81 113 76 116 111 384 337 358 181 177 288 385 240 396 245 115 392 285 331 133 293 53 101 352 363 323 194 275 277 102 100 49 274 122 239 276 32 40 295 23 381 90 214 185 281 118 0,323 331
PFG_MOEA,827,11,320.55,5348.04,0 334 298 26 105 186 134 341 219 371 24 212 375 14 184 318 70 292 263 8 373 169 284 74 279 91 159 162 0,134
PFG_MOEA,827,12,320.55,5348.04,0 38 19 226 57 127 109 59 137 136 273 77 151 218 197 388 261 106 173 302 107 164 67 312 201 362 366 267 228 386 44 130 52 72 108 303 357 266 141 86 199 0,106 386
PFG_MOEA,828,1,270.73,5843.94,0 335 187 309 5 195 379 270 257 60 50 160 79 143 280 351 237 256 274 49 198 252 236 381 23 90 12 207 307 0,
PFG_MOEA,828,2,270.73,5843.94,0 61 313 359 206 253 365 360 214 185 118 281 26 334 298 371 22 134 186 162 159 292 263 8 373 318 70 184 284 74 279 0,134 284 313 318
PFG_MOEA,828,3,270.73,5843.94,0 91 169 108 14 375 212 24 192 330 238 129 200 165 112 191 152 127 57 109 59 137 273 136 247 17 43 85 215 33 71 224 260 148 48 31 304 0,33 200
PFG_MOEA,828,4,270.73,5843.94,0 73 254 69 354 183 327 387 157 149 188 394 316 63 262 1 255 250 28 42 400 395 377 345 356 264 259 246 308 229 197 218 151 77 107 164 67 302 388 3 106 173 261 320 364 0,
PFG_MOEA,828,5,270.73,5843.94,0 329 300 362 123 51 145 322 121 146 201 312 393 294 174 339 132 120 142 0,145 174
PFG_MOEA,828,6,270.73,5843.94,0 37 269 321 299 340 219 341 105 84 131 29 81 113 76 116 111 181 358 337 384 325 355 114 389 0,341
PFG_MOEA,828,7,270.73,5843.94,0 89 216 47 125 9 150 163 53 293 133 331 285 392 115 245 396 240 385 288 177 34 58 235 135 233 88 249 35 161 68 0,133 240
PFG_MOEA,828,8,270.73,5843.94,0 172 182 193 314 4 350 397 36 11 374 311 230 94 156 199 92 86 319 266 141 289 231 386 366 267 228 44 130 52 72 303 357 13 19 226 221 242 96 0,141 386
PFG_MOEA,828,9,270.73,5843.94,0 38 80 378 83 291 139 21 167 301 372 346 315 265 390 99 175 251 190 18 103 155 234 227 398 93 54 46 268 272 30 39 271 391 179 0,
PFG_MOEA,828,10,270.73,5843.94,0 97 225 232 209 361 213 170 367 328 248 258 376 368 290 343 66 349 344 243 117 178 82 41 16 380 369 196 78 98 27 176 144 342 370 306 202 338 203 168 15 399 0,82 176 225
PFG_MOEA,828,11,270.73,5843.94,0 287 64 166 205 75 348 353 45 210 278 153 171 87 6 208 158 189 220 241 62 297 65 283 204 154 305 326 110 140 180 333 317 286 25 55 217 56 7 124 126 20 10 0,65 126
PFG_MOEA,828,12,270.73,5843.94,0 2 119 128 295 40 32 276 239 122 296 332 347 138 336 222 95 101 194 147 324 275 323 363 352 277 102 223 244 211 104 310 100 282 383 382 0,2
PFG_MOEA,829,1,369.23,5154.87,0 90 295 40 32 276 239 122 222 95 101 323 363 352 102 277 275 194 53 293 133 331 285 392 115 245 396 240 385 288 177 181 358 337 384 111 116 76 113 81 29 325 131 84 355 114 389 279 74 159 162 371 219 341 22 134 186 105 298 334 26 281 118 185 214 0,40 240 245 331
PFG_MOEA,829,2,369.23,5154.87,0 91 24 212 375 284 14 184 318 70 292 263 8 373 169 108 72 52 130 44 386 0,318
PFG_MOEA,829,3,369.23,5154.87,0 362 201 312 67 164 107 302 173 106 261 388 197 218 151 77 273 136 0,106
PFG_MOEA,829,4,369.23,5154.87,0 399 172 182 397 36 11 92 86 141 266 303 357 319 199 228 267 366 289 231 34 58 68 161 235 35 249 88 135 233 156 94 230 374 350 311 4 314 193 340 299 321 269 120 142 37 51 145 123 137 59 109 127 57 226 19 13 80 38 0,340
PFG_MOEA,829,5,369.23,5154.87,0 132 339 322 0,
PFG_MOEA,829,6,369.23,5154.87,0 96 242 221 200 165 112 191 152 329 300 121 146 294 174 320 364 393 3 229 308 259 246 264 356 345 377 395 400 42 250 28 247 255 1 262 63 157 291 167 21 372 301 188 394 139 149 316 387 327 17 43 85 215 73 254 183 354 69 265 346 315 99 0,1 200 393
PFG_MOEA,829,7,369.23,5154.87,0 93 398 227 234 213 190 251 175 390 18 103 155 83 378 31 304 0,
PFG_MOEA,829,8,369.23,5154.87,0 48 192 330 238 129 148 260 391 0,
PFG_MOEA,829,9,369.23,5154.87,0 268 272 30 65 283 326 305 154 204 6 208 205 166 66 271 39 0,272
PFG_MOEA,829,10,369.23,5154.87,0 124 126 20 64 189 158 220 241 297 62 110 140 286 317 333 180 7 56 217 55 25 367 170 361 209 71 97 33 0,
PFG_MOEA,829,11,369.23,5154.87,0 15 16 380 369 168 203 338 202 306 370 342 144 176 27 98 78 196 296 347 332 324 147 211 244 223 210 45 348 353 153 278 87 171 75 328 248 258 376 368 290 343 54 46 224 225 232 179 287 10 383 382 41 344 349 243 117 178 82 125 9 47 150 216 360 335 0,47 87 353
PFG_MOEA,829,12,369.23,5154.87,0 207 307 313 359 365 253 206 187 100 310 104 282 143 79 160 50 60 257 270 379 195 5 309 280 351 237 256 274 49 198 163 138 336 252 236 381 23 128 119 2 89 12 61 0,
PFG_MOEA,830,1,337.93,5308.22,0 187 206 253 313 359 365 0,
PFG_MOEA,830,2,337.93,5308.22,0 207 307 198 280 351 256 237 101 53 293 133 331 285 392 95 222 163 138 336 252 236 128 119 2 89 12 61 0,133 222
PFG_MOEA,830,3,337.93,5308.22,0 323 363 352 194 275 277 102 100 49 274 122 239 276 32 40 295 23 381 90 0,
PFG_MOEA,830,4,337.93,5308.22,0 22 115 245 396 240 385 288 177 181 358 337 384 111 116 76 113 81 29 131 84 281 118 185 214 0,
PFG_MOEA,830,5,337.93,5308.22,0 334 26 298 371 219 341 134 186 105 355 325 114 389 162 159 74 279 91 24 212 375 284 14 184 318 70 292 263 8 373 169 108 72 52 130 44 386 362 201 312 0,284
PFG_MOEA,830,6,337.93,5308.22,0 399 172 182 397 36 11 92 86 141 266 303 357 319 199 228 267 366 289 231 34 58 68 161 235 35 249 88 135 233 156 94 230 57 127 109 59 137 136 273 77 151 218 197 388 261 106 173 302 107 164 67 294 226 19 13 80 38 0,
PFG_MOEA,830,7,337.93,5308.22,0 374 350 311 4 314 193 340 299 321 269 120 142 37 51 145 123 146 121 322 339 132 174 320 364 393 3 229 308 356 264 259 246 42 1 255 247 152 191 112 329 300 165 200 221 242 96 0,132 264 340 393
PFG_MOEA,830,8,337.93,5308.22,0 28 250 262 400 395 345 377 394 188 301 372 21 167 291 139 149 157 63 316 387 327 17 43 85 215 73 254 183 354 69 265 346 315 99 175 251 190 0,
PFG_MOEA,830,9,337.93,5308.22,0 304 192 330 238 129 378 83 155 103 18 390 213 234 227 398 140 110 241 62 297 65 283 326 305 154 204 6 208 205 166 66 93 30 272 268 39 271 391 260 148 48 31 0,65 391
PFG_MOEA,830,10,337.93,5308.22,0 33 71 225 97 232 209 361 170 367 25 55 217 56 7 317 286 333 180 220 158 189 64 20 126 124 224 10 287 179 0,
PFG_MOEA,830,11,337.93,5308.22,0 15 168 203 369 16 380 335 360 216 150 9 47 125 309 5 195 379 270 210 45 348 353 153 278 87 171 75 328 248 54 46 383 382 344 349 243 117 178 82 41 0,82 87 195 353
PFG_MOEA,830,12,337.93,5308.22,0 338 202 306 370 342 144 176 27 98 78 196 296 347 332 147 324 211 244 223 104 310 282 143 79 160 50 60 257 258 376 368 290 343 0,290
PFG_MOEA,831,1,759.34,4800.0,0 219 341 105 389 114 84 131 355 325 29 81 113 76 116 111 384 337 358 181 177 288 385 240 396 245 115 392 285 331 133 293 53 163 150 9 125 47 216 89 61 206 253 365 0,245
PFG_MOEA,831,2,759.34,4800.0,0 22 134 186 162 159 279 74 284 184 318 70 292 263 8 373 169 108 14 375 212 24 91 0,318
PFG_MOEA,831,3,759.34,4800.0,0 304 31 48 148 260 224 71 33 129 238 330 192 200 165 112 191 152 127 57 109 59 137 273 136 247 17 43 85 215 73 254 69 354 183 327 387 157 149 188 394 316 63 262 1 255 250 28 42 400 395 377 345 356 264 259 246 308 229 197 218 151 77 107 164 67 302 388 3 106 173 261 320 364 393 312 201 362 329 300 123 51 145 322 121 146 294 174 339 132 120 142 37 269 321 299 340 233 135 88 249 35 161 235 68 58 34 386 231 289 366 267 228 44 130 52 72 303 357 319 266 141 86 92 199 156 94 230 311 374 11 36 397 350 4 314 193 182 172 13 19 226 221 242 96 80 38 0,33 106 174 200 303 311 394
PFG_MOEA,831,4,759.34,4800.0,0 378 83 155 103 18 190 251 175 99 315 346 372 301 167 21 139 291 265 390 234 0,
PFG_MOEA,831,5,759.34,4800.0,0 179 391 271 39 30 272 268 46 54 93 398 227 213 232 0,391
PFG_MOEA,831,6,759.34,4800.0,0 225 0,
PFG_MOEA,831,7,759.34,4800.0,0 97 209 361 170 367 0,
PFG_MOEA,831,8,759.34,4800.0,0 399 15 168 203 338 202 306 370 342 144 176 27 98 78 196 369 380 16 41 82 178 117 243 344 349 66 343 290 368 376 258 248 328 75 348 353 45 210 278 153 171 87 6 208 205 166 158 189 220 241 62 297 65 283 204 154 305 326 110 140 180 333 317 286 25 55 217 56 7 124 126 20 64 287 10 383 382 0,62 66 205 220 342
PFG_MOEA,831,9,759.34,4800.0,0 2 119 128 295 40 32 276 239 122 296 332 347 138 336 222 95 101 194 147 324 275 323 363 352 277 102 223 244 211 104 310 100 282 143 79 160 50 60 257 270 379 195 5 309 280 351 237 256 274 49 198 252 236 0,
PFG_MOEA,831,10,759.34,4800.0,0 381 23 90 12 207 307 0,
PFG_MOEA,831,11,759.34,4800.0,0 335 187 359 313 360 214 0,
PFG_MOEA,831,12,759.34,4800.0,0 185 118 281 26 334 298 371 0,
PFG_MOEA,832,1,314.81,5596.11,0 12 90 128 236 252 336 276 138 222 198 49 274 256 237 351 280 309 5 290 343 313 207 0,222
PFG_MOEA,832,2,314.81,5596.11,0 91 292 263 8 373 169 108 14 375 212 24 371 219 341 298 334 26 281 118 185 214 295 40 32 239 122 95 101 352 363 323 194 275 277 102 100 23 381 119 2 307 359 187 148 48 31 304 0,23
PFG_MOEA,832,3,314.81,5596.11,0 260 224 71 33 127 152 191 112 165 200 129 238 330 192 0,33
PFG_MOEA,832,4,314.81,5596.11,0 57 67 302 173 106 3 388 164 107 77 151 218 197 229 308 246 259 264 356 345 377 395 400 42 28 250 255 1 262 63 316 394 188 149 157 387 327 183 354 69 254 73 215 85 43 17 247 136 273 137 59 109 0,
PFG_MOEA,832,5,314.81,5596.11,0 329 300 362 123 51 145 322 121 146 201 261 320 364 393 312 294 174 339 132 206 253 365 360 335 0,362 393
PFG_MOEA,832,6,314.81,5596.11,0 61 358 181 177 288 385 240 396 245 115 392 285 331 133 293 53 163 150 9 125 47 216 89 0,
PFG_MOEA,832,7,314.81,5596.11,0 80 13 19 226 35 161 235 58 34 386 231 289 366 267 228 44 130 52 72 318 70 184 284 74 279 159 162 389 114 355 325 384 337 111 116 76 113 81 29 131 84 105 186 134 22 0,
PFG_MOEA,832,8,314.81,5596.11,0 38 96 242 221 172 182 397 350 311 4 314 193 230 94 156 374 36 11 92 319 357 303 266 141 86 199 68 135 88 249 233 340 299 321 269 120 142 37 301 21 139 291 167 372 346 315 99 175 251 0,182
PFG_MOEA,832,9,314.81,5596.11,0 97 225 232 179 391 271 158 241 62 297 65 283 204 154 305 326 110 140 286 317 333 180 220 126 124 7 56 217 55 25 367 170 361 209 227 234 213 190 390 265 18 103 155 83 378 398 93 54 46 268 272 30 39 0,65 154
PFG_MOEA,832,10,314.81,5596.11,0 399 15 16 380 41 82 178 117 243 344 349 20 189 64 166 205 208 6 87 171 153 278 210 353 258 376 368 66 287 10 383 382 0,243
PFG_MOEA,832,11,314.81,5596.11,0 369 338 203 168 0,
PFG_MOEA,832,12,314.81,5596.11,0 202 306 370 342 144 176 27 98 78 196 296 347 332 324 147 211 244 223 104 310 282 143 79 160 50 60 257 270 379 195 45 348 75 328 248 0,370
PFG_MOEA,833,1,411.21,4974.5,0 12 90 381 23 32 276 239 336 138 222 198 49 274 256 237 351 280 252 236 128 119 2 0,23
PFG_MOEA,833,2,411.21,4974.5,0 22 118 185 214 295 40 122 392 285 331 133 293 53 101 352 363 323 194 275 277 102 100 95 163 61 89 207 307 313 359 365 253 206 187 0,22 100
PFG_MOEA,833,3,411.21,4974.5,0 115 0,
PFG_MOEA,833,4,411.21,4974.5,0 245 396 240 385 288 177 181 358 337 384 111 116 76 113 81 29 325 355 0,
PFG_MOEA,833,5,411.21,4974.5,0 281 26 334 298 341 134 186 131 84 114 389 105 219 371 162 159 74 279 91 24 212 375 284 14 184 318 70 292 263 8 373 169 108 72 52 130 44 386 362 201 312 67 164 107 302 173 106 261 388 197 218 151 77 273 136 137 59 109 127 57 226 19 13 80 0,77 106 284
PFG_MOEA,833,6,411.21,4974.5,0 38 172 182 319 303 357 266 141 86 199 228 267 366 289 231 34 58 68 161 235 35 249 88 135 233 156 94 230 374 92 11 36 397 350 311 4 314 193 340 299 321 269 120 142 37 51 123 145 132 339 322 121 146 294 174 320 364 393 3 229 308 356 264 259 246 42 300 329 112 221 242 96 0,51 174 229 246 299
PFG_MOEA,833,7,411.21,4974.5,0 399 200 165 191 152 247 255 1 262 250 28 345 377 395 400 394 188 301 372 21 167 291 139 149 157 63 316 387 327 17 43 85 215 73 254 183 354 69 265 346 315 99 175 251 190 390 18 103 155 83 378 213 234 227 398 93 224 179 232 225 97 71 33 260 148 238 129 330 192 48 31 304 0,93
PFG_MOEA,833,8,411.21,4974.5,0 382 383 10 391 271 39 46 54 268 272 30 66 166 205 208 6 204 154 305 326 283 65 297 62 241 110 140 286 317 333 180 220 158 189 64 20 126 124 7 56 217 55 25 367 170 361 209 287 0,55 62 66 220
PFG_MOEA,833,9,411.21,4974.5,0 380 0,
PFG_MOEA,833,10,411.21,4974.5,0 16 369 15 0,
PFG_MOEA,833,11,411.21,4974.5,0 168 203 178 82 41 0,178
PFG_MOEA,833,12,411.21,4974.5,0 335 360 338 202 306 370 342 144 176 27 98 78 196 296 347 332 216 47 125 9 150 147 324 211 244 223 104 310 282 143 309 5 195 379 79 160 50 60 270 257 210 45 153 278 87 171 353 348 75 328 248 258 376 368 290 343 349 344 243 117 0,
PFG_MOEA,834,1,312.55,5795.78,0 336 138 239 122 296 347 332 324 275 277 104 211 244 223 102 352 363 323 194 147 101 95 222 0,122 211 222 277
PFG_MOEA,834,2,312.55,5795.78,0 335 360 207 307 313 359 187 100 310 282 143 79 160 50 60 257 270 379 195 5 309 280 351 237 256 274 49 198 252 236 381 23 90 12 214 185 118 281 26 334 298 371 72 52 130 44 386 80 0,5 307
PFG_MOEA,834,3,312.55,5795.78,0 13 19 226 57 127 109 59 137 136 273 77 151 218 197 388 261 106 173 302 107 164 67 312 201 362 123 51 145 294 174 339 132 142 120 269 321 299 0,174
PFG_MOEA,834,4,312.55,5795.78,0 340 233 135 88 249 35 235 161 68 58 34 231 289 366 267 228 141 266 303 357 319 86 199 156 94 0,303
PFG_MOEA,834,5,312.55,5795.78,0 38 172 182 397 36 11 92 374 230 311 350 4 314 193 37 322 121 146 320 364 393 3 229 308 356 264 259 246 42 300 329 112 191 152 221 242 96 0,42 264
PFG_MOEA,834,6,312.55,5795.78,0 200 165 129 0,
PFG_MOEA,834,7,312.55,5795.78,0 304 330 395 400 394 188 301 372 21 167 291 139 149 157 63 316 387 17 43 33 71 224 260 0,
PFG_MOEA,834,8,312.55,5795.78,0 399 247 28 250 345 377 262 1 255 327 254 73 215 85 93 179 232 225 97 148 238 192 48 31 0,93
PFG_MOEA,834,9,312.55,5795.78,0 378 69 183 354 265 346 315 99 175 251 190 390 18 103 155 83 234 213 227 398 209 361 170 367 25 55 217 56 7 180 333 317 286 140 110 62 297 65 283 326 305 154 204 6 208 241 220 158 189 64 20 126 124 0,175
PFG_MOEA,834,10,312.55,5795.78,0 287 382 383 10 268 272 30 66 166 205 271 39 391 53 293 133 331 285 392 115 245 396 240 385 288 177 181 358 337 384 111 116 76 113 81 29 325 355 131 84 114 389 105 341 219 0,
PFG_MOEA,834,11,312.55,5795.78,0 91 24 212 375 14 108 169 373 8 263 292 70 318 184 284 74 279 159 162 22 134 186 89 216 47 125 9 150 163 61 365 253 206 46 54 0,
PFG_MOEA,834,12,312.55,5795.78,0 41 82 178 117 243 344 349 343 290 368 376 258 248 328 75 171 87 153 278 210 45 353 348 2 119 128 295 40 32 276 196 78 98 27 176 144 342 370 306 202 338 203 168 369 380 16 15 0,16 87 203
PFG_MOEA,835,1,389.39,5146.42,0 163 78 53 293 133 331 285 392 98 115 245 27 396 240 385 288 177 181 358 337 384 111 116 76 113 81 29 325 355 131 84 114 389 91 279 74 159 162 371 219 298 341 22 134 186 105 118 185 0,
PFG_MOEA,835,2,389.39,5146.42,0 281 26 334 24 212 375 284 14 184 318 70 292 263 8 373 169 108 72 52 130 44 386 51 145 123 362 201 294 312 67 164 107 302 173 106 261 388 197 218 151 77 273 136 137 59 109 127 57 226 19 13 80 0,
PFG_MOEA,835,3,389.39,5146.42,0 142 339 174 132 120 269 321 299 340 233 135 88 249 35 235 161 68 58 34 231 289 366 267 228 141 266 303 357 319 86 199 156 94 230 374 92 11 36 397 350 311 4 314 193 0,88
PFG_MOEA,835,4,389.39,5146.42,0 182 172 38 0,
PFG_MOEA,835,5,389.39,5146.42,0 37 322 121 146 320 364 393 3 229 308 356 264 259 246 42 300 329 112 152 191 165 200 221 242 96 0,152 264 329
PFG_MOEA,835,6,389.39,5146.42,0 129 33 71 224 260 0,
PFG_MOEA,835,7,389.39,5146.42,0 399 247 255 1 262 250 28 345 377 395 400 394 188 301 372 21 167 291 139 149 157 63 316 387 17 43 73 254 327 183 354 69 215 85 93 179 232 225 97 148 48 238 330 192 31 304 0,395
PFG_MOEA,835,8,389.39,5146.42,0 16 15 168 203 369 380 391 271 39 268 272 30 66 166 205 208 6 204 154 305 326 283 65 297 62 241 110 140 286 317 333 180 220 158 189 64 20 126 124 7 56 217 55 25 367 170 361 209 398 227 234 213 190 251 175 99 315 346 265 390 18 103 155 83 378 54 46 287 10 383 382 41 0,7 16 20 103 272
PFG_MOEA,835,9,389.39,5146.42,0 82 178 117 243 368 376 258 353 153 171 87 278 210 143 237 256 274 49 100 282 310 104 102 277 275 194 323 363 352 101 198 95 222 138 122 276 336 252 236 128 23 381 90 119 2 12 0,
PFG_MOEA,835,10,389.39,5146.42,0 344 349 351 280 309 5 79 160 50 60 257 270 379 195 45 348 75 328 248 290 343 187 0,
PFG_MOEA,835,11,389.39,5146.42,0 214 295 40 32 239 370 342 144 176 150 47 9 125 216 89 61 207 307 313 359 206 253 365 360 335 0,176
PFG_MOEA,835,12,389.39,5146.42,0 338 202 306 196 296 347 332 324 147 211 244 223 0,
PFG_MOEA,836,1,413.96,4915.5,0 187 206 253 365 359 313 307 207 61 12 89 2 119 128 236 252 336 138 163 222 95 198 351 280 237 256 274 49 100 102 277 275 194 323 363 352 101 53 293 133 331 285 392 122 239 276 32 40 295 23 381 90 113 81 29 76 116 111 384 337 358 181 177 288 385 240 396 245 115 22 118 185 214 0,245 381
PFG_MOEA,836,2,413.96,4915.5,0 281 84 131 325 355 114 389 186 134 341 298 26 334 0,
PFG_MOEA,836,3,413.96,4915.5,0 371 219 105 162 159 74 279 91 24 212 375 284 14 184 318 70 292 263 8 373 169 108 72 52 130 44 386 362 201 312 67 164 107 302 173 106 261 388 197 218 151 77 273 136 137 59 0,
PFG_MOEA,836,4,413.96,4915.5,0 57 127 109 226 0,
PFG_MOEA,836,5,413.96,4915.5,0 19 0,
PFG_MOEA,836,6,413.96,4915.5,0 38 303 357 266 141 86 199 228 267 366 289 231 34 58 68 161 235 35 249 88 135 233 319 182 172 13 80 0,88
PFG_MOEA,836,7,413.96,4915.5,0 399 397 36 11 92 156 94 230 374 350 311 4 314 193 340 299 321 269 120 142 37 51 123 145 132 339 322 121 146 294 174 320 364 393 3 229 308 356 264 259 246 42 300 329 112 191 165 200 221 242 96 0,11 340 374 393
PFG_MOEA,836,8,413.96,4915.5,0 152 247 255 1 262 250 28 345 377 395 400 394 188 301 372 21 167 291 139 149 157 63 316 387 327 17 43 85 215 73 254 183 354 69 265 346 315 99 175 251 190 390 18 103 155 83 378 213 234 227 398 93 0,1 152 175 227
PFG_MOEA,836,9,413.96,4915.5,0 304 31 48 192 330 238 129 148 260 391 271 39 268 272 30 66 166 205 208 6 204 154 305 326 283 65 297 62 241 110 140 286 317 333 180 220 158 189 64 20 126 124 7 56 217 55 25 367 170 361 209 71 33 97 225 232 179 224 0,55 391
PFG_MOEA,836,10,413.96,4915.5,0 287 10 383 382 0,
PFG_MOEA,836,11,413.96,4915.5,0 16 15 168 203 369 380 82 178 117 243 349 344 54 46 41 0,
PFG_MOEA,836,12,413.96,4915.5,0 335 360 216 150 9 47 125 309 5 343 290 368 376 258 248 328 75 171 87 278 153 353 348 45 210 195 379 270 257 60 50 160 79 143 282 310 104 223 244 211 324 147 332 347 296 196 78 98 27 176 144 342 370 306 202 338 0,
PFG_MOEA,837,1,320.55,5348.04,0 80 13 172 182 397 36 11 92 233 135 88 249 35 235 161 68 58 34 231 289 319 399 0,
PFG_MOEA,837,2,320.55,5348.04,0 374 230 94 156 311 350 4 314 193 340 299 321 269 120 142 132 339 174 320 364 308 229 3 393 294 146 121 322 123 145 51 37 0,393
PFG_MOEA,837,3,320.55,5348.04,0 96 242 221 200 165 112 329 300 191 152 247 255 1 262 42 250 28 246 259 264 356 345 377 395 400 394 188 301 372 21 167 291 139 149 157 63 316 387 327 17 43 85 215 73 254 183 354 69 265 346 315 99 175 251 190 0,215
PFG_MOEA,837,4,320.55,5348.04,0 304 31 192 330 238 129 398 227 234 213 18 390 286 140 110 241 93 260 148 48 0,
PFG_MOEA,837,5,320.55,5348.04,0 317 333 0,
PFG_MOEA,837,6,320.55,5348.04,0 33 71 209 361 170 367 25 55 217 56 7 180 220 158 189 64 20 126 124 224 10 383 382 16 203 168 15 0,25
PFG_MOEA,837,7,320.55,5348.04,0 380 369 335 360 216 150 9 47 125 309 5 195 379 270 210 45 348 353 153 278 87 171 75 328 248 258 376 368 290 343 54 46 344 349 243 117 178 82 41 0,
PFG_MOEA,837,8,320.55,5348.04,0 338 202 306 370 342 144 176 27 98 78 196 296 347 332 147 324 211 244 223 104 310 282 143 79 160 50 60 257 6 204 154 305 326 283 62 297 65 208 205 166 66 30 272 268 0,66
PFG_MOEA,837,9,320.55,5348.04,0 187 206 253 365 359 313 307 207 61 12 89 2 119 128 236 252 336 138 163 222 95 198 351 256 237 280 391 271 39 378 83 155 103 232 179 287 225 97 0,138 307
PFG_MOEA,837,10,320.55,5348.04,0 22 389 114 84 131 325 355 29 81 113 76 116 111 384 337 358 181 177 288 385 240 396 245 115 392 285 331 133 293 53 101 352 363 323 194 275 277 102 100 49 274 122 239 276 32 40 295 23 381 90 214 185 281 118 0,323 331
PFG_MOEA,837,11,320.55,5348.04,0 334 298 26 105 186 134 341 219 371 24 212 375 14 184 318 70 292 263 8 373 169 284 74 279 91 159 162 0,134
PFG_MOEA,837,12,320.55,5348.04,0 38 19 226 57 127 109 59 137 136 273 77 151 218 197 388 261 106 173 302 107 164 67 312 201 362 366 267 228 386 44 130 52 72 108 303 357 266 141 86 199 0,106 386
PFG_MOEA,838,1,270.73,5843.94,0 335 187 309 5 195 379 270 257 60 50 160 79 143 280 351 237 256 274 49 198 252 236 381 23 90 12 207 307 0,
PFG_MOEA,838,2,270.73,5843.94,0 61 313 359 206 253 365 360 214 185 118 281 26 334 298 371 22 134 186 162 159 292 263 8 373 318 70 184 284 74 279 0,134 284 313 318
PFG_MOEA,838,3,270.73,5843.94,0 91 169 108 14 375 212 24 192 330 238 129 200 165 112 191 152 127 57 109 59 137 273 136 247 17 43 85 215 33 71 224 260 148 48 31 304 0,33 200
PFG_MOEA,838,4,270.73,5843.94,0 73 254 69 354 183 327 387 157 149 188 394 316 63 262 1 255 250 28 42 400 395 377 345 356 264 259 246 308 229 197 218 151 77 107 164 67 302 388 3 106 173 261 320 364 0,
PFG_MOEA,838,5,270.73,5843.94,0 329 300 362 123 51 145 322 121 146 201 312 393 294 174 339 132 120 142 0,145 174
PFG_MOEA,838,6,270.73,5843.94,0 37 269 321 299 340 219 341 105 84 131 29 81 113 76 116 111 181 358 337 384 325 355 114 389 0,341
PFG_MOEA,838,7,270.73,5843.94,0 89 216 47 125 9 150 163 53 293 133 331 285 392 115 245 396 240 385 288 177 34 58 235 135 233 88 249 35 161 68 0,133 240
PFG_MOEA,838,8,270.73,5843.94,0 172 182 193 314 4 350 397 36 11 374 311 230 94 156 199 92 86 319 266 141 289 231 386 366 267 228 44 130 52 72 303 357 13 19 226 221 242 96 0,141 386
PFG_MOEA,838,9,270.73,5843.94,0 38 80 378 83 291 139 21 167 301 372 346 315 265 390 99 175 251 190 18 103 155 234 227 398 93 54 46 268 272 30 39 271 391 179 0,
PFG_MOEA,838,10,270.73,5843.94,0 97 225 232 209 361 213 170 367 328 248 258 376 368 290 343 66 349 344 243 117 178 82 41 16 380 369 196 78 98 27 176 144 342 370 306 202 338 203 168 15 399 0,82 176 225
PFG_MOEA,838,11,270.73,5843.94,0 287 64 166 205 75 348 353 45 210 278 153 171 87 6 208 158 189 220 241 62 297 65 283 204 154 305 326 110 140 180 333 317 286 25 55 217 56 7 124 126 20 10 0,65 126
PFG_MOEA,838,12,270.73,5843.94,0 2 119 128 295 40 32 276 239 122 296 332 347 138 336 222 95 101 194 147 324 275 323 363 352 277 102 223 244 211 104 310 100 282 383 382 0,2
PFG_MOEA,839,1,369.23,5154.87,0 90 295 40 32 276 239 122 222 95 101 323 363 352 102 277 275 194 53 293 133 331 285 392 115 245 396 240 385 288 177 181 358 337 384 111 116 76 113 81 29 325 131 84 355 114 389 279 74 159 162 371 219 341 22 134 186 105 298 334 26 281 118 185 214 0,40 240 245 331
PFG_MOEA,839,2,369.23,5154.87,0 91 24 212 375 284 14 184 318 70 292 263 8 373 169 108 72 52 130 44 386 0,318
PFG_MOEA,839,3,369.23,5154.87,0 362 201 312 67 164 107 302 173 106 261 388 197 218 151 77 273 136 0,106
PFG_MOEA,839,4,369.23,5154.87,0 399 172 182 397 36 11 92 86 141 266 303 357 319 199 228 267 366 289 231 34 58 68 161 235 35 249 88 135 233 156 94 230 374 350 311 4 314 193 340 299 321 269 120 142 37 51 145 123 137 59 109 127 57 226 19 13 80 38 0,340
PFG_MOEA,839,5,369.23,5154.87,0 132 339 322 0,
PFG_MOEA,839,6,369.23,5154.87,0 96 242 221 200 165 112 191 152 329 300 121 146 294 174 320 364 393 3 229 308 259 246 264 356 345 377 395 400 42 250 28 247 255 1 262 63 157 291 167 21 372 301 188 394 139 149 316 387 327 17 43 85 215 73 254 183 354 69 265 346 315 99 0,1 200 393
PFG_MOEA,839,7,369.23,5154.87,0 93 398 227 234 213 190 251 175 390 18 103 155 83 378 31 304 0,
PFG_MOEA,839,8,369.23,5154.87,0 48 192 330 238 129 148 260 391 0,
PFG_MOEA,839,9,369.23,5154.87,0 268 272 30 65 283 326 305 154 204 6 208 205 166 66 271 39 0,272
PFG_MOEA,839,10,369.23,5154.87,0 124 126 20 64 189 158 220 241 297 62 110 140 286 317 333 180 7 56 217 55 25 367 170 361 209 71 97 33 0,
PFG_MOEA,839,11,369.23,5154.87,0 15 16 380 369 168 203 338 202 306 370 342 144 176 27 98 78 196 296 347 332 324 147 211 244 223 210 45 348 353 153 278 87 171 75 328 248 258 376 368 290 343 54 46 224 225 232 179 287 10 383 382 41 344 349 243 117 178 82 125 9 47 150 216 360 335 0,47 87 353
PFG_MOEA,839,12,369.23,5154.87,0 207 307 313 359 365 253 206 187 100 310 104 282 143 79 160 50 60 257 270 379 195 5 309 280 351 237 256 274 49 198 163 138 336 252 236 381 23 128 119 2 89 12 61 0,
PFG_MOEA,840,1,337.93,5308.22,0 187 206 253 313 359 365 0,
PFG_MOEA,840,2,337.93,5308.22,0 207 307 198 280 351 256 237 101 53 293 133 331 285 392 95 222 163 138 336 252 236 128 119 2 89 12 61 0,133 222
PFG_MOEA,840,3,337.93,5308.22,0 323 363 352 194 275 277 102 100 49 274 122 239 276 32 40 295 23 381 90 0,
PFG_MOEA,840,4,337.93,5308.22,0 22 115 245 396 240 385 288 177 181 358 337 384 111 116 76 113 81 29 131 84 281 118 185 214 0,
PFG_MOEA,840,5,337.93,5308.22,0 334 26 298 371 219 341 134 186 105 355 325 114 389 162 159 74 279 91 24 212 375 284 14 184 318 70 292 263 8 373 169 108 72 52 130 44 386 362 201 312 0,284
PFG_MOEA,840,6,337.93,5308.22,0 399 172 182 397 36 11 92 86 141 266 303 357 319 199 228 267 366 289 231 34 58 68 161 235 35 249 88 135 233 156 94 230 57 127 109 59 137 136 273 77 151 218 197 388 261 106 173 302 107 164 67 294 226 19 13 80 38 0,
PFG_MOEA,840,7,337.93,5308.22,0 374 350 311 4 314 193 340 299 321 269 120 142 37 51 145 123 146 121 322 339 132 174 320 364 393 3 229 308 356 264 259 246 42 1 255 247 152 191 112 329 300 165 200 221 242 96 0,132 264 340 393
PFG_MOEA,840,8,337.93,5308.22,0 28 250 262 400 395 345 377 394 188 301 372 21 167 291 139 149 157 63 316 387 327 17 43 85 215 73 254 183 354 69 265 346 315 99 175 251 190 0,
PFG_MOEA,840,9,337.93,5308.22,0 304 192 330 238 129 378 83 155 103 18 390 213 234 227 398 140 110 241 62 297 65 283 326 305 154 204 6 208 205 166 66 93 30 272 268 39 271 391 260 148 48 31 0,65 391
PFG_MOEA,840,10,337.93,5308.22,0 33 71 225 97 232 209 361 170 367 25 55 217 56 7 317 286 333 180 220 158 189 64 20 126 124 224 10 287 179 0,
PFG_MOEA,840,11,337.93,5308.22,0 15 168 203 369 16 380 335 360 216 150 9 47 125 309 5 195 379 270 210 45 348 353 153 278 87 171 75 328 248 54 46 383 382 344 349 243 117 178 82 41 0,82 87 195 353
PFG_MOEA,840,12,337.93,5308.22,0 338 202 306 370 342 144 176 27 98 78 196 296 347 332 147 324 211 244 223 104 310 282 143 79 160 50 60 257 258 376 368 290 343 0,290
PFG_MOEA,841,1,759.34,4800.0,0 219 341 105 389 114 84 131 355 325 29 81 113 76 116 111 384 337 358 181 177 288 385 240 396 245 115 392 285 331 133 293 53 163 150 9 125 47 216 89 61 206 253 365 0,245
PFG_MOEA,841,2,759.34,4800.0,0 22 134 186 162 159 279 74 284 184 318 70 292 263 8 373 169 108 14 375 212 24 91 0,318
PFG_MOEA,841,3,759.34,4800.0,0 304 31 48 148 260 224 71 33 129 238 330 192 200 165 112 191 152 127 57 109 59 137 273 136 247 17 43 85 215 73 254 69 354 183 327 387 157 149 188 394 316 63 262 1 255 250 28 42 400 395 377 345 356 264 259 246 308 229 197 218 151 77 107 164 67 302 388 3 106 173 261 320 364 393 312 201 362 329 300 123 51 145 322 121 146 294 174 339 132 120 142 37 269 321 299 340 233 135 88 249 35 161 235 68 58 34 386 231 289 366 267 228 44 130 52 72 303 357 319 266 141 86 92 199 156 94 230 311 374 11 36 397 350 4 314 193 182 172 13 19 226 221 242 96 80 38 0,33 106 174 200 303 311 394
PFG_MOEA,841,4,759.34,4800.0,0 378 83 155 103 18 190 251 175 99 315 346 372 301 167 21 139 291 265 390 234 0,
PFG_MOEA,841,5,759.34,4800.0,0 179 391 271 39 30 272 268 46 54 93 398 227 213 232 0,391
PFG_MOEA,841,6,759.34,4800.0,0 225 0,
PFG_MOEA,841,7,759.34,4800.0,0 97 209 361 170 367 0,
PFG_MOEA,841,8,759.34,4800.0,0 399 15 168 203 338 202 306 370 342 144 176 27 98 78 196 369 380 16 41 82 178 117 243 344 349 66 343 290 368 376 258 248 328 75 348 353 45 210 278 153 171 87 6 208 205 166 158 189 220 241 62 297 65 283 204 154 305 326 110 140 180 333 317 286 25 55 217 56 7 124 126 20 64 287 10 383 382 0,62 66 205 220 342
PFG_MOEA,841,9,759.34,4800.0,0 2 119 128 295 40 32 276 239 122 296 332 347 138 336 222 95 101 194 147 324 275 323 363 352 277 102 223 244 211 104 310 100 282 143 79 160 50 60 257 270 379 195 5 309 280 351 237 256 274 49 198 252 236 0,
PFG_MOEA,841,10,759.34,4800.0,0 381 23 90 12 207 307 0,
PFG_MOEA,841,11,759.34,4800.0,0 335 187 359 313 360 214 0,
PFG_MOEA,841,12,759.34,4800.0,0 185 118 281 26 334 298 371 0,
PFG_MOEA,842,1,314.81,5596.11,0 12 90 128 236 252 336 276 138 222 198 49 274 256 237 351 280 309 5 290 343 313 207 0,222
PFG_MOEA,842,2,314.81,5596.11,0 91 292 263 8 373 169 108 14 375 212 24 371 219 341 298 334 26 281 118 185 214 295 40 32 239 122 95 101 352 363 323 194 275 277 102 100 23 381 119 2 307 359 187 148 48 31 304 0,23
PFG_MOEA,842,3,314.81,5596.11,0 260 224 71 33 127 152 191 112 165 200 129 238 330 192 0,33
PFG_MOEA,842,4,314.81,5596.11,0 57 67 302 173 106 3 388 164 107 77 151 218 197 229 308 246 259 264 356 345 377 395 400 42 28 250 255 1 262 63 316 394 188 149 157 387 327 183 354 69 254 73 215 85 43 17 247 136 273 137 59 109 0,
PFG_MOEA,842,5,314.81,5596.11,0 329 300 362 123 51 145 322 121 146 201 261 320 364 393 312 294 174 339 132 206 253 365 360 335 0,362 393
PFG_MOEA,842,6,314.81,5596.11,0 61 358 181 177 288 385 240 396 245 115 392 285 331 133 293 53 163 150 9 125 47 216 89 0,
PFG_MOEA,842,7,314.81,5596.11,0 80 13 19 226 35 161 235 58 34 386 231 289 366 267 228 44 130 52 72 318 70 184 284 74 279 159 162 389 114 355 325 384 337 111 116 76 113 81 29 131 84 105 186 134 22 0,
PFG_MOEA,842,8,314.81,5596.11,0 38 96 242 221 172 182 397 350 311 4 314 193 230 94 156 374 36 11 92 319 357 303 266 141 86 199 68 135 88 249 233 340 299 321 269 120 142 37 301 21 139 291 167 372 346 315 99 175 251 0,182
PFG_MOEA,842,9,314.81,5596.11,0 97 225 232 179 391 271 158 241 62 297 65 283 204 154 305 326 110 140 286 317 333 180 220 126 124 7 56 217 55 25 367 170 361 209 227 234 213 190 390 265 18 103 155 83 378 398 93 54 46 268 272 30 39 0,65 154
PFG_MOEA,842,10,314.81,5596.11,0 399 15 16 380 41 82 178 117 243 344 349 20 189 64 166 205 208 6 87 171 153 278 210 353 258 376 368 66 287 10 383 382 0,243
PFG_MOEA,842,11,314.81,5596.11,0 369 338 203 168 0,
PFG_MOEA,842,12,314.81,5596.11,0 202 306 370 342 144 176 27 98 78 196 296 347 332 324 147 211 244 223 104 310 282 143 79 160 50 60 257 270 379 195 45 348 75 328 248 0,370
PFG_MOEA,843,1,411.21,4974.5,0 12 90 381 23 32 276 239 336 138 222 198 49 274 256 237 351 280 252 236 128 119 2 0,23
PFG_MOEA,843,2,411.21,4974.5,0 22 118 185 214 295 40 122 392 285 331 133 293 53 101 352 363 323 194 275 277 102 100 95 163 61 89 207 307 313 359 365 253 206 187 0,22 100
PFG_MOEA,843,3,411.21,4974.5,0 115 0,
PFG_MOEA,843,4,411.21,4974.5,0 245 396 240 385 288 177 181 358 337 384 111 116 76 113 81 29 325 355 0,
PFG_MOEA,843,5,411.21,4974.5,0 281 26 334 298 341 134 186 131 84 114 389 105 219 371 162 159 74 279 91 24 212 375 284 14 184 318 70 292 263 8 373 169 108 72 52 130 44 386 362 201 312 67 164 107 302 173 106 261 388 197 218 151 77 273 136 137 59 109 127 57 226 19 13 80 0,77 106 284
PFG_MOEA,843,6,411.21,4974.5,0 38 172 182 319 303 357 266 141 86 199 228 267 366 289 231 34 58 68 161 235 35 249 88 135 233 156 94 230 374 92 11 36 397 350 311 4 314 193 340 299 321 269 120 142 37 51 123 145 132 339 322 121 146 294 174 320 364 393 3 229 308 356 264 259 246 42 300 329 112 221 242 96 0,51 174 229 246 299
PFG_MOEA,843,7,411.21,4974.5,0 399 200 165 191 152 247 255 1 262 250 28 345 377 395 400 394 188 301 372 21 167 291 139 149 157 63 316 387 327 17 43 85 215 73 254 183 354 69 265 346 315 99 175 251 190 390 18 103 155 83 378 213 234 227 398 93 224 179 232 225 97 71 33 260 148 238 129 330 192 48 31 304 0,93
PFG_MOEA,843,8,411.21,4974.5,0 382 383 10 391 271 39 46 54 268 272 30 66 166 205 208 6 204 154 305 326 283 65 297 62 241 110 140 286 317 333 180 220 158 189 64 20 126 124 7 56 217 55 25 367 170 361 209 287 0,55 62 66 220
PFG_MOEA,843,9,411.21,4974.5,0 380 0,
PFG_MOEA,843,10,411.21,4974.5,0 16 369 15 0,
PFG_MOEA,843,11,411.21,4974.5,0 168 203 178 82 41 0,178
PFG_MOEA,843,12,411.21,4974.5,0 335 360 338 202 306 370 342 144 176 27 98 78 196 296 347 332 216 47 125 9 150 147 324 211 244 223 104 310 282 143 309 5 195 379 79 160 50 60 270 257 210 45 153 278 87 171 353 348 75 328 248 258 376 368 290 343 349 344 243 117 0,
PFG_MOEA,844,1,312.55,5795.78,0 336 138 239 122 296 347 332 324 275 277 104 211 244 223 102 352 363 323 194 147 101 95 222 0,122 211 222 277
PFG_MOEA,844,2,312.55,5795.78,0 335 360 207 307 313 359 187 100 310 282 143 79 160 50 60 257 270 379 195 5 309 280 351 237 256 274 49 198 252 236 381 23 90 12 214 185 118 281 26 334 298 371 72 52 130 44 386 80 0,5 307
PFG_MOEA,844,3,312.55,5795.78,0 13 19 226 57 127 109 59 137 136 273 77 151 218 197 388 261 106 173 302 107 164 67 312 201 362 123 51 145 294 174 339 132 142 120 269 321 299 0,174
PFG_MOEA,844,4,312.55,5795.78,0 340 233 135 88 249 35 235 161 68 58 34 231 289 366 267 228 141 266 303 357 319 86 199 156 94 0,303
PFG_MOEA,844,5,312.55,5795.78,0 38 172 182 397 36 11 92 374 230 311 350 4 314 193 37 322 121 146 320 364 393 3 229 308 356 264 259 246 42 300 329 112 191 152 221 242 96 0,42 264
PFG_MOEA,844,6,312.55,5795.78,0 200 165 129 0,
PFG_MOEA,844,7,312.55,5795.78,0 304 330 395 400 394 188 301 372 21 167 291 139 149 157 63 316 387 17 43 33 71 224 260 0,
PFG_MOEA,844,8,312.55,5795.78,0 399 247 28 250 345 377 262 1 255 327 254 73 215 85 93 179 232 225 97 148 238 192 48 31 0,93
PFG_MOEA,844,9,312.55,5795.78,0 378 69 183 354 265 346 315 99 175 251 190 390 18 103 155 83 234 213 227 398 209 361 170 367 25 55 217 56 7 180 333 317 286 140 110 62 297 65 283 326 305 154 204 6 208 241 220 158 189 64 20 126 124 0,175
PFG_MOEA,844,10,312.55,5795.78,0 287 382 383 10 268 272 30 66 166 205 271 39 391 53 293 133 331 285 392 115 245 396 240 385 288 177 181 358 337 384 111 116 76 113 81 29 325 355 131 84 114 389 105 341 219 0,
PFG_MOEA,844,11,312.55,5795.78,0 91 24 212 375 14 108 169 373 8 263 292 70 318 184 284 74 279 159 162 22 134 186 89 216 47 125 9 150 163 61 365 253 206 46 54 0,
PFG_MOEA,844,12,312.55,5795.78,0 41 82 178 117 243 344 349 343 290 368 376 258 248 328 75 171 87 153 278 210 45 353 348 2 119 128 295 40 32 276 196 78 98 27 176 144 342 370 306 202 338 203 168 369 380 16 15 0,16 87 203
PFG_MOEA,845,1,389.39,5146.42,0 163 78 53 293 133 331 285 392 98 115 245 27 396 240 385 288 177 181 358 337 384 111 116 76 113 81 29 325 355 131 84 114 389 91 279 74 159 162 371 219 298 341 22 134 186 105 118 185 0,
PFG_MOEA,845,2,389.39,5146.42,0 281 26 334 24 212 375 284 14 184 318 70 292 263 8 373 169 108 72 52 130 44 386 51 145 123 362 201 294 312 67 164 107 302 173 106 261 388 197 218 151 77 273 136 137 59 109 127 57 226 19 13 80 0,
PFG_MOEA,845,3,389.39,5146.42,0 142 339 174 132 120 269 321 299 340 233 135 88 249 35 235 161 68 58 34 231 289 366 267 228 141 266 303 357 319 86 199 156 94 230 374 92 11 36 397 350 311 4 314 193 0,88
PFG_MOEA,845,4,389.39,5146.42,0 182 172 38 0,
PFG_MOEA,845,5,389.39,5146.42,0 37 322 121 146 320 364 393 3 229 308 356 264 259 246 42 300 329 112 152 191 165 200 221 242 96 0,152 264 329
PFG_MOEA,845,6,389.39,5146.42,0 129 33 71 224 260 0,
PFG_MOEA,845,7,389.39,5146.42,0 399 247 255 1 262 250 28 345 377 395 400 394 188 301 372 21 167 291 139 149 157 63 316 387 17 43 73 254 327 183 354 69 215 85 93 179 232 225 97 148 48 238 330 192 31 304 0,395
PFG_MOEA,845,8,389.39,5146.42,0 16 15 168 203 369 380 391 271 39 268 272 30 66 166 205 208 6 204 154 305 326 283 65 297 62 241 110 140 286 317 333 180 220 158 189 64 20 126 124 7 56 217 55 25 367 170 361 209 398 227 234 213 190 251 175 99 315 346 265 390 18 103 155 83 378 54 46 287 10 383 382 41 0,7 16 20 103 272
PFG_MOEA,845,9,389.39,5146.42,0 82 178 117 243 368 376 258 353 153 171 87 278 210 143 237 256 274 49 100 282 310 104 102 277 275 194 323 363 352 101 198 95 222 138 122 276 336 252 236 128 23 381 90 119 2 12 0,
PFG_MOEA,845,10,389.39,5146.42,0 344 349 351 280 309 5 79 160 50 60 257 270 379 195 45 348 75 328 248 290 343 187 0,
PFG_MOEA,845,11,389.39,5146.42,0 214 295 40 32 239 370 342 144 176 150 47 9 125 216 89 61 207 307 313 359 206 253 365 360 335 0,176
PFG_MOEA,845,12,389.39,5146.42,0 338 202 306 196 296 347 332 324 147 211 244 223 0,
PFG_MOEA,846,1,413.96,4915.5,0 187 206 253 365 359 313 307 207 61 12 89 2 119 128 236 252 336 138 163 222 95 198 351 280 237 256 274 49 100 102 277 275 194 323 363 352 101 53 293 133 331 285 392 122 239 276 32 40 295 23 381 90 113 81 29 76 116 111 384 337 358 181 177 288 385 240 396 245 115 22 118 185 214 0,245 381
PFG_MOEA,846,2,413.96,4915.5,0 281 84 131 325 355 114 389 186 134 341 298 26 334 0,
PFG_MOEA,846,3,413.96,4915.5,0 371 219 105 162 159 74 279 91 24 212 375 284 14 184 318 70 292 263 8 373 169 108 72 52 130 44 386 362 201 312 67 164 107 302 173 106 261 388 197 218 151 77 273 136 137 59 0,
PFG_MOEA,846,4,413.96,4915.5,0 57 127 109 226 0,
PFG_MOEA,846,5,413.96,4915.5,0 19 0,
PFG_MOEA,846,6,413.96,4915.5,0 38 303 357 266 141 86 199 228 267 366 289 231 34 58 68 161 235 35 249 88 135 233 319 182 172 13 80 0,88
PFG_MOEA,846,7,413.96,4915.5,0 399 397 36 11 92 156 94 230 374 350 311 4 314 193 340 299 321 269 120 142 37 51 123 145 132 339 322 121 146 294 174 320 364 393 3 229 308 356 264 259 246 42 300 329 112 191 165 200 221 242 96 0,11 340 374 393
PFG_MOEA,846,8,413.96,4915.5,0 152 247 255 1 262 250 28 345 377 395 400 394 188 301 372 21 167 291 139 149 157 63 316 387 327 17 43 85 215 73 254 183 354 69 265 346 315 99 175 251 190 390 18 103 155 83 378 213 234 227 398 93 0,1 152 175 227
PFG_MOEA,846,9,413.96,4915.5,0 304 31 48 192 330 238 129 148 260 391 271 39 268 272 30 66 166 205 208 6 204 154 305 326 283 65 297 62 241 110 140 286 317 333 180 220 158 189 64 20 126 124 7 56 217 55 25 367 170 361 209 71 33 97 225 232 179 224 0,55 391
PFG_MOEA,846,10,413.96,4915.5,0 287 10 383 382 0,
PFG_MOEA,846,11,413.96,4915.5,0 16 15 168 203 369 380 82 178 117 243 349 344 54 46 41 0,
PFG_MOEA,846,12,413.96,4915.5,0 335 360 216 150 9 47 125 309 5 343 290 368 376 258 248 328 75 171 87 278 153 353 348 45 210 195 379 270 257 60 50 160 79 143 282 310 104 223 244 211 324 147 332 347 296 196 78 98 27 176 144 342 370 306 202 338 0,
PFG_MOEA,847,1,320.55,5348.04,0 80 13 172 182 397 36 11 92 233 135 88 249 35 235 161 68 58 34 231 289 319 399 0,
PFG_MOEA,847,2,320.55,5348.04,0 374 230 94 156 311 350 4 314 193 340 299 321 269 120 142 132 339 174 320 364 308 229 3 393 294 146 121 322 123 145 51 37 0,393
PFG_MOEA,847,3,320.55,5348.04,0 96 242 221 200 165 112 329 300 191 152 247 255 1 262 42 250 28 246 259 264 356 345 377 395 400 394 188 301 372 21 167 291 139 149 157 63 316 387 327 17 43 85 215 73 254 183 354 69 265 346 315 99 175 251 190 0,215
PFG_MOEA,847,4,320.55,5348.04,0 304 31 192 330 238 129 398 227 234 213 18 390 286 140 110 241 93 260 148 48 0,
PFG_MOEA,847,5,320.55,5348.04,0 317 333 0,
PFG_MOEA,847,6,320.55,5348.04,0 33 71 209 361 170 367 25 55 217 56 7 180 220 158 189 64 20 126 124 224 10 383 382 16 203 168 15 0,25
PFG_MOEA,847,7,320.55,5348.04,0 380 369 335 360 216 150 9 47 125 309 5 195 379 270 210 45 348 353 153 278 87 171 75 328 248 258 376 368 290 343 54 46 344 349 243 117 178 82 41 0,
PFG_MOEA,847,8,320.55,5348.04,0 338 202 306 370 342 144 176 27 98 78 196 296 347 332 147 324 211 244 223 104 310 282 143 79 160 50 60 257 6 204 154 305 326 283 62 297 65 208 205 166 66 30 272 268 0,66
PFG_MOEA,847,9,320.55,5348.04,0 187 206 253 365 359 313 307 207 61 12 89 2 119 128 236 252 336 138 163 222 95 198 351 256 237 280 391 271 39 378 83 155 103 232 179 287 225 97 0,138 307
PFG_MOEA,847,10,320.55,5348.04,0 22 389 114 84 131 325 355 29 81 113 76 116 111 384 337 358 181 177 288 385 240 396 245 115 392 285 331 133 293 53 101 352 363 323 194 275 277 102 100 49 274 122 239 276 32 40 295 23 381 90 214 185 281 118 0,323 331
PFG_MOEA,847,11,320.55,5348.04,0 334 298 26 105 186 134 341 219 371 24 212 375 14 184 318 70 292 263 8 373 169 284 74 279 91 159 162 0,134
PFG_MOEA,847,12,320.55,5348.04,0 38 19 226 57 127 109 59 137 136 273 77 151 218 197 388 261 106 173 302 107 164 67 312 201 362 366 267 228 386 44 130 52 72 108 303 357 266 141 86 199 0,106 386
PFG_MOEA,848,1,270.73,5843.94,0 335 187 309 5 195 379 270 257 60 50 160 79 143 280 351 237 256 274 49 198 252 236 381 23 90 12 207 307 0,
PFG_MOEA,848,2,270.73,5843.94,0 61 313 359 206 253 365 360 214 185 118 281 26 334 298 371 22 134 186 162 159 292 263 8 373 318 70 184 284 74 279 0,134 284 313 318
PFG_MOEA,848,3,270.73,5843.94,0 91 169 108 14 375 212 24 192 330 238 129 200 165 112 191 152 127 57 109 59 137 273 136 247 17 43 85 215 33 71 224 260 148 48 31 304 0,33 200
PFG_MOEA,848,4,270.73,5843.94,0 73 254 69 354 183 327 387 157 149 188 394 316 63 262 1 255 250 28 42 400 395 377 345 356 264 259 246 308 229 197 218 151 77 107 164 67 302 388 3 106 173 261 320 364 0,
PFG_MOEA,848,5,270.73,5843.94,0 329 300 362 123 51 145 322 121 146 201 312 393 294 174 339 132 120 142 0,145 174
PFG_MOEA,848,6,270.73,5843.94,0 37 269 321 299 340 219 341 105 84 131 29 81 113 76 116 111 181 358 337 384 325 355 114 389 0,341
PFG_MOEA,848,7,270.73,5843.94,0 89 216 47 125 9 150 163 53 293 133 331 285 392 115 245 396 240 385 288 177 34 58 235 135 233 88 249 35 161 68 0,133 240
PFG_MOEA,848,8,270.73,5843.94,0 172 182 193 314 4 350 397 36 11 374 311 230 94 156 199 92 86 319 266 141 289 231 386 366 267 228 44 130 52 72 303 357 13 19 226 221 242 96 0,141 386
PFG_MOEA,848,9,270.73,5843.94,0 38 80 378 83 291 139 21 167 301 372 346 315 265 390 99 175 251 190 18 103 155 234 227 398 93 54 46 268 272 30 39 271 391 179 0,
PFG_MOEA,848,10,270.73,5843.94,0 97 225 232 209 361 213 170 367 328 248 258 376 368 290 343 66 349 344 243 117 178 82 41 16 380 369 196 78 98 27 176 144 342 370 306 202 338 203 168 15 399 0,82 176 225
PFG_MOEA,848,11,270.73,5843.94,0 287 64 166 205 75 348 353 45 210 278 153 171 87 6 208 158 189 220 241 62 297 65 283 204 154 305 326 110 140 180 333 317 286 25 55 217 56 7 124 126 20 10 0,65 126
PFG_MOEA,848,12,270.73,5843.94,0 2 119 128 295 40 32 276 239 122 296 332 347 138 336 222 95 101 194 147 324 275 323 363 352 277 102 223 244 211 104 310 100 282 383 382 0,2
PFG_MOEA,849,1,369.23,5154.87,0 90 295 40 32 276 239 122 222 95 101 323 363 352 102 277 275 194 53 293 133 331 285 392 115 245 396 240 385 288 177 181 358 337 384 111 116 76 113 81 29 325 131 84 355 114 389 279 74 159 162 371 219 341 22 134 186 105 298 334 26 281 118 185 214 0,40 240 245 331
PFG_MOEA,849,2,369.23,5154.87,0 91 24 212 375 284 14 184 318 70 292 263 8 373 169 108 72 52 130 44 386 0,318
PFG_MOEA,849,3,369.23,5154.87,0 362 201 312 67 164 107 302 173 106 261 388 197 218 151 77 273 136 0,106
PFG_MOEA,849,4,369.23,5154.87,0 399 172 182 397 36 11 92 86 141 266 303 357 319 199 228 267 366 289 231 34 58 68 161 235 35 249 88 135 233 156 94 230 374 350 311 4 314 193 340 299 321 269 120 142 37 51 145 123 137 59 109 127 57 226 19 13 80 38 0,340
PFG_MOEA,849,5,369.23,5154.87,0 132 339 322 0,
PFG_MOEA,849,6,369.23,5154.87,0 96 242 221 200 165 112 191 152 329 300 121 146 294 174 320 364 393 3 229 308 259 246 264 356 345 377 395 400 42 250 28 247 255 1 262 63 157 291 167 21 372 301 188 394 139 149 316 387 327 17 43 85 215 73 254 183 354 69 265 346 315 99 0,1 200 393
PFG_MOEA,849,7,369.23,5154.87,0 93 398 227 234 213 190 251 175 390 18 103 155 83 378 31 304 0,
PFG_MOEA,849,8,369.23,5154.87,0 48 192 330 238 129 148 260 391 0,
PFG_MOEA,849,9,369.23,5154.87,0 268 272 30 65 283 326 305 154 204 6 208 205 166 66 271 39 0,272
PFG_MOEA,849,10,369.23,5154.87,0 124 126 20 64 189 158 220 241 297 62 110 140 286 317 333 180 7 56 217 55 25 367 170 361 209 71 97 33 0,
PFG_MOEA,849,11,369.23,5154.87,0 15 16 380 369 168 203 338 202 306 370 342 144 176 27 98 78 196 296 347 332 324 147 211 244 223 210 45 348 353 153 278 87 171 75 328 248 258 376 368 290 343 54 46 224 225 232 179 287 10 383 382 41 344 349 243 117 178 82 125 9 47 150 216 360 335 0,47 87 353
PFG_MOEA,849,12,369.23,5154.87,0 207 307 313 359 365 253 206 187 100 310 104 282 143 79 160 50 60 257 270 379 195 5 309 280 351 237 256 274 49 198 163 138 336 252 236 381 23 128 119 2 89 12 61 0,
PFG_MOEA,850,1,337.93,5308.22,0 187 206 253 313 359 365 0,
PFG_MOEA,850,2,337.93,5308.22,0 207 307 198 280 351 256 237 101 53 293 133 331 285 392 95 222 163 138 336 252 236 128 119 2 89 12 61 0,133 222
PFG_MOEA,850,3,337.93,5308.22,0 323 363 352 194 275 277 102 100 49 274 122 239 276 32 40 295 23 381 90 0,
PFG_MOEA,850,4,337.93,5308.22,0 22 115 245 396 240 385 288 177 181 358 337 384 111 116 76 113 81 29 131 84 281 118 185 214 0,
PFG_MOEA,850,5,337.93,5308.22,0 334 26 298 371 219 341 134 186 105 355 325 114 389 162 159 74 279 91 24 212 375 284 14 184 318 70 292 263 8 373 169 108 72 52 130 44 386 362 201 312 0,284
PFG_MOEA,850,6,337.93,5308.22,0 399 172 182 397 36 11 92 86 141 266 303 357 319 199 228 267 366 289 231 34 58 68 161 235 35 249 88 135 233 156 94 230 57 127 109 59 137 136 273 77 151 218 197 388 261 106 173 302 107 164 67 294 226 19 13 80 38 0,
PFG_MOEA,850,7,337.93,5308.22,0 374 350 311 4 314 193 340 299 321 269 120 142 37 51 145 123 146 121 322 339 132 174 320 364 393 3 229 308 356 264 259 246 42 1 255 247 152 191 112 329 300 165 200 221 242 96 0,132 264 340 393
PFG_MOEA,850,8,337.93,5308.22,0 28 250 262 400 395 345 377 394 188 301 372 21 167 291 139 149 157 63 316 387 327 17 43 85 215 73 254 183 354 69 265 346 315 99 175 251 190 0,
PFG_MOEA,850,9,337.93,5308.22,0 304 192 330 238 129 378 83 155 103 18 390 213 234 227 398 140 110 241 62 297 65 283 326 305 154 204 6 208 205 166 66 93 30 272 268 39 271 391 260 148 48 31 0,65 391
PFG_MOEA,850,10,337.93,5308.22,0 33 71 225 97 232 209 361 170 367 25 55 217 56 7 317 286 333 180 220 158 189 64 20 126 124 224 10 287 179 0,
PFG_MOEA,850,11,337.93,5308.22,0 15 168 203 369 16 380 335 360 216 150 9 47 125 309 5 195 379 270 210 45 348 353 153 278 87 171 75 328 248 54 46 383 382 344 349 243 117 178 82 41 0,82 87 195 353
PFG_MOEA,850,12,337.93,5308.22,0 338 202 306 370 342 144 176 27 98 78 196 296 347 332 147 324 211 244 223 104 310 282 143 79 160 50 60 257 258 376 368 290 343 0,290
PFG_MOEA,851,1,319.42,5478.6,0 222 0,
PFG_MOEA,851,2,319.42,5478.6,0 95 101 323 363 352 102 277 275 194 53 293 133 331 285 392 115 245 396 240 385 288 177 181 358 337 384 111 116 76 113 81 29 325 131 84 355 114 389 279 74 159 162 371 219 341 22 134 186 105 298 334 26 281 0,105
PFG_MOEA,851,3,319.42,5478.6,0 118 91 284 184 14 375 212 24 0,375
PFG_MOEA,851,4,319.42,5478.6,0 399 397 36 11 92 199 86 141 266 319 357 303 289 366 267 228 8 263 292 70 318 373 169 108 72 52 130 44 386 362 201 312 67 164 107 302 173 106 261 388 197 218 151 77 273 136 182 172 0,86 197 318 362
PFG_MOEA,851,5,319.42,5478.6,0 38 80 13 19 226 57 127 109 59 137 123 145 51 132 142 120 269 321 299 37 340 193 314 4 350 311 156 233 135 88 249 35 235 161 68 58 34 231 94 230 374 0,
PFG_MOEA,851,6,319.42,5478.6,0 96 242 200 191 112 165 322 339 174 393 3 229 364 320 294 121 146 300 329 152 221 0,200 393
PFG_MOEA,851,7,319.42,5478.6,0 93 85 247 28 246 259 308 264 356 345 377 395 400 42 250 255 1 262 63 157 291 167 21 372 301 188 394 139 149 316 387 327 17 43 73 215 254 183 354 69 265 346 315 99 390 175 251 190 18 213 234 227 398 0,
PFG_MOEA,851,8,319.42,5478.6,0 304 31 48 330 192 129 238 148 260 391 271 66 166 205 208 6 204 154 305 326 283 65 62 297 241 158 189 220 110 140 103 155 83 378 124 126 20 64 30 272 268 39 0,62 205 220 391
PFG_MOEA,851,9,319.42,5478.6,0 7 180 333 286 317 56 217 55 0,
PFG_MOEA,851,10,319.42,5478.6,0 15 16 380 369 168 203 338 202 306 370 342 144 176 27 98 78 196 296 347 332 324 147 211 244 223 210 45 348 353 153 278 87 171 75 328 248 258 376 368 290 343 54 46 209 361 170 367 25 232 179 224 225 97 71 33 0,16 353 370
PFG_MOEA,851,11,319.42,5478.6,0 365 253 206 61 89 2 119 128 216 336 138 163 150 47 125 9 100 282 310 104 143 79 160 50 60 257 270 379 195 5 309 280 351 237 256 287 10 383 382 344 349 243 117 178 82 41 0,47 138 178 206 243
PFG_MOEA,851,12,319.42,5478.6,0 335 187 359 313 360 207 307 198 49 274 122 239 276 32 40 295 23 381 236 252 90 12 214 185 0,
PFG_MOEA,852,1,759.34,4800.0,0 219 341 105 389 114 84 131 355 325 29 81 113 76 116 111 384 337 358 181 177 288 385 240 396 245 115 392 285 331 133 293 53 163 150 9 125 47 216 89 61 206 253 365 0,245
PFG_MOEA,852,2,759.34,4800.0,0 22 134 186 162 159 279 74 284 184 318 70 292 263 8 373 169 108 14 375 212 24 91 0,318
PFG_MOEA,852,3,759.34,4800.0,0 304 31 48 148 260 224 71 33 129 238 330 192 200 165 112 191 152 127 57 109 59 137 273 136 247 17 43 85 215 73 254 69 354 183 327 387 157 149 188 394 316 63 262 1 255 250 28 42 400 395 377 345 356 264 259 246 308 229 197 218 151 77 107 164 67 302 388 3 106 173 261 320 364 393 312 201 362 329 300 123 51 145 322 121 146 294 174 339 132 120 142 37 269 321 299 340 233 135 88 249 35 161 235 68 58 34 386 231 289 366 267 228 44 130 52 72 303 357 319 266 141 86 92 199 156 94 230 311 374 11 36 397 350 4 314 193 182 172 13 19 226 221 242 96 80 38 0,33 106 174 200 303 311 394
PFG_MOEA,852,4,759.34,4800.0,0 378 83 155 103 18 190 251 175 99 315 346 372 301 167 21 139 291 265 390 234 0,
PFG_MOEA,852,5,759.34,4800.0,0 179 391 271 39 30 272 268 46 54 93 398 227 213 232 0,391
PFG_MOEA,852,6,759.34,4800.0,0 225 0,
PFG_MOEA,852,7,759.34,4800.0,0 97 209 361 170 367 0,
PFG_MOEA,852,8,759.34,4800.0,0 399 15 168 203 338 202 306 370 342 144 176 27 98 78 196 369 380 16 41 82 178 117 243 344 349 66 343 290 368 376 258 248 328 75 348 353 45 210 278 153 171 87 6 208 205 166 158 189 220 241 62 297 65 283 204 154 305 326 110 140 180 333 317 286 25 55 217 56 7 124 126 20 64 287 10 383 382 0,62 66 205 220 342
PFG_MOEA,852,9,759.34,4800.0,0 2 119 128 295 40 32 276 239 122 296 332 347 138 336 222 95 101 194 147 324 275 323 363 352 277 102 223 244 211 104 310 100 282 143 79 160 50 60 257 270 379 195 5 309 280 351 237 256 274 49 198 252 236 0,
PFG_MOEA,852,10,759.34,4800.0,0 381 23 90 12 207 307 0,
PFG_MOEA,852,11,759.34,4800.0,0 335 187 359 313 360 214 0,
PFG_MOEA,852,12,759.34,4800.0,0 185 118 281 26 334 298 371 0,
PFG_MOEA,853,1,314.81,5596.11,0 12 90 128 236 252 336 276 138 222 198 49 274 256 237 351 280 309 5 290 343 313 207 0,222
PFG_MOEA,853,2,314.81,5596.11,0 91 292 263 8 373 169 108 14 375 212 24 371 219 341 298 334 26 281 118 185 214 295 40 32 239 122 95 101 352 363 323 194 275 277 102 100 23 381 119 2 307 359 187 148 48 31 304 0,23
PFG_MOEA,853,3,314.81,5596.11,0 260 224 71 33 127 152 191 112 165 200 129 238 330 192 0,33
PFG_MOEA,853,4,314.81,5596.11,0 57 67 302 173 106 3 388 164 107 77 151 218 197 229 308 246 259 264 356 345 377 395 400 42 28 250 255 1 262 63 316 394 188 149 157 387 327 183 354 69 254 73 215 85 43 17 247 136 273 137 59 109 0,
PFG_MOEA,853,5,314.81,5596.11,0 329 300 362 123 51 145 322 121 146 201 261 320 364 393 312 294 174 339 132 206 253 365 360 335 0,362 393
PFG_MOEA,853,6,314.81,5596.11,0 61 358 181 177 288 385 240 396 245 115 392 285 331 133 293 53 163 150 9 125 47 216 89 0,
PFG_MOEA,853,7,314.81,5596.11,0 80 13 19 226 35 161 235 58 34 386 231 289 366 267 228 44 130 52 72 318 70 184 284 74 279 159 162 389 114 355 325 384 337 111 116 76 113 81 29 131 84 105 186 134 22 0,
PFG_MOEA,853,8,314.81,5596.11,0 38 96 242 221 172 182 397 350 311 4 314 193 230 94 156 374 36 11 92 319 357 303 266 141 86 199 68 135 88 249 233 340 299 321 269 120 142 37 301 21 139 291 167 372 346 315 99 175 251 0,182
PFG_MOEA,853,9,314.81,5596.11,0 97 225 232 179 391 271 158 241 62 297 65 283 204 154 305 326 110 140 286 317 333 180 220 126 124 7 56 217 55 25 367 170 361 209 227 234 213 190 390 265 18 103 155 83 378 398 93 54 46 268 272 30 39 0,65 154
PFG_MOEA,853,10,314.81,5596.11,0 399 15 16 380 41 82 178 117 243 344 349 20 189 64 166 205 208 6 87 171 153 278 210 353 258 376 368 66 287 10 383 382 0,243
PFG_MOEA,853,11,314.81,5596.11,0 369 338 203 168 0,
PFG_MOEA,853,12,314.81,5596.11,0 202 306 370 342 144 176 27 98 78 196 296 347 332 324 147 211 244 223 104 310 282 143 79 160 50 60 257 270 379 195 45 348 75 328 248 0,370
PFG_MOEA,854,1,411.21,4974.5,0 12 90 381 23 32 276 239 336 138 222 198 49 274 256 237 351 280 252 236 128 119 2 0,23
PFG_MOEA,854,2,411.21,4974.5,0 22 118 185 214 295 40 122 392 285 331 133 293 53 101 352 363 323 194 275 277 102 100 95 163 61 89 207 307 313 359 365 253 206 187 0,22 100
PFG_MOEA,854,3,411.21,4974.5,0 115 0,
PFG_MOEA,854,4,411.21,4974.5,0 245 396 240 385 288 177 181 358 337 384 111 116 76 113 81 29 325 355 0,
PFG_MOEA,854,5,411.21,4974.5,0 281 26 334 298 341 134 186 131 84 114 389 105 219 371 162 159 74 279 91 24 212 375 284 14 184 318 70 292 263 8 373 169 108 72 52 130 44 386 362 201 312 67 164 107 302 173 106 261 388 197 218 151 77 273 136 137 59 109 127 57 226 19 13 80 0,77 106 284
PFG_MOEA,854,6,411.21,4974.5,0 38 172 182 319 303 357 266 141 86 199 228 267 366 289 231 34 58 68 161 235 35 249 88 135 233 156 94 230 374 92 11 36 397 350 311 4 314 193 340 299 321 269 120 142 37 51 123 145 132 339 322 121 146 294 174 320 364 393 3 229 308 356 264 259 246 42 300 329 112 221 242 96 0,51 174 229 246 299
PFG_MOEA,854,7,411.21,4974.5,0 399 200 165 191 152 247 255 1 262 250 28 345 377 395 400 394 188 301 372 21 167 291 139 149 157 63 316 387 327 17 43 85 215 73 254 183 354 69 265 346 315 99 175 251 190 390 18 103 155 83 378 213 234 227 398 93 224 179 232 225 97 71 33 260 148 238 129 330 192 48 31 304 0,93
PFG_MOEA,854,8,411.21,4974.5,0 382 383 10 391 271 39 46 54 268 272 30 66 166 205 208 6 204 154 305 326 283 65 297 62 241 110 140 286 317 333 180 220 158 189 64 20 126 124 7 56 217 55 25 367 170 361 209 287 0,55 62 66 220
PFG_MOEA,854,9,411.21,4974.5,0 380 0,
PFG_MOEA,854,10,411.21,4974.5,0 16 369 15 0,
PFG_MOEA,854,11,411.21,4974.5,0 168 203 178 82 41 0,178
PFG_MOEA,854,12,411.21,4974.5,0 335 360 338 202 306 370 342 144 176 27 98 78 196 296 347 332 216 47 125 9 150 147 324 211 244 223 104 310 282 143 309 5 195 379 79 160 50 60 270 257 210 45 153 278 87 171 353 348 75 328 248 258 376 368 290 343 349 344 243 117 0,
PFG_MOEA,855,1,312.55,5795.78,0 336 138 239 122 296 347 332 324 275 277 104 211 244 223 102 352 363 323 194 147 101 95 222 0,122 211 222 277
PFG_MOEA,855,2,312.55,5795.78,0 335 360 207 307 313 359 187 100 310 282 143 79 160 50 60 257 270 379 195 5 309 280 351 237 256 274 49 198 252 236 381 23 90 12 214 185 118 281 26 334 298 371 72 52 130 44 386 80 0,5 307
PFG_MOEA,855,3,312.55,5795.78,0 13 19 226 57 127 109 59 137 136 273 77 151 218 197 388 261 106 173 302 107 164 67 312 201 362 123 51 145 294 174 339 132 142 120 269 321 299 0,174
PFG_MOEA,855,4,312.55,5795.78,0 340 233 135 88 249 35 235 161 68 58 34 231 289 366 267 228 141 266 303 357 319 86 199 156 94 0,303
PFG_MOEA,855,5,312.55,5795.78,0 38 172 182 397 36 11 92 374 230 311 350 4 314 193 37 322 121 146 320 364 393 3 229 308 356 264 259 246 42 300 329 112 191 152 221 242 96 0,42 264
PFG_MOEA,855,6,312.55,5795.78,0 200 165 129 0,
PFG_MOEA,855,7,312.55,5795.78,0 304 330 395 400 394 188 301 372 21 167 291 139 149 157 63 316 387 17 43 33 71 224 260 0,
PFG_MOEA,855,8,312.55,5795.78,0 399 247 28 250 345 377 262 1 255 327 254 73 215 85 93 179 232 225 97 148 238 192 48 31 0,93
PFG_MOEA,855,9,312.55,5795.78,0 378 69 183 354 265 346 315 99 175 251 190 390 18 103 155 83 234 213 227 398 209 361 170 367 25 55 217 56 7 180 333 317 286 140 110 62 297 65 283 326 305 154 204 6 208 241 220 158 189 64 20 126 124 0,175
PFG_MOEA,855,10,312.55,5795.78,0 287 382 383 10 268 272 30 66 166 205 271 39 391 53 293 133 331 285 392 115 245 396 240 385 288 177 181 358 337 384 111 116 76 113 81 29 325 355 131 84 114 389 105 341 219 0,
PFG_MOEA,855,11,312.55,5795.78,0 91 24 212 375 14 108 169 373 8 263 292 70 318 184 284 74 279 159 162 22 134 186 89 216 47 125 9 150 163 61 365 253 206 46 54 0,
PFG_MOEA,855,12,312.55,5795.78,0 41 82 178 117 243 344 349 343 290 368 376 258 248 328 75 171 87 153 278 210 45 353 348 2 119 128 295 40 32 276 196 78 98 27 176 144 342 370 306 202 338 203 168 369 380 16 15 0,16 87 203
PFG_MOEA,856,1,389.39,5146.42,0 163 78 53 293 133 331 285 392 98 115 245 27 396 240 385 288 177 181 358 337 384 111 116 76 113 81 29 325 355 131 84 114 389 91 279 74 159 162 371 219 298 341 22 134 186 105 118 185 0,
PFG_MOEA,856,2,389.39,5146.42,0 281 26 334 24 212 375 284 14 184 318 70 292 263 8 373 169 108 72 52 130 44 386 51 145 123 362 201 294 312 67 164 107 302 173 106 261 388 197 218 151 77 273 136 137 59 109 127 57 226 19 13 80 0,
PFG_MOEA,856,3,389.39,5146.42,0 142 339 174 132 120 269 321 299 340 233 135 88 249 35 235 161 68 58 34 231 289 366 267 228 141 266 303 357 319 86 199 156 94 230 374 92 11 36 397 350 311 4 314 193 0,88
PFG_MOEA,856,4,389.39,5146.42,0 182 172 38 0,
PFG_MOEA,856,5,389.39,5146.42,0 37 322 121 146 320 364 393 3 229 308 356 264 259 246 42 300 329 112 152 191 165 200 221 242 96 0,152 264 329
PFG_MOEA,856,6,389.39,5146.42,0 129 33 71 224 260 0,
PFG_MOEA,856,7,389.39,5146.42,0 399 247 255 1 262 250 28 345 377 395 400 394 188 301 372 21 167 291 139 149 157 63 316 387 17 43 73 254 327 183 354 69 215 85 93 179 232 225 97 148 48 238 330 192 31 304 0,395
PFG_MOEA,856,8,389.39,5146.42,0 16 15 168 203 369 380 391 271 39 268 272 30 66 166 205 208 6 204 154 305 326 283 65 297 62 241 110 140 286 317 333 180 220 158 189 64 20 126 124 7 56 217 55 25 367 170 361 209 398 227 234 213 190 251 175 99 315 346 265 390 18 103 155 83 378 54 46 287 10 383 382 41 0,7 16 20 103 272
PFG_MOEA,856,9,389.39,5146.42,0 82 178 117 243 368 376 258 353 153 171 87 278 210 143 237 256 274 49 100 282 310 104 102 277 275 194 323 363 352 101 198 95 222 138 122 276 336 252 236 128 23 381 90 119 2 12 0,
PFG_MOEA,856,10,389.39,5146.42,0 344 349 351 280 309 5 79 160 50 60 257 270 379 195 45 348 75 328 248 290 343 187 0,
PFG_MOEA,856,11,389.39,5146.42,0 214 295 40 32 239 370 342 144 176 150 47 9 125 216 89 61 207 307 313 359 206 253 365 360 335 0,176
PFG_MOEA,856,12,389.39,5146.42,0 338 202 306 196 296 347 332 324 147 211 244 223 0,
PFG_MOEA,857,1,413.96,4915.5,0 187 206 253 365 359 313 307 207 61 12 89 2 119 128 236 252 336 138 163 222 95 198 351 280 237 256 274 49 100 102 277 275 194 323 363 352 101 53 293 133 331 285 392 122 239 276 32 40 295 23 381 90 113 81 29 76 116 111 384 337 358 181 177 288 385 240 396 245 115 22 118 185 214 0,245 381
PFG_MOEA,857,2,413.96,4915.5,0 281 84 131 325 355 114 389 186 134 341 298 26 334 0,
PFG_MOEA,857,3,413.96,4915.5,0 371 219 105 162 159 74 279 91 24 212 375 284 14 184 318 70 292 263 8 373 169 108 72 52 130 44 386 362 201 312 67 164 107 302 173 106 261 388 197 218 151 77 273 136 137 59 0,
PFG_MOEA,857,4,413.96,4915.5,0 57 127 109 226 0,
PFG_MOEA,857,5,413.96,4915.5,0 19 0,
PFG_MOEA,857,6,413.96,4915.5,0 38 303 357 266 141 86 199 228 267 366 289 231 34 58 68 161 235 35 249 88 135 233 319 182 172 13 80 0,88
PFG_MOEA,857,7,413.96,4915.5,0 399 397 36 11 92 156 94 230 374 350 311 4 314 193 340 299 321 269 120 142 37 51 123 145 132 339 322 121 146 294 174 320 364 393 3 229 308 356 264 259 246 42 300 329 112 191 165 200 221 242 96 0,11 340 374 393
PFG_MOEA,857,8,413.96,4915.5,0 152 247 255 1 262 250 28 345 377 395 400 394 188 301 372 21 167 291 139 149 157 63 316 387 327 17 43 85 215 73 254 183 354 69 265 346 315 99 175 251 190 390 18 103 155 83 378 213 234 227 398 93 0,1 152 175 227
PFG_MOEA,857,9,413.96,4915.5,0 304 31 48 192 330 238 129 148 260 391 271 39 268 272 30 66 166 205 208 6 204 154 305 326 283 65 297 62 241 110 140 286 317 333 180 220 158 189 64 20 126 124 7 56 217 55 25 367 170 361 209 71 33 97 225 232 179 224 0,55 391
PFG_MOEA,857,10,413.96,4915.5,0 287 10 383 382 0,
PFG_MOEA,857,11,413.96,4915.5,0 16 15 168 203 369 380 82 178 117 243 349 344 54 46 41 0,
PFG_MOEA,857,12,413.96,4915.5,0 335 360 216 150 9 47 125 309 5 343 290 368 376 258 248 328 75 171 87 278 153 353 348 45 210 195 379 270 257 60 50 160 79 143 282 310 104 223 244 211 324 147 332 347 296 196 78 98 27 176 144 342 370 306 202 338 0,
PFG_MOEA,858,1,320.55,5348.04,0 80 13 172 182 397 36 11 92 233 135 88 249 35 235 161 68 58 34 231 289 319 399 0,
PFG_MOEA,858,2,320.55,5348.04,0 374 230 94 156 311 350 4 314 193 340 299 321 269 120 142 132 339 174 320 364 308 229 3 393 294 146 121 322 123 145 51 37 0,393
PFG_MOEA,858,3,320.55,5348.04,0 96 242 221 200 165 112 329 300 191 152 247 255 1 262 42 250 28 246 259 264 356 345 377 395 400 394 188 301 372 21 167 291 139 149 157 63 316 387 327 17 43 85 215 73 254 183 354 69 265 346 315 99 175 251 190 0,215
PFG_MOEA,858,4,320.55,5348.04,0 304 31 192 330 238 129 398 227 234 213 18 390 286 140 110 241 93 260 148 48 0,
PFG_MOEA,858,5,320.55,5348.04,0 317 333 0,
PFG_MOEA,858,6,320.55,5348.04,0 33 71 209 361 170 367 25 55 217 56 7 180 220 158 189 64 20 126 124 224 10 383 382 16 203 168 15 0,25
PFG_MOEA,858,7,320.55,5348.04,0 380 369 335 360 216 150 9 47 125 309 5 195 379 270 210 45 348 353 153 278 87 171 75 328 248 258 376 368 290 343 54 46 344 349 243 117 178 82 41 0,
PFG_MOEA,858,8,320.55,5348.04,0 338 202 306 370 342 144 176 27 98 78 196 296 347 332 147 324 211 244 223 104 310 282 143 79 160 50 60 257 6 204 154 305 326 283 62 297 65 208 205 166 66 30 272 268 0,66
PFG_MOEA,858,9,320.55,5348.04,0 187 206 253 365 359 313 307 207 61 12 89 2 119 128 236 252 336 138 163 222 95 198 351 256 237 280 391 271 39 378 83 155 103 232 179 287 225 97 0,138 307
PFG_MOEA,858,10,320.55,5348.04,0 22 389 114 84 131 325 355 29 81 113 76 116 111 384 337 358 181 177 288 385 240 396 245 115 392 285 331 133 293 53 101 352 363 323 194 275 277 102 100 49 274 122 239 276 32 40 295 23 381 90 214 185 281 118 0,323 331
PFG_MOEA,858,11,320.55,5348.04,0 334 298 26 105 186 134 341 219 371 24 212 375 14 184 318 70 292 263 8 373 169 284 74 279 91 159 162 0,134
PFG_MOEA,858,12,320.55,5348.04,0 38 19 226 57 127 109 59 137 136 273 77 151 218 197 388 261 106 173 302 107 164 67 312 201 362 366 267 228 386 44 130 52 72 108 303 357 266 141 86 199 0,106 386
PFG_MOEA,859,1,270.73,5843.94,0 335 187 309 5 195 379 270 257 60 50 160 79 143 280 351 237 256 274 49 198 252 236 381 23 90 12 207 307 0,
PFG_MOEA,859,2,270.73,5843.94,0 61 313 359 206 253 365 360 214 185 118 281 26 334 298 371 22 134 186 162 159 292 263 8 373 318 70 184 284 74 279 0,134 284 313 318
PFG_MOEA,859,3,270.73,5843.94,0 91 169 108 14 375 212 24 192 330 238 129 200 165 112 191 152 127 57 109 59 137 273 136 247 17 43 85 215 33 71 224 260 148 48 31 304 0,33 200
PFG_MOEA,859,4,270.73,5843.94,0 73 254 69 354 183 327 387 157 149 188 394 316 63 262 1 255 250 28 42 400 395 377 345 356 264 259 246 308 229 197 218 151 77 107 164 67 302 388 3 106 173 261 320 364 0,
PFG_MOEA,859,5,270.73,5843.94,0 329 300 362 123 51 145 322 121 146 201 312 393 294 174 339 132 120 142 0,145 174
PFG_MOEA,859,6,270.73,5843.94,0 37 269 321 299 340 219 341 105 84 131 29 81 113 76 116 111 181 358 337 384 325 355 114 389 0,341
PFG_MOEA,859,7,270.73,5843.94,0 89 216 47 125 9 150 163 53 293 133 331 285 392 115 245 396 240 385 288 177 34 58 235 135 233 88 249 35 161 68 0,133 240
PFG_MOEA,859,8,270.73,5843.94,0 172 182 193 314 4 350 397 36 11 374 311 230 94 156 199 92 86 319 266 141 289 231 386 366 267 228 44 130 52 72 303 357 13 19 226 221 242 96 0,141 386
PFG_MOEA,859,9,270.73,5843.94,0 38 80 378 83 291 139 21 167 301 372 346 315 265 390 99 175 251 190 18 103 155 234 227 398 93 54 46 268 272 30 39 271 391 179 0,
PFG_MOEA,859,10,270.73,5843.94,0 97 225 232 209 361 213 170 367 328 248 258 376 368 290 343 66 349 344 243 117 178 82 41 16 380 369 196 78 98 27 176 144 342 370 306 202 338 203 168 15 399 0,82 176 225
PFG_MOEA,859,11,270.73,5843.94,0 287 64 166 205 75 348 353 45 210 278 153 171 87 6 208 158 189 220 241 62 297 65 283 204 154 305 326 110 140 180 333 317 286 25 55 217 56 7 124 126 20 10 0,65 126
PFG_MOEA,859,12,270.73,5843.94,0 2 119 128 295 40 32 276 239 122 296 332 347 138 336 222 95 101 194 147 324 275 323 363 352 277 102 223 244 211 104 310 100 282 383 382 0,2
PFG_MOEA,860,1,369.23,5154.87,0 90 295 40 32 276 239 122 222 95 101 323 363 352 102 277 275 194 53 293 133 331 285 392 115 245 396 240 385 288 177 181 358 337 384 111 116 76 113 81 29 325 131 84 355 114 389 279 74 159 162 371 219 341 22 134 186 105 298 334 26 281 118 185 214 0,40 240 245 331
PFG_MOEA,860,2,369.23,5154.87,0 91 24 212 375 284 14 184 318 70 292 263 8 373 169 108 72 52 130 44 386 0,318
PFG_MOEA,860,3,369.23,5154.87,0 362 201 312 67 164 107 302 173 106 261 388 197 218 151 77 273 136 0,106
PFG_MOEA,860,4,369.23,5154.87,0 399 172 182 397 36 11 92 86 141 266 303 357 319 199 228 267 366 289 231 34 58 68 161 235 35 249 88 135 233 156 94 230 374 350 311 4 314 193 340 299 321 269 120 142 37 51 145 123 137 59 109 127 57 226 19 13 80 38 0,340
PFG_MOEA,860,5,369.23,5154.87,0 132 339 322 0,
PFG_MOEA,860,6,369.23,5154.87,0 96 242 221 200 165 112 191 152 329 300 121 146 294 174 320 364 393 3 229 308 259 246 264 356 345 377 395 400 42 250 28 247 255 1 262 63 157 291 167 21 372 301 188 394 139 149 316 387 327 17 43 85 215 73 254 183 354 69 265 346 315 99 0,1 200 393
PFG_MOEA,860,7,369.23,5154.87,0 93 398 227 234 213 190 251 175 390 18 103 155 83 378 31 304 0,
PFG_MOEA,860,8,369.23,5154.87,0 48 192 330 238 129 148 260 391 0,
PFG_MOEA,860,9,369.23,5154.87,0 268 272 30 65 283 326 305 154 204 6 208 205 166 66 271 39 0,272
PFG_MOEA,860,10,369.23,5154.87,0 124 126 20 64 189 158 220 241 297 62 110 140 286 317 333 180 7 56 217 55 25 367 170 361 209 71 97 33 0,
PFG_MOEA,860,11,369.23,5154.87,0 15 16 380 369 168 203 338 202 306 370 342 144 176 27 98 78 196 296 347 332 324 147 211 244 223 210 45 348 353 153 278 87 171 75 328 248 258 376 368 290 343 54 46 224 225 232 179 287 10 383 382 41 344 349 243 117 178 82 125 9 47 150 216 360 335 0,47 87 353
PFG_MOEA,860,12,369.23,5154.87,0 207 307 313 359 365 253 206 187 100 310 104 282 143 79 160 50 60 257 270 379 195 5 309 280 351 237 256 274 49 198 163 138 336 252 236 381 23 128 119 2 89 12 61 0,
PFG_MOEA,861,1,337.93,5308.22,0 187 206 253 313 359 365 0,
PFG_MOEA,861,2,337.93,5308.22,0 207 307 198 280 351 256 237 101 53 293 133 331 285 392 95 222 163 138 336 252 236 128 119 2 89 12 61 0,133 222
PFG_MOEA,861,3,337.93,5308.22,0 323 363 352 194 275 277 102 100 49 274 122 239 276 32 40 295 23 381 90 0,
PFG_MOEA,861,4,337.93,5308.22,0 22 115 245 396 240 385 288 177 181 358 337 384 111 116 76 113 81 29 131 84 281 118 185 214 0,
PFG_MOEA,861,5,337.93,5308.22,0 334 26 298 371 219 341 134 186 105 355 325 114 389 162 159 74 279 91 24 212 375 284 14 184 318 70 292 263 8 373 169 108 72 52 130 44 386 362 201 312 0,284
PFG_MOEA,861,6,337.93,5308.22,0 399 172 182 397 36 11 92 86 141 266 303 357 319 199 228 267 366 289 231 34 58 68 161 235 35 249 88 135 233 156 94 230 57 127 109 59 137 136 273 77 151 218 197 388 261 106 173 302 107 164 67 294 226 19 13 80 38 0,
PFG_MOEA,861,7,337.93,5308.22,0 374 350 311 4 314 193 340 299 321 269 120 142 37 51 145 123 146 121 322 339 132 174 320 364 393 3 229 308 356 264 259 246 42 1 255 247 152 191 112 329 300 165 200 221 242 96 0,132 264 340 393
PFG_MOEA,861,8,337.93,5308.22,0 28 250 262 400 395 345 377 394 188 301 372 21 167 291 139 149 157 63 316 387 327 17 43 85 215 73 254 183 354 69 265 346 315 99 175 251 190 0,
PFG_MOEA,861,9,337.93,5308.22,0 304 192 330 238 129 378 83 155 103 18 390 213 234 227 398 140 110 241 62 297 65 283 326 305 154 204 6 208 205 166 66 93 30 272 268 39 271 391 260 148 48 31 0,65 391
PFG_MOEA,861,10,337.93,5308.22,0 33 71 225 97 232 209 361 170 367 25 55 217 56 7 317 286 333 180 220 158 189 64 20 126 124 224 10 287 179 0,
PFG_MOEA,861,11,337.93,5308.22,0 15 168 203 369 16 380 335 360 216 150 9 47 125 309 5 195 379 270 210 45 348 353 153 278 87 171 75 328 248 54 46 383 382 344 349 243 117 178 82 41 0,82 87 195 353
PFG_MOEA,861,12,337.93,5308.22,0 338 202 306 370 342 144 176 27 98 78 196 296 347 332 147 324 211 244 223 104 310 282 143 79 160 50 60 257 258 376 368 290 343 0,290
PFG_MOEA,862,1,319.42,5478.6,0 222 0,
PFG_MOEA,862,2,319.42,5478.6,0 95 101 323 363 352 102 277 275 194 53 293 133 331 285 392 115 245 396 240 385 288 177 181 358 337 384 111 116 76 113 81 29 325 131 84 355 114 389 279 74 159 162 371 219 341 22 134 186 105 298 334 26 281 0,105
PFG_MOEA,862,3,319.42,5478.6,0 118 91 284 184 14 375 212 24 0,375
PFG_MOEA,862,4,319.42,5478.6,0 399 397 36 11 92 199 86 141 266 319 357 303 289 366 267 228 8 263 292 70 318 373 169 108 72 52 130 44 386 362 201 312 67 164 107 302 173 106 261 388 197 218 151 77 273 136 182 172 0,86 197 318 362
PFG_MOEA,862,5,319.42,5478.6,0 38 80 13 19 226 57 127 109 59 137 123 145 51 132 142 120 269 321 299 37 340 193 314 4 350 311 156 233 135 88 249 35 235 161 68 58 34 231 94 230 374 0,
PFG_MOEA,862,6,319.42,5478.6,0 96 242 200 191 112 165 322 339 174 393 3 229 364 320 294 121 146 300 329 152 221 0,200 393
PFG_MOEA,862,7,319.42,5478.6,0 93 85 247 28 246 259 308 264 356 345 377 395 400 42 250 255 1 262 63 157 291 167 21 372 301 188 394 139 149 316 387 327 17 43 73 215 254 183 354 69 265 346 315 99 390 175 251 190 18 213 234 227 398 0,
PFG_MOEA,862,8,319.42,5478.6,0 304 31 48 330 192 129 238 148 260 391 271 66 166 205 208 6 204 154 305 326 283 65 62 297 241 158 189 220 110 140 103 155 83 378 124 126 20 64 30 272 268 39 0,62 205 220 391
PFG_MOEA,862,9,319.42,5478.6,0 7 180 333 286 317 56 217 55 0,
PFG_MOEA,862,10,319.42,5478.6,0 15 16 380 369 168 203 338 202 306 370 342 144 176 27 98 78 196 296 347 332 324 147 211 244 223 210 45 348 353 153 278 87 171 75 328 248 258 376 368 290 343 54 46 209 361 170 367 25 232 179 224 225 97 71 33 0,16 353 370
PFG_MOEA,862,11,319.42,5478.6,0 365 253 206 61 89 2 119 128 216 336 138 163 150 47 125 9 100 282 310 104 143 79 160 50 60 257 270 379 195 5 309 280 351 237 256 287 10 383 382 344 349 243 117 178 82 41 0,47 138 178 206 243
PFG_MOEA,862,12,319.42,5478.6,0 335 187 359 313 360 207 307 198 49 274 122 239 276 32 40 295 23 381 236 252 90 12 214 185 0,
PFG_MOEA,863,1,759.34,4800.0,0 219 341 105 389 114 84 131 355 325 29 81 113 76 116 111 384 337 358 181 177 288 385 240 396 245 115 392 285 331 133 293 53 163 150 9 125 47 216 89 61 206 253 365 0,245
PFG_MOEA,863,2,759.34,4800.0,0 22 134 186 162 159 279 74 284 184 318 70 292 263 8 373 169 108 14 375 212 24 91 0,318
PFG_MOEA,863,3,759.34,4800.0,0 304 31 48 148 260 224 71 33 129 238 330 192 200 165 112 191 152 127 57 109 59 137 273 136 247 17 43 85 215 73 254 69 354 183 327 387 157 149 188 394 316 63 262 1 255 250 28 42 400 395 377 345 356 264 259 246 308 229 197 218 151 77 107 164 67 302 388 3 106 173 261 320 364 393 312 201 362 329 300 123 51 145 322 121 146 294 174 339 132 120 142 37 269 321 299 340 233 135 88 249 35 161 235 68 58 34 386 231 289 366 267 228 44 130 52 72 303 357 319 266 141 86 92 199 156 94 230 311 374 11 36 397 350 4 314 193 182 172 13 19 226 221 242 96 80 38 0,33 106 174 200 303 311 394
PFG_MOEA,863,4,759.34,4800.0,0 378 83 155 103 18 190 251 175 99 315 346 372 301 167 21 139 291 265 390 234 0,
PFG_MOEA,863,5,759.34,4800.0,0 179 391 271 39 30 272 268 46 54 93 398 227 213 232 0,391
PFG_MOEA,863,6,759.34,4800.0,0 225 0,
PFG_MOEA,863,7,759.34,4800.0,0 97 209 361 170 367 0,
PFG_MOEA,863,8,759.34,4800.0,0 399 15 168 203 338 202 306 370 342 144 176 27 98 78 196 369 380 16 41 82 178 117 243 344 349 66 343 290 368 376 258 248 328 75 348 353 45 210 278 153 171 87 6 208 205 166 158 189 220 241 62 297 65 283 204 154 305 326 110 140 180 333 317 286 25 55 217 56 7 124 126 20 64 287 10 383 382 0,62 66 205 220 342
PFG_MOEA,863,9,759.34,4800.0,0 2 119 128 295 40 32 276 239 122 296 332 347 138 336 222 95 101 194 147 324 275 323 363 352 277 102 223 244 211 104 310 100 282 143 79 160 50 60 257 270 379 195 5 309 280 351 237 256 274 49 198 252 236 0,
PFG_MOEA,863,10,759.34,4800.0,0 381 23 90 12 207 307 0,
PFG_MOEA,863,11,759.34,4800.0,0 335 187 359 313 360 214 0,
PFG_MOEA,863,12,759.34,4800.0,0 185 118 281 26 334 298 371 0,
PFG_MOEA,864,1,314.81,5596.11,0 12 90 128 236 252 336 276 138 222 198 49 274 256 237 351 280 309 5 290 343 313 207 0,222
PFG_MOEA,864,2,314.81,5596.11,0 91 292 263 8 373 169 108 14 375 212 24 371 219 341 298 334 26 281 118 185 214 295 40 32 239 122 95 101 352 363 323 194 275 277 102 100 23 381 119 2 307 359 187 148 48 31 304 0,23
PFG_MOEA,864,3,314.81,5596.11,0 260 224 71 33 127 152 191 112 165 200 129 238 330 192 0,33
PFG_MOEA,864,4,314.81,5596.11,0 57 67 302 173 106 3 388 164 107 77 151 218 197 229 308 246 259 264 356 345 377 395 400 42 28 250 255 1 262 63 316 394 188 149 157 387 327 183 354 69 254 73 215 85 43 17 247 136 273 137 59 109 0,
PFG_MOEA,864,5,314.81,5596.11,0 329 300 362 123 51 145 322 121 146 201 261 320 364 393 312 294 174 339 132 206 253 365 360 335 0,362 393
PFG_MOEA,864,6,314.81,5596.11,0 61 358 181 177 288 385 240 396 245 115 392 285 331 133 293 53 163 150 9 125 47 216 89 0,
PFG_MOEA,864,7,314.81,5596.11,0 80 13 19 226 35 161 235 58 34 386 231 289 366 267 228 44 130 52 72 318 70 184 284 74 279 159 162 389 114 355 325 384 337 111 116 76 113 81 29 131 84 105 186 134 22 0,
PFG_MOEA,864,8,314.81,5596.11,0 38 96 242 221 172 182 397 350 311 4 314 193 230 94 156 374 36 11 92 319 357 303 266 141 86 199 68 135 88 249 233 340 299 321 269 120 142 37 301 21 139 291 167 372 346 315 99 175 251 0,182
PFG_MOEA,864,9,314.81,5596.11,0 97 225 232 179 391 271 158 241 62 297 65 283 204 154 305 326 110 140 286 317 333 180 220 126 124 7 56 217 55 25 367 170 361 209 227 234 213 190 390 265 18 103 155 83 378 398 93 54 46 268 272 30 39 0,65 154
PFG_MOEA,864,10,314.81,5596.11,0 399 15 16 380 41 82 178 117 243 344 349 20 189 64 166 205 208 6 87 171 153 278 210 353 258 376 368 66 287 10 383 382 0,243
PFG_MOEA,864,11,314.81,5596.11,0 369 338 203 168 0,
PFG_MOEA,864,12,314.81,5596.11,0 202 306 370 342 144 176 27 98 78 196 296 347 332 324 147 211 244 223 104 310 282 143 79 160 50 60 257 270 379 195 45 348 75 328 248 0,370
PFG_MOEA,865,1,411.21,4974.5,0 12 90 381 23 32 276 239 336 138 222 198 49 274 256 237 351 280 252 236 128 119 2 0,23
PFG_MOEA,865,2,411.21,4974.5,0 22 118 185 214 295 40 122 392 285 331 133 293 53 101 352 363 323 194 275 277 102 100 95 163 61 89 207 307 313 359 365 253 206 187 0,22 100
PFG_MOEA,865,3,411.21,4974.5,0 115 0,
PFG_MOEA,865,4,411.21,4974.5,0 245 396 240 385 288 177 181 358 337 384 111 116 76 113 81 29 325 355 0,
PFG_MOEA,865,5,411.21,4974.5,0 281 26 334 298 341 134 186 131 84 114 389 105 219 371 162 159 74 279 91 24 212 375 284 14 184 318 70 292 263 8 373 169 108 72 52 130 44 386 362 201 312 67 164 107 302 173 106 261 388 197 218 151 77 273 136 137 59 109 127 57 226 19 13 80 0,77 106 284
PFG_MOEA,865,6,411.21,4974.5,0 38 172 182 319 303 357 266 141 86 199 228 267 366 289 231 34 58 68 161 235 35 249 88 135 233 156 94 230 374 92 11 36 397 350 311 4 314 193 340 299 321 269 120 142 37 51 123 145 132 339 322 121 146 294 174 320 364 393 3 229 308 356 264 259 246 42 300 329 112 221 242 96 0,51 174 229 246 299
PFG_MOEA,865,7,411.21,4974.5,0 399 200 165 191 152 247 255 1 262 250 28 345 377 395 400 394 188 301 372 21 167 291 139 149 157 63 316 387 327 17 43 85 215 73 254 183 354 69 265 346 315 99 175 251 190 390 18 103 155 83 378 213 234 227 398 93 224 179 232 225 97 71 33 260 148 238 129 330 192 48 31 304 0,93
PFG_MOEA,865,8,411.21,4974.5,0 382 383 10 391 271 39 46 54 268 272 30 66 166 205 208 6 204 154 305 326 283 65 297 62 241 110 140 286 317 333 180 220 158 189 64 20 126 124 7 56 217 55 25 367 170 361 209 287 0,55 62 66 220
PFG_MOEA,865,9,411.21,4974.5,0 380 0,
PFG_MOEA,865,10,411.21,4974.5,0 16 369 15 0,
PFG_MOEA,865,11,411.21,4974.5,0 168 203 178 82 41 0,178
PFG_MOEA,865,12,411.21,4974.5,0 335 360 338 202 306 370 342 144 176 27 98 78 196 296 347 332 216 47 125 9 150 147 324 211 244 223 104 310 282 143 309 5 195 379 79 160 50 60 270 257 210 45 153 278 87 171 353 348 75 328 248 258 376 368 290 343 349 344 243 117 0,
PFG_MOEA,866,1,312.55,5795.78,0 336 138 239 122 296 347 332 324 275 277 104 211 244 223 102 352 363 323 194 147 101 95 222 0,122 211 222 277
PFG_MOEA,866,2,312.55,5795.78,0 335 360 207 307 313 359 187 100 310 282 143 79 160 50 60 257 270 379 195 5 309 280 351 237 256 274 49 198 252 236 381 23 90 12 214 185 118 281 26 334 298 371 72 52 130 44 386 80 0,5 307
PFG_MOEA,866,3,312.55,5795.78,0 13 19 226 57 127 109 59 137 136 273 77 151 218 197 388 261 106 173 302 107 164 67 312 201 362 123 51 145 294 174 339 132 142 120 269 321 299 0,174
PFG_MOEA,866,4,312.55,5795.78,0 340 233 135 88 249 35 235 161 68 58 34 231 289 366 267 228 141 266 303 357 319 86 199 156 94 0,303
PFG_MOEA,866,5,312.55,5795.78,0 38 172 182 397 36 11 92 374 230 311 350 4 314 193 37 322 121 146 320 364 393 3 229 308 356 264 259 246 42 300 329 112 191 152 221 242 96 0,42 264
PFG_MOEA,866,6,312.55,5795.78,0 200 165 129 0,
PFG_MOEA,866,7,312.55,5795.78,0 304 330 395 400 394 188 301 372 21 167 291 139 149 157 63 316 387 17 43 33 71 224 260 0,
PFG_MOEA,866,8,312.55,5795.78,0 399 247 28 250 345 377 262 1 255 327 254 73 215 85 93 179 232 225 97 148 238 192 48 31 0,93
PFG_MOEA,866,9,312.55,5795.78,0 378 69 183 354 265 346 315 99 175 251 190 390 18 103 155 83 234 213 227 398 209 361 170 367 25 55 217 56 7 180 333 317 286 140 110 62 297 65 283 326 305 154 204 6 208 241 220 158 189 64 20 126 124 0,175
PFG_MOEA,866,10,312.55,5795.78,0 287 382 383 10 268 272 30 66 166 205 271 39 391 53 293 133 331 285 392 115 245 396 240 385 288 177 181 358 337 384 111 116 76 113 81 29 325 355 131 84 114 389 105 341 219 0,
PFG_MOEA,866,11,312.55,5795.78,0 91 24 212 375 14 108 169 373 8 263 292 70 318 184 284 74 279 159 162 22 134 186 89 216 47 125 9 150 163 61 365 253 206 46 54 0,
PFG_MOEA,866,12,312.55,5795.78,0 41 82 178 117 243 344 349 343 290 368 376 258 248 328 75 171 87 153 278 210 45 353 348 2 119 128 295 40 32 276 196 78 98 27 176 144 342 370 306 202 338 203 168 369 380 16 15 0,16 87 203
PFG_MOEA,867,1,389.39,5146.42,0 163 78 53 293 133 331 285 392 98 115 245 27 396 240 385 288 177 181 358 337 384 111 116 76 113 81 29 325 355 131 84 114 389 91 279 74 159 162 371 219 298 341 22 134 186 105 118 185 0,
PFG_MOEA,867,2,389.39,5146.42,0 281 26 334 24 212 375 284 14 184 318 70 292 263 8 373 169 108 72 52 130 44 386 51 145 123 362 201 294 312 67 164 107 302 173 106 261 388 197 218 151 77 273 136 137 59 109 127 57 226 19 13 80 0,
PFG_MOEA,867,3,389.39,5146.42,0 142 339 174 132 120 269 321 299 340 233 135 88 249 35 235 161 68 58 34 231 289 366 267 228 141 266 303 357 319 86 199 156 94 230 374 92 11 36 397 350 311 4 314 193 0,88
PFG_MOEA,867,4,389.39,5146.42,0 182 172 38 0,
PFG_MOEA,867,5,389.39,5146.42,0 37 322 121 146 320 364 393 3 229 308 356 264 259 246 42 300 329 112 152 191 165 200 221 242 96 0,152 264 329
PFG_MOEA,867,6,389.39,5146.42,0 129 33 71 224 260 0,
PFG_MOEA,867,7,389.39,5146.42,0 399 247 255 1 262 250 28 345 377 395 400 394 188 301 372 21 167 291 139 149 157 63 316 387 17 43 73 254 327 183 354 69 215 85 93 179 232 225 97 148 48 238 330 192 31 304 0,395
PFG_MOEA,867,8,389.39,5146.42,0 16 15 168 203 369 380 391 271 39 268 272 30 66 166 205 208 6 204 154 305 326 283 65 297 62 241 110 140 286 317 333 180 220 158 189 64 20 126 124 7 56 217 55 25 367 170 361 209 398 227 234 213 190 251 175 99 315 346 265 390 18 103 155 83 378 54 46 287 10 383 382 41 0,7 16 20 103 272
PFG_MOEA,867,9,389.39,5146.42,0 82 178 117 243 368 376 258 353 153 171 87 278 210 143 237 256 274 49 100 282 310 104 102 277 275 194 323 363 352 101 198 95 222 138 122 276 336 252 236 128 23 381 90 119 2 12 0,
PFG_MOEA,867,10,389.39,5146.42,0 344 349 351 280 309 5 79 160 50 60 257 270 379 195 45 348 75 328 248 290 343 187 0,
PFG_MOEA,867,11,389.39,5146.42,0 214 295 40 32 239 370 342 144 176 150 47 9 125 216 89 61 207 307 313 359 206 253 365 360 335 0,176
PFG_MOEA,867,12,389.39,5146.42,0 338 202 306 196 296 347 332 324 147 211 244 223 0,
PFG_MOEA,868,1,413.96,4915.5,0 187 206 253 365 359 313 307 207 61 12 89 2 119 128 236 252 336 138 163 222 95 198 351 280 237 256 274 49 100 102 277 275 194 323 363 352 101 53 293 133 331 285 392 122 239 276 32 40 295 23 381 90 113 81 29 76 116 111 384 337 358 181 177 288 385 240 396 245 115 22 118 185 214 0,245 381
PFG_MOEA,868,2,413.96,4915.5,0 281 84 131 325 355 114 389 186 134 341 298 26 334 0,
PFG_MOEA,868,3,413.96,4915.5,0 371 219 105 162 159 74 279 91 24 212 375 284 14 184 318 70 292 263 8 373 169 108 72 52 130 44 386 362 201 312 67 164 107 302 173 106 261 388 197 218 151 77 273 136 137 59 0,
PFG_MOEA,868,4,413.96,4915.5,0 57 127 109 226 0,
PFG_MOEA,868,5,413.96,4915.5,0 19 0,
PFG_MOEA,868,6,413.96,4915.5,0 38 303 357 266 141 86 199 228 267 366 289 231 34 58 68 161 235 35 249 88 135 233 319 182 172 13 80 0,88
PFG_MOEA,868,7,413.96,4915.5,0 399 397 36 11 92 156 94 230 374 350 311 4 314 193 340 299 321 269 120 142 37 51 123 145 132 339 322 121 146 294 174 320 364 393 3 229 308 356 264 259 246 42 300 329 112 191 165 200 221 242 96 0,11 340 374 393
PFG_MOEA,868,8,413.96,4915.5,0 152 247 255 1 262 250 28 345 377 395 400 394 188 301 372 21 167 291 139 149 157 63 316 387 327 17 43 85 215 73 254 183 354 69 265 346 315 99 175 251 190 390 18 103 155 83 378 213 234 227 398 93 0,1 152 175 227
PFG_MOEA,868,9,413.96,4915.5,0 304 31 48 192 330 238 129 148 260 391 271 39 268 272 30 66 166 205 208 6 204 154 305 326 283 65 297 62 241 110 140 286 317 333 180 220 158 189 64 20 126 124 7 56 217 55 25 367 170 361 209 71 33 97 225 232 179 224 0,55 391
PFG_MOEA,868,10,413.96,4915.5,0 287 10 383 382 0,
PFG_MOEA,868,11,413.96,4915.5,0 16 15 168 203 369 380 82 178 117 243 349 344 54 46 41 0,
PFG_MOEA,868,12,413.96,4915.5,0 335 360 216 150 9 47 125 309 5 343 290 368 376 258 248 328 75 171 87 278 153 353 348 45 210 195 379 270 257 60 50 160 79 143 282 310 104 223 244 211 324 147 332 347 296 196 78 98 27 176 144 342 370 306 202 338 0,
PFG_MOEA,869,1,320.55,5348.04,0 80 13 172 182 397 36 11 92 233 135 88 249 35 235 161 68 58 34 231 289 319 399 0,
PFG_MOEA,869,2,320.55,5348.04,0 374 230 94 156 311 350 4 314 193 340 299 321 269 120 142 132 339 174 320 364 308 229 3 393 294 146 121 322 123 145 51 37 0,393
PFG_MOEA,869,3,320.55,5348.04,0 96 242 221 200 165 112 329 300 191 152 247 255 1 262 42 250 28 246 259 264 356 345 377 395 400 394 188 301 372 21 167 291 139 149 157 63 316 387 327 17 43 85 215 73 254 183 354 69 265 346 315 99 175 251 190 0,215
PFG_MOEA,869,4,320.55,5348.04,0 304 31 192 330 238 129 398 227 234 213 18 390 286 140 110 241 93 260 148 48 0,
PFG_MOEA,869,5,320.55,5348.04,0 317 333 0,
PFG_MOEA,869,6,320.55,5348.04,0 33 71 209 361 170 367 25 55 217 56 7 180 220 158 189 64 20 126 124 224 10 383 382 16 203 168 15 0,25
PFG_MOEA,869,7,320.55,5348.04,0 380 369 335 360 216 150 9 47 125 309 5 195 379 270 210 45 348 353 153 278 87 171 75 328 248 258 376 368 290 343 54 46 344 349 243 117 178 82 41 0,
PFG_MOEA,869,8,320.55,5348.04,0 338 202 306 370 342 144 176 27 98 78 196 296 347 332 147 324 211 244 223 104 310 282 143 79 160 50 60 257 6 204 154 305 326 283 62 297 65 208 205 166 66 30 272 268 0,66
PFG_MOEA,869,9,320.55,5348.04,0 187 206 253 365 359 313 307 207 61 12 89 2 119 128 236 252 336 138 163 222 95 198 351 256 237 280 391 271 39 378 83 155 103 232 179 287 225 97 0,138 307
PFG_MOEA,869,10,320.55,5348.04,0 22 389 114 84 131 325 355 29 81 113 76 116 111 384 337 358 181 177 288 385 240 396 245 115 392 285 331 133 293 53 101 352 363 323 194 275 277 102 100 49 274 122 239 276 32 40 295 23 381 90 214 185 281 118 0,323 331
PFG_MOEA,869,11,320.55,5348.04,0 334 298 26 105 186 134 341 219 371 24 212 375 14 184 318 70 292 263 8 373 169 284 74 279 91 159 162 0,134
PFG_MOEA,869,12,320.55,5348.04,0 38 19 226 57 127 109 59 137 136 273 77 151 218 197 388 261 106 173 302 107 164 67 312 201 362 366 267 228 386 44 130 52 72 108 303 357 266 141 86 199 0,106 386
PFG_MOEA,870,1,270.73,5843.94,0 335 187 309 5 195 379 270 257 60 50 160 79 143 280 351 237 256 274 49 198 252 236 381 23 90 12 207 307 0,
PFG_MOEA,870,2,270.73,5843.94,0 61 313 359 206 253 365 360 214 185 118 281 26 334 298 371 22 134 186 162 159 292 263 8 373 318 70 184 284 74 279 0,134 284 313 318
PFG_MOEA,870,3,270.73,5843.94,0 91 169 108 14 375 212 24 192 330 238 129 200 165 112 191 152 127 57 109 59 137 273 136 247 17 43 85 215 33 71 224 260 148 48 31 304 0,33 200
PFG_MOEA,870,4,270.73,5843.94,0 73 254 69 354 183 327 387 157 149 188 394 316 63 262 1 255 250 28 42 400 395 377 345 356 264 259 246 308 229 197 218 151 77 107 164 67 302 388 3 106 173 261 320 364 0,
PFG_MOEA,870,5,270.73,5843.94,0 329 300 362 123 51 145 322 121 146 201 312 393 294 174 339 132 120 142 0,145 174
PFG_MOEA,870,6,270.73,5843.94,0 37 269 321 299 340 219 341 105 84 131 29 81 113 76 116 111 181 358 337 384 325 355 114 389 0,341
PFG_MOEA,870,7,270.73,5843.94,0 89 216 47 125 9 150 163 53 293 133 331 285 392 115 245 396 240 385 288 177 34 58 235 135 233 88 249 35 161 68 0,133 240
PFG_MOEA,870,8,270.73,5843.94,0 172 182 193 314 4 350 397 36 11 374 311 230 94 156 199 92 86 319 266 141 289 231 386 366 267 228 44 130 52 72 303 357 13 19 226 221 242 96 0,141 386
PFG_MOEA,870,9,270.73,5843.94,0 38 80 378 83 291 139 21 167 301 372 346 315 265 390 99 175 251 190 18 103 155 234 227 398 93 54 46 268 272 30 39 271 391 179 0,
PFG_MOEA,870,10,270.73,5843.94,0 97 225 232 209 361 213 170 367 328 248 258 376 368 290 343 66 349 344 243 117 178 82 41 16 380 369 196 78 98 27 176 144 342 370 306 202 338 203 168 15 399 0,82 176 225
PFG_MOEA,870,11,270.73,5843.94,0 287 64 166 205 75 348 353 45 210 278 153 171 87 6 208 158 189 220 241 62 297 65 283 204 154 305 326 110 140 180 333 317 286 25 55 217 56 7 124 126 20 10 0,65 126
PFG_MOEA,870,12,270.73,5843.94,0 2 119 128 295 40 32 276 239 122 296 332 347 138 336 222 95 101 194 147 324 275 323 363 352 277 102 223 244 211 104 310 100 282 383 382 0,2
PFG_MOEA,871,1,369.23,5154.87,0 90 295 40 32 276 239 122 222 95 101 323 363 352 102 277 275 194 53 293 133 331 285 392 115 245 396 240 385 288 177 181 358 337 384 111 116 76 113 81 29 325 131 84 355 114 389 279 74 159 162 371 219 341 22 134 186 105 298 334 26 281 118 185 214 0,40 240 245 331
PFG_MOEA,871,2,369.23,5154.87,0 91 24 212 375 284 14 184 318 70 292 263 8 373 169 108 72 52 130 44 386 0,318
PFG_MOEA,871,3,369.23,5154.87,0 362 201 312 67 164 107 302 173 106 261 388 197 218 151 77 273 136 0,106
PFG_MOEA,871,4,369.23,5154.87,0 399 172 182 397 36 11 92 86 141 266 303 357 319 199 228 267 366 289 231 34 58 68 161 235 35 249 88 135 233 156 94 230 374 350 311 4 314 193 340 299 321 269 120 142 37 51 145 123 137 59 109 127 57 226 19 13 80 38 0,340
PFG_MOEA,871,5,369.23,5154.87,0 132 339 322 0,
PFG_MOEA,871,6,369.23,5154.87,0 96 242 221 200 165 112 191 152 329 300 121 146 294 174 320 364 393 3 229 308 259 246 264 356 345 377 395 400 42 250 28 247 255 1 262 63 157 291 167 21 372 301 188 394 139 149 316 387 327 17 43 85 215 73 254 183 354 69 265 346 315 99 0,1 200 393
PFG_MOEA,871,7,369.23,5154.87,0 93 398 227 234 213 190 251 175 390 18 103 155 83 378 31 304 0,
PFG_MOEA,871,8,369.23,5154.87,0 48 192 330 238 129 148 260 391 0,
PFG_MOEA,871,9,369.23,5154.87,0 268 272 30 65 283 326 305 154 204 6 208 205 166 66 271 39 0,272
PFG_MOEA,871,10,369.23,5154.87,0 124 126 20 64 189 158 220 241 297 62 110 140 286 317 333 180 7 56 217 55 25 367 170 361 209 71 97 33 0,
PFG_MOEA,871,11,369.23,5154.87,0 15 16 380 369 168 203 338 202 306 370 342 144 176 27 98 78 196 296 347 332 324 147 211 244 223 210 45 348 353 153 278 87 171 75 328 248 258 376 368 290 343 54 46 224 225 232 179 287 10 383 382 41 344 349 243 117 178 82 125 9 47 150 216 360 335 0,47 87 353
PFG_MOEA,871,12,369.23,5154.87,0 207 307 313 359 365 253 206 187 100 310 104 282 143 79 160 50 60 257 270 379 195 5 309 280 351 237 256 274 49 198 163 138 336 252 236 381 23 128 119 2 89 12 61 0,
PFG_MOEA,872,1,337.93,5308.22,0 187 206 253 313 359 365 0,
PFG_MOEA,872,2,337.93,5308.22,0 207 307 198 280 351 256 237 101 53 293 133 331 285 392 95 222 163 138 336 252 236 128 119 2 89 12 61 0,133 222
PFG_MOEA,872,3,337.93,5308.22,0 323 363 352 194 275 277 102 100 49 274 122 239 276 32 40 295 23 381 90 0,
PFG_MOEA,872,4,337.93,5308.22,0 22 115 245 396 240 385 288 177 181 358 337 384 111 116 76 113 81 29 131 84 281 118 185 214 0,
PFG_MOEA,872,5,337.93,5308.22,0 334 26 298 371 219 341 134 186 105 355 325 114 389 162 159 74 279 91 24 212 375 284 14 184 318 70 292 263 8 373 169 108 72 52 130 44 386 362 201 312 0,284
PFG_MOEA,872,6,337.93,5308.22,0 399 172 182 397 36 11 92 86 141 266 303 357 319 199 228 267 366 289 231 34 58 68 161 235 35 249 88 135 233 156 94 230 57 127 109 59 137 136 273 77 151 218 197 388 261 106 173 302 107 164 67 294 226 19 13 80 38 0,
PFG_MOEA,872,7,337.93,5308.22,0 374 350 311 4 314 193 340 299 321 269 120 142 37 51 145 123 146 121 322 339 132 174 320 364 393 3 229 308 356 264 259 246 42 1 255 247 152 191 112 329 300 165 200 221 242 96 0,132 264 340 393
PFG_MOEA,872,8,337.93,5308.22,0 28 250 262 400 395 345 377 394 188 301 372 21 167 291 139 149 157 63 316 387 327 17 43 85 215 73 254 183 354 69 265 346 315 99 175 251 190 0,
PFG_MOEA,872,9,337.93,5308.22,0 304 192 330 238 129 378 83 155 103 18 390 213 234 227 398 140 110 241 62 297 65 283 326 305 154 204 6 208 205 166 66 93 30 272 268 39 271 391 260 148 48 31 0,65 391
PFG_MOEA,872,10,337.93,5308.22,0 33 71 225 97 232 209 361 170 367 25 55 217 56 7 317 286 333 180 220 158 189 64 20 126 124 224 10 287 179 0,
PFG_MOEA,872,11,337.93,5308.22,0 15 168 203 369 16 380 335 360 216 150 9 47 125 309 5 195 379 270 210 45 348 353 153 278 87 171 75 328 248 54 46 383 382 344 349 243 117 178 82 41 0,82 87 195 353
PFG_MOEA,872,12,337.93,5308.22,0 338 202 306 370 342 144 176 27 98 78 196 296 347 332 147 324 211 244 223 104 310 282 143 79 160 50 60 257 258 376 368 290 343 0,290
PFG_MOEA,873,1,319.42,5478.6,0 222 0,
PFG_MOEA,873,2,319.42,5478.6,0 95 101 323 363 352 102 277 275 194 53 293 133 331 285 392 115 245 396 240 385 288 177 181 358 337 384 111 116 76 113 81 29 325 131 84 355 114 389 279 74 159 162 371 219 341 22 134 186 105 298 334 26 281 0,105
PFG_MOEA,873,3,319.42,5478.6,0 118 91 284 184 14 375 212 24 0,375
PFG_MOEA,873,4,319.42,5478.6,0 399 397 36 11 92 199 86 141 266 319 357 303 289 366 267 228 8 263 292 70 318 373 169 108 72 52 130 44 386 362 201 312 67 164 107 302 173 106 261 388 197 218 151 77 273 136 182 172 0,86 197 318 362
PFG_MOEA,873,5,319.42,5478.6,0 38 80 13 19 226 57 127 109 59 137 123 145 51 132 142 120 269 321 299 37 340 193 314 4 350 311 156 233 135 88 249 35 235 161 68 58 34 231 94 230 374 0,
PFG_MOEA,873,6,319.42,5478.6,0 96 242 200 191 112 165 322 339 174 393 3 229 364 320 294 121 146 300 329 152 221 0,200 393
PFG_MOEA,873,7,319.42,5478.6,0 93 85 247 28 246 259 308 264 356 345 377 395 400 42 250 255 1 262 63 157 291 167 21 372 301 188 394 139 149 316 387 327 17 43 73 215 254 183 354 69 265 346 315 99 390 175 251 190 18 213 234 227 398 0,
PFG_MOEA,873,8,319.42,5478.6,0 304 31 48 330 192 129 238 148 260 391 271 66 166 205 208 6 204 154 305 326 283 65 62 297 241 158 189 220 110 140 103 155 83 378 124 126 20 64 30 272 268 39 0,62 205 220 391
PFG_MOEA,873,9,319.42,5478.6,0 7 180 333 286 317 56 217 55 0,
PFG_MOEA,873,10,319.42,5478.6,0 15 16 380 369 168 203 338 202 306 370 342 144 176 27 98 78 196 296 347 332 324 147 211 244 223 210 45 348 353 153 278 87 171 75 328 248 258 376 368 290 343 54 46 209 361 170 367 25 232 179 224 225 97 71 33 0,16 353 370
PFG_MOEA,873,11,319.42,5478.6,0 365 253 206 61 89 2 119 128 216 336 138 163 150 47 125 9 100 282 310 104 143 79 160 50 60 257 270 379 195 5 309 280 351 237 256 287 10 383 382 344 349 243 117 178 82 41 0,47 138 178 206 243
PFG_MOEA,873,12,319.42,5478.6,0 335 187 359 313 360 207 307 198 49 274 122 239 276 32 40 295 23 381 236 252 90 12 214 185 0,
PFG_MOEA,874,1,759.34,4800.0,0 219 341 105 389 114 84 131 355 325 29 81 113 76 116 111 384 337 358 181 177 288 385 240 396 245 115 392 285 331 133 293 53 163 150 9 125 47 216 89 61 206 253 365 0,245
PFG_MOEA,874,2,759.34,4800.0,0 22 134 186 162 159 279 74 284 184 318 70 292 263 8 373 169 108 14 375 212 24 91 0,318
PFG_MOEA,874,3,759.34,4800.0,0 304 31 48 148 260 224 71 33 129 238 330 192 200 165 112 191 152 127 57 109 59 137 273 136 247 17 43 85 215 73 254 69 354 183 327 387 157 149 188 394 316 63 262 1 255 250 28 42 400 395 377 345 356 264 259 246 308 229 197 218 151 77 107 164 67 302 388 3 106 173 261 320 364 393 312 201 362 329 300 123 51 145 322 121 146 294 174 339 132 120 142 37 269 321 299 340 233 135 88 249 35 161 235 68 58 34 386 231 289 366 267 228 44 130 52 72 303 357 319 266 141 86 92 199 156 94 230 311 374 11 36 397 350 4 314 193 182 172 13 19 226 221 242 96 80 38 0,33 106 174 200 303 311 394
PFG_MOEA,874,4,759.34,4800.0,0 378 83 155 103 18 190 251 175 99 315 346 372 301 167 21 139 291 265 390 234 0,
PFG_MOEA,874,5,759.34,4800.0,0 179 391 271 39 30 272 268 46 54 93 398 227 213 232 0,391
PFG_MOEA,874,6,759.34,4800.0,0 225 0,
PFG_MOEA,874,7,759.34,4800.0,0 97 209 361 170 367 0,
PFG_MOEA,874,8,759.34,4800.0,0 399 15 168 203 338 202 306 370 342 144 176 27 98 78 196 369 380 16 41 82 178 117 243 344 349 66 343 290 368 376 258 248 328 75 348 353 45 210 278 153 171 87 6 208 205 166 158 189 220 241 62 297 65 283 204 154 305 326 110 140 180 333 317 286 25 55 217 56 7 124 126 20 64 287 10 383 382 0,62 66 205 220 342
PFG_MOEA,874,9,759.34,4800.0,0 2 119 128 295 40 32 276 239 122 296 332 347 138 336 222 95 101 194 147 324 275 323 363 352 277 102 223 244 211 104 310 100 282 143 79 160 50 60 257 270 379 195 5 309 280 351 237 256 274 49 198 252 236 0,
PFG_MOEA,874,10,759.34,4800.0,0 381 23 90 12 207 307 0,
PFG_MOEA,874,11,759.34,4800.0,0 335 187 359 313 360 214 0,
PFG_MOEA,874,12,759.34,4800.0,0 185 118 281 26 334 298 371 0,
PFG_MOEA,875,1,314.81,5596.11,0 12 90 128 236 252 336 276 138 222 198 49 274 256 237 351 280 309 5 290 343 313 207 0,222
PFG_MOEA,875,2,314.81,5596.11,0 91 292 263 8 373 169 108 14 375 212 24 371 219 341 298 334 26 281 118 185 214 295 40 32 239 122 95 101 352 363 323 194 275 277 102 100 23 381 119 2 307 359 187 148 48 31 304 0,23
PFG_MOEA,875,3,314.81,5596.11,0 260 224 71 33 127 152 191 112 165 200 129 238 330 192 0,33
PFG_MOEA,875,4,314.81,5596.11,0 57 67 302 173 106 3 388 164 107 77 151 218 197 229 308 246 259 264 356 345 377 395 400 42 28 250 255 1 262 63 316 394 188 149 157 387 327 183 354 69 254 73 215 85 43 17 247 136 273 137 59 109 0,
PFG_MOEA,875,5,314.81,5596.11,0 329 300 362 123 51 145 322 121 146 201 261 320 364 393 312 294 174 339 132 206 253 365 360 335 0,362 393
PFG_MOEA,875,6,314.81,5596.11,0 61 358 181 177 288 385 240 396 245 115 392 285 331 133 293 53 163 150 9 125 47 216 89 0,
PFG_MOEA,875,7,314.81,5596.11,0 80 13 19 226 35 161 235 58 34 386 231 289 366 267 228 44 130 52 72 318 70 184 284 74 279 159 162 389 114 355 325 384 337 111 116 76 113 81 29 131 84 105 186 134 22 0,
PFG_MOEA,875,8,314.81,5596.11,0 38 96 242 221 172 182 397 350 311 4 314 193 230 94 156 374 36 11 92 319 357 303 266 141 86 199 68 135 88 249 233 340 299 321 269 120 142 37 301 21 139 291 167 372 346 315 99 175 251 0,182
PFG_MOEA,875,9,314.81,5596.11,0 97 225 232 179 391 271 158 241 62 297 65 283 204 154 305 326 110 140 286 317 333 180 220 126 124 7 56 217 55 25 367 170 361 209 227 234 213 190 390 265 18 103 155 83 378 398 93 54 46 268 272 30 39 0,65 154
PFG_MOEA,875,10,314.81,5596.11,0 399 15 16 380 41 82 178 117 243 344 349 20 189 64 166 205 208 6 87 171 153 278 210 353 258 376 368 66 287 10 383 382 0,243
PFG_MOEA,875,11,314.81,5596.11,0 369 338 203 168 0,
PFG_MOEA,875,12,314.81,5596.11,0 202 306 370 342 144 176 27 98 78 196 296 347 332 324 147 211 244 223 104 310 282 143 79 160 50 60 257 270 379 195 45 348 75 328 248 0,370
PFG_MOEA,876,1,411.21,4974.5,0 12 90 381 23 32 276 239 336 138 222 198 49 274 256 237 351 280 252 236 128 119 2 0,23
PFG_MOEA,876,2,411.21,4974.5,0 22 118 185 214 295 40 122 392 285 331 133 293 53 101 352 363 323 194 275 277 102 100 95 163 61 89 207 307 313 359 365 253 206 187 0,22 100
PFG_MOEA,876,3,411.21,4974.5,0 115 0,
PFG_MOEA,876,4,411.21,4974.5,0 245 396 240 385 288 177 181 358 337 384 111 116 76 113 81 29 325 355 0,
PFG_MOEA,876,5,411.21,4974.5,0 281 26 334 298 341 134 186 131 84 114 389 105 219 371 162 159 74 279 91 24 212 375 284 14 184 318 70 292 263 8 373 169 108 72 52 130 44 386 362 201 312 67 164 107 302 173 106 261 388 197 218 151 77 273 136 137 59 109 127 57 226 19 13 80 0,77 106 284
PFG_MOEA,876,6,411.21,4974.5,0 38 172 182 319 303 357 266 141 86 199 228 267 366 289 231 34 58 68 161 235 35 249 88 135 233 156 94 230 374 92 11 36 397 350 311 4 314 193 340 299 321 269 120 142 37 51 123 145 132 339 322 121 146 294 174 320 364 393 3 229 308 356 264 259 246 42 300 329 112 221 242 96 0,51 174 229 246 299
PFG_MOEA,876,7,411.21,4974.5,0 399 200 165 191 152 247 255 1 262 250 28 345 377 395 400 394 188 301 372 21 167 291 139 149 157 63 316 387 327 17 43 85 215 73 254 183 354 69 265 346 315 99 175 251 190 390 18 103 155 83 378 213 234 227 398 93 224 179 232 225 97 71 33 260 148 238 129 330 192 48 31 304 0,93
PFG_MOEA,876,8,411.21,4974.5,0 382 383 10 391 271 39 46 54 268 272 30 66 166 205 208 6 204 154 305 326 283 65 297 62 241 110 140 286 317 333 180 220 158 189 64 20 126 124 7 56 217 55 25 367 170 361 209 287 0,55 62 66 220
PFG_MOEA,876,9,411.21,4974.5,0 380 0,
PFG_MOEA,876,10,411.21,4974.5,0 16 369 15 0,
PFG_MOEA,876,11,411.21,4974.5,0 168 203 178 82 41 0,178
PFG_MOEA,876,12,411.21,4974.5,0 335 360 338 202 306 370 342 144 176 27 98 78 196 296 347 332 216 47 125 9 150 147 324 211 244 223 104 310 282 143 309 5 195 379 79 160 50 60 270 257 210 45 153 278 87 171 353 348 75 328 248 258 376 368 290 343 349 344 243 117 0,
PFG_MOEA,877,1,312.55,5795.78,0 336 138 239 122 296 347 332 324 275 277 104 211 244 223 102 352 363 323 194 147 101 95 222 0,122 211 222 277
PFG_MOEA,877,2,312.55,5795.78,0 335 360 207 307 313 359 187 100 310 282 143 79 160 50 60 257 270 379 195 5 309 280 351 237 256 274 49 198 252 236 381 23 90 12 214 185 118 281 26 334 298 371 72 52 130 44 386 80 0,5 307
PFG_MOEA,877,3,312.55,5795.78,0 13 19 226 57 127 109 59 137 136 273 77 151 218 197 388 261 106 173 302 107 164 67 312 201 362 123 51 145 294 174 339 132 142 120 269 321 299 0,174
PFG_MOEA,877,4,312.55,5795.78,0 340 233 135 88 249 35 235 161 68 58 34 231 289 366 267 228 141 266 303 357 319 86 199 156 94 0,303
PFG_MOEA,877,5,312.55,5795.78,0 38 172 182 397 36 11 92 374 230 311 350 4 314 193 37 322 121 146 320 364 393 3 229 308 356 264 259 246 42 300 329 112 191 152 221 242 96 0,42 264
PFG_MOEA,877,6,312.55,5795.78,0 200 165 129 0,
PFG_MOEA,877,7,312.55,5795.78,0 304 330 395 400 394 188 301 372 21 167 291 139 149 157 63 316 387 17 43 33 71 224 260 0,
PFG_MOEA,877,8,312.55,5795.78,0 399 247 28 250 345 377 262 1 255 327 254 73 215 85 93 179 232 225 97 148 238 192 48 31 0,93
PFG_MOEA,877,9,312.55,5795.78,0 378 69 183 354 265 346 315 99 175 251 190 390 18 103 155 83 234 213 227 398 209 361 170 367 25 55 217 56 7 180 333 317 286 140 110 62 297 65 283 326 305 154 204 6 208 241 220 158 189 64 20 126 124 0,175
PFG_MOEA,877,10,312.55,5795.78,0 287 382 383 10 268 272 30 66 166 205 271 39 391 53 293 133 331 285 392 115 245 396 240 385 288 177 181 358 337 384 111 116 76 113 81 29 325 355 131 84 114 389 105 341 219 0,
PFG_MOEA,877,11,312.55,5795.78,0 91 24 212 375 14 108 169 373 8 263 292 70 318 184 284 74 279 159 162 22 134 186 89 216 47 125 9 150 163 61 365 253 206 46 54 0,
PFG_MOEA,877,12,312.55,5795.78,0 41 82 178 117 243 344 349 343 290 368 376 258 248 328 75 171 87 153 278 210 45 353 348 2 119 128 295 40 32 276 196 78 98 27 176 144 342 370 306 202 338 203 168 369 380 16 15 0,16 87 203
PFG_MOEA,878,1,389.39,5146.42,0 163 78 53 293 133 331 285 392 98 115 245 27 396 240 385 288 177 181 358 337 384 111 116 76 113 81 29 325 355 131 84 114 389 91 279 74 159 162 371 219 298 341 22 134 186 105 118 185 0,
PFG_MOEA,878,2,389.39,5146.42,0 281 26 334 24 212 375 284 14 184 318 70 292 263 8 373 169 108 72 52 130 44 386 51 145 123 362 201 294 312 67 164 107 302 173 106 261 388 197 218 151 77 273 136 137 59 109 127 57 226 19 13 80 0,
PFG_MOEA,878,3,389.39,5146.42,0 142 339 174 132 120 269 321 299 340 233 135 88 249 35 235 161 68 58 34 231 289 366 267 228 141 266 303 357 319 86 199 156 94 230 374 92 11 36 397 350 311 4 314 193 0,88
PFG_MOEA,878,4,389.39,5146.42,0 182 172 38 0,
PFG_MOEA,878,5,389.39,5146.42,0 37 322 121 146 320 364 393 3 229 308 356 264 259 246 42 300 329 112 152 191 165 200 221 242 96 0,152 264 329
PFG_MOEA,878,6,389.39,5146.42,0 129 33 71 224 260 0,
PFG_MOEA,878,7,389.39,5146.42,0 399 247 255 1 262 250 28 345 377 395 400 394 188 301 372 21 167 291 139 149 157 63 316 387 17 43 73 254 327 183 354 69 215 85 93 179 232 225 97 148 48 238 330 192 31 304 0,395
PFG_MOEA,878,8,389.39,5146.42,0 16 15 168 203 369 380 391 271 39 268 272 30 66 166 205 208 6 204 154 305 326 283 65 297 62 241 110 140 286 317 333 180 220 158 189 64 20 126 124 7 56 217 55 25 367 170 361 209 398 227 234 213 190 251 175 99 315 346 265 390 18 103 155 83 378 54 46 287 10 383 382 41 0,7 16 20 103 272
PFG_MOEA,878,9,389.39,5146.42,0 82 178 117 243 368 376 258 353 153 171 87 278 210 143 237 256 274 49 100 282 310 104 102 277 275 194 323 363 352 101 198 95 222 138 122 276 336 252 236 128 23 381 90 119 2 12 0,
PFG_MOEA,878,10,389.39,5146.42,0 344 349 351 280 309 5 79 160 50 60 257 270 379 195 45 348 75 328 248 290 343 187 0,
PFG_MOEA,878,11,389.39,5146.42,0 214 295 40 32 239 370 342 144 176 150 47 9 125 216 89 61 207 307 313 359 206 253 365 360 335 0,176
PFG_MOEA,878,12,389.39,5146.42,0 338 202 306 196 296 347 332 324 147 211 244 223 0,
PFG_MOEA,879,1,413.96,4915.5,0 187 206 253 365 359 313 307 207 61 12 89 2 119 128 236 252 336 138 163 222 95 198 351 280 237 256 274 49 100 102 277 275 194 323 363 352 101 53 293 133 331 285 392 122 239 276 32 40 295 23 381 90 113 81 29 76 116 111 384 337 358 181 177 288 385 240 396 245 115 22 118 185 214 0,245 381
PFG_MOEA,879,2,413.96,4915.5,0 281 84 131 325 355 114 389 186 134 341 298 26 334 0,
PFG_MOEA,879,3,413.96,4915.5,0 371 219 105 162 159 74 279 91 24 212 375 284 14 184 318 70 292 263 8 373 169 108 72 52 130 44 386 362 201 312 67 164 107 302 173 106 261 388 197 218 151 77 273 136 137 59 0,
PFG_MOEA,879,4,413.96,4915.5,0 57 127 109 226 0,
PFG_MOEA,879,5,413.96,4915.5,0 19 0,
PFG_MOEA,879,6,413.96,4915.5,0 38 303 357 266 141 86 199 228 267 366 289 231 34 58 68 161 235 35 249 88 135 233 319 182 172 13 80 0,88
PFG_MOEA,879,7,413.96,4915.5,0 399 397 36 11 92 156 94 230 374 350 311 4 314 193 340 299 321 269 120 142 37 51 123 145 132 339 322 121 146 294 174 320 364 393 3 229 308 356 264 259 246 42 300 329 112 191 165 200 221 242 96 0,11 340 374 393
PFG_MOEA,879,8,413.96,4915.5,0 152 247 255 1 262 250 28 345 377 395 400 394 188 301 372 21 167 291 139 149 157 63 316 387 327 17 43 85 215 73 254 183 354 69 265 346 315 99 175 251 190 390 18 103 155 83 378 213 234 227 398 93 0,1 152 175 227
PFG_MOEA,879,9,413.96,4915.5,0 304 31 48 192 330 238 129 148 260 391 271 39 268 272 30 66 166 205 208 6 204 154 305 326 283 65 297 62 241 110 140 286 317 333 180 220 158 189 64 20 126 124 7 56 217 55 25 367 170 361 209 71 33 97 225 232 179 224 0,55 391
PFG_MOEA,879,10,413.96,4915.5,0 287 10 383 382 0,
PFG_MOEA,879,11,413.96,4915.5,0 16 15 168 203 369 380 82 178 117 243 349 344 54 46 41 0,
PFG_MOEA,879,12,413.96,4915.5,0 335 360 216 150 9 47 125 309 5 343 290 368 376 258 248 328 75 171 87 278 153 353 348 45 210 195 379 270 257 60 50 160 79 143 282 310 104 223 244 211 324 147 332 347 296 196 78 98 27 176 144 342 370 306 202 338 0,
PFG_MOEA,880,1,320.55,5348.04,0 80 13 172 182 397 36 11 92 233 135 88 249 35 235 161 68 58 34 231 289 319 399 0,
PFG_MOEA,880,2,320.55,5348.04,0 374 230 94 156 311 350 4 314 193 340 299 321 269 120 142 132 339 174 320 364 308 229 3 393 294 146 121 322 123 145 51 37 0,393
PFG_MOEA,880,3,320.55,5348.04,0 96 242 221 200 165 112 329 300 191 152 247 255 1 262 42 250 28 246 259 264 356 345 377 395 400 394 188 301 372 21 167 291 139 149 157 63 316 387 327 17 43 85 215 73 254 183 354 69 265 346 315 99 175 251 190 0,215
PFG_MOEA,880,4,320.55,5348.04,0 304 31 192 330 238 129 398 227 234 213 18 390 286 140 110 241 93 260 148 48 0,
PFG_MOEA,880,5,320.55,5348.04,0 317 333 0,
PFG_MOEA,880,6,320.55,5348.04,0 33 71 209 361 170 367 25 55 217 56 7 180 220 158 189 64 20 126 124 224 10 383 382 16 203 168 15 0,25
PFG_MOEA,880,7,320.55,5348.04,0 380 369 335 360 216 150 9 47 125 309 5 195 379 270 210 45 348 353 153 278 87 171 75 328 248 258 376 368 290 343 54 46 344 349 243 117 178 82 41 0,
PFG_MOEA,880,8,320.55,5348.04,0 338 202 306 370 342 144 176 27 98 78 196 296 347 332 147 324 211 244 223 104 310 282 143 79 160 50 60 257 6 204 154 305 326 283 62 297 65 208 205 166 66 30 272 268 0,66
PFG_MOEA,880,9,320.55,5348.04,0 187 206 253 365 359 313 307 207 61 12 89 2 119 128 236 252 336 138 163 222 95 198 351 256 237 280 391 271 39 378 83 155 103 232 179 287 225 97 0,138 307
PFG_MOEA,880,10,320.55,5348.04,0 22 389 114 84 131 325 355 29 81 113 76 116 111 384 337 358 181 177 288 385 240 396 245 115 392 285 331 133 293 53 101 352 363 323 194 275 277 102 100 49 274 122 239 276 32 40 295 23 381 90 214 185 281 118 0,323 331
PFG_MOEA,880,11,320.55,5348.04,0 334 298 26 105 186 134 341 219 371 24 212 375 14 184 318 70 292 263 8 373 169 284 74 279 91 159 162 0,134
PFG_MOEA,880,12,320.55,5348.04,0 38 19 226 57 127 109 59 137 136 273 77 151 218 197 388 261 106 173 302 107 164 67 312 201 362 366 267 228 386 44 130 52 72 108 303 357 266 141 86 199 0,106 386
PFG_MOEA,881,1,270.73,5843.94,0 335 187 309 5 195 379 270 257 60 50 160 79 143 280 351 237 256 274 49 198 252 236 381 23 90 12 207 307 0,
PFG_MOEA,881,2,270.73,5843.94,0 61 313 359 206 253 365 360 214 185 118 281 26 334 298 371 22 134 186 162 159 292 263 8 373 318 70 184 284 74 279 0,134 284 313 318
PFG_MOEA,881,3,270.73,5843.94,0 91 169 108 14 375 212 24 192 330 238 129 200 165 112 191 152 127 57 109 59 137 273 136 247 17 43 85 215 33 71 224 260 148 48 31 304 0,33 200
PFG_MOEA,881,4,270.73,5843.94,0 73 254 69 354 183 327 387 157 149 188 394 316 63 262 1 255 250 28 42 400 395 377 345 356 264 259 246 308 229 197 218 151 77 107 164 67 302 388 3 106 173 261 320 364 0,
PFG_MOEA,881,5,270.73,5843.94,0 329 300 362 123 51 145 322 121 146 201 312 393 294 174 339 132 120 142 0,145 174
PFG_MOEA,881,6,270.73,5843.94,0 37 269 321 299 340 219 341 105 84 131 29 81 113 76 116 111 181 358 337 384 325 355 114 389 0,341
PFG_MOEA,881,7,270.73,5843.94,0 89 216 47 125 9 150 163 53 293 133 331 285 392 115 245 396 240 385 288 177 34 58 235 135 233 88 249 35 161 68 0,133 240
PFG_MOEA,881,8,270.73,5843.94,0 172 182 193 314 4 350 397 36 11 374 311 230 94 156 199 92 86 319 266 141 289 231 386 366 267 228 44 130 52 72 303 357 13 19 226 221 242 96 0,141 386
PFG_MOEA,881,9,270.73,5843.94,0 38 80 378 83 291 139 21 167 301 372 346 315 265 390 99 175 251 190 18 103 155 234 227 398 93 54 46 268 272 30 39 271 391 179 0,
PFG_MOEA,881,10,270.73,5843.94,0 97 225 232 209 361 213 170 367 328 248 258 376 368 290 343 66 349 344 243 117 178 82 41 16 380 369 196 78 98 27 176 144 342 370 306 202 338 203 168 15 399 0,82 176 225
PFG_MOEA,881,11,270.73,5843.94,0 287 64 166 205 75 348 353 45 210 278 153 171 87 6 208 158 189 220 241 62 297 65 283 204 154 305 326 110 140 180 333 317 286 25 55 217 56 7 124 126 20 10 0,65 126
PFG_MOEA,881,12,270.73,5843.94,0 2 119 128 295 40 32 276 239 122 296 332 347 138 336 222 95 101 194 147 324 275 323 363 352 277 102 223 244 211 104 310 100 282 383 382 0,2
PFG_MOEA,882,1,369.23,5154.87,0 90 295 40 32 276 239 122 222 95 101 323 363 352 102 277 275 194 53 293 133 331 285 392 115 245 396 240 385 288 177 181 358 337 384 111 116 76 113 81 29 325 131 84 355 114 389 279 74 159 162 371 219 341 22 134 186 105 298 334 26 281 118 185 214 0,40 240 245 331
PFG_MOEA,882,2,369.23,5154.87,0 91 24 212 375 284 14 184 318 70 292 263 8 373 169 108 72 52 130 44 386 0,318
PFG_MOEA,882,3,369.23,5154.87,0 362 201 312 67 164 107 302 173 106 261 388 197 218 151 77 273 136 0,106
PFG_MOEA,882,4,369.23,5154.87,0 399 172 182 397 36 11 92 86 141 266 303 357 319 199 228 267 366 289 231 34 58 68 161 235 35 249 88 135 233 156 94 230 374 350 311 4 314 193 340 299 321 269 120 142 37 51 145 123 137 59 109 127 57 226 19 13 80 38 0,340
PFG_MOEA,882,5,369.23,5154.87,0 132 339 322 0,
PFG_MOEA,882,6,369.23,5154.87,0 96 242 221 200 165 112 191 152 329 300 121 146 294 174 320 364 393 3 229 308 259 246 264 356 345 377 395 400 42 250 28 247 255 1 262 63 157 291 167 21 372 301 188 394 139 149 316 387 327 17 43 85 215 73 254 183 354 69 265 346 315 99 0,1 200 393
PFG_MOEA,882,7,369.23,5154.87,0 93 398 227 234 213 190 251 175 390 18 103 155 83 378 31 304 0,
PFG_MOEA,882,8,369.23,5154.87,0 48 192 330 238 129 148 260 391 0,
PFG_MOEA,882,9,369.23,5154.87,0 268 272 30 65 283 326 305 154 204 6 208 205 166 66 271 39 0,272
PFG_MOEA,882,10,369.23,5154.87,0 124 126 20 64 189 158 220 241 297 62 110 140 286 317 333 180 7 56 217 55 25 367 170 361 209 71 97 33 0,
PFG_MOEA,882,11,369.23,5154.87,0 15 16 380 369 168 203 338 202 306 370 342 144 176 27 98 78 196 296 347 332 324 147 211 244 223 210 45 348 353 153 278 87 171 75 328 248 258 376 368 290 343 54 46 224 225 232 179 287 10 383 382 41 344 349 243 117 178 82 125 9 47 150 216 360 335 0,47 87 353
PFG_MOEA,882,12,369.23,5154.87,0 207 307 313 359 365 253 206 187 100 310 104 282 143 79 160 50 60 257 270 379 195 5 309 280 351 237 256 274 49 198 163 138 336 252 236 381 23 128 119 2 89 12 61 0,
PFG_MOEA,883,1,337.93,5308.22,0 187 206 253 313 359 365 0,
PFG_MOEA,883,2,337.93,5308.22,0 207 307 198 280 351 256 237 101 53 293 133 331 285 392 95 222 163 138 336 252 236 128 119 2 89 12 61 0,133 222
PFG_MOEA,883,3,337.93,5308.22,0 323 363 352 194 275 277 102 100 49 274 122 239 276 32 40 295 23 381 90 0,
PFG_MOEA,883,4,337.93,5308.22,0 22 115 245 396 240 385 288 177 181 358 337 384 111 116 76 113 81 29 131 84 281 118 185 214 0,
PFG_MOEA,883,5,337.93,5308.22,0 334 26 298 371 219 341 134 186 105 355 325 114 389 162 159 74 279 91 24 212 375 284 14 184 318 70 292 263 8 373 169 108 72 52 130 44 386 362 201 312 0,284
PFG_MOEA,883,6,337.93,5308.22,0 399 172 182 397 36 11 92 86 141 266 303 357 319 199 228 267 366 289 231 34 58 68 161 235 35 249 88 135 233 156 94 230 57 127 109 59 137 136 273 77 151 218 197 388 261 106 173 302 107 164 67 294 226 19 13 80 38 0,
PFG_MOEA,883,7,337.93,5308.22,0 374 350 311 4 314 193 340 299 321 269 120 142 37 51 145 123 146 121 322 339 132 174 320 364 393 3 229 308 356 264 259 246 42 1 255 247 152 191 112 329 300 165 200 221 242 96 0,132 264 340 393
PFG_MOEA,883,8,337.93,5308.22,0 28 250 262 400 395 345 377 394 188 301 372 21 167 291 139 149 157 63 316 387 327 17 43 85 215 73 254 183 354 69 265 346 315 99 175 251 190 0,
PFG_MOEA,883,9,337.93,5308.22,0 304 192 330 238 129 378 83 155 103 18 390 213 234 227 398 140 110 241 62 297 65 283 326 305 154 204 6 208 205 166 66 93 30 272 268 39 271 391 260 148 48 31 0,65 391
PFG_MOEA,883,10,337.93,5308.22,0 33 71 225 97 232 209 361 170 367 25 55 217 56 7 317 286 333 180 220 158 189 64 20 126 124 224 10 287 179 0,
PFG_MOEA,883,11,337.93,5308.22,0 15 168 203 369 16 380 335 360 216 150 9 47 125 309 5 195 379 270 210 45 348 353 153 278 87 171 75 328 248 54 46 383 382 344 349 243 117 178 82 41 0,82 87 195 353
PFG_MOEA,883,12,337.93,5308.22,0 338 202 306 370 342 144 176 27 98 78 196 296 347 332 147 324 211 244 223 104 310 282 143 79 160 50 60 257 258 376 368 290 343 0,290
PFG_MOEA,884,1,319.42,5478.6,0 222 0,
PFG_MOEA,884,2,319.42,5478.6,0 95 101 323 363 352 102 277 275 194 53 293 133 331 285 392 115 245 396 240 385 288 177 181 358 337 384 111 116 76 113 81 29 325 131 84 355 114 389 279 74 159 162 371 219 341 22 134 186 105 298 334 26 281 0,105
PFG_MOEA,884,3,319.42,5478.6,0 118 91 284 184 14 375 212 24 0,375
PFG_MOEA,884,4,319.42,5478.6,0 399 397 36 11 92 199 86 141 266 319 357 303 289 366 267 228 8 263 292 70 318 373 169 108 72 52 130 44 386 362 201 312 67 164 107 302 173 106 261 388 197 218 151 77 273 136 182 172 0,86 197 318 362
PFG_MOEA,884,5,319.42,5478.6,0 38 80 13 19 226 57 127 109 59 137 123 145 51 132 142 120 269 321 299 37 340 193 314 4 350 311 156 233 135 88 249 35 235 161 68 58 34 231 94 230 374 0,
PFG_MOEA,884,6,319.42,5478.6,0 96 242 200 191 112 165 322 339 174 393 3 229 364 320 294 121 146 300 329 152 221 0,200 393
PFG_MOEA,884,7,319.42,5478.6,0 93 85 247 28 246 259 308 264 356 345 377 395 400 42 250 255 1 262 63 157 291 167 21 372 301 188 394 139 149 316 387 327 17 43 73 215 254 183 354 69 265 346 315 99 390 175 251 190 18 213 234 227 398 0,
PFG_MOEA,884,8,319.42,5478.6,0 304 31 48 330 192 129 238 148 260 391 271 66 166 205 208 6 204 154 305 326 283 65 62 297 241 158 189 220 110 140 103 155 83 378 124 126 20 64 30 272 268 39 0,62 205 220 391
PFG_MOEA,884,9,319.42,5478.6,0 7 180 333 286 317 56 217 55 0,
PFG_MOEA,884,10,319.42,5478.6,0 15 16 380 369 168 203 338 202 306 370 342 144 176 27 98 78 196 296 347 332 324 147 211 244 223 210 45 348 353 153 278 87 171 75 328 248 258 376 368 290 343 54 46 209 361 170 367 25 232 179 224 225 97 71 33 0,16 353 370
PFG_MOEA,884,11,319.42,5478.6,0 365 253 206 61 89 2 119 128 216 336 138 163 150 47 125 9 100 282 310 104 143 79 160 50 60 257 270 379 195 5 309 280 351 237 256 287 10 383 382 344 349 243 117 178 82 41 0,47 138 178 206 243
PFG_MOEA,884,12,319.42,5478.6,0 335 187 359 313 360 207 307 198 49 274 122 239 276 32 40 295 23 381 236 252 90 12 214 185 0,
PFG_MOEA,885,1,759.34,4800.0,0 219 341 105 389 114 84 131 355 325 29 81 113 76 116 111 384 337 358 181 177 288 385 240 396 245 115 392 285 331 133 293 53 163 150 9 125 47 216 89 61 206 253 365 0,245
PFG_MOEA,885,2,759.34,4800.0,0 22 134 186 162 159 279 74 284 184 318 70 292 263 8 373 169 108 14 375 212 24 91 0,318
PFG_MOEA,885,3,759.34,4800.0,0 304 31 48 148 260 224 71 33 129 238 330 192 200 165 112 191 152 127 57 109 59 137 273 136 247 17 43 85 215 73 254 69 354 183 327 387 157 149 188 394 316 63 262 1 255 250 28 42 400 395 377 345 356 264 259 246 308 229 197 218 151 77 107 164 67 302 388 3 106 173 261 320 364 393 312 201 362 329 300 123 51 145 322 121 146 294 174 339 132 120 142 37 269 321 299 340 233 135 88 249 35 161 235 68 58 34 386 231 289 366 267 228 44 130 52 72 303 357 319 266 141 86 92 199 156 94 230 311 374 11 36 397 350 4 314 193 182 172 13 19 226 221 242 96 80 38 0,33 106 174 200 303 311 394
PFG_MOEA,885,4,759.34,4800.0,0 378 83 155 103 18 190 251 175 99 315 346 372 301 167 21 139 291 265 390 234 0,
PFG_MOEA,885,5,759.34,4800.0,0 179 391 271 39 30 272 268 46 54 93 398 227 213 232 0,391
PFG_MOEA,885,6,759.34,4800.0,0 225 0,
PFG_MOEA,885,7,759.34,4800.0,0 97 209 361 170 367 0,
PFG_MOEA,885,8,759.34,4800.0,0 399 15 168 203 338 202 306 370 342 144 176 27 98 78 196 369 380 16 41 82 178 117 243 344 349 66 343 290 368 376 258 248 328 75 348 353 45 210 278 153 171 87 6 208 205 166 158 189 220 241 62 297 65 283 204 154 305 326 110 140 180 333 317 286 25 55 217 56 7 124 126 20 64 287 10 383 382 0,62 66 205 220 342
PFG_MOEA,885,9,759.34,4800.0,0 2 119 128 295 40 32 276 239 122 296 332 347 138 336 222 95 101 194 147 324 275 323 363 352 277 102 223 244 211 104 310 100 282 143 79 160 50 60 257 270 379 195 5 309 280 351 237 256 274 49 198 252 236 0,
PFG_MOEA,885,10,759.34,4800.0,0 381 23 90 12 207 307 0,
PFG_MOEA,885,11,759.34,4800.0,0 335 187 359 313 360 214 0,
PFG_MOEA,885,12,759.34,4800.0,0 185 118 281 26 334 298 371 0,
PFG_MOEA,886,1,314.81,5596.11,0 12 90 128 236 252 336 276 138 222 198 49 274 256 237 351 280 309 5 290 343 313 207 0,222
PFG_MOEA,886,2,314.81,5596.11,0 91 292 263 8 373 169 108 14 375 212 24 371 219 341 298 334 26 281 118 185 214 295 40 32 239 122 95 101 352 363 323 194 275 277 102 100 23 381 119 2 307 359 187 148 48 31 304 0,23
PFG_MOEA,886,3,314.81,5596.11,0 260 224 71 33 127 152 191 112 165 200 129 238 330 192 0,33
PFG_MOEA,886,4,314.81,5596.11,0 57 67 302 173 106 3 388 164 107 77 151 218 197 229 308 246 259 264 356 345 377 395 400 42 28 250 255 1 262 63 316 394 188 149 157 387 327 183 354 69 254 73 215 85 43 17 247 136 273 137 59 109 0,
PFG_MOEA,886,5,314.81,5596.11,0 329 300 362 123 51 145 322 121 146 201 261 320 364 393 312 294 174 339 132 206 253 365 360 335 0,362 393
PFG_MOEA,886,6,314.81,5596.11,0 61 358 181 177 288 385 240 396 245 115 392 285 331 133 293 53 163 150 9 125 47 216 89 0,
PFG_MOEA,886,7,314.81,5596.11,0 80 13 19 226 35 161 235 58 34 386 231 289 366 267 228 44 130 52 72 318 70 184 284 74 279 159 162 389 114 355 325 384 337 111 116 76 113 81 29 131 84 105 186 134 22 0,
PFG_MOEA,886,8,314.81,5596.11,0 38 96 242 221 172 182 397 350 311 4 314 193 230 94 156 374 36 11 92 319 357 303 266 141 86 199 68 135 88 249 233 340 299 321 269 120 142 37 301 21 139 291 167 372 346 315 99 175 251 0,182
PFG_MOEA,886,9,314.81,5596.11,0 97 225 232 179 391 271 158 241 62 297 65 283 204 154 305 326 110 140 286 317 333 180 220 126 124 7 56 217 55 25 367 170 361 209 227 234 213 190 390 265 18 103 155 83 378 398 93 54 46 268 272 30 39 0,65 154
PFG_MOEA,886,10,314.81,5596.11,0 399 15 16 380 41 82 178 117 243 344 349 20 189 64 166 205 208 6 87 171 153 278 210 353 258 376 368 66 287 10 383 382 0,243
PFG_MOEA,886,11,314.81,5596.11,0 369 338 203 168 0,
PFG_MOEA,886,12,314.81,5596.11,0 202 306 370 342 144 176 27 98 78 196 296 347 332 324 147 211 244 223 104 310 282 143 79 160 50 60 257 270 379 195 45 348 75 328 248 0,370
PFG_MOEA,887,1,411.21,4974.5,0 12 90 381 23 32 276 239 336 138 222 198 49 274 256 237 351 280 252 236 128 119 2 0,23
PFG_MOEA,887,2,411.21,4974.5,0 22 118 185 214 295 40 122 392 285 331 133 293 53 101 352 363 323 194 275 277 102 100 95 163 61 89 207 307 313 359 365 253 206 187 0,22 100
PFG_MOEA,887,3,411.21,4974.5,0 115 0,
PFG_MOEA,887,4,411.21,4974.5,0 245 396 240 385 288 177 181 358 337 384 111 116 76 113 81 29 325 355 0,
PFG_MOEA,887,5,411.21,4974.5,0 281 26 334 298 341 134 186 131 84 114 389 105 219 371 162 159 74 279 91 24 212 375 284 14 184 318 70 292 263 8 373 169 108 72 52 130 44 386 362 201 312 67 164 107 302 173 106 261 388 197 218 151 77 273 136 137 59 109 127 57 226 19 13 80 0,77 106 284
PFG_MOEA,887,6,411.21,4974.5,0 38 172 182 319 303 357 266 141 86 199 228 267 366 289 231 34 58 68 161 235 35 249 88 135 233 156 94 230 374 92 11 36 397 350 311 4 314 193 340 299 321 269 120 142 37 51 123 145 132 339 322 121 146 294 174 320 364 393 3 229 308 356 264 259 246 42 300 329 112 221 242 96 0,51 174 229 246 299
PFG_MOEA,887,7,411.21,4974.5,0 399 200 165 191 152 247 255 1 262 250 28 345 377 395 400 394 188 301 372 21 167 291 139 149 157 63 316 387 327 17 43 85 215 73 254 183 354 69 265 346 315 99 175 251 190 390 18 103 155 83 378 213 234 227 398 93 224 179 232 225 97 71 33 260 148 238 129 330 192 48 31 304 0,93
PFG_MOEA,887,8,411.21,4974.5,0 382 383 10 391 271 39 46 54 268 272 30 66 166 205 208 6 204 154 305 326 283 65 297 62 241 110 140 286 317 333 180 220 158 189 64 20 126 124 7 56 217 55 25 367 170 361 209 287 0,55 62 66 220
PFG_MOEA,887,9,411.21,4974.5,0 380 0,
PFG_MOEA,887,10,411.21,4974.5,0 16 369 15 0,
PFG_MOEA,887,11,411.21,4974.5,0 168 203 178 82 41 0,178
PFG_MOEA,887,12,411.21,4974.5,0 335 360 338 202 306 370 342 144 176 27 98 78 196 296 347 332 216 47 125 9 150 147 324 211 244 223 104 310 282 143 309 5 195 379 79 160 50 60 270 257 210 45 153 278 87 171 353 348 75 328 248 258 376 368 290 343 349 344 243 117 0,
PFG_MOEA,888,1,312.55,5795.78,0 336 138 239 122 296 347 332 324 275 277 104 211 244 223 102 352 363 323 194 147 101 95 222 0,122 211 222 277
PFG_MOEA,888,2,312.55,5795.78,0 335 360 207 307 313 359 187 100 310 282 143 79 160 50 60 257 270 379 195 5 309 280 351 237 256 274 49 198 252 236 381 23 90 12 214 185 118 281 26 334 298 371 72 52 130 44 386 80 0,5 307
PFG_MOEA,888,3,312.55,5795.78,0 13 19 226 57 127 109 59 137 136 273 77 151 218 197 388 261 106 173 302 107 164 67 312 201 362 123 51 145 294 174 339 132 142 120 269 321 299 0,174
PFG_MOEA,888,4,312.55,5795.78,0 340 233 135 88 249 35 235 161 68 58 34 231 289 366 267 228 141 266 303 357 319 86 199 156 94 0,303
PFG_MOEA,888,5,312.55,5795.78,0 38 172 182 397 36 11 92 374 230 311 350 4 314 193 37 322 121 146 320 364 393 3 229 308 356 264 259 246 42 300 329 112 191 152 221 242 96 0,42 264
PFG_MOEA,888,6,312.55,5795.78,0 200 165 129 0,
PFG_MOEA,888,7,312.55,5795.78,0 304 330 395 400 394 188 301 372 21 167 291 139 149 157 63 316 387 17 43 33 71 224 260 0,
PFG_MOEA,888,8,312.55,5795.78,0 399 247 28 250 345 377 262 1 255 327 254 73 215 85 93 179 232 225 97 148 238 192 48 31 0,93
PFG_MOEA,888,9,312.55,5795.78,0 378 69 183 354 265 346 315 99 175 251 190 390 18 103 155 83 234 213 227 398 209 361 170 367 25 55 217 56 7 180 333 317 286 140 110 62 297 65 283 326 305 154 204 6 208 241 220 158 189 64 20 126 124 0,175
PFG_MOEA,888,10,312.55,5795.78,0 287 382 383 10 268 272 30 66 166 205 271 39 391 53 293 133 331 285 392 115 245 396 240 385 288 177 181 358 337 384 111 116 76 113 81 29 325 355 131 84 114 389 105 341 219 0,
PFG_MOEA,888,11,312.55,5795.78,0 91 24 212 375 14 108 169 373 8 263 292 70 318 184 284 74 279 159 162 22 134 186 89 216 47 125 9 150 163 61 365 253 206 46 54 0,
PFG_MOEA,888,12,312.55,5795.78,0 41 82 178 117 243 344 349 343 290 368 376 258 248 328 75 171 87 153 278 210 45 353 348 2 119 128 295 40 32 276 196 78 98 27 176 144 342 370 306 202 338 203 168 369 380 16 15 0,16 87 203
PFG_MOEA,889,1,389.39,5146.42,0 163 78 53 293 133 331 285 392 98 115 245 27 396 240 385 288 177 181 358 337 384 111 116 76 113 81 29 325 355 131 84 114 389 91 279 74 159 162 371 219 298 341 22 134 186 105 118 185 0,
PFG_MOEA,889,2,389.39,5146.42,0 281 26 334 24 212 375 284 14 184 318 70 292 263 8 373 169 108 72 52 130 44 386 51 145 123 362 201 294 312 67 164 107 302 173 106 261 388 197 218 151 77 273 136 137 59 109 127 57 226 19 13 80 0,
PFG_MOEA,889,3,389.39,5146.42,0 142 339 174 132 120 269 321 299 340 233 135 88 249 35 235 161 68 58 34 231 289 366 267 228 141 266 303 357 319 86 199 156 94 230 374 92 11 36 397 350 311 4 314 193 0,88
PFG_MOEA,889,4,389.39,5146.42,0 182 172 38 0,
PFG_MOEA,889,5,389.39,5146.42,0 37 322 121 146 320 364 393 3 229 308 356 264 259 246 42 300 329 112 152 191 165 200 221 242 96 0,152 264 329
PFG_MOEA,889,6,389.39,5146.42,0 129 33 71 224 260 0,
PFG_MOEA,889,7,389.39,5146.42,0 399 247 255 1 262 250 28 345 377 395 400 394 188 301 372 21 167 291 139 149 157 63 316 387 17 43 73 254 327 183 354 69 215 85 93 179 232 225 97 148 48 238 330 192 31 304 0,395
PFG_MOEA,889,8,389.39,5146.42,0 16 15 168 203 369 380 391 271 39 268 272 30 66 166 205 208 6 204 154 305 326 283 65 297 62 241 110 140 286 317 333 180 220 158 189 64 20 126 124 7 56 217 55 25 367 170 361 209 398 227 234 213 190 251 175 99 315 346 265 390 18 103 155 83 378 54 46 287 10 383 382 41 0,7 16 20 103 272
PFG_MOEA,889,9,389.39,5146.42,0 82 178 117 243 368 376 258 353 153 171 87 278 210 143 237 256 274 49 100 282 310 104 102 277 275 194 323 363 352 101 198 95 222 138 122 276 336 252 236 128 23 381 90 119 2 12 0,
PFG_MOEA,889,10,389.39,5146.42,0 344 349 351 280 309 5 79 160 50 60 257 270 379 195 45 348 75 328 248 290 343 187 0,
PFG_MOEA,889,11,389.39,5146.42,0 214 295 40 32 239 370 342 144 176 150 47 9 125 216 89 61 207 307 313 359 206 253 365 360 335 0,176
PFG_MOEA,889,12,389.39,5146.42,0 338 202 306 196 296 347 332 324 147 211 244 223 0,
PFG_MOEA,890,1,413.96,4915.5,0 187 206 253 365 359 313 307 207 61 12 89 2 119 128 236 252 336 138 163 222 95 198 351 280 237 256 274 49 100 102 277 275 194 323 363 352 101 53 293 133 331 285 392 122 239 276 32 40 295 23 381 90 113 81 29 76 116 111 384 337 358 181 177 288 385 240 396 245 115 22 118 185 214 0,245 381
PFG_MOEA,890,2,413.96,4915.5,0 281 84 131 325 355 114 389 186 134 341 298 26 334 0,
PFG_MOEA,890,3,413.96,4915.5,0 371 219 105 162 159 74 279 91 24 212 375 284 14 184 318 70 292 263 8 373 169 108 72 52 130 44 386 362 201 312 67 164 107 302 173 106 261 388 197 218 151 77 273 136 137 59 0,
PFG_MOEA,890,4,413.96,4915.5,0 57 127 109 226 0,
PFG_MOEA,890,5,413.96,4915.5,0 19 0,
PFG_MOEA,890,6,413.96,4915.5,0 38 303 357 266 141 86 199 228 267 366 289 231 34 58 68 161 235 35 249 88 135 233 319 182 172 13 80 0,88
PFG_MOEA,890,7,413.96,4915.5,0 399 397 36 11 92 156 94 230 374 350 311 4 314 193 340 299 321 269 120 142 37 51 123 145 132 339 322 121 146 294 174 320 364 393 3 229 308 356 264 259 246 42 300 329 112 191 165 200 221 242 96 0,11 340 374 393
PFG_MOEA,890,8,413.96,4915.5,0 152 247 255 1 262 250 28 345 377 395 400 394 188 301 372 21 167 291 139 149 157 63 316 387 327 17 43 85 215 73 254 183 354 69 265 346 315 99 175 251 190 390 18 103 155 83 378 213 234 227 398 93 0,1 152 175 227
PFG_MOEA,890,9,413.96,4915.5,0 304 31 48 192 330 238 129 148 260 391 271 39 268 272 30 66 166 205 208 6 204 154 305 326 283 65 297 62 241 110 140 286 317 333 180 220 158 189 64 20 126 124 7 56 217 55 25 367 170 361 209 71 33 97 225 232 179 224 0,55 391
PFG_MOEA,890,10,413.96,4915.5,0 287 10 383 382 0,
PFG_MOEA,890,11,413.96,4915.5,0 16 15 168 203 369 380 82 178 117 243 349 344 54 46 41 0,
PFG_MOEA,890,12,413.96,4915.5,0 335 360 216 150 9 47 125 309 5 343 290 368 376 258 248 328 75 171 87 278 153 353 348 45 210 195 379 270 257 60 50 160 79 143 282 310 104 223 244 211 324 147 332 347 296 196 78 98 27 176 144 342 370 306 202 338 0,
PFG_MOEA,891,1,320.55,5348.04,0 80 13 172 182 397 36 11 92 233 135 88 249 35 235 161 68 58 34 231 289 319 399 0,
PFG_MOEA,891,2,320.55,5348.04,0 374 230 94 156 311 350 4 314 193 340 299 321 269 120 142 132 339 174 320 364 308 229 3 393 294 146 121 322 123 145 51 37 0,393
PFG_MOEA,891,3,320.55,5348.04,0 96 242 221 200 165 112 329 300 191 152 247 255 1 262 42 250 28 246 259 264 356 345 377 395 400 394 188 301 372 21 167 291 139 149 157 63 316 387 327 17 43 85 215 73 254 183 354 69 265 346 315 99 175 251 190 0,215
PFG_MOEA,891,4,320.55,5348.04,0 304 31 192 330 238 129 398 227 234 213 18 390 286 140 110 241 93 260 148 48 0,
PFG_MOEA,891,5,320.55,5348.04,0 317 333 0,
PFG_MOEA,891,6,320.55,5348.04,0 33 71 209 361 170 367 25 55 217 56 7 180 220 158 189 64 20 126 124 224 10 383 382 16 203 168 15 0,25
PFG_MOEA,891,7,320.55,5348.04,0 380 369 335 360 216 150 9 47 125 309 5 195 379 270 210 45 348 353 153 278 87 171 75 328 248 258 376 368 290 343 54 46 344 349 243 117 178 82 41 0,
PFG_MOEA,891,8,320.55,5348.04,0 338 202 306 370 342 144 176 27 98 78 196 296 347 332 147 324 211 244 223 104 310 282 143 79 160 50 60 257 6 204 154 305 326 283 62 297 65 208 205 166 66 30 272 268 0,66
PFG_MOEA,891,9,320.55,5348.04,0 187 206 253 365 359 313 307 207 61 12 89 2 119 128 236 252 336 138 163 222 95 198 351 256 237 280 391 271 39 378 83 155 103 232 179 287 225 97 0,138 307
PFG_MOEA,891,10,320.55,5348.04,0 22 389 114 84 131 325 355 29 81 113 76 116 111 384 337 358 181 177 288 385 240 396 245 115 392 285 331 133 293 53 101 352 363 323 194 275 277 102 100 49 274 122 239 276 32 40 295 23 381 90 214 185 281 118 0,323 331
PFG_MOEA,891,11,320.55,5348.04,0 334 298 26 105 186 134 341 219 371 24 212 375 14 184 318 70 292 263 8 373 169 284 74 279 91 159 162 0,134
PFG_MOEA,891,12,320.55,5348.04,0 38 19 226 57 127 109 59 137 136 273 77 151 218 197 388 261 106 173 302 107 164 67 312 201 362 366 267 228 386 44 130 52 72 108 303 357 266 141 86 199 0,106 386
PFG_MOEA,892,1,270.73,5843.94,0 335 187 309 5 195 379 270 257 60 50 160 79 143 280 351 237 256 274 49 198 252 236 381 23 90 12 207 307 0,
PFG_MOEA,892,2,270.73,5843.94,0 61 313 359 206 253 365 360 214 185 118 281 26 334 298 371 22 134 186 162 159 292 263 8 373 318 70 184 284 74 279 0,134 284 313 318
PFG_MOEA,892,3,270.73,5843.94,0 91 169 108 14 375 212 24 192 330 238 129 200 165 112 191 152 127 57 109 59 137 273 136 247 17 43 85 215 33 71 224 260 148 48 31 304 0,33 200
PFG_MOEA,892,4,270.73,5843.94,0 73 254 69 354 183 327 387 157 149 188 394 316 63 262 1 255 250 28 42 400 395 377 345 356 264 259 246 308 229 197 218 151 77 107 164 67 302 388 3 106 173 261 320 364 0,
PFG_MOEA,892,5,270.73,5843.94,0 329 300 362 123 51 145 322 121 146 201 312 393 294 174 339 132 120 142 0,145 174
PFG_MOEA,892,6,270.73,5843.94,0 37 269 321 299 340 219 341 105 84 131 29 81 113 76 116 111 181 358 337 384 325 355 114 389 0,341
PFG_MOEA,892,7,270.73,5843.94,0 89 216 47 125 9 150 163 53 293 133 331 285 392 115 245 396 240 385 288 177 34 58 235 135 233 88 249 35 161 68 0,133 240
PFG_MOEA,892,8,270.73,5843.94,0 172 182 193 314 4 350 397 36 11 374 311 230 94 156 199 92 86 319 266 141 289 231 386 366 267 228 44 130 52 72 303 357 13 19 226 221 242 96 0,141 386
PFG_MOEA,892,9,270.73,5843.94,0 38 80 378 83 291 139 21 167 301 372 346 315 265 390 99 175 251 190 18 103 155 234 227 398 93 54 46 268 272 30 39 271 391 179 0,
PFG_MOEA,892,10,270.73,5843.94,0 97 225 232 209 361 213 170 367 328 248 258 376 368 290 343 66 349 344 243 117 178 82 41 16 380 369 196 78 98 27 176 144 342 370 306 202 338 203 168 15 399 0,82 176 225
PFG_MOEA,892,11,270.73,5843.94,0 287 64 166 205 75 348 353 45 210 278 153 171 87 6 208 158 189 220 241 62 297 65 283 204 154 305 326 110 140 180 333 317 286 25 55 217 56 7 124 126 20 10 0,65 126
PFG_MOEA,892,12,270.73,5843.94,0 2 119 128 295 40 32 276 239 122 296 332 347 138 336 222 95 101 194 147 324 275 323 363 352 277 102 223 244 211 104 310 100 282 383 382 0,2
PFG_MOEA,893,1,369.23,5154.87,0 90 295 40 32 276 239 122 222 95 101 323 363 352 102 277 275 194 53 293 133 331 285 392 115 245 396 240 385 288 177 181 358 337 384 111 116 76 113 81 29 325 131 84 355 114 389 279 74 159 162 371 219 341 22 134 186 105 298 334 26 281 118 185 214 0,40 240 245 331
PFG_MOEA,893,2,369.23,5154.87,0 91 24 212 375 284 14 184 318 70 292 263 8 373 169 108 72 52 130 44 386 0,318
PFG_MOEA,893,3,369.23,5154.87,0 362 201 312 67 164 107 302 173 106 261 388 197 218 151 77 273 136 0,106
PFG_MOEA,893,4,369.23,5154.87,0 399 172 182 397 36 11 92 86 141 266 303 357 319 199 228 267 366 289 231 34 58 68 161 235 35 249 88 135 233 156 94 230 374 350 311 4 314 193 340 299 321 269 120 142 37 51 145 123 137 59 109 127 57 226 19 13 80 38 0,340
PFG_MOEA,893,5,369.23,5154.87,0 132 339 322 0,
PFG_MOEA,893,6,369.23,5154.87,0 96 242 221 200 165 112 191 152 329 300 121 146 294 174 320 364 393 3 229 308 259 246 264 356 345 377 395 400 42 250 28 247 255 1 262 63 157 291 167 21 372 301 188 394 139 149 316 387 327 17 43 85 215 73 254 183 354 69 265 346 315 99 0,1 200 393
PFG_MOEA,893,7,369.23,5154.87,0 93 398 227 234 213 190 251 175 390 18 103 155 83 378 31 304 0,
PFG_MOEA,893,8,369.23,5154.87,0 48 192 330 238 129 148 260 391 0,
PFG_MOEA,893,9,369.23,5154.87,0 268 272 30 65 283 326 305 154 204 6 208 205 166 66 271 39 0,272
PFG_MOEA,893,10,369.23,5154.87,0 124 126 20 64 189 158 220 241 297 62 110 140 286 317 333 180 7 56 217 55 25 367 170 361 209 71 97 33 0,
PFG_MOEA,893,11,369.23,5154.87,0 15 16 380 369 168 203 338 202 306 370 342 144 176 27 98 78 196 296 347 332 324 147 211 244 223 210 45 348 353 153 278 87 171 75 328 248 258 376 368 290 343 54 46 224 225 232 179 287 10 383 382 41 344 349 243 117 178 82 125 9 47 150 216 360 335 0,47 87 353
PFG_MOEA,893,12,369.23,5154.87,0 207 307 313 359 365 253 206 187 100 310 104 282 143 79 160 50 60 257 270 379 195 5 309 280 351 237 256 274 49 198 163 138 336 252 236 381 23 128 119 2 89 12 61 0,
PFG_MOEA,894,1,337.93,5308.22,0 187 206 253 313 359 365 0,
PFG_MOEA,894,2,337.93,5308.22,0 207 307 198 280 351 256 237 101 53 293 133 331 285 392 95 222 163 138 336 252 236 128 119 2 89 12 61 0,133 222
PFG_MOEA,894,3,337.93,5308.22,0 323 363 352 194 275 277 102 100 49 274 122 239 276 32 40 295 23 381 90 0,
PFG_MOEA,894,4,337.93,5308.22,0 22 115 245 396 240 385 288 177 181 358 337 384 111 116 76 113 81 29 131 84 281 118 185 214 0,
PFG_MOEA,894,5,337.93,5308.22,0 334 26 298 371 219 341 134 186 105 355 325 114 389 162 159 74 279 91 24 212 375 284 14 184 318 70 292 263 8 373 169 108 72 52 130 44 386 362 201 312 0,284
PFG_MOEA,894,6,337.93,5308.22,0 399 172 182 397 36 11 92 86 141 266 303 357 319 199 228 267 366 289 231 34 58 68 161 235 35 249 88 135 233 156 94 230 57 127 109 59 137 136 273 77 151 218 197 388 261 106 173 302 107 164 67 294 226 19 13 80 38 0,
PFG_MOEA,894,7,337.93,5308.22,0 374 350 311 4 314 193 340 299 321 269 120 142 37 51 145 123 146 121 322 339 132 174 320 364 393 3 229 308 356 264 259 246 42 1 255 247 152 191 112 329 300 165 200 221 242 96 0,132 264 340 393
PFG_MOEA,894,8,337.93,5308.22,0 28 250 262 400 395 345 377 394 188 301 372 21 167 291 139 149 157 63 316 387 327 17 43 85 215 73 254 183 354 69 265 346 315 99 175 251 190 0,
PFG_MOEA,894,9,337.93,5308.22,0 304 192 330 238 129 378 83 155 103 18 390 213 234 227 398 140 110 241 62 297 65 283 326 305 154 204 6 208 205 166 66 93 30 272 268 39 271 391 260 148 48 31 0,65 391
PFG_MOEA,894,10,337.93,5308.22,0 33 71 225 97 232 209 361 170 367 25 55 217 56 7 317 286 333 180 220 158 189 64 20 126 124 224 10 287 179 0,
PFG_MOEA,894,11,337.93,5308.22,0 15 168 203 369 16 380 335 360 216 150 9 47 125 309 5 195 379 270 210 45 348 353 153 278 87 171 75 328 248 54 46 383 382 344 349 243 117 178 82 41 0,82 87 195 353
PFG_MOEA,894,12,337.93,5308.22,0 338 202 306 370 342 144 176 27 98 78 196 296 347 332 147 324 211 244 223 104 310 282 143 79 160 50 60 257 258 376 368 290 343 0,290
PFG_MOEA,895,1,319.42,5478.6,0 222 0,
PFG_MOEA,895,2,319.42,5478.6,0 95 101 323 363 352 102 277 275 194 53 293 133 331 285 392 115 245 396 240 385 288 177 181 358 337 384 111 116 76 113 81 29 325 131 84 355 114 389 279 74 159 162 371 219 341 22 134 186 105 298 334 26 281 0,105
PFG_MOEA,895,3,319.42,5478.6,0 118 91 284 184 14 375 212 24 0,375
PFG_MOEA,895,4,319.42,5478.6,0 399 397 36 11 92 199 86 141 266 319 357 303 289 366 267 228 8 263 292 70 318 373 169 108 72 52 130 44 386 362 201 312 67 164 107 302 173 106 261 388 197 218 151 77 273 136 182 172 0,86 197 318 362
PFG_MOEA,895,5,319.42,5478.6,0 38 80 13 19 226 57 127 109 59 137 123 145 51 132 142 120 269 321 299 37 340 193 314 4 350 311 156 233 135 88 249 35 235 161 68 58 34 231 94 230 374 0,
PFG_MOEA,895,6,319.42,5478.6,0 96 242 200 191 112 165 322 339 174 393 3 229 364 320 294 121 146 300 329 152 221 0,200 393
PFG_MOEA,895,7,319.42,5478.6,0 93 85 247 28 246 259 308 264 356 345 377 395 400 42 250 255 1 262 63 157 291 167 21 372 301 188 394 139 149 316 387 327 17 43 73 215 254 183 354 69 265 346 315 99 390 175 251 190 18 213 234 227 398 0,
PFG_MOEA,895,8,319.42,5478.6,0 304 31 48 330 192 129 238 148 260 391 271 66 166 205 208 6 204 154 305 326 283 65 62 297 241 158 189 220 110 140 103 155 83 378 124 126 20 64 30 272 268 39 0,62 205 220 391
PFG_MOEA,895,9,319.42,5478.6,0 7 180 333 286 317 56 217 55 0,
PFG_MOEA,895,10,319.42,5478.6,0 15 16 380 369 168 203 338 202 306 370 342 144 176 27 98 78 196 296 347 332 324 147 211 244 223 210 45 348 353 153 278 87 171 75 328 248 258 376 368 290 343 54 46 209 361 170 367 25 232 179 224 225 97 71 33 0,16 353 370
PFG_MOEA,895,11,319.42,5478.6,0 365 253 206 61 89 2 119 128 216 336 138 163 150 47 125 9 100 282 310 104 143 79 160 50 60 257 270 379 195 5 309 280 351 237 256 287 10 383 382 344 349 243 117 178 82 41 0,47 138 178 206 243
PFG_MOEA,895,12,319.42,5478.6,0 335 187 359 313 360 207 307 198 49 274 122 239 276 32 40 295 23 381 236 252 90 12 214 185 0,
PFG_MOEA,896,1,759.34,4800.0,0 219 341 105 389 114 84 131 355 325 29 81 113 76 116 111 384 337 358 181 177 288 385 240 396 245 115 392 285 331 133 293 53 163 150 9 125 47 216 89 61 206 253 365 0,245
PFG_MOEA,896,2,759.34,4800.0,0 22 134 186 162 159 279 74 284 184 318 70 292 263 8 373 169 108 14 375 212 24 91 0,318
PFG_MOEA,896,3,759.34,4800.0,0 304 31 48 148 260 224 71 33 129 238 330 192 200 165 112 191 152 127 57 109 59 137 273 136 247 17 43 85 215 73 254 69 354 183 327 387 157 149 188 394 316 63 262 1 255 250 28 42 400 395 377 345 356 264 259 246 308 229 197 218 151 77 107 164 67 302 388 3 106 173 261 320 364 393 312 201 362 329 300 123 51 145 322 121 146 294 174 339 132 120 142 37 269 321 299 340 233 135 88 249 35 161 235 68 58 34 386 231 289 366 267 228 44 130 52 72 303 357 319 266 141 86 92 199 156 94 230 311 374 11 36 397 350 4 314 193 182 172 13 19 226 221 242 96 80 38 0,33 106 174 200 303 311 394
PFG_MOEA,896,4,759.34,4800.0,0 378 83 155 103 18 190 251 175 99 315 346 372 301 167 21 139 291 265 390 234 0,
PFG_MOEA,896,5,759.34,4800.0,0 179 391 271 39 30 272 268 46 54 93 398 227 213 232 0,391
PFG_MOEA,896,6,759.34,4800.0,0 225 0,
PFG_MOEA,896,7,759.34,4800.0,0 97 209 361 170 367 0,
PFG_MOEA,896,8,759.34,4800.0,0 399 15 168 203 338 202 306 370 342 144 176 27 98 78 196 369 380 16 41 82 178 117 243 344 349 66 343 290 368 376 258 248 328 75 348 353 45 210 278 153 171 87 6 208 205 166 158 189 220 241 62 297 65 283 204 154 305 326 110 140 180 333 317 286 25 55 217 56 7 124 126 20 64 287 10 383 382 0,62 66 205 220 342
PFG_MOEA,896,9,759.34,4800.0,0 2 119 128 295 40 32 276 239 122 296 332 347 138 336 222 95 101 194 147 324 275 323 363 352 277 102 223 244 211 104 310 100 282 143 79 160 50 60 257 270 379 195 5 309 280 351 237 256 274 49 198 252 236 0,
PFG_MOEA,896,10,759.34,4800.0,0 381 23 90 12 207 307 0,
PFG_MOEA,896,11,759.34,4800.0,0 335 187 359 313 360 214 0,
PFG_MOEA,896,12,759.34,4800.0,0 185 118 281 26 334 298 371 0,
PFG_MOEA,897,1,314.81,5596.11,0 12 90 128 236 252 336 276 138 222 198 49 274 256 237 351 280 309 5 290 343 313 207 0,222
PFG_MOEA,897,2,314.81,5596.11,0 91 292 263 8 373 169 108 14 375 212 24 371 219 341 298 334 26 281 118 185 214 295 40 32 239 122 95 101 352 363 323 194 275 277 102 100 23 381 119 2 307 359 187 148 48 31 304 0,23
PFG_MOEA,897,3,314.81,5596.11,0 260 224 71 33 127 152 191 112 165 200 129 238 330 192 0,33
PFG_MOEA,897,4,314.81,5596.11,0 57 67 302 173 106 3 388 164 107 77 151 218 197 229 308 246 259 264 356 345 377 395 400 42 28 250 255 1 262 63 316 394 188 149 157 387 327 183 354 69 254 73 215 85 43 17 247 136 273 137 59 109 0,
PFG_MOEA,897,5,314.81,5596.11,0 329 300 362 123 51 145 322 121 146 201 261 320 364 393 312 294 174 339 132 206 253 365 360 335 0,362 393
PFG_MOEA,897,6,314.81,5596.11,0 61 358 181 177 288 385 240 396 245 115 392 285 331 133 293 53 163 150 9 125 47 216 89 0,
PFG_MOEA,897,7,314.81,5596.11,0 80 13 19 226 35 161 235 58 34 386 231 289 366 267 228 44 130 52 72 318 70 184 284 74 279 159 162 389 114 355 325 384 337 111 116 76 113 81 29 131 84 105 186 134 22 0,
PFG_MOEA,897,8,314.81,5596.11,0 38 96 242 221 172 182 397 350 311 4 314 193 230 94 156 374 36 11 92 319 357 303 266 141 86 199 68 135 88 249 233 340 299 321 269 120 142 37 301 21 139 291 167 372 346 315 99 175 251 0,182
PFG_MOEA,897,9,314.81,5596.11,0 97 225 232 179 391 271 158 241 62 297 65 283 204 154 305 326 110 140 286 317 333 180 220 126 124 7 56 217 55 25 367 170 361 209 227 234 213 190 390 265 18 103 155 83 378 398 93 54 46 268 272 30 39 0,65 154
PFG_MOEA,897,10,314.81,5596.11,0 399 15 16 380 41 82 178 117 243 344 349 20 189 64 166 205 208 6 87 171 153 278 210 353 258 376 368 66 287 10 383 382 0,243
PFG_MOEA,897,11,314.81,5596.11,0 369 338 203 168 0,
PFG_MOEA,897,12,314.81,5596.11,0 202 306 370 342 144 176 27 98 78 196 296 347 332 324 147 211 244 223 104 310 282 143 79 160 50 60 257 270 379 195 45 348 75 328 248 0,370
PFG_MOEA,898,1,411.21,4974.5,0 12 90 381 23 32 276 239 336 138 222 198 49 274 256 237 351 280 252 236 128 119 2 0,23
PFG_MOEA,898,2,411.21,4974.5,0 22 118 185 214 295 40 122 392 285 331 133 293 53 101 352 363 323 194 275 277 102 100 95 163 61 89 207 307 313 359 365 253 206 187 0,22 100
PFG_MOEA,898,3,411.21,4974.5,0 115 0,
PFG_MOEA,898,4,411.21,4974.5,0 245 396 240 385 288 177 181 358 337 384 111 116 76 113 81 29 325 355 0,
PFG_MOEA,898,5,411.21,4974.5,0 281 26 334 298 341 134 186 131 84 114 389 105 219 371 162 159 74 279 91 24 212 375 284 14 184 318 70 292 263 8 373 169 108 72 52 130 44 386 362 201 312 67 164 107 302 173 106 261 388 197 218 151 77 273 136 137 59 109 127 57 226 19 13 80 0,77 106 284
PFG_MOEA,898,6,411.21,4974.5,0 38 172 182 319 303 357 266 141 86 199 228 267 366 289 231 34 58 68 161 235 35 249 88 135 233 156 94 230 374 92 11 36 397 350 311 4 314 193 340 299 321 269 120 142 37 51 123 145 132 339 322 121 146 294 174 320 364 393 3 229 308 356 264 259 246 42 300 329 112 221 242 96 0,51 174 229 246 299
PFG_MOEA,898,7,411.21,4974.5,0 399 200 165 191 152 247 255 1 262 250 28 345 377 395 400 394 188 301 372 21 167 291 139 149 157 63 316 387 327 17 43 85 215 73 254 183 354 69 265 346 315 99 175 251 190 390 18 103 155 83 378 213 234 227 398 93 224 179 232 225 97 71 33 260 148 238 129 330 192 48 31 304 0,93
PFG_MOEA,898,8,411.21,4974.5,0 382 383 10 391 271 39 46 54 268 272 30 66 166 205 208 6 204 154 305 326 283 65 297 62 241 110 140 286 317 333 180 220 158 189 64 20 126 124 7 56 217 55 25 367 170 361 209 287 0,55 62 66 220
PFG_MOEA,898,9,411.21,4974.5,0 380 0,
PFG_MOEA,898,10,411.21,4974.5,0 16 369 15 0,
PFG_MOEA,898,11,411.21,4974.5,0 168 203 178 82 41 0,178
PFG_MOEA,898,12,411.21,4974.5,0 335 360 338 202 306 370 342 144 176 27 98 78 196 296 347 332 216 47 125 9 150 147 324 211 244 223 104 310 282 143 309 5 195 379 79 160 50 60 270 257 210 45 153 278 87 171 353 348 75 328 248 258 376 368 290 343 349 344 243 117 0,
PFG_MOEA,899,1,312.55,5795.78,0 336 138 239 122 296 347 332 324 275 277 104 211 244 223 102 352 363 323 194 147 101 95 222 0,122 211 222 277
PFG_MOEA,899,2,312.55,5795.78,0 335 360 207 307 313 359 187 100 310 282 143 79 160 50 60 257 270 379 195 5 309 280 351 237 256 274 49 198 252 236 381 23 90 12 214 185 118 281 26 334 298 371 72 52 130 44 386 80 0,5 307
PFG_MOEA,899,3,312.55,5795.78,0 13 19 226 57 127 109 59 137 136 273 77 151 218 197 388 261 106 173 302 107 164 67 312 201 362 123 51 145 294 174 339 132 142 120 269 321 299 0,174
PFG_MOEA,899,4,312.55,5795.78,0 340 233 135 88 249 35 235 161 68 58 34 231 289 366 267 228 141 266 303 357 319 86 199 156 94 0,303
PFG_MOEA,899,5,312.55,5795.78,0 38 172 182 397 36 11 92 374 230 311 350 4 314 193 37 322 121 146 320 364 393 3 229 308 356 264 259 246 42 300 329 112 191 152 221 242 96 0,42 264
PFG_MOEA,899,6,312.55,5795.78,0 200 165 129 0,
PFG_MOEA,899,7,312.55,5795.78,0 304 330 395 400 394 188 301 372 21 167 291 139 149 157 63 316 387 17 43 33 71 224 260 0,
PFG_MOEA,899,8,312.55,5795.78,0 399 247 28 250 345 377 262 1 255 327 254 73 215 85 93 179 232 225 97 148 238 192 48 31 0,93
PFG_MOEA,899,9,312.55,5795.78,0 378 69 183 354 265 346 315 99 175 251 190 390 18 103 155 83 234 213 227 398 209 361 170 367 25 55 217 56 7 180 333 317 286 140 110 62 297 65 283 326 305 154 204 6 208 241 220 158 189 64 20 126 124 0,175
PFG_MOEA,899,10,312.55,5795.78,0 287 382 383 10 268 272 30 66 166 205 271 39 391 53 293 133 331 285 392 115 245 396 240 385 288 177 181 358 337 384 111 116 76 113 81 29 325 355 131 84 114 389 105 341 219 0,
PFG_MOEA,899,11,312.55,5795.78,0 91 24 212 375 14 108 169 373 8 263 292 70 318 184 284 74 279 159 162 22 134 186 89 216 47 125 9 150 163 61 365 253 206 46 54 0,
PFG_MOEA,899,12,312.55,5795.78,0 41 82 178 117 243 344 349 343 290 368 376 258 248 328 75 171 87 153 278 210 45 353 348 2 119 128 295 40 32 276 196 78 98 27 176 144 342 370 306 202 338 203 168 369 380 16 15 0,16 87 203
PFG_MOEA,900,1,389.39,5146.42,0 163 78 53 293 133 331 285 392 98 115 245 27 396 240 385 288 177 181 358 337 384 111 116 76 113 81 29 325 355 131 84 114 389 91 279 74 159 162 371 219 298 341 22 134 186 105 118 185 0,
PFG_MOEA,900,2,389.39,5146.42,0 281 26 334 24 212 375 284 14 184 318 70 292 263 8 373 169 108 72 52 130 44 386 51 145 123 362 201 294 312 67 164 107 302 173 106 261 388 197 218 151 77 273 136 137 59 109 127 57 226 19 13 80 0,
PFG_MOEA,900,3,389.39,5146.42,0 142 339 174 132 120 269 321 299 340 233 135 88 249 35 235 161 68 58 34 231 289 366 267 228 141 266 303 357 319 86 199 156 94 230 374 92 11 36 397 350 311 4 314 193 0,88
PFG_MOEA,900,4,389.39,5146.42,0 182 172 38 0,
PFG_MOEA,900,5,389.39,5146.42,0 37 322 121 146 320 364 393 3 229 308 356 264 259 246 42 300 329 112 152 191 165 200 221 242 96 0,152 264 329
PFG_MOEA,900,6,389.39,5146.42,0 129 33 71 224 260 0,
PFG_MOEA,900,7,389.39,5146.42,0 399 247 255 1 262 250 28 345 377 395 400 394 188 301 372 21 167 291 139 149 157 63 316 387 17 43 73 254 327 183 354 69 215 85 93 179 232 225 97 148 48 238 330 192 31 304 0,395
PFG_MOEA,900,8,389.39,5146.42,0 16 15 168 203 369 380 391 271 39 268 272 30 66 166 205 208 6 204 154 305 326 283 65 297 62 241 110 140 286 317 333 180 220 158 189 64 20 126 124 7 56 217 55 25 367 170 361 209 398 227 234 213 190 251 175 99 315 346 265 390 18 103 155 83 378 54 46 287 10 383 382 41 0,7 16 20 103 272
PFG_MOEA,900,9,389.39,5146.42,0 82 178 117 243 368 376 258 353 153 171 87 278 210 143 237 256 274 49 100 282 310 104 102 277 275 194 323 363 352 101 198 95 222 138 122 276 336 252 236 128 23 381 90 119 2 12 0,
PFG_MOEA,900,10,389.39,5146.42,0 344 349 351 280 309 5 79 160 50 60 257 270 379 195 45 348 75 328 248 290 343 187 0,
PFG_MOEA,900,11,389.39,5146.42,0 214 295 40 32 239 370 342 144 176 150 47 9 125 216 89 61 207 307 313 359 206 253 365 360 335 0,176
PFG_MOEA,900,12,389.39,5146.42,0 338 202 306 196 296 347 332 324 147 211 244 223 0,
PFG_MOEA,901,1,413.96,4915.5,0 187 206 253 365 359 313 307 207 61 12 89 2 119 128 236 252 336 138 163 222 95 198 351 280 237 256 274 49 100 102 277 275 194 323 363 352 101 53 293 133 331 285 392 122 239 276 32 40 295 23 381 90 113 81 29 76 116 111 384 337 358 181 177 288 385 240 396 245 115 22 118 185 214 0,245 381
PFG_MOEA,901,2,413.96,4915.5,0 281 84 131 325 355 114 389 186 134 341 298 26 334 0,
PFG_MOEA,901,3,413.96,4915.5,0 371 219 105 162 159 74 279 91 24 212 375 284 14 184 318 70 292 263 8 373 169 108 72 52 130 44 386 362 201 312 67 164 107 302 173 106 261 388 197 218 151 77 273 136 137 59 0,
PFG_MOEA,901,4,413.96,4915.5,0 57 127 109 226 0,
PFG_MOEA,901,5,413.96,4915.5,0 19 0,
PFG_MOEA,901,6,413.96,4915.5,0 38 303 357 266 141 86 199 228 267 366 289 231 34 58 68 161 235 35 249 88 135 233 319 182 172 13 80 0,88
PFG_MOEA,901,7,413.96,4915.5,0 399 397 36 11 92 156 94 230 374 350 311 4 314 193 340 299 321 269 120 142 37 51 123 145 132 339 322 121 146 294 174 320 364 393 3 229 308 356 264 259 246 42 300 329 112 191 165 200 221 242 96 0,11 340 374 393
PFG_MOEA,901,8,413.96,4915.5,0 152 247 255 1 262 250 28 345 377 395 400 394 188 301 372 21 167 291 139 149 157 63 316 387 327 17 43 85 215 73 254 183 354 69 265 346 315 99 175 251 190 390 18 103 155 83 378 213 234 227 398 93 0,1 152 175 227
PFG_MOEA,901,9,413.96,4915.5,0 304 31 48 192 330 238 129 148 260 391 271 39 268 272 30 66 166 205 208 6 204 154 305 326 283 65 297 62 241 110 140 286 317 333 180 220 158 189 64 20 126 124 7 56 217 55 25 367 170 361 209 71 33 97 225 232 179 224 0,55 391
PFG_MOEA,901,10,413.96,4915.5,0 287 10 383 382 0,
PFG_MOEA,901,11,413.96,4915.5,0 16 15 168 203 369 380 82 178 117 243 349 344 54 46 41 0,
PFG_MOEA,901,12,413.96,4915.5,0 335 360 216 150 9 47 125 309 5 343 290 368 376 258 248 328 75 171 87 278 153 353 348 45 210 195 379 270 257 60 50 160 79 143 282 310 104 223 244 211 324 147 332 347 296 196 78 98 27 176 144 342 370 306 202 338 0,
PFG_MOEA,902,1,320.55,5348.04,0 80 13 172 182 397 36 11 92 233 135 88 249 35 235 161 68 58 34 231 289 319 399 0,
PFG_MOEA,902,2,320.55,5348.04,0 374 230 94 156 311 350 4 314 193 340 299 321 269 120 142 132 339 174 320 364 308 229 3 393 294 146 121 322 123 145 51 37 0,393
PFG_MOEA,902,3,320.55,5348.04,0 96 242 221 200 165 112 329 300 191 152 247 255 1 262 42 250 28 246 259 264 356 345 377 395 400 394 188 301 372 21 167 291 139 149 157 63 316 387 327 17 43 85 215 73 254 183 354 69 265 346 315 99 175 251 190 0,215
PFG_MOEA,902,4,320.55,5348.04,0 304 31 192 330 238 129 398 227 234 213 18 390 286 140 110 241 93 260 148 48 0,
PFG_MOEA,902,5,320.55,5348.04,0 317 333 0,
PFG_MOEA,902,6,320.55,5348.04,0 33 71 209 361 170 367 25 55 217 56 7 180 220 158 189 64 20 126 124 224 10 383 382 16 203 168 15 0,25
PFG_MOEA,902,7,320.55,5348.04,0 380 369 335 360 216 150 9 47 125 309 5 195 379 270 210 45 348 353 153 278 87 171 75 328 248 258 376 368 290 343 54 46 344 349 243 117 178 82 41 0,
PFG_MOEA,902,8,320.55,5348.04,0 338 202 306 370 342 144 176 27 98 78 196 296 347 332 147 324 211 244 223 104 310 282 143 79 160 50 60 257 6 204 154 305 326 283 62 297 65 208 205 166 66 30 272 268 0,66
PFG_MOEA,902,9,320.55,5348.04,0 187 206 253 365 359 313 307 207 61 12 89 2 119 128 236 252 336 138 163 222 95 198 351 256 237 280 391 271 39 378 83 155 103 232 179 287 225 97 0,138 307
PFG_MOEA,902,10,320.55,5348.04,0 22 389 114 84 131 325 355 29 81 113 76 116 111 384 337 358 181 177 288 385 240 396 245 115 392 285 331 133 293 53 101 352 363 323 194 275 277 102 100 49 274 122 239 276 32 40 295 23 381 90 214 185 281 118 0,323 331
PFG_MOEA,902,11,320.55,5348.04,0 334 298 26 105 186 134 341 219 371 24 212 375 14 184 318 70 292 263 8 373 169 284 74 279 91 159 162 0,134
PFG_MOEA,902,12,320.55,5348.04,0 38 19 226 57 127 109 59 137 136 273 77 151 218 197 388 261 106 173 302 107 164 67 312 201 362 366 267 228 386 44 130 52 72 108 303 357 266 141 86 199 0,106 386
PFG_MOEA,903,1,270.73,5843.94,0 335 187 309 5 195 379 270 257 60 50 160 79 143 280 351 237 256 274 49 198 252 236 381 23 90 12 207 307 0,
PFG_MOEA,903,2,270.73,5843.94,0 61 313 359 206 253 365 360 214 185 118 281 26 334 298 371 22 134 186 162 159 292 263 8 373 318 70 184 284 74 279 0,134 284 313 318
PFG_MOEA,903,3,270.73,5843.94,0 91 169 108 14 375 212 24 192 330 238 129 200 165 112 191 152 127 57 109 59 137 273 136 247 17 43 85 215 33 71 224 260 148 48 31 304 0,33 200
PFG_MOEA,903,4,270.73,5843.94,0 73 254 69 354 183 327 387 157 149 188 394 316 63 262 1 255 250 28 42 400 395 377 345 356 264 259 246 308 229 197 218 151 77 107 164 67 302 388 3 106 173 261 320 364 0,
PFG_MOEA,903,5,270.73,5843.94,0 329 300 362 123 51 145 322 121 146 201 312 393 294 174 339 132 120 142 0,145 174
PFG_MOEA,903,6,270.73,5843.94,0 37 269 321 299 340 219 341 105 84 131 29 81 113 76 116 111 181 358 337 384 325 355 114 389 0,341
PFG_MOEA,903,7,270.73,5843.94,0 89 216 47 125 9 150 163 53 293 133 331 285 392 115 245 396 240 385 288 177 34 58 235 135 233 88 249 35 161 68 0,133 240
PFG_MOEA,903,8,270.73,5843.94,0 172 182 193 314 4 350 397 36 11 374 311 230 94 156 199 92 86 319 266 141 289 231 386 366 267 228 44 130 52 72 303 357 13 19 226 221 242 96 0,141 386
PFG_MOEA,903,9,270.73,5843.94,0 38 80 378 83 291 139 21 167 301 372 346 315 265 390 99 175 251 190 18 103 155 234 227 398 93 54 46 268 272 30 39 271 391 179 0,
PFG_MOEA,903,10,270.73,5843.94,0 97 225 232 209 361 213 170 367 328 248 258 376 368 290 343 66 349 344 243 117 178 82 41 16 380 369 196 78 98 27 176 144 342 370 306 202 338 203 168 15 399 0,82 176 225
PFG_MOEA,903,11,270.73,5843.94,0 287 64 166 205 75 348 353 45 210 278 153 171 87 6 208 158 189 220 241 62 297 65 283 204 154 305 326 110 140 180 333 317 286 25 55 217 56 7 124 126 20 10 0,65 126
PFG_MOEA,903,12,270.73,5843.94,0 2 119 128 295 40 32 276 239 122 296 332 347 138 336 222 95 101 194 147 324 275 323 363 352 277 102 223 244 211 104 310 100 282 383 382 0,2
PFG_MOEA,904,1,369.23,5154.87,0 90 295 40 32 276 239 122 222 95 101 323 363 352 102 277 275 194 53 293 133 331 285 392 115 245 396 240 385 288 177 181 358 337 384 111 116 76 113 81 29 325 131 84 355 114 389 279 74 159 162 371 219 341 22 134 186 105 298 334 26 281 118 185 214 0,40 240 245 331
PFG_MOEA,904,2,369.23,5154.87,0 91 24 212 375 284 14 184 318 70 292 263 8 373 169 108 72 52 130 44 386 0,318
PFG_MOEA,904,3,369.23,5154.87,0 362 201 312 67 164 107 302 173 106 261 388 197 218 151 77 273 136 0,106
PFG_MOEA,904,4,369.23,5154.87,0 399 172 182 397 36 11 92 86 141 266 303 357 319 199 228 267 366 289 231 34 58 68 161 235 35 249 88 135 233 156 94 230 374 350 311 4 314 193 340 299 321 269 120 142 37 51 145 123 137 59 109 127 57 226 19 13 80 38 0,340
PFG_MOEA,904,5,369.23,5154.87,0 132 339 322 0,
PFG_MOEA,904,6,369.23,5154.87,0 96 242 221 200 165 112 191 152 329 300 121 146 294 174 320 364 393 3 229 308 259 246 264 356 345 377 395 400 42 250 28 247 255 1 262 63 157 291 167 21 372 301 188 394 139 149 316 387 327 17 43 85 215 73 254 183 354 69 265 346 315 99 0,1 200 393
PFG_MOEA,904,7,369.23,5154.87,0 93 398 227 234 213 190 251 175 390 18 103 155 83 378 31 304 0,
PFG_MOEA,904,8,369.23,5154.87,0 48 192 330 238 129 148 260 391 0,
PFG_MOEA,904,9,369.23,5154.87,0 268 272 30 65 283 326 305 154 204 6 208 205 166 66 271 39 0,272
PFG_MOEA,904,10,369.23,5154.87,0 124 126 20 64 189 158 220 241 297 62 110 140 286 317 333 180 7 56 217 55 25 367 170 361 209 71 97 33 0,
PFG_MOEA,904,11,369.23,5154.87,0 15 16 380 369 168 203 338 202 306 370 342 144 176 27 98 78 196 296 347 332 324 147 211 244 223 210 45 348 353 153 278 87 171 75 328 248 258 376 368 290 343 54 46 224 225 232 179 287 10 383 382 41 344 349 243 117 178 82 125 9 47 150 216 360 335 0,47 87 353
PFG_MOEA,904,12,369.23,5154.87,0 207 307 313 359 365 253 206 187 100 310 104 282 143 79 160 50 60 257 270 379 195 5 309 280 351 237 256 274 49 198 163 138 336 252 236 381 23 128 119 2 89 12 61 0,
PFG_MOEA,905,1,337.93,5308.22,0 187 206 253 313 359 365 0,
PFG_MOEA,905,2,337.93,5308.22,0 207 307 198 280 351 256 237 101 53 293 133 331 285 392 95 222 163 138 336 252 236 128 119 2 89 12 61 0,133 222
PFG_MOEA,905,3,337.93,5308.22,0 323 363 352 194 275 277 102 100 49 274 122 239 276 32 40 295 23 381 90 0,
PFG_MOEA,905,4,337.93,5308.22,0 22 115 245 396 240 385 288 177 181 358 337 384 111 116 76 113 81 29 131 84 281 118 185 214 0,
PFG_MOEA,905,5,337.93,5308.22,0 334 26 298 371 219 341 134 186 105 355 325 114 389 162 159 74 279 91 24 212 375 284 14 184 318 70 292 263 8 373 169 108 72 52 130 44 386 362 201 312 0,284
PFG_MOEA,905,6,337.93,5308.22,0 399 172 182 397 36 11 92 86 141 266 303 357 319 199 228 267 366 289 231 34 58 68 161 235 35 249 88 135 233 156 94 230 57 127 109 59 137 136 273 77 151 218 197 388 261 106 173 302 107 164 67 294 226 19 13 80 38 0,
PFG_MOEA,905,7,337.93,5308.22,0 374 350 311 4 314 193 340 299 321 269 120 142 37 51 145 123 146 121 322 339 132 174 320 364 393 3 229 308 356 264 259 246 42 1 255 247 152 191 112 329 300 165 200 221 242 96 0,132 264 340 393
PFG_MOEA,905,8,337.93,5308.22,0 28 250 262 400 395 345 377 394 188 301 372 21 167 291 139 149 157 63 316 387 327 17 43 85 215 73 254 183 354 69 265 346 315 99 175 251 190 0,
PFG_MOEA,905,9,337.93,5308.22,0 304 192 330 238 129 378 83 155 103 18 390 213 234 227 398 140 110 241 62 297 65 283 326 305 154 204 6 208 205 166 66 93 30 272 268 39 271 391 260 148 48 31 0,65 391
PFG_MOEA,905,10,337.93,5308.22,0 33 71 225 97 232 209 361 170 367 25 55 217 56 7 317 286 333 180 220 158 189 64 20 126 124 224 10 287 179 0,
PFG_MOEA,905,11,337.93,5308.22,0 15 168 203 369 16 380 335 360 216 150 9 47 125 309 5 195 379 270 210 45 348 353 153 278 87 171 75 328 248 54 46 383 382 344 349 243 117 178 82 41 0,82 87 195 353
PFG_MOEA,905,12,337.93,5308.22,0 338 202 306 370 342 144 176 27 98 78 196 296 347 332 147 324 211 244 223 104 310 282 143 79 160 50 60 257 258 376 368 290 343 0,290
PFG_MOEA,906,1,319.42,5478.6,0 222 0,
PFG_MOEA,906,2,319.42,5478.6,0 95 101 323 363 352 102 277 275 194 53 293 133 331 285 392 115 245 396 240 385 288 177 181 358 337 384 111 116 76 113 81 29 325 131 84 355 114 389 279 74 159 162 371 219 341 22 134 186 105 298 334 26 281 0,105
PFG_MOEA,906,3,319.42,5478.6,0 118 91 284 184 14 375 212 24 0,375
PFG_MOEA,906,4,319.42,5478.6,0 399 397 36 11 92 199 86 141 266 319 357 303 289 366 267 228 8 263 292 70 318 373 169 108 72 52 130 44 386 362 201 312 67 164 107 302 173 106 261 388 197 218 151 77 273 136 182 172 0,86 197 318 362
PFG_MOEA,906,5,319.42,5478.6,0 38 80 13 19 226 57 127 109 59 137 123 145 51 132 142 120 269 321 299 37 340 193 314 4 350 311 156 233 135 88 249 35 235 161 68 58 34 231 94 230 374 0,
PFG_MOEA,906,6,319.42,5478.6,0 96 242 200 191 112 165 322 339 174 393 3 229 364 320 294 121 146 300 329 152 221 0,200 393
PFG_MOEA,906,7,319.42,5478.6,0 93 85 247 28 246 259 308 264 356 345 377 395 400 42 250 255 1 262 63 157 291 167 21 372 301 188 394 139 149 316 387 327 17 43 73 215 254 183 354 69 265 346 315 99 390 175 251 190 18 213 234 227 398 0,
PFG_MOEA,906,8,319.42,5478.6,0 304 31 48 330 192 129 238 148 260 391 271 66 166 205 208 6 204 154 305 326 283 65 62 297 241 158 189 220 110 140 103 155 83 378 124 126 20 64 30 272 268 39 0,62 205 220 391
PFG_MOEA,906,9,319.42,5478.6,0 7 180 333 286 317 56 217 55 0,
PFG_MOEA,906,10,319.42,5478.6,0 15 16 380 369 168 203 338 202 306 370 342 144 176 27 98 78 196 296 347 332 324 147 211 244 223 210 45 348 353 153 278 87 171 75 328 248 258 376 368 290 343 54 46 209 361 170 367 25 232 179 224 225 97 71 33 0,16 353 370
PFG_MOEA,906,11,319.42,5478.6,0 365 253 206 61 89 2 119 128 216 336 138 163 150 47 125 9 100 282 310 104 143 79 160 50 60 257 270 379 195 5 309 280 351 237 256 287 10 383 382 344 349 243 117 178 82 41 0,47 138 178 206 243
PFG_MOEA,906,12,319.42,5478.6,0 335 187 359 313 360 207 307 198 49 274 122 239 276 32 40 295 23 381 236 252 90 12 214 185 0,
PFG_MOEA,907,1,759.34,4800.0,0 219 341 105 389 114 84 131 355 325 29 81 113 76 116 111 384 337 358 181 177 288 385 240 396 245 115 392 285 331 133 293 53 163 150 9 125 47 216 89 61 206 253 365 0,245
PFG_MOEA,907,2,759.34,4800.0,0 22 134 186 162 159 279 74 284 184 318 70 292 263 8 373 169 108 14 375 212 24 91 0,318
PFG_MOEA,907,3,759.34,4800.0,0 304 31 48 148 260 224 71 33 129 238 330 192 200 165 112 191 152 127 57 109 59 137 273 136 247 17 43 85 215 73 254 69 354 183 327 387 157 149 188 394 316 63 262 1 255 250 28 42 400 395 377 345 356 264 259 246 308 229 197 218 151 77 107 164 67 302 388 3 106 173 261 320 364 393 312 201 362 329 300 123 51 145 322 121 146 294 174 339 132 120 142 37 269 321 299 340 233 135 88 249 35 161 235 68 58 34 386 231 289 366 267 228 44 130 52 72 303 357 319 266 141 86 92 199 156 94 230 311 374 11 36 397 350 4 314 193 182 172 13 19 226 221 242 96 80 38 0,33 106 174 200 303 311 394
PFG_MOEA,907,4,759.34,4800.0,0 378 83 155 103 18 190 251 175 99 315 346 372 301 167 21 139 291 265 390 234 0,
PFG_MOEA,907,5,759.34,4800.0,0 179 391 271 39 30 272 268 46 54 93 398 227 213 232 0,391
PFG_MOEA,907,6,759.34,4800.0,0 225 0,
PFG_MOEA,907,7,759.34,4800.0,0 97 209 361 170 367 0,
PFG_MOEA,907,8,759.34,4800.0,0 399 15 168 203 338 202 306 370 342 144 176 27 98 78 196 369 380 16 41 82 178 117 243 344 349 66 343 290 368 376 258 248 328 75 348 353 45 210 278 153 171 87 6 208 205 166 158 189 220 241 62 297 65 283 204 154 305 326 110 140 180 333 317 286 25 55 217 56 7 124 126 20 64 287 10 383 382 0,62 66 205 220 342
PFG_MOEA,907,9,759.34,4800.0,0 2 119 128 295 40 32 276 239 122 296 332 347 138 336 222 95 101 194 147 324 275 323 363 352 277 102 223 244 211 104 310 100 282 143 79 160 50 60 257 270 379 195 5 309 280 351 237 256 274 49 198 252 236 0,
PFG_MOEA,907,10,759.34,4800.0,0 381 23 90 12 207 307 0,
PFG_MOEA,907,11,759.34,4800.0,0 335 187 359 313 360 214 0,
PFG_MOEA,907,12,759.34,4800.0,0 185 118 281 26 334 298 371 0,
PFG_MOEA,908,1,314.81,5596.11,0 12 90 128 236 252 336 276 138 222 198 49 274 256 237 351 280 309 5 290 343 313 207 0,222
PFG_MOEA,908,2,314.81,5596.11,0 91 292 263 8 373 169 108 14 375 212 24 371 219 341 298 334 26 281 118 185 214 295 40 32 239 122 95 101 352 363 323 194 275 277 102 100 23 381 119 2 307 359 187 148 48 31 304 0,23
PFG_MOEA,908,3,314.81,5596.11,0 260 224 71 33 127 152 191 112 165 200 129 238 330 192 0,33
PFG_MOEA,908,4,314.81,5596.11,0 57 67 302 173 106 3 388 164 107 77 151 218 197 229 308 246 259 264 356 345 377 395 400 42 28 250 255 1 262 63 316 394 188 149 157 387 327 183 354 69 254 73 215 85 43 17 247 136 273 137 59 109 0,
PFG_MOEA,908,5,314.81,5596.11,0 329 300 362 123 51 145 322 121 146 201 261 320 364 393 312 294 174 339 132 206 253 365 360 335 0,362 393
PFG_MOEA,908,6,314.81,5596.11,0 61 358 181 177 288 385 240 396 245 115 392 285 331 133 293 53 163 150 9 125 47 216 89 0,
PFG_MOEA,908,7,314.81,5596.11,0 80 13 19 226 35 161 235 58 34 386 231 289 366 267 228 44 130 52 72 318 70 184 284 74 279 159 162 389 114 355 325 384 337 111 116 76 113 81 29 131 84 105 186 134 22 0,
PFG_MOEA,908,8,314.81,5596.11,0 38 96 242 221 172 182 397 350 311 4 314 193 230 94 156 374 36 11 92 319 357 303 266 141 86 199 68 135 88 249 233 340 299 321 269 120 142 37 301 21 139 291 167 372 346 315 99 175 251 0,182
PFG_MOEA,908,9,314.81,5596.11,0 97 225 232 179 391 271 158 241 62 297 65 283 204 154 305 326 110 140 286 317 333 180 220 126 124 7 56 217 55 25 367 170 361 209 227 234 213 190 390 265 18 103 155 83 378 398 93 54 46 268 272 30 39 0,65 154
PFG_MOEA,908,10,314.81,5596.11,0 399 15 16 380 41 82 178 117 243 344 349 20 189 64 166 205 208 6 87 171 153 278 210 353 258 376 368 66 287 10 383 382 0,243
PFG_MOEA,908,11,314.81,5596.11,0 369 338 203 168 0,
PFG_MOEA,908,12,314.81,5596.11,0 202 306 370 342 144 176 27 98 78 196 296 347 332 324 147 211 244 223 104 310 282 143 79 160 50 60 257 270 379 195 45 348 75 328 248 0,370
PFG_MOEA,909,1,411.21,4974.5,0 12 90 381 23 32 276 239 336 138 222 198 49 274 256 237 351 280 252 236 128 119 2 0,23
PFG_MOEA,909,2,411.21,4974.5,0 22 118 185 214 295 40 122 392 285 331 133 293 53 101 352 363 323 194 275 277 102 100 95 163 61 89 207 307 313 359 365 253 206 187 0,22 100
PFG_MOEA,909,3,411.21,4974.5,0 115 0,
PFG_MOEA,909,4,411.21,4974.5,0 245 396 240 385 288 177 181 358 337 384 111 116 76 113 81 29 325 355 0,
PFG_MOEA,909,5,411.21,4974.5,0 281 26 334 298 341 134 186 131 84 114 389 105 219 371 162 159 74 279 91 24 212 375 284 14 184 318 70 292 263 8 373 169 108 72 52 130 44 386 362 201 312 67 164 107 302 173 106 261 388 197 218 151 77 273 136 137 59 109 127 57 226 19 13 80 0,77 106 284
PFG_MOEA,909,6,411.21,4974.5,0 38 172 182 319 303 357 266 141 86 199 228 267 366 289 231 34 58 68 161 235 35 249 88 135 233 156 94 230 374 92 11 36 397 350 311 4 314 193 340 299 321 269 120 142 37 51 123 145 132 339 322 121 146 294 174 320 364 393 3 229 308 356 264 259 246 42 300 329 112 221 242 96 0,51 174 229 246 299
PFG_MOEA,909,7,411.21,4974.5,0 399 200 165 191 152 247 255 1 262 250 28 345 377 395 400 394 188 301 372 21 167 291 139 149 157 63 316 387 327 17 43 85 215 73 254 183 354 69 265 346 315 99 175 251 190 390 18 103 155 83 378 213 234 227 398 93 224 179 232 225 97 71 33 260 148 238 129 330 192 48 31 304 0,93
PFG_MOEA,909,8,411.21,4974.5,0 382 383 10 391 271 39 46 54 268 272 30 66 166 205 208 6 204 154 305 326 283 65 297 62 241 110 140 286 317 333 180 220 158 189 64 20 126 124 7 56 217 55 25 367 170 361 209 287 0,55 62 66 220
PFG_MOEA,909,9,411.21,4974.5,0 380 0,
PFG_MOEA,909,10,411.21,4974.5,0 16 369 15 0,
PFG_MOEA,909,11,411.21,4974.5,0 168 203 178 82 41 0,178
PFG_MOEA,909,12,411.21,4974.5,0 335 360 338 202 306 370 342 144 176 27 98 78 196 296 347 332 216 47 125 9 150 147 324 211 244 223 104 310 282 143 309 5 195 379 79 160 50 60 270 257 210 45 153 278 87 171 353 348 75 328 248 258 376 368 290 343 349 344 243 117 0,
PFG_MOEA,910,1,312.55,5795.78,0 336 138 239 122 296 347 332 324 275 277 104 211 244 223 102 352 363 323 194 147 101 95 222 0,122 211 222 277
PFG_MOEA,910,2,312.55,5795.78,0 335 360 207 307 313 359 187 100 310 282 143 79 160 50 60 257 270 379 195 5 309 280 351 237 256 274 49 198 252 236 381 23 90 12 214 185 118 281 26 334 298 371 72 52 130 44 386 80 0,5 307
PFG_MOEA,910,3,312.55,5795.78,0 13 19 226 57 127 109 59 137 136 273 77 151 218 197 388 261 106 173 302 107 164 67 312 201 362 123 51 145 294 174 339 132 142 120 269 321 299 0,174
PFG_MOEA,910,4,312.55,5795.78,0 340 233 135 88 249 35 235 161 68 58 34 231 289 366 267 228 141 266 303 357 319 86 199 156 94 0,303
PFG_MOEA,910,5,312.55,5795.78,0 38 172 182 397 36 11 92 374 230 311 350 4 314 193 37 322 121 146 320 364 393 3 229 308 356 264 259 246 42 300 329 112 191 152 221 242 96 0,42 264
PFG_MOEA,910,6,312.55,5795.78,0 200 165 129 0,
PFG_MOEA,910,7,312.55,5795.78,0 304 330 395 400 394 188 301 372 21 167 291 139 149 157 63 316 387 17 43 33 71 224 260 0,
PFG_MOEA,910,8,312.55,5795.78,0 399 247 28 250 345 377 262 1 255 327 254 73 215 85 93 179 232 225 97 148 238 192 48 31 0,93
PFG_MOEA,910,9,312.55,5795.78,0 378 69 183 354 265 346 315 99 175 251 190 390 18 103 155 83 234 213 227 398 209 361 170 367 25 55 217 56 7 180 333 317 286 140 110 62 297 65 283 326 305 154 204 6 208 241 220 158 189 64 20 126 124 0,175
PFG_MOEA,910,10,312.55,5795.78,0 287 382 383 10 268 272 30 66 166 205 271 39 391 53 293 133 331 285 392 115 245 396 240 385 288 177 181 358 337 384 111 116 76 113 81 29 325 355 131 84 114 389 105 341 219 0,
PFG_MOEA,910,11,312.55,5795.78,0 91 24 212 375 14 108 169 373 8 263 292 70 318 184 284 74 279 159 162 22 134 186 89 216 47 125 9 150 163 61 365 253 206 46 54 0,
PFG_MOEA,910,12,312.55,5795.78,0 41 82 178 117 243 344 349 343 290 368 376 258 248 328 75 171 87 153 278 210 45 353 348 2 119 128 295 40 32 276 196 78 98 27 176 144 342 370 306 202 338 203 168 369 380 16 15 0,16 87 203
PFG_MOEA,911,1,389.39,5146.42,0 163 78 53 293 133 331 285 392 98 115 245 27 396 240 385 288 177 181 358 337 384 111 116 76 113 81 29 325 355 131 84 114 389 91 279 74 159 162 371 219 298 341 22 134 186 105 118 185 0,
PFG_MOEA,911,2,389.39,5146.42,0 281 26 334 24 212 375 284 14 184 318 70 292 263 8 373 169 108 72 52 130 44 386 51 145 123 362 201 294 312 67 164 107 302 173 106 261 388 197 218 151 77 273 136 137 59 109 127 57 226 19 13 80 0,
PFG_MOEA,911,3,389.39,5146.42,0 142 339 174 132 120 269 321 299 340 233 135 88 249 35 235 161 68 58 34 231 289 366 267 228 141 266 303 357 319 86 199 156 94 230 374 92 11 36 397 350 311 4 314 193 0,88
PFG_MOEA,911,4,389.39,5146.42,0 182 172 38 0,
PFG_MOEA,911,5,389.39,5146.42,0 37 322 121 146 320 364 393 3 229 308 356 264 259 246 42 300 329 112 152 191 165 200 221 242 96 0,152 264 329
PFG_MOEA,911,6,389.39,5146.42,0 129 33 71 224 260 0,
PFG_MOEA,911,7,389.39,5146.42,0 399 247 255 1 262 250 28 345 377 395 400 394 188 301 372 21 167 291 139 149 157 63 316 387 17 43 73 254 327 183 354 69 215 85 93 179 232 225 97 148 48 238 330 192 31 304 0,395
PFG_MOEA,911,8,389.39,5146.42,0 16 15 168 203 369 380 391 271 39 268 272 30 66 166 205 208 6 204 154 305 326 283 65 297 62 241 110 140 286 317 333 180 220 158 189 64 20 126 124 7 56 217 55 25 367 170 361 209 398 227 234 213 190 251 175 99 315 346 265 390 18 103 155 83 378 54 46 287 10 383 382 41 0,7 16 20 103 272
PFG_MOEA,911,9,389.39,5146.42,0 82 178 117 243 368 376 258 353 153 171 87 278 210 143 237 256 274 49 100 282 310 104 102 277 275 194 323 363 352 101 198 95 222 138 122 276 336 252 236 128 23 381 90 119 2 12 0,
PFG_MOEA,911,10,389.39,5146.42,0 344 349 351 280 309 5 79 160 50 60 257 270 379 195 45 348 75 328 248 290 343 187 0,
PFG_MOEA,911,11,389.39,5146.42,0 214 295 40 32 239 370 342 144 176 150 47 9 125 216 89 61 207 307 313 359 206 253 365 360 335 0,176
PFG_MOEA,911,12,389.39,5146.42,0 338 202 306 196 296 347 332 324 147 211 244 223 0,
PFG_MOEA,912,1,413.96,4915.5,0 187 206 253 365 359 313 307 207 61 12 89 2 119 128 236 252 336 138 163 222 95 198 351 280 237 256 274 49 100 102 277 275 194 323 363 352 101 53 293 133 331 285 392 122 239 276 32 40 295 23 381 90 113 81 29 76 116 111 384 337 358 181 177 288 385 240 396 245 115 22 118 185 214 0,245 381
PFG_MOEA,912,2,413.96,4915.5,0 281 84 131 325 355 114 389 186 134 341 298 26 334 0,
PFG_MOEA,912,3,413.96,4915.5,0 371 219 105 162 159 74 279 91 24 212 375 284 14 184 318 70 292 263 8 373 169 108 72 52 130 44 386 362 201 312 67 164 107 302 173 106 261 388 197 218 151 77 273 136 137 59 0,
PFG_MOEA,912,4,413.96,4915.5,0 57 127 109 226 0,
PFG_MOEA,912,5,413.96,4915.5,0 19 0,
PFG_MOEA,912,6,413.96,4915.5,0 38 303 357 266 141 86 199 228 267 366 289 231 34 58 68 161 235 35 249 88 135 233 319 182 172 13 80 0,88
PFG_MOEA,912,7,413.96,4915.5,0 399 397 36 11 92 156 94 230 374 350 311 4 314 193 340 299 321 269 120 142 37 51 123 145 132 339 322 121 146 294 174 320 364 393 3 229 308 356 264 259 246 42 300 329 112 191 165 200 221 242 96 0,11 340 374 393
PFG_MOEA,912,8,413.96,4915.5,0 152 247 255 1 262 250 28 345 377 395 400 394 188 301 372 21 167 291 139 149 157 63 316 387 327 17 43 85 215 73 254 183 354 69 265 346 315 99 175 251 190 390 18 103 155 83 378 213 234 227 398 93 0,1 152 175 227
PFG_MOEA,912,9,413.96,4915.5,0 304 31 48 192 330 238 129 148 260 391 271 39 268 272 30 66 166 205 208 6 204 154 305 326 283 65 297 62 241 110 140 286 317 333 180 220 158 189 64 20 126 124 7 56 217 55 25 367 170 361 209 71 33 97 225 232 179 224 0,55 391
PFG_MOEA,912,10,413.96,4915.5,0 287 10 383 382 0,
PFG_MOEA,912,11,413.96,4915.5,0 16 15 168 203 369 380 82 178 117 243 349 344 54 46 41 0,
PFG_MOEA,912,12,413.96,4915.5,0 335 360 216 150 9 47 125 309 5 343 290 368 376 258 248 328 75 171 87 278 153 353 348 45 210 195 379 270 257 60 50 160 79 143 282 310 104 223 244 211 324 147 332 347 296 196 78 98 27 176 144 342 370 306 202 338 0,
PFG_MOEA,913,1,320.55,5348.04,0 80 13 172 182 397 36 11 92 233 135 88 249 35 235 161 68 58 34 231 289 319 399 0,
PFG_MOEA,913,2,320.55,5348.04,0 374 230 94 156 311 350 4 314 193 340 299 321 269 120 142 132 339 174 320 364 308 229 3 393 294 146 121 322 123 145 51 37 0,393
PFG_MOEA,913,3,320.55,5348.04,0 96 242 221 200 165 112 329 300 191 152 247 255 1 262 42 250 28 246 259 264 356 345 377 395 400 394 188 301 372 21 167 291 139 149 157 63 316 387 327 17 43 85 215 73 254 183 354 69 265 346 315 99 175 251 190 0,215
PFG_MOEA,913,4,320.55,5348.04,0 304 31 192 330 238 129 398 227 234 213 18 390 286 140 110 241 93 260 148 48 0,
PFG_MOEA,913,5,320.55,5348.04,0 317 333 0,
PFG_MOEA,913,6,320.55,5348.04,0 33 71 209 361 170 367 25 55 217 56 7 180 220 158 189 64 20 126 124 224 10 383 382 16 203 168 15 0,25
PFG_MOEA,913,7,320.55,5348.04,0 380 369 335 360 216 150 9 47 125 309 5 195 379 270 210 45 348 353 153 278 87 171 75 328 248 258 376 368 290 343 54 46 344 349 243 117 178 82 41 0,
PFG_MOEA,913,8,320.55,5348.04,0 338 202 306 370 342 144 176 27 98 78 196 296 347 332 147 324 211 244 223 104 310 282 143 79 160 50 60 257 6 204 154 305 326 283 62 297 65 208 205 166 66 30 272 268 0,66
PFG_MOEA,913,9,320.55,5348.04,0 187 206 253 365 359 313 307 207 61 12 89 2 119 128 236 252 336 138 163 222 95 198 351 256 237 280 391 271 39 378 83 155 103 232 179 287 225 97 0,138 307
PFG_MOEA,913,10,320.55,5348.04,0 22 389 114 84 131 325 355 29 81 113 76 116 111 384 337 358 181 177 288 385 240 396 245 115 392 285 331 133 293 53 101 352 363 323 194 275 277 102 100 49 274 122 239 276 32 40 295 23 381 90 214 185 281 118 0,323 331
PFG_MOEA,913,11,320.55,5348.04,0 334 298 26 105 186 134 341 219 371 24 212 375 14 184 318 70 292 263 8 373 169 284 74 279 91 159 162 0,134
PFG_MOEA,913,12,320.55,5348.04,0 38 19 226 57 127 109 59 137 136 273 77 151 218 197 388 261 106 173 302 107 164 67 312 201 362 366 267 228 386 44 130 52 72 108 303 357 266 141 86 199 0,106 386
PFG_MOEA,914,1,270.73,5843.94,0 335 187 309 5 195 379 270 257 60 50 160 79 143 280 351 237 256 274 49 198 252 236 381 23 90 12 207 307 0,
PFG_MOEA,914,2,270.73,5843.94,0 61 313 359 206 253 365 360 214 185 118 281 26 334 298 371 22 134 186 162 159 292 263 8 373 318 70 184 284 74 279 0,134 284 313 318
PFG_MOEA,914,3,270.73,5843.94,0 91 169 108 14 375 212 24 192 330 238 129 200 165 112 191 152 127 57 109 59 137 273 136 247 17 43 85 215 33 71 224 260 148 48 31 304 0,33 200
PFG_MOEA,914,4,270.73,5843.94,0 73 254 69 354 183 327 387 157 149 188 394 316 63 262 1 255 250 28 42 400 395 377 345 356 264 259 246 308 229 197 218 151 77 107 164 67 302 388 3 106 173 261 320 364 0,
PFG_MOEA,914,5,270.73,5843.94,0 329 300 362 123 51 145 322 121 146 201 312 393 294 174 339 132 120 142 0,145 174
PFG_MOEA,914,6,270.73,5843.94,0 37 269 321 299 340 219 341 105 84 131 29 81 113 76 116 111 181 358 337 384 325 355 114 389 0,341
PFG_MOEA,914,7,270.73,5843.94,0 89 216 47 125 9 150 163 53 293 133 331 285 392 115 245 396 240 385 288 177 34 58 235 135 233 88 249 35 161 68 0,133 240
PFG_MOEA,914,8,270.73,5843.94,0 172 182 193 314 4 350 397 36 11 374 311 230 94 156 199 92 86 319 266 141 289 231 386 366 267 228 44 130 52 72 303 357 13 19 226 221 242 96 0,141 386
PFG_MOEA,914,9,270.73,5843.94,0 38 80 378 83 291 139 21 167 301 372 346 315 265 390 99 175 251 190 18 103 155 234 227 398 93 54 46 268 272 30 39 271 391 179 0,
PFG_MOEA,914,10,270.73,5843.94,0 97 225 232 209 361 213 170 367 328 248 258 376 368 290 343 66 349 344 243 117 178 82 41 16 380 369 196 78 98 27 176 144 342 370 306 202 338 203 168 15 399 0,82 176 225
PFG_MOEA,914,11,270.73,5843.94,0 287 64 166 205 75 348 353 45 210 278 153 171 87 6 208 158 189 220 241 62 297 65 283 204 154 305 326 110 140 180 333 317 286 25 55 217 56 7 124 126 20 10 0,65 126
PFG_MOEA,914,12,270.73,5843.94,0 2 119 128 295 40 32 276 239 122 296 332 347 138 336 222 95 101 194 147 324 275 323 363 352 277 102 223 244 211 104 310 100 282 383 382 0,2
PFG_MOEA,915,1,369.23,5154.87,0 90 295 40 32 276 239 122 222 95 101 323 363 352 102 277 275 194 53 293 133 331 285 392 115 245 396 240 385 288 177 181 358 337 384 111 116 76 113 81 29 325 131 84 355 114 389 279 74 159 162 371 219 341 22 134 186 105 298 334 26 281 118 185 214 0,40 240 245 331
PFG_MOEA,915,2,369.23,5154.87,0 91 24 212 375 284 14 184 318 70 292 263 8 373 169 108 72 52 130 44 386 0,318
PFG_MOEA,915,3,369.23,5154.87,0 362 201 312 67 164 107 302 173 106 261 388 197 218 151 77 273 136 0,106
PFG_MOEA,915,4,369.23,5154.87,0 399 172 182 397 36 11 92 86 141 266 303 357 319 199 228 267 366 289 231 34 58 68 161 235 35 249 88 135 233 156 94 230 374 350 311 4 314 193 340 299 321 269 120 142 37 51 145 123 137 59 109 127 57 226 19 13 80 38 0,340
PFG_MOEA,915,5,369.23,5154.87,0 132 339 322 0,
PFG_MOEA,915,6,369.23,5154.87,0 96 242 221 200 165 112 191 152 329 300 121 146 294 174 320 364 393 3 229 308 259 246 264 356 345 377 395 400 42 250 28 247 255 1 262 63 157 291 167 21 372 301 188 394 139 149 316 387 327 17 43 85 215 73 254 183 354 69 265 346 315 99 0,1 200 393
PFG_MOEA,915,7,369.23,5154.87,0 93 398 227 234 213 190 251 175 390 18 103 155 83 378 31 304 0,
PFG_MOEA,915,8,369.23,5154.87,0 48 192 330 238 129 148 260 391 0,
PFG_MOEA,915,9,369.23,5154.87,0 268 272 30 65 283 326 305 154 204 6 208 205 166 66 271 39 0,272
PFG_MOEA,915,10,369.23,5154.87,0 124 126 20 64 189 158 220 241 297 62 110 140 286 317 333 180 7 56 217 55 25 367 170 361 209 71 97 33 0,
PFG_MOEA,915,11,369.23,5154.87,0 15 16 380 369 168 203 338 202 306 370 342 144 176 27 98 78 196 296 347 332 324 147 211 244 223 210 45 348 353 153 278 87 171 75 328 248 258 376 368 290 343 54 46 224 225 232 179 287 10 383 382 41 344 349 243 117 178 82 125 9 47 150 216 360 335 0,47 87 353
PFG_MOEA,915,12,369.23,5154.87,0 207 307 313 359 365 253 206 187 100 310 104 282 143 79 160 50 60 257 270 379 195 5 309 280 351 237 256 274 49 198 163 138 336 252 236 381 23 128 119 2 89 12 61 0,
PFG_MOEA,916,1,337.93,5308.22,0 187 206 253 313 359 365 0,
PFG_MOEA,916,2,337.93,5308.22,0 207 307 198 280 351 256 237 101 53 293 133 331 285 392 95 222 163 138 336 252 236 128 119 2 89 12 61 0,133 222
PFG_MOEA,916,3,337.93,5308.22,0 323 363 352 194 275 277 102 100 49 274 122 239 276 32 40 295 23 381 90 0,
PFG_MOEA,916,4,337.93,5308.22,0 22 115 245 396 240 385 288 177 181 358 337 384 111 116 76 113 81 29 131 84 281 118 185 214 0,
PFG_MOEA,916,5,337.93,5308.22,0 334 26 298 371 219 341 134 186 105 355 325 114 389 162 159 74 279 91 24 212 375 284 14 184 318 70 292 263 8 373 169 108 72 52 130 44 386 362 201 312 0,284
PFG_MOEA,916,6,337.93,5308.22,0 399 172 182 397 36 11 92 86 141 266 303 357 319 199 228 267 366 289 231 34 58 68 161 235 35 249 88 135 233 156 94 230 57 127 109 59 137 136 273 77 151 218 197 388 261 106 173 302 107 164 67 294 226 19 13 80 38 0,
PFG_MOEA,916,7,337.93,5308.22,0 374 350 311 4 314 193 340 299 321 269 120 142 37 51 145 123 146 121 322 339 132 174 320 364 393 3 229 308 356 264 259 246 42 1 255 247 152 191 112 329 300 165 200 221 242 96 0,132 264 340 393
PFG_MOEA,916,8,337.93,5308.22,0 28 250 262 400 395 345 377 394 188 301 372 21 167 291 139 149 157 63 316 387 327 17 43 85 215 73 254 183 354 69 265 346 315 99 175 251 190 0,
PFG_MOEA,916,9,337.93,5308.22,0 304 192 330 238 129 378 83 155 103 18 390 213 234 227 398 140 110 241 62 297 65 283 326 305 154 204 6 208 205 166 66 93 30 272 268 39 271 391 260 148 48 31 0,65 391
PFG_MOEA,916,10,337.93,5308.22,0 33 71 225 97 232 209 361 170 367 25 55 217 56 7 317 286 333 180 220 158 189 64 20 126 124 224 10 287 179 0,
PFG_MOEA,916,11,337.93,5308.22,0 15 168 203 369 16 380 335 360 216 150 9 47 125 309 5 195 379 270 210 45 348 353 153 278 87 171 75 328 248 54 46 383 382 344 349 243 117 178 82 41 0,82 87 195 353
PFG_MOEA,916,12,337.93,5308.22,0 338 202 306 370 342 144 176 27 98 78 196 296 347 332 147 324 211 244 223 104 310 282 143 79 160 50 60 257 258 376 368 290 343 0,290
PFG_MOEA,917,1,319.42,5478.6,0 222 0,
PFG_MOEA,917,2,319.42,5478.6,0 95 101 323 363 352 102 277 275 194 53 293 133 331 285 392 115 245 396 240 385 288 177 181 358 337 384 111 116 76 113 81 29 325 131 84 355 114 389 279 74 159 162 371 219 341 22 134 186 105 298 334 26 281 0,105
PFG_MOEA,917,3,319.42,5478.6,0 118 91 284 184 14 375 212 24 0,375
PFG_MOEA,917,4,319.42,5478.6,0 399 397 36 11 92 199 86 141 266 319 357 303 289 366 267 228 8 263 292 70 318 373 169 108 72 52 130 44 386 362 201 312 67 164 107 302 173 106 261 388 197 218 151 77 273 136 182 172 0,86 197 318 362
PFG_MOEA,917,5,319.42,5478.6,0 38 80 13 19 226 57 127 109 59 137 123 145 51 132 142 120 269 321 299 37 340 193 314 4 350 311 156 233 135 88 249 35 235 161 68 58 34 231 94 230 374 0,
PFG_MOEA,917,6,319.42,5478.6,0 96 242 200 191 112 165 322 339 174 393 3 229 364 320 294 121 146 300 329 152 221 0,200 393
PFG_MOEA,917,7,319.42,5478.6,0 93 85 247 28 246 259 308 264 356 345 377 395 400 42 250 255 1 262 63 157 291 167 21 372 301 188 394 139 149 316 387 327 17 43 73 215 254 183 354 69 265 346 315 99 390 175 251 190 18 213 234 227 398 0,
PFG_MOEA,917,8,319.42,5478.6,0 304 31 48 330 192 129 238 148 260 391 271 66 166 205 208 6 204 154 305 326 283 65 62 297 241 158 189 220 110 140 103 155 83 378 124 126 20 64 30 272 268 39 0,62 205 220 391
PFG_MOEA,917,9,319.42,5478.6,0 7 180 333 286 317 56 217 55 0,
PFG_MOEA,917,10,319.42,5478.6,0 15 16 380 369 168 203 338 202 306 370 342 144 176 27 98 78 196 296 347 332 324 147 211 244 223 210 45 348 353 153 278 87 171 75 328 248 258 376 368 290 343 54 46 209 361 170 367 25 232 179 224 225 97 71 33 0,16 353 370
PFG_MOEA,917,11,319.42,5478.6,0 365 253 206 61 89 2 119 128 216 336 138 163 150 47 125 9 100 282 310 104 143 79 160 50 60 257 270 379 195 5 309 280 351 237 256 287 10 383 382 344 349 243 117 178 82 41 0,47 138 178 206 243
PFG_MOEA,917,12,319.42,5478.6,0 335 187 359 313 360 207 307 198 49 274 122 239 276 32 40 295 23 381 236 252 90 12 214 185 0,
PFG_MOEA,918,1,759.34,4800.0,0 219 341 105 389 114 84 131 355 325 29 81 113 76 116 111 384 337 358 181 177 288 385 240 396 245 115 392 285 331 133 293 53 163 150 9 125 47 216 89 61 206 253 365 0,245
PFG_MOEA,918,2,759.34,4800.0,0 22 134 186 162 159 279 74 284 184 318 70 292 263 8 373 169 108 14 375 212 24 91 0,318
PFG_MOEA,918,3,759.34,4800.0,0 304 31 48 148 260 224 71 33 129 238 330 192 200 165 112 191 152 127 57 109 59 137 273 136 247 17 43 85 215 73 254 69 354 183 327 387 157 149 188 394 316 63 262 1 255 250 28 42 400 395 377 345 356 264 259 246 308 229 197 218 151 77 107 164 67 302 388 3 106 173 261 320 364 393 312 201 362 329 300 123 51 145 322 121 146 294 174 339 132 120 142 37 269 321 299 340 233 135 88 249 35 161 235 68 58 34 386 231 289 366 267 228 44 130 52 72 303 357 319 266 141 86 92 199 156 94 230 311 374 11 36 397 350 4 314 193 182 172 13 19 226 221 242 96 80 38 0,33 106 174 200 303 311 394
PFG_MOEA,918,4,759.34,4800.0,0 378 83 155 103 18 190 251 175 99 315 346 372 301 167 21 139 291 265 390 234 0,
PFG_MOEA,918,5,759.34,4800.0,0 179 391 271 39 30 272 268 46 54 93 398 227 213 232 0,391
PFG_MOEA,918,6,759.34,4800.0,0 225 0,
PFG_MOEA,918,7,759.34,4800.0,0 97 209 361 170 367 0,
PFG_MOEA,918,8,759.34,4800.0,0 399 15 168 203 338 202 306 370 342 144 176 27 98 78 196 369 380 16 41 82 178 117 243 344 349 66 343 290 368 376 258 248 328 75 348 353 45 210 278 153 171 87 6 208 205 166 158 189 220 241 62 297 65 283 204 154 305 326 110 140 180 333 317 286 25 55 217 56 7 124 126 20 64 287 10 383 382 0,62 66 205 220 342
PFG_MOEA,918,9,759.34,4800.0,0 2 119 128 295 40 32 276 239 122 296 332 347 138 336 222 95 101 194 147 324 275 323 363 352 277 102 223 244 211 104 310 100 282 143 79 160 50 60 257 270 379 195 5 309 280 351 237 256 274 49 198 252 236 0,
PFG_MOEA,918,10,759.34,4800.0,0 381 23 90 12 207 307 0,
PFG_MOEA,918,11,759.34,4800.0,0 335 187 359 313 360 214 0,
PFG_MOEA,918,12,759.34,4800.0,0 185 118 281 26 334 298 371 0,
PFG_MOEA,919,1,314.81,5596.11,0 12 90 128 236 252 336 276 138 222 198 49 274 256 237 351 280 309 5 290 343 313 207 0,222
PFG_MOEA,919,2,314.81,5596.11,0 91 292 263 8 373 169 108 14 375 212 24 371 219 341 298 334 26 281 118 185 214 295 40 32 239 122 95 101 352 363 323 194 275 277 102 100 23 381 119 2 307 359 187 148 48 31 304 0,23
PFG_MOEA,919,3,314.81,5596.11,0 260 224 71 33 127 152 191 112 165 200 129 238 330 192 0,33
PFG_MOEA,919,4,314.81,5596.11,0 57 67 302 173 106 3 388 164 107 77 151 218 197 229 308 246 259 264 356 345 377 395 400 42 28 250 255 1 262 63 316 394 188 149 157 387 327 183 354 69 254 73 215 85 43 17 247 136 273 137 59 109 0,
PFG_MOEA,919,5,314.81,5596.11,0 329 300 362 123 51 145 322 121 146 201 261 320 364 393 312 294 174 339 132 206 253 365 360 335 0,362 393
PFG_MOEA,919,6,314.81,5596.11,0 61 358 181 177 288 385 240 396 245 115 392 285 331 133 293 53 163 150 9 125 47 216 89 0,
PFG_MOEA,919,7,314.81,5596.11,0 80 13 19 226 35 161 235 58 34 386 231 289 366 267 228 44 130 52 72 318 70 184 284 74 279 159 162 389 114 355 325 384 337 111 116 76 113 81 29 131 84 105 186 134 22 0,
PFG_MOEA,919,8,314.81,5596.11,0 38 96 242 221 172 182 397 350 311 4 314 193 230 94 156 374 36 11 92 319 357 303 266 141 86 199 68 135 88 249 233 340 299 321 269 120 142 37 301 21 139 291 167 372 346 315 99 175 251 0,182
PFG_MOEA,919,9,314.81,5596.11,0 97 225 232 179 391 271 158 241 62 297 65 283 204 154 305 326 110 140 286 317 333 180 220 126 124 7 56 217 55 25 367 170 361 209 227 234 213 190 390 265 18 103 155 83 378 398 93 54 46 268 272 30 39 0,65 154
PFG_MOEA,919,10,314.81,5596.11,0 399 15 16 380 41 82 178 117 243 344 349 20 189 64 166 205 208 6 87 171 153 278 210 353 258 376 368 66 287 10 383 382 0,243
PFG_MOEA,919,11,314.81,5596.11,0 369 338 203 168 0,
PFG_MOEA,919,12,314.81,5596.11,0 202 306 370 342 144 176 27 98 78 196 296 347 332 324 147 211 244 223 104 310 282 143 79 160 50 60 257 270 379 195 45 348 75 328 248 0,370
PFG_MOEA,920,1,411.21,4974.5,0 12 90 381 23 32 276 239 336 138 222 198 49 274 256 237 351 280 252 236 128 119 2 0,23
PFG_MOEA,920,2,411.21,4974.5,0 22 118 185 214 295 40 122 392 285 331 133 293 53 101 352 363 323 194 275 277 102 100 95 163 61 89 207 307 313 359 365 253 206 187 0,22 100
PFG_MOEA,920,3,411.21,4974.5,0 115 0,
PFG_MOEA,920,4,411.21,4974.5,0 245 396 240 385 288 177 181 358 337 384 111 116 76 113 81 29 325 355 0,
PFG_MOEA,920,5,411.21,4974.5,0 281 26 334 298 341 134 186 131 84 114 389 105 219 371 162 159 74 279 91 24 212 375 284 14 184 318 70 292 263 8 373 169 108 72 52 130 44 386 362 201 312 67 164 107 302 173 106 261 388 197 218 151 77 273 136 137 59 109 127 57 226 19 13 80 0,77 106 284
PFG_MOEA,920,6,411.21,4974.5,0 38 172 182 319 303 357 266 141 86 199 228 267 366 289 231 34 58 68 161 235 35 249 88 135 233 156 94 230 374 92 11 36 397 350 311 4 314 193 340 299 321 269 120 142 37 51 123 145 132 339 322 121 146 294 174 320 364 393 3 229 308 356 264 259 246 42 300 329 112 221 242 96 0,51 174 229 246 299
PFG_MOEA,920,7,411.21,4974.5,0 399 200 165 191 152 247 255 1 262 250 28 345 377 395 400 394 188 301 372 21 167 291 139 149 157 63 316 387 327 17 43 85 215 73 254 183 354 69 265 346 315 99 175 251 190 390 18 103 155 83 378 213 234 227 398 93 224 179 232 225 97 71 33 260 148 238 129 330 192 48 31 304 0,93
PFG_MOEA,920,8,411.21,4974.5,0 382 383 10 391 271 39 46 54 268 272 30 66 166 205 208 6 204 154 305 326 283 65 297 62 241 110 140 286 317 333 180 220 158 189 64 20 126 124 7 56 217 55 25 367 170 361 209 287 0,55 62 66 220
PFG_MOEA,920,9,411.21,4974.5,0 380 0,
PFG_MOEA,920,10,411.21,4974.5,0 16 369 15 0,
PFG_MOEA,920,11,411.21,4974.5,0 168 203 178 82 41 0,178
PFG_MOEA,920,12,411.21,4974.5,0 335 360 338 202 306 370 342 144 176 27 98 78 196 296 347 332 216 47 125 9 150 147 324 211 244 223 104 310 282 143 309 5 195 379 79 160 50 60 270 257 210 45 153 278 87 171 353 348 75 328 248 258 376 368 290 343 349 344 243 117 0,
PFG_MOEA,921,1,312.55,5795.78,0 336 138 239 122 296 347 332 324 275 277 104 211 244 223 102 352 363 323 194 147 101 95 222 0,122 211 222 277
PFG_MOEA,921,2,312.55,5795.78,0 335 360 207 307 313 359 187 100 310 282 143 79 160 50 60 257 270 379 195 5 309 280 351 237 256 274 49 198 252 236 381 23 90 12 214 185 118 281 26 334 298 371 72 52 130 44 386 80 0,5 307
PFG_MOEA,921,3,312.55,5795.78,0 13 19 226 57 127 109 59 137 136 273 77 151 218 197 388 261 106 173 302 107 164 67 312 201 362 123 51 145 294 174 339 132 142 120 269 321 299 0,174
PFG_MOEA,921,4,312.55,5795.78,0 340 233 135 88 249 35 235 161 68 58 34 231 289 366 267 228 141 266 303 357 319 86 199 156 94 0,303
PFG_MOEA,921,5,312.55,5795.78,0 38 172 182 397 36 11 92 374 230 311 350 4 314 193 37 322 121 146 320 364 393 3 229 308 356 264 259 246 42 300 329 112 191 152 221 242 96 0,42 264
PFG_MOEA,921,6,312.55,5795.78,0 200 165 129 0,
PFG_MOEA,921,7,312.55,5795.78,0 304 330 395 400 394 188 301 372 21 167 291 139 149 157 63 316 387 17 43 33 71 224 260 0,
PFG_MOEA,921,8,312.55,5795.78,0 399 247 28 250 345 377 262 1 255 327 254 73 215 85 93 179 232 225 97 148 238 192 48 31 0,93
PFG_MOEA,921,9,312.55,5795.78,0 378 69 183 354 265 346 315 99 175 251 190 390 18 103 155 83 234 213 227 398 209 361 170 367 25 55 217 56 7 180 333 317 286 140 110 62 297 65 283 326 305 154 204 6 208 241 220 158 189 64 20 126 124 0,175
PFG_MOEA,921,10,312.55,5795.78,0 287 382 383 10 268 272 30 66 166 205 271 39 391 53 293 133 331 285 392 115 245 396 240 385 288 177 181 358 337 384 111 116 76 113 81 29 325 355 131 84 114 389 105 341 219 0,
PFG_MOEA,921,11,312.55,5795.78,0 91 24 212 375 14 108 169 373 8 263 292 70 318 184 284 74 279 159 162 22 134 186 89 216 47 125 9 150 163 61 365 253 206 46 54 0,
PFG_MOEA,921,12,312.55,5795.78,0 41 82 178 117 243 344 349 343 290 368 376 258 248 328 75 171 87 153 278 210 45 353 348 2 119 128 295 40 32 276 196 78 98 27 176 144 342 370 306 202 338 203 168 369 380 16 15 0,16 87 203
PFG_MOEA,922,1,389.39,5146.42,0 163 78 53 293 133 331 285 392 98 115 245 27 396 240 385 288 177 181 358 337 384 111 116 76 113 81 29 325 355 131 84 114 389 91 279 74 159 162 371 219 298 341 22 134 186 105 118 185 0,
PFG_MOEA,922,2,389.39,5146.42,0 281 26 334 24 212 375 284 14 184 318 70 292 263 8 373 169 108 72 52 130 44 386 51 145 123 362 201 294 312 67 164 107 302 173 106 261 388 197 218 151 77 273 136 137 59 109 127 57 226 19 13 80 0,
PFG_MOEA,922,3,389.39,5146.42,0 142 339 174 132 120 269 321 299 340 233 135 88 249 35 235 161 68 58 34 231 289 366 267 228 141 266 303 357 319 86 199 156 94 230 374 92 11 36 397 350 311 4 314 193 0,88
PFG_MOEA,922,4,389.39,5146.42,0 182 172 38 0,
PFG_MOEA,922,5,389.39,5146.42,0 37 322 121 146 320 364 393 3 229 308 356 264 259 246 42 300 329 112 152 191 165 200 221 242 96 0,152 264 329
PFG_MOEA,922,6,389.39,5146.42,0 129 33 71 224 260 0,
PFG_MOEA,922,7,389.39,5146.42,0 399 247 255 1 262 250 28 345 377 395 400 394 188 301 372 21 167 291 139 149 157 63 316 387 17 43 73 254 327 183 354 69 215 85 93 179 232 225 97 148 48 238 330 192 31 304 0,395
PFG_MOEA,922,8,389.39,5146.42,0 16 15 168 203 369 380 391 271 39 268 272 30 66 166 205 208 6 204 154 305 326 283 65 297 62 241 110 140 286 317 333 180 220 158 189 64 20 126 124 7 56 217 55 25 367 170 361 209 398 227 234 213 190 251 175 99 315 346 265 390 18 103 155 83 378 54 46 287 10 383 382 41 0,7 16 20 103 272
PFG_MOEA,922,9,389.39,5146.42,0 82 178 117 243 368 376 258 353 153 171 87 278 210 143 237 256 274 49 100 282 310 104 102 277 275 194 323 363 352 101 198 95 222 138 122 276 336 252 236 128 23 381 90 119 2 12 0,
PFG_MOEA,922,10,389.39,5146.42,0 344 349 351 280 309 5 79 160 50 60 257 270 379 195 45 348 75 328 248 290 343 187 0,
PFG_MOEA,922,11,389.39,5146.42,0 214 295 40 32 239 370 342 144 176 150 47 9 125 216 89 61 207 307 313 359 206 253 365 360 335 0,176
PFG_MOEA,922,12,389.39,5146.42,0 338 202 306 196 296 347 332 324 147 211 244 223 0,
PFG_MOEA,923,1,413.96,4915.5,0 187 206 253 365 359 313 307 207 61 12 89 2 119 128 236 252 336 138 163 222 95 198 351 280 237 256 274 49 100 102 277 275 194 323 363 352 101 53 293 133 331 285 392 122 239 276 32 40 295 23 381 90 113 81 29 76 116 111 384 337 358 181 177 288 385 240 396 245 115 22 118 185 214 0,245 381
PFG_MOEA,923,2,413.96,4915.5,0 281 84 131 325 355 114 389 186 134 341 298 26 334 0,
PFG_MOEA,923,3,413.96,4915.5,0 371 219 105 162 159 74 279 91 24 212 375 284 14 184 318 70 292 263 8 373 169 108 72 52 130 44 386 362 201 312 67 164 107 302 173 106 261 388 197 218 151 77 273 136 137 59 0,
PFG_MOEA,923,4,413.96,4915.5,0 57 127 109 226 0,
PFG_MOEA,923,5,413.96,4915.5,0 19 0,
PFG_MOEA,923,6,413.96,4915.5,0 38 303 357 266 141 86 199 228 267 366 289 231 34 58 68 161 235 35 249 88 135 233 319 182 172 13 80 0,88
PFG_MOEA,923,7,413.96,4915.5,0 399 397 36 11 92 156 94 230 374 350 311 4 314 193 340 299 321 269 120 142 37 51 123 145 132 339 322 121 146 294 174 320 364 393 3 229 308 356 264 259 246 42 300 329 112 191 165 200 221 242 96 0,11 340 374 393
PFG_MOEA,923,8,413.96,4915.5,0 152 247 255 1 262 250 28 345 377 395 400 394 188 301 372 21 167 291 139 149 157 63 316 387 327 17 43 85 215 73 254 183 354 69 265 346 315 99 175 251 190 390 18 103 155 83 378 213 234 227 398 93 0,1 152 175 227
PFG_MOEA,923,9,413.96,4915.5,0 304 31 48 192 330 238 129 148 260 391 271 39 268 272 30 66 166 205 208 6 204 154 305 326 283 65 297 62 241 110 140 286 317 333 180 220 158 189 64 20 126 124 7 56 217 55 25 367 170 361 209 71 33 97 225 232 179 224 0,55 391
PFG_MOEA,923,10,413.96,4915.5,0 287 10 383 382 0,
PFG_MOEA,923,11,413.96,4915.5,0 16 15 168 203 369 380 82 178 117 243 349 344 54 46 41 0,
PFG_MOEA,923,12,413.96,4915.5,0 335 360 216 150 9 47 125 309 5 343 290 368 376 258 248 328 75 171 87 278 153 353 348 45 210 195 379 270 257 60 50 160 79 143 282 310 104 223 244 211 324 147 332 347 296 196 78 98 27 176 144 342 370 306 202 338 0,
PFG_MOEA,924,1,320.55,5348.04,0 80 13 172 182 397 36 11 92 233 135 88 249 35 235 161 68 58 34 231 289 319 399 0,
PFG_MOEA,924,2,320.55,5348.04,0 374 230 94 156 311 350 4 314 193 340 299 321 269 120 142 132 339 174 320 364 308 229 3 393 294 146 121 322 123 145 51 37 0,393
PFG_MOEA,924,3,320.55,5348.04,0 96 242 221 200 165 112 329 300 191 152 247 255 1 262 42 250 28 246 259 264 356 345 377 395 400 394 188 301 372 21 167 291 139 149 157 63 316 387 327 17 43 85 215 73 254 183 354 69 265 346 315 99 175 251 190 0,215
PFG_MOEA,924,4,320.55,5348.04,0 304 31 192 330 238 129 398 227 234 213 18 390 286 140 110 241 93 260 148 48 0,
PFG_MOEA,924,5,320.55,5348.04,0 317 333 0,
PFG_MOEA,924,6,320.55,5348.04,0 33 71 209 361 170 367 25 55 217 56 7 180 220 158 189 64 20 126 124 224 10 383 382 16 203 168 15 0,25
PFG_MOEA,924,7,320.55,5348.04,0 380 369 335 360 216 150 9 47 125 309 5 195 379 270 210 45 348 353 153 278 87 171 75 328 248 258 376 368 290 343 54 46 344 349 243 117 178 82 41 0,
PFG_MOEA,924,8,320.55,5348.04,0 338 202 306 370 342 144 176 27 98 78 196 296 347 332 147 324 211 244 223 104 310 282 143 79 160 50 60 257 6 204 154 305 326 283 62 297 65 208 205 166 66 30 272 268 0,66
PFG_MOEA,924,9,320.55,5348.04,0 187 206 253 365 359 313 307 207 61 12 89 2 119 128 236 252 336 138 163 222 95 198 351 256 237 280 391 271 39 378 83 155 103 232 179 287 225 97 0,138 307
PFG_MOEA,924,10,320.55,5348.04,0 22 389 114 84 131 325 355 29 81 113 76 116 111 384 337 358 181 177 288 385 240 396 245 115 392 285 331 133 293 53 101 352 363 323 194 275 277 102 100 49 274 122 239 276 32 40 295 23 381 90 214 185 281 118 0,323 331
PFG_MOEA,924,11,320.55,5348.04,0 334 298 26 105 186 134 341 219 371 24 212 375 14 184 318 70 292 263 8 373 169 284 74 279 91 159 162 0,134
PFG_MOEA,924,12,320.55,5348.04,0 38 19 226 57 127 109 59 137 136 273 77 151 218 197 388 261 106 173 302 107 164 67 312 201 362 366 267 228 386 44 130 52 72 108 303 357 266 141 86 199 0,106 386
PFG_MOEA,925,1,270.73,5843.94,0 335 187 309 5 195 379 270 257 60 50 160 79 143 280 351 237 256 274 49 198 252 236 381 23 90 12 207 307 0,
PFG_MOEA,925,2,270.73,5843.94,0 61 313 359 206 253 365 360 214 185 118 281 26 334 298 371 22 134 186 162 159 292 263 8 373 318 70 184 284 74 279 0,134 284 313 318
PFG_MOEA,925,3,270.73,5843.94,0 91 169 108 14 375 212 24 192 330 238 129 200 165 112 191 152 127 57 109 59 137 273 136 247 17 43 85 215 33 71 224 260 148 48 31 304 0,33 200
PFG_MOEA,925,4,270.73,5843.94,0 73 254 69 354 183 327 387 157 149 188 394 316 63 262 1 255 250 28 42 400 395 377 345 356 264 259 246 308 229 197 218 151 77 107 164 67 302 388 3 106 173 261 320 364 0,
PFG_MOEA,925,5,270.73,5843.94,0 329 300 362 123 51 145 322 121 146 201 312 393 294 174 339 132 120 142 0,145 174
PFG_MOEA,925,6,270.73,5843.94,0 37 269 321 299 340 219 341 105 84 131 29 81 113 76 116 111 181 358 337 384 325 355 114 389 0,341
PFG_MOEA,925,7,270.73,5843.94,0 89 216 47 125 9 150 163 53 293 133 331 285 392 115 245 396 240 385 288 177 34 58 235 135 233 88 249 35 161 68 0,133 240
PFG_MOEA,925,8,270.73,5843.94,0 172 182 193 314 4 350 397 36 11 374 311 230 94 156 199 92 86 319 266 141 289 231 386 366 267 228 44 130 52 72 303 357 13 19 226 221 242 96 0,141 386
PFG_MOEA,925,9,270.73,5843.94,0 38 80 378 83 291 139 21 167 301 372 346 315 265 390 99 175 251 190 18 103 155 234 227 398 93 54 46 268 272 30 39 271 391 179 0,
PFG_MOEA,925,10,270.73,5843.94,0 97 225 232 209 361 213 170 367 328 248 258 376 368 290 343 66 349 344 243 117 178 82 41 16 380 369 196 78 98 27 176 144 342 370 306 202 338 203 168 15 399 0,82 176 225
PFG_MOEA,925,11,270.73,5843.94,0 287 64 166 205 75 348 353 45 210 278 153 171 87 6 208 158 189 220 241 62 297 65 283 204 154 305 326 110 140 180 333 317 286 25 55 217 56 7 124 126 20 10 0,65 126
PFG_MOEA,925,12,270.73,5843.94,0 2 119 128 295 40 32 276 239 122 296 332 347 138 336 222 95 101 194 147 324 275 323 363 352 277 102 223 244 211 104 310 100 282 383 382 0,2
PFG_MOEA,926,1,369.23,5154.87,0 90 295 40 32 276 239 122 222 95 101 323 363 352 102 277 275 194 53 293 133 331 285 392 115 245 396 240 385 288 177 181 358 337 384 111 116 76 113 81 29 325 131 84 355 114 389 279 74 159 162 371 219 341 22 134 186 105 298 334 26 281 118 185 214 0,40 240 245 331
PFG_MOEA,926,2,369.23,5154.87,0 91 24 212 375 284 14 184 318 70 292 263 8 373 169 108 72 52 130 44 386 0,318
PFG_MOEA,926,3,369.23,5154.87,0 362 201 312 67 164 107 302 173 106 261 388 197 218 151 77 273 136 0,106
PFG_MOEA,926,4,369.23,5154.87,0 399 172 182 397 36 11 92 86 141 266 303 357 319 199 228 267 366 289 231 34 58 68 161 235 35 249 88 135 233 156 94 230 374 350 311 4 314 193 340 299 321 269 120 142 37 51 145 123 137 59 109 127 57 226 19 13 80 38 0,340
PFG_MOEA,926,5,369.23,5154.87,0 132 339 322 0,
PFG_MOEA,926,6,369.23,5154.87,0 96 242 221 200 165 112 191 152 329 300 121 146 294 174 320 364 393 3 229 308 259 246 264 356 345 377 395 400 42 250 28 247 255 1 262 63 157 291 167 21 372 301 188 394 139 149 316 387 327 17 43 85 215 73 254 183 354 69 265 346 315 99 0,1 200 393
PFG_MOEA,926,7,369.23,5154.87,0 93 398 227 234 213 190 251 175 390 18 103 155 83 378 31 304 0,
PFG_MOEA,926,8,369.23,5154.87,0 48 192 330 238 129 148 260 391 0,
PFG_MOEA,926,9,369.23,5154.87,0 268 272 30 65 283 326 305 154 204 6 208 205 166 66 271 39 0,272
PFG_MOEA,926,10,369.23,5154.87,0 124 126 20 64 189 158 220 241 297 62 110 140 286 317 333 180 7 56 217 55 25 367 170 361 209 71 97 33 0,
PFG_MOEA,926,11,369.23,5154.87,0 15 16 380 369 168 203 338 202 306 370 342 144 176 27 98 78 196 296 347 332 324 147 211 244 223 210 45 348 353 153 278 87 171 75 328 248 258 376 368 290 343 54 46 224 225 232 179 287 10 383 382 41 344 349 243 117 178 82 125 9 47 150 216 360 335 0,47 87 353
PFG_MOEA,926,12,369.23,5154.87,0 207 307 313 359 365 253 206 187 100 310 104 282 143 79 160 50 60 257 270 379 195 5 309 280 351 237 256 274 49 198 163 138 336 252 236 381 23 128 119 2 89 12 61 0,
PFG_MOEA,927,1,337.93,5308.22,0 187 206 253 313 359 365 0,
PFG_MOEA,927,2,337.93,5308.22,0 207 307 198 280 351 256 237 101 53 293 133 331 285 392 95 222 163 138 336 252 236 128 119 2 89 12 61 0,133 222
PFG_MOEA,927,3,337.93,5308.22,0 323 363 352 194 275 277 102 100 49 274 122 239 276 32 40 295 23 381 90 0,
PFG_MOEA,927,4,337.93,5308.22,0 22 115 245 396 240 385 288 177 181 358 337 384 111 116 76 113 81 29 131 84 281 118 185 214 0,
PFG_MOEA,927,5,337.93,5308.22,0 334 26 298 371 219 341 134 186 105 355 325 114 389 162 159 74 279 91 24 212 375 284 14 184 318 70 292 263 8 373 169 108 72 52 130 44 386 362 201 312 0,284
PFG_MOEA,927,6,337.93,5308.22,0 399 172 182 397 36 11 92 86 141 266 303 357 319 199 228 267 366 289 231 34 58 68 161 235 35 249 88 135 233 156 94 230 57 127 109 59 137 136 273 77 151 218 197 388 261 106 173 302 107 164 67 294 226 19 13 80 38 0,
PFG_MOEA,927,7,337.93,5308.22,0 374 350 311 4 314 193 340 299 321 269 120 142 37 51 145 123 146 121 322 339 132 174 320 364 393 3 229 308 356 264 259 246 42 1 255 247 152 191 112 329 300 165 200 221 242 96 0,132 264 340 393
PFG_MOEA,927,8,337.93,5308.22,0 28 250 262 400 395 345 377 394 188 301 372 21 167 291 139 149 157 63 316 387 327 17 43 85 215 73 254 183 354 69 265 346 315 99 175 251 190 0,
PFG_MOEA,927,9,337.93,5308.22,0 304 192 330 238 129 378 83 155 103 18 390 213 234 227 398 140 110 241 62 297 65 283 326 305 154 204 6 208 205 166 66 93 30 272 268 39 271 391 260 148 48 31 0,65 391
PFG_MOEA,927,10,337.93,5308.22,0 33 71 225 97 232 209 361 170 367 25 55 217 56 7 317 286 333 180 220 158 189 64 20 126 124 224 10 287 179 0,
PFG_MOEA,927,11,337.93,5308.22,0 15 168 203 369 16 380 335 360 216 150 9 47 125 309 5 195 379 270 210 45 348 353 153 278 87 171 75 328 248 54 46 383 382 344 349 243 117 178 82 41 0,82 87 195 353
PFG_MOEA,927,12,337.93,5308.22,0 338 202 306 370 342 144 176 27 98 78 196 296 347 332 147 324 211 244 223 104 310 282 143 79 160 50 60 257 258 376 368 290 343 0,290
PFG_MOEA,928,1,319.42,5478.6,0 222 0,
PFG_MOEA,928,2,319.42,5478.6,0 95 101 323 363 352 102 277 275 194 53 293 133 331 285 392 115 245 396 240 385 288 177 181 358 337 384 111 116 76 113 81 29 325 131 84 355 114 389 279 74 159 162 371 219 341 22 134 186 105 298 334 26 281 0,105
PFG_MOEA,928,3,319.42,5478.6,0 118 91 284 184 14 375 212 24 0,375
PFG_MOEA,928,4,319.42,5478.6,0 399 397 36 11 92 199 86 141 266 319 357 303 289 366 267 228 8 263 292 70 318 373 169 108 72 52 130 44 386 362 201 312 67 164 107 302 173 106 261 388 197 218 151 77 273 136 182 172 0,86 197 318 362
PFG_MOEA,928,5,319.42,5478.6,0 38 80 13 19 226 57 127 109 59 137 123 145 51 132 142 120 269 321 299 37 340 193 314 4 350 311 156 233 135 88 249 35 235 161 68 58 34 231 94 230 374 0,
PFG_MOEA,928,6,319.42,5478.6,0 96 242 200 191 112 165 322 339 174 393 3 229 364 320 294 121 146 300 329 152 221 0,200 393
PFG_MOEA,928,7,319.42,5478.6,0 93 85 247 28 246 259 308 264 356 345 377 395 400 42 250 255 1 262 63 157 291 167 21 372 301 188 394 139 149 316 387 327 17 43 73 215 254 183 354 69 265 346 315 99 390 175 251 190 18 213 234 227 398 0,
PFG_MOEA,928,8,319.42,5478.6,0 304 31 48 330 192 129 238 148 260 391 271 66 166 205 208 6 204 154 305 326 283 65 62 297 241 158 189 220 110 140 103 155 83 378 124 126 20 64 30 272 268 39 0,62 205 220 391
PFG_MOEA,928,9,319.42,5478.6,0 7 180 333 286 317 56 217 55 0,
PFG_MOEA,928,10,319.42,5478.6,0 15 16 380 369 168 203 338 202 306 370 342 144 176 27 98 78 196 296 347 332 324 147 211 244 223 210 45 348 353 153 278 87 171 75 328 248 258 376 368 290 343 54 46 209 361 170 367 25 232 179 224 225 97 71 33 0,16 353 370
PFG_MOEA,928,11,319.42,5478.6,0 365 253 206 61 89 2 119 128 216 336 138 163 150 47 125 9 100 282 310 104 143 79 160 50 60 257 270 379 195 5 309 280 351 237 256 287 10 383 382 344 349 243 117 178 82 41 0,47 138 178 206 243
PFG_MOEA,928,12,319.42,5478.6,0 335 187 359 313 360 207 307 198 49 274 122 239 276 32 40 295 23 381 236 252 90 12 214 185 0,
PFG_MOEA,929,1,759.34,4800.0,0 219 341 105 389 114 84 131 355 325 29 81 113 76 116 111 384 337 358 181 177 288 385 240 396 245 115 392 285 331 133 293 53 163 150 9 125 47 216 89 61 206 253 365 0,245
PFG_MOEA,929,2,759.34,4800.0,0 22 134 186 162 159 279 74 284 184 318 70 292 263 8 373 169 108 14 375 212 24 91 0,318
PFG_MOEA,929,3,759.34,4800.0,0 304 31 48 148 260 224 71 33 129 238 330 192 200 165 112 191 152 127 57 109 59 137 273 136 247 17 43 85 215 73 254 69 354 183 327 387 157 149 188 394 316 63 262 1 255 250 28 42 400 395 377 345 356 264 259 246 308 229 197 218 151 77 107 164 67 302 388 3 106 173 261 320 364 393 312 201 362 329 300 123 51 145 322 121 146 294 174 339 132 120 142 37 269 321 299 340 233 135 88 249 35 161 235 68 58 34 386 231 289 366 267 228 44 130 52 72 303 357 319 266 141 86 92 199 156 94 230 311 374 11 36 397 350 4 314 193 182 172 13 19 226 221 242 96 80 38 0,33 106 174 200 303 311 394
PFG_MOEA,929,4,759.34,4800.0,0 378 83 155 103 18 190 251 175 99 315 346 372 301 167 21 139 291 265 390 234 0,
PFG_MOEA,929,5,759.34,4800.0,0 179 391 271 39 30 272 268 46 54 93 398 227 213 232 0,391
PFG_MOEA,929,6,759.34,4800.0,0 225 0,
PFG_MOEA,929,7,759.34,4800.0,0 97 209 361 170 367 0,
PFG_MOEA,929,8,759.34,4800.0,0 399 15 168 203 338 202 306 370 342 144 176 27 98 78 196 369 380 16 41 82 178 117 243 344 349 66 343 290 368 376 258 248 328 75 348 353 45 210 278 153 171 87 6 208 205 166 158 189 220 241 62 297 65 283 204 154 305 326 110 140 180 333 317 286 25 55 217 56 7 124 126 20 64 287 10 383 382 0,62 66 205 220 342
PFG_MOEA,929,9,759.34,4800.0,0 2 119 128 295 40 32 276 239 122 296 332 347 138 336 222 95 101 194 147 324 275 323 363 352 277 102 223 244 211 104 310 100 282 143 79 160 50 60 257 270 379 195 5 309 280 351 237 256 274 49 198 252 236 0,
PFG_MOEA,929,10,759.34,4800.0,0 381 23 90 12 207 307 0,
PFG_MOEA,929,11,759.34,4800.0,0 335 187 359 313 360 214 0,
PFG_MOEA,929,12,759.34,4800.0,0 185 118 281 26 334 298 371 0,
PFG_MOEA,930,1,314.81,5596.11,0 12 90 128 236 252 336 276 138 222 198 49 274 256 237 351 280 309 5 290 343 313 207 0,222
PFG_MOEA,930,2,314.81,5596.11,0 91 292 263 8 373 169 108 14 375 212 24 371 219 341 298 334 26 281 118 185 214 295 40 32 239 122 95 101 352 363 323 194 275 277 102 100 23 381 119 2 307 359 187 148 48 31 304 0,23
PFG_MOEA,930,3,314.81,5596.11,0 260 224 71 33 127 152 191 112 165 200 129 238 330 192 0,33
PFG_MOEA,930,4,314.81,5596.11,0 57 67 302 173 106 3 388 164 107 77 151 218 197 229 308 246 259 264 356 345 377 395 400 42 28 250 255 1 262 63 316 394 188 149 157 387 327 183 354 69 254 73 215 85 43 17 247 136 273 137 59 109 0,
PFG_MOEA,930,5,314.81,5596.11,0 329 300 362 123 51 145 322 121 146 201 261 320 364 393 312 294 174 339 132 206 253 365 360 335 0,362 393
PFG_MOEA,930,6,314.81,5596.11,0 61 358 181 177 288 385 240 396 245 115 392 285 331 133 293 53 163 150 9 125 47 216 89 0,
PFG_MOEA,930,7,314.81,5596.11,0 80 13 19 226 35 161 235 58 34 386 231 289 366 267 228 44 130 52 72 318 70 184 284 74 279 159 162 389 114 355 325 384 337 111 116 76 113 81 29 131 84 105 186 134 22 0,
PFG_MOEA,930,8,314.81,5596.11,0 38 96 242 221 172 182 397 350 311 4 314 193 230 94 156 374 36 11 92 319 357 303 266 141 86 199 68 135 88 249 233 340 299 321 269 120 142 37 301 21 139 291 167 372 346 315 99 175 251 0,182
PFG_MOEA,930,9,314.81,5596.11,0 97 225 232 179 391 271 158 241 62 297 65 283 204 154 305 326 110 140 286 317 333 180 220 126 124 7 56 217 55 25 367 170 361 209 227 234 213 190 390 265 18 103 155 83 378 398 93 54 46 268 272 30 39 0,65 154
PFG_MOEA,930,10,314.81,5596.11,0 399 15 16 380 41 82 178 117 243 344 349 20 189 64 166 205 208 6 87 171 153 278 210 353 258 376 368 66 287 10 383 382 0,243
PFG_MOEA,930,11,314.81,5596.11,0 369 338 203 168 0,
PFG_MOEA,930,12,314.81,5596.11,0 202 306 370 342 144 176 27 98 78 196 296 347 332 324 147 211 244 223 104 310 282 143 79 160 50 60 257 270 379 195 45 348 75 328 248 0,370
PFG_MOEA,931,1,411.21,4974.5,0 12 90 381 23 32 276 239 336 138 222 198 49 274 256 237 351 280 252 236 128 119 2 0,23
PFG_MOEA,931,2,411.21,4974.5,0 22 118 185 214 295 40 122 392 285 331 133 293 53 101 352 363 323 194 275 277 102 100 95 163 61 89 207 307 313 359 365 253 206 187 0,22 100
PFG_MOEA,931,3,411.21,4974.5,0 115 0,
PFG_MOEA,931,4,411.21,4974.5,0 245 396 240 385 288 177 181 358 337 384 111 116 76 113 81 29 325 355 0,
PFG_MOEA,931,5,411.21,4974.5,0 281 26 334 298 341 134 186 131 84 114 389 105 219 371 162 159 74 279 91 24 212 375 284 14 184 318 70 292 263 8 373 169 108 72 52 130 44 386 362 201 312 67 164 107 302 173 106 261 388 197 218 151 77 273 136 137 59 109 127 57 226 19 13 80 0,77 106 284
PFG_MOEA,931,6,411.21,4974.5,0 38 172 182 319 303 357 266 141 86 199 228 267 366 289 231 34 58 68 161 235 35 249 88 135 233 156 94 230 374 92 11 36 397 350 311 4 314 193 340 299 321 269 120 142 37 51 123 145 132 339 322 121 146 294 174 320 364 393 3 229 308 356 264 259 246 42 300 329 112 221 242 96 0,51 174 229 246 299
PFG_MOEA,931,7,411.21,4974.5,0 399 200 165 191 152 247 255 1 262 250 28 345 377 395 400 394 188 301 372 21 167 291 139 149 157 63 316 387 327 17 43 85 215 73 254 183 354 69 265 346 315 99 175 251 190 390 18 103 155 83 378 213 234 227 398 93 224 179 232 225 97 71 33 260 148 238 129 330 192 48 31 304 0,93
PFG_MOEA,931,8,411.21,4974.5,0 382 383 10 391 271 39 46 54 268 272 30 66 166 205 208 6 204 154 305 326 283 65 297 62 241 110 140 286 317 333 180 220 158 189 64 20 126 124 7 56 217 55 25 367 170 361 209 287 0,55 62 66 220
PFG_MOEA,931,9,411.21,4974.5,0 380 0,
PFG_MOEA,931,10,411.21,4974.5,0 16 369 15 0,
PFG_MOEA,931,11,411.21,4974.5,0 168 203 178 82 41 0,178
PFG_MOEA,931,12,411.21,4974.5,0 335 360 338 202 306 370 342 144 176 27 98 78 196 296 347 332 216 47 125 9 150 147 324 211 244 223 104 310 282 143 309 5 195 379 79 160 50 60 270 257 210 45 153 278 87 171 353 348 75 328 248 258 376 368 290 343 349 344 243 117 0,
PFG_MOEA,932,1,312.55,5795.78,0 336 138 239 122 296 347 332 324 275 277 104 211 244 223 102 352 363 323 194 147 101 95 222 0,122 211 222 277
PFG_MOEA,932,2,312.55,5795.78,0 335 360 207 307 313 359 187 100 310 282 143 79 160 50 60 257 270 379 195 5 309 280 351 237 256 274 49 198 252 236 381 23 90 12 214 185 118 281 26 334 298 371 72 52 130 44 386 80 0,5 307
PFG_MOEA,932,3,312.55,5795.78,0 13 19 226 57 127 109 59 137 136 273 77 151 218 197 388 261 106 173 302 107 164 67 312 201 362 123 51 145 294 174 339 132 142 120 269 321 299 0,174
PFG_MOEA,932,4,312.55,5795.78,0 340 233 135 88 249 35 235 161 68 58 34 231 289 366 267 228 141 266 303 357 319 86 199 156 94 0,303
PFG_MOEA,932,5,312.55,5795.78,0 38 172 182 397 36 11 92 374 230 311 350 4 314 193 37 322 121 146 320 364 393 3 229 308 356 264 259 246 42 300 329 112 191 152 221 242 96 0,42 264
PFG_MOEA,932,6,312.55,5795.78,0 200 165 129 0,
PFG_MOEA,932,7,312.55,5795.78,0 304 330 395 400 394 188 301 372 21 167 291 139 149 157 63 316 387 17 43 33 71 224 260 0,
PFG_MOEA,932,8,312.55,5795.78,0 399 247 28 250 345 377 262 1 255 327 254 73 215 85 93 179 232 225 97 148 238 192 48 31 0,93
PFG_MOEA,932,9,312.55,5795.78,0 378 69 183 354 265 346 315 99 175 251 190 390 18 103 155 83 234 213 227 398 209 361 170 367 25 55 217 56 7 180 333 317 286 140 110 62 297 65 283 326 305 154 204 6 208 241 220 158 189 64 20 126 124 0,175
PFG_MOEA,932,10,312.55,5795.78,0 287 382 383 10 268 272 30 66 166 205 271 39 391 53 293 133 331 285 392 115 245 396 240 385 288 177 181 358 337 384 111 116 76 113 81 29 325 355 131 84 114 389 105 341 219 0,
PFG_MOEA,932,11,312.55,5795.78,0 91 24 212 375 14 108 169 373 8 263 292 70 318 184 284 74 279 159 162 22 134 186 89 216 47 125 9 150 163 61 365 253 206 46 54 0,
PFG_MOEA,932,12,312.55,5795.78,0 41 82 178 117 243 344 349 343 290 368 376 258 248 328 75 171 87 153 278 210 45 353 348 2 119 128 295 40 32 276 196 78 98 27 176 144 342 370 306 202 338 203 168 369 380 16 15 0,16 87 203
PFG_MOEA,933,1,389.39,5146.42,0 163 78 53 293 133 331 285 392 98 115 245 27 396 240 385 288 177 181 358 337 384 111 116 76 113 81 29 325 355 131 84 114 389 91 279 74 159 162 371 219 298 341 22 134 186 105 118 185 0,
PFG_MOEA,933,2,389.39,5146.42,0 281 26 334 24 212 375 284 14 184 318 70 292 263 8 373 169 108 72 52 130 44 386 51 145 123 362 201 294 312 67 164 107 302 173 106 261 388 197 218 151 77 273 136 137 59 109 127 57 226 19 13 80 0,
PFG_MOEA,933,3,389.39,5146.42,0 142 339 174 132 120 269 321 299 340 233 135 88 249 35 235 161 68 58 34 231 289 366 267 228 141 266 303 357 319 86 199 156 94 230 374 92 11 36 397 350 311 4 314 193 0,88
PFG_MOEA,933,4,389.39,5146.42,0 182 172 38 0,
PFG_MOEA,933,5,389.39,5146.42,0 37 322 121 146 320 364 393 3 229 308 356 264 259 246 42 300 329 112 152 191 165 200 221 242 96 0,152 264 329
PFG_MOEA,933,6,389.39,5146.42,0 129 33 71 224 260 0,
PFG_MOEA,933,7,389.39,5146.42,0 399 247 255 1 262 250 28 345 377 395 400 394 188 301 372 21 167 291 139 149 157 63 316 387 17 43 73 254 327 183 354 69 215 85 93 179 232 225 97 148 48 238 330 192 31 304 0,395
PFG_MOEA,933,8,389.39,5146.42,0 16 15 168 203 369 380 391 271 39 268 272 30 66 166 205 208 6 204 154 305 326 283 65 297 62 241 110 140 286 317 333 180 220 158 189 64 20 126 124 7 56 217 55 25 367 170 361 209 398 227 234 213 190 251 175 99 315 346 265 390 18 103 155 83 378 54 46 287 10 383 382 41 0,7 16 20 103 272
PFG_MOEA,933,9,389.39,5146.42,0 82 178 117 243 368 376 258 353 153 171 87 278 210 143 237 256 274 49 100 282 310 104 102 277 275 194 323 363 352 101 198 95 222 138 122 276 336 252 236 128 23 381 90 119 2 12 0,
PFG_MOEA,933,10,389.39,5146.42,0 344 349 351 280 309 5 79 160 50 60 257 270 379 195 45 348 75 328 248 290 343 187 0,
PFG_MOEA,933,11,389.39,5146.42,0 214 295 40 32 239 370 342 144 176 150 47 9 125 216 89 61 207 307 313 359 206 253 365 360 335 0,176
PFG_MOEA,933,12,389.39,5146.42,0 338 202 306 196 296 347 332 324 147 211 244 223 0,
PFG_MOEA,934,1,413.96,4915.5,0 187 206 253 365 359 313 307 207 61 12 89 2 119 128 236 252 336 138 163 222 95 198 351 280 237 256 274 49 100 102 277 275 194 323 363 352 101 53 293 133 331 285 392 122 239 276 32 40 295 23 381 90 113 81 29 76 116 111 384 337 358 181 177 288 385 240 396 245 115 22 118 185 214 0,245 381
PFG_MOEA,934,2,413.96,4915.5,0 281 84 131 325 355 114 389 186 134 341 298 26 334 0,
PFG_MOEA,934,3,413.96,4915.5,0 371 219 105 162 159 74 279 91 24 212 375 284 14 184 318 70 292 263 8 373 169 108 72 52 130 44 386 362 201 312 67 164 107 302 173 106 261 388 197 218 151 77 273 136 137 59 0,
PFG_MOEA,934,4,413.96,4915.5,0 57 127 109 226 0,
PFG_MOEA,934,5,413.96,4915.5,0 19 0,
PFG_MOEA,934,6,413.96,4915.5,0 38 303 357 266 141 86 199 228 267 366 289 231 34 58 68 161 235 35 249 88 135 233 319 182 172 13 80 0,88
PFG_MOEA,934,7,413.96,4915.5,0 399 397 36 11 92 156 94 230 374 350 311 4 314 193 340 299 321 269 120 142 37 51 123 145 132 339 322 121 146 294 174 320 364 393 3 229 308 356 264 259 246 42 300 329 112 191 165 200 221 242 96 0,11 340 374 393
PFG_MOEA,934,8,413.96,4915.5,0 152 247 255 1 262 250 28 345 377 395 400 394 188 301 372 21 167 291 139 149 157 63 316 387 327 17 43 85 215 73 254 183 354 69 265 346 315 99 175 251 190 390 18 103 155 83 378 213 234 227 398 93 0,1 152 175 227
PFG_MOEA,934,9,413.96,4915.5,0 304 31 48 192 330 238 129 148 260 391 271 39 268 272 30 66 166 205 208 6 204 154 305 326 283 65 297 62 241 110 140 286 317 333 180 220 158 189 64 20 126 124 7 56 217 55 25 367 170 361 209 71 33 97 225 232 179 224 0,55 391
PFG_MOEA,934,10,413.96,4915.5,0 287 10 383 382 0,
PFG_MOEA,934,11,413.96,4915.5,0 16 15 168 203 369 380 82 178 117 243 349 344 54 46 41 0,
PFG_MOEA,934,12,413.96,4915.5,0 335 360 216 150 9 47 125 309 5 343 290 368 376 258 248 328 75 171 87 278 153 353 348 45 210 195 379 270 257 60 50 160 79 143 282 310 104 223 244 211 324 147 332 347 296 196 78 98 27 176 144 342 370 306 202 338 0,
PFG_MOEA,935,1,320.55,5348.04,0 80 13 172 182 397 36 11 92 233 135 88 249 35 235 161 68 58 34 231 289 319 399 0,
PFG_MOEA,935,2,320.55,5348.04,0 374 230 94 156 311 350 4 314 193 340 299 321 269 120 142 132 339 174 320 364 308 229 3 393 294 146 121 322 123 145 51 37 0,393
PFG_MOEA,935,3,320.55,5348.04,0 96 242 221 200 165 112 329 300 191 152 247 255 1 262 42 250 28 246 259 264 356 345 377 395 400 394 188 301 372 21 167 291 139 149 157 63 316 387 327 17 43 85 215 73 254 183 354 69 265 346 315 99 175 251 190 0,215
PFG_MOEA,935,4,320.55,5348.04,0 304 31 192 330 238 129 398 227 234 213 18 390 286 140 110 241 93 260 148 48 0,
PFG_MOEA,935,5,320.55,5348.04,0 317 333 0,
PFG_MOEA,935,6,320.55,5348.04,0 33 71 209 361 170 367 25 55 217 56 7 180 220 158 189 64 20 126 124 224 10 383 382 16 203 168 15 0,25
PFG_MOEA,935,7,320.55,5348.04,0 380 369 335 360 216 150 9 47 125 309 5 195 379 270 210 45 348 353 153 278 87 171 75 328 248 258 376 368 290 343 54 46 344 349 243 117 178 82 41 0,
PFG_MOEA,935,8,320.55,5348.04,0 338 202 306 370 342 144 176 27 98 78 196 296 347 332 147 324 211 244 223 104 310 282 143 79 160 50 60 257 6 204 154 305 326 283 62 297 65 208 205 166 66 30 272 268 0,66
PFG_MOEA,935,9,320.55,5348.04,0 187 206 253 365 359 313 307 207 61 12 89 2 119 128 236 252 336 138 163 222 95 198 351 256 237 280 391 271 39 378 83 155 103 232 179 287 225 97 0,138 307
PFG_MOEA,935,10,320.55,5348.04,0 22 389 114 84 131 325 355 29 81 113 76 116 111 384 337 358 181 177 288 385 240 396 245 115 392 285 331 133 293 53 101 352 363 323 194 275 277 102 100 49 274 122 239 276 32 40 295 23 381 90 214 185 281 118 0,323 331
PFG_MOEA,935,11,320.55,5348.04,0 334 298 26 105 186 134 341 219 371 24 212 375 14 184 318 70 292 263 8 373 169 284 74 279 91 159 162 0,134
PFG_MOEA,935,12,320.55,5348.04,0 38 19 226 57 127 109 59 137 136 273 77 151 218 197 388 261 106 173 302 107 164 67 312 201 362 366 267 228 386 44 130 52 72 108 303 357 266 141 86 199 0,106 386
PFG_MOEA,936,1,270.73,5843.94,0 335 187 309 5 195 379 270 257 60 50 160 79 143 280 351 237 256 274 49 198 252 236 381 23 90 12 207 307 0,
PFG_MOEA,936,2,270.73,5843.94,0 61 313 359 206 253 365 360 214 185 118 281 26 334 298 371 22 134 186 162 159 292 263 8 373 318 70 184 284 74 279 0,134 284 313 318
PFG_MOEA,936,3,270.73,5843.94,0 91 169 108 14 375 212 24 192 330 238 129 200 165 112 191 152 127 57 109 59 137 273 136 247 17 43 85 215 33 71 224 260 148 48 31 304 0,33 200
PFG_MOEA,936,4,270.73,5843.94,0 73 254 69 354 183 327 387 157 149 188 394 316 63 262 1 255 250 28 42 400 395 377 345 356 264 259 246 308 229 197 218 151 77 107 164 67 302 388 3 106 173 261 320 364 0,
PFG_MOEA,936,5,270.73,5843.94,0 329 300 362 123 51 145 322 121 146 201 312 393 294 174 339 132 120 142 0,145 174
PFG_MOEA,936,6,270.73,5843.94,0 37 269 321 299 340 219 341 105 84 131 29 81 113 76 116 111 181 358 337 384 325 355 114 389 0,341
PFG_MOEA,936,7,270.73,5843.94,0 89 216 47 125 9 150 163 53 293 133 331 285 392 115 245 396 240 385 288 177 34 58 235 135 233 88 249 35 161 68 0,133 240
PFG_MOEA,936,8,270.73,5843.94,0 172 182 193 314 4 350 397 36 11 374 311 230 94 156 199 92 86 319 266 141 289 231 386 366 267 228 44 130 52 72 303 357 13 19 226 221 242 96 0,141 386
PFG_MOEA,936,9,270.73,5843.94,0 38 80 378 83 291 139 21 167 301 372 346 315 265 390 99 175 251 190 18 103 155 234 227 398 93 54 46 268 272 30 39 271 391 179 0,
PFG_MOEA,936,10,270.73,5843.94,0 97 225 232 209 361 213 170 367 328 248 258 376 368 290 343 66 349 344 243 117 178 82 41 16 380 369 196 78 98 27 176 144 342 370 306 202 338 203 168 15 399 0,82 176 225
PFG_MOEA,936,11,270.73,5843.94,0 287 64 166 205 75 348 353 45 210 278 153 171 87 6 208 158 189 220 241 62 297 65 283 204 154 305 326 110 140 180 333 317 286 25 55 217 56 7 124 126 20 10 0,65 126
PFG_MOEA,936,12,270.73,5843.94,0 2 119 128 295 40 32 276 239 122 296 332 347 138 336 222 95 101 194 147 324 275 323 363 352 277 102 223 244 211 104 310 100 282 383 382 0,2
PFG_MOEA,937,1,369.23,5154.87,0 90 295 40 32 276 239 122 222 95 101 323 363 352 102 277 275 194 53 293 133 331 285 392 115 245 396 240 385 288 177 181 358 337 384 111 116 76 113 81 29 325 131 84 355 114 389 279 74 159 162 371 219 341 22 134 186 105 298 334 26 281 118 185 214 0,40 240 245 331
PFG_MOEA,937,2,369.23,5154.87,0 91 24 212 375 284 14 184 318 70 292 263 8 373 169 108 72 52 130 44 386 0,318
PFG_MOEA,937,3,369.23,5154.87,0 362 201 312 67 164 107 302 173 106 261 388 197 218 151 77 273 136 0,106
PFG_MOEA,937,4,369.23,5154.87,0 399 172 182 397 36 11 92 86 141 266 303 357 319 199 228 267 366 289 231 34 58 68 161 235 35 249 88 135 233 156 94 230 374 350 311 4 314 193 340 299 321 269 120 142 37 51 145 123 137 59 109 127 57 226 19 13 80 38 0,340
PFG_MOEA,937,5,369.23,5154.87,0 132 339 322 0,
PFG_MOEA,937,6,369.23,5154.87,0 96 242 221 200 165 112 191 152 329 300 121 146 294 174 320 364 393 3 229 308 259 246 264 356 345 377 395 400 42 250 28 247 255 1 262 63 157 291 167 21 372 301 188 394 139 149 316 387 327 17 43 85 215 73 254 183 354 69 265 346 315 99 0,1 200 393
PFG_MOEA,937,7,369.23,5154.87,0 93 398 227 234 213 190 251 175 390 18 103 155 83 378 31 304 0,
PFG_MOEA,937,8,369.23,5154.87,0 48 192 330 238 129 148 260 391 0,
PFG_MOEA,937,9,369.23,5154.87,0 268 272 30 65 283 326 305 154 204 6 208 205 166 66 271 39 0,272
PFG_MOEA,937,10,369.23,5154.87,0 124 126 20 64 189 158 220 241 297 62 110 140 286 317 333 180 7 56 217 55 25 367 170 361 209 71 97 33 0,
PFG_MOEA,937,11,369.23,5154.87,0 15 16 380 369 168 203 338 202 306 370 342 144 176 27 98 78 196 296 347 332 324 147 211 244 223 210 45 348 353 153 278 87 171 75 328 248 258 376 368 290 343 54 46 224 225 232 179 287 10 383 382 41 344 349 243 117 178 82 125 9 47 150 216 360 335 0,47 87 353
PFG_MOEA,937,12,369.23,5154.87,0 207 307 313 359 365 253 206 187 100 310 104 282 143 79 160 50 60 257 270 379 195 5 309 280 351 237 256 274 49 198 163 138 336 252 236 381 23 128 119 2 89 12 61 0,
PFG_MOEA,938,1,337.93,5308.22,0 187 206 253 313 359 365 0,
PFG_MOEA,938,2,337.93,5308.22,0 207 307 198 280 351 256 237 101 53 293 133 331 285 392 95 222 163 138 336 252 236 128 119 2 89 12 61 0,133 222
PFG_MOEA,938,3,337.93,5308.22,0 323 363 352 194 275 277 102 100 49 274 122 239 276 32 40 295 23 381 90 0,
PFG_MOEA,938,4,337.93,5308.22,0 22 115 245 396 240 385 288 177 181 358 337 384 111 116 76 113 81 29 131 84 281 118 185 214 0,
PFG_MOEA,938,5,337.93,5308.22,0 334 26 298 371 219 341 134 186 105 355 325 114 389 162 159 74 279 91 24 212 375 284 14 184 318 70 292 263 8 373 169 108 72 52 130 44 386 362 201 312 0,284
PFG_MOEA,938,6,337.93,5308.22,0 399 172 182 397 36 11 92 86 141 266 303 357 319 199 228 267 366 289 231 34 58 68 161 235 35 249 88 135 233 156 94 230 57 127 109 59 137 136 273 77 151 218 197 388 261 106 173 302 107 164 67 294 226 19 13 80 38 0,
PFG_MOEA,938,7,337.93,5308.22,0 374 350 311 4 314 193 340 299 321 269 120 142 37 51 145 123 146 121 322 339 132 174 320 364 393 3 229 308 356 264 259 246 42 1 255 247 152 191 112 329 300 165 200 221 242 96 0,132 264 340 393
PFG_MOEA,938,8,337.93,5308.22,0 28 250 262 400 395 345 377 394 188 301 372 21 167 291 139 149 157 63 316 387 327 17 43 85 215 73 254 183 354 69 265 346 315 99 175 251 190 0,
PFG_MOEA,938,9,337.93,5308.22,0 304 192 330 238 129 378 83 155 103 18 390 213 234 227 398 140 110 241 62 297 65 283 326 305 154 204 6 208 205 166 66 93 30 272 268 39 271 391 260 148 48 31 0,65 391
PFG_MOEA,938,10,337.93,5308.22,0 33 71 225 97 232 209 361 170 367 25 55 217 56 7 317 286 333 180 220 158 189 64 20 126 124 224 10 287 179 0,
PFG_MOEA,938,11,337.93,5308.22,0 15 168 203 369 16 380 335 360 216 150 9 47 125 309 5 195 379 270 210 45 348 353 153 278 87 171 75 328 248 54 46 383 382 344 349 243 117 178 82 41 0,82 87 195 353
PFG_MOEA,938,12,337.93,5308.22,0 338 202 306 370 342 144 176 27 98 78 196 296 347 332 147 324 211 244 223 104 310 282 143 79 160 50 60 257 258 376 368 290 343 0,290
PFG_MOEA,939,1,319.42,5478.6,0 222 0,
PFG_MOEA,939,2,319.42,5478.6,0 95 101 323 363 352 102 277 275 194 53 293 133 331 285 392 115 245 396 240 385 288 177 181 358 337 384 111 116 76 113 81 29 325 131 84 355 114 389 279 74 159 162 371 219 341 22 134 186 105 298 334 26 281 0,105
PFG_MOEA,939,3,319.42,5478.6,0 118 91 284 184 14 375 212 24 0,375
PFG_MOEA,939,4,319.42,5478.6,0 399 397 36 11 92 199 86 141 266 319 357 303 289 366 267 228 8 263 292 70 318 373 169 108 72 52 130 44 386 362 201 312 67 164 107 302 173 106 261 388 197 218 151 77 273 136 182 172 0,86 197 318 362
PFG_MOEA,939,5,319.42,5478.6,0 38 80 13 19 226 57 127 109 59 137 123 145 51 132 142 120 269 321 299 37 340 193 314 4 350 311 156 233 135 88 249 35 235 161 68 58 34 231 94 230 374 0,
PFG_MOEA,939,6,319.42,5478.6,0 96 242 200 191 112 165 322 339 174 393 3 229 364 320 294 121 146 300 329 152 221 0,200 393
PFG_MOEA,939,7,319.42,5478.6,0 93 85 247 28 246 259 308 264 356 345 377 395 400 42 250 255 1 262 63 157 291 167 21 372 301 188 394 139 149 316 387 327 17 43 73 215 254 183 354 69 265 346 315 99 390 175 251 190 18 213 234 227 398 0,
PFG_MOEA,939,8,319.42,5478.6,0 304 31 48 330 192 129 238 148 260 391 271 66 166 205 208 6 204 154 305 326 283 65 62 297 241 158 189 220 110 140 103 155 83 378 124 126 20 64 30 272 268 39 0,62 205 220 391
PFG_MOEA,939,9,319.42,5478.6,0 7 180 333 286 317 56 217 55 0,
PFG_MOEA,939,10,319.42,5478.6,0 15 16 380 369 168 203 338 202 306 370 342 144 176 27 98 78 196 296 347 332 324 147 211 244 223 210 45 348 353 153 278 87 171 75 328 248 258 376 368 290 343 54 46 209 361 170 367 25 232 179 224 225 97 71 33 0,16 353 370
PFG_MOEA,939,11,319.42,5478.6,0 365 253 206 61 89 2 119 128 216 336 138 163 150 47 125 9 100 282 310 104 143 79 160 50 60 257 270 379 195 5 309 280 351 237 256 287 10 383 382 344 349 243 117 178 82 41 0,47 138 178 206 243
PFG_MOEA,939,12,319.42,5478.6,0 335 187 359 313 360 207 307 198 49 274 122 239 276 32 40 295 23 381 236 252 90 12 214 185 0,
PFG_MOEA,940,1,759.34,4800.0,0 219 341 105 389 114 84 131 355 325 29 81 113 76 116 111 384 337 358 181 177 288 385 240 396 245 115 392 285 331 133 293 53 163 150 9 125 47 216 89 61 206 253 365 0,245
PFG_MOEA,940,2,759.34,4800.0,0 22 134 186 162 159 279 74 284 184 318 70 292 263 8 373 169 108 14 375 212 24 91 0,318
PFG_MOEA,940,3,759.34,4800.0,0 304 31 48 148 260 224 71 33 129 238 330 192 200 165 112 191 152 127 57 109 59 137 273 136 247 17 43 85 215 73 254 69 354 183 327 387 157 149 188 394 316 63 262 1 255 250 28 42 400 395 377 345 356 264 259 246 308 229 197 218 151 77 107 164 67 302 388 3 106 173 261 320 364 393 312 201 362 329 300 123 51 145 322 121 146 294 174 339 132 120 142 37 269 321 299 340 233 135 88 249 35 161 235 68 58 34 386 231 289 366 267 228 44 130 52 72 303 357 319 266 141 86 92 199 156 94 230 311 374 11 36 397 350 4 314 193 182 172 13 19 226 221 242 96 80 38 0,33 106 174 200 303 311 394
PFG_MOEA,940,4,759.34,4800.0,0 378 83 155 103 18 190 251 175 99 315 346 372 301 167 21 139 291 265 390 234 0,
PFG_MOEA,940,5,759.34,4800.0,0 179 391 271 39 30 272 268 46 54 93 398 227 213 232 0,391
PFG_MOEA,940,6,759.34,4800.0,0 225 0,
PFG_MOEA,940,7,759.34,4800.0,0 97 209 361 170 367 0,
PFG_MOEA,940,8,759.34,4800.0,0 399 15 168 203 338 202 306 370 342 144 176 27 98 78 196 369 380 16 41 82 178 117 243 344 349 66 343 290 368 376 258 248 328 75 348 353 45 210 278 153 171 87 6 208 205 166 158 189 220 241 62 297 65 283 204 154 305 326 110 140 180 333 317 286 25 55 217 56 7 124 126 20 64 287 10 383 382 0,62 66 205 220 342
PFG_MOEA,940,9,759.34,4800.0,0 2 119 128 295 40 32 276 239 122 296 332 347 138 336 222 95 101 194 147 324 275 323 363 352 277 102 223 244 211 104 310 100 282 143 79 160 50 60 257 270 379 195 5 309 280 351 237 256 274 49 198 252 236 0,
PFG_MOEA,940,10,759.34,4800.0,0 381 23 90 12 207 307 0,
PFG_MOEA,940,11,759.34,4800.0,0 335 187 359 313 360 214 0,
PFG_MOEA,940,12,759.34,4800.0,0 185 118 281 26 334 298 371 0,
PFG_MOEA,941,1,314.81,5596.11,0 12 90 128 236 252 336 276 138 222 198 49 274 256 237 351 280 309 5 290 343 313 207 0,222
PFG_MOEA,941,2,314.81,5596.11,0 91 292 263 8 373 169 108 14 375 212 24 371 219 341 298 334 26 281 118 185 214 295 40 32 239 122 95 101 352 363 323 194 275 277 102 100 23 381 119 2 307 359 187 148 48 31 304 0,23
PFG_MOEA,941,3,314.81,5596.11,0 260 224 71 33 127 152 191 112 165 200 129 238 330 192 0,33
PFG_MOEA,941,4,314.81,5596.11,0 57 67 302 173 106 3 388 164 107 77 151 218 197 229 308 246 259 264 356 345 377 395 400 42 28 250 255 1 262 63 316 394 188 149 157 387 327 183 354 69 254 73 215 85 43 17 247 136 273 137 59 109 0,
PFG_MOEA,941,5,314.81,5596.11,0 329 300 362 123 51 145 322 121 146 201 261 320 364 393 312 294 174 339 132 206 253 365 360 335 0,362 393
PFG_MOEA,941,6,314.81,5596.11,0 61 358 181 177 288 385 240 396 245 115 392 285 331 133 293 53 163 150 9 125 47 216 89 0,
PFG_MOEA,941,7,314.81,5596.11,0 80 13 19 226 35 161 235 58 34 386 231 289 366 267 228 44 130 52 72 318 70 184 284 74 279 159 162 389 114 355 325 384 337 111 116 76 113 81 29 131 84 105 186 134 22 0,
PFG_MOEA,941,8,314.81,5596.11,0 38 96 242 221 172 182 397 350 311 4 314 193 230 94 156 374 36 11 92 319 357 303 266 141 86 199 68 135 88 249 233 340 299 321 269 120 142 37 301 21 139 291 167 372 346 315 99 175 251 0,182
PFG_MOEA,941,9,314.81,5596.11,0 97 225 232 179 391 271 158 241 62 297 65 283 204 154 305 326 110 140 286 317 333 180 220 126 124 7 56 217 55 25 367 170 361 209 227 234 213 190 390 265 18 103 155 83 378 398 93 54 46 268 272 30 39 0,65 154
PFG_MOEA,941,10,314.81,5596.11,0 399 15 16 380 41 82 178 117 243 344 349 20 189 64 166 205 208 6 87 171 153 278 210 353 258 376 368 66 287 10 383 382 0,243
PFG_MOEA,941,11,314.81,5596.11,0 369 338 203 168 0,
PFG_MOEA,941,12,314.81,5596.11,0 202 306 370 342 144 176 27 98 78 196 296 347 332 324 147 211 244 223 104 310 282 143 79 160 50 60 257 270 379 195 45 348 75 328 248 0,370
PFG_MOEA,942,1,411.21,4974.5,0 12 90 381 23 32 276 239 336 138 222 198 49 274 256 237 351 280 252 236 128 119 2 0,23
PFG_MOEA,942,2,411.21,4974.5,0 22 118 185 214 295 40 122 392 285 331 133 293 53 101 352 363 323 194 275 277 102 100 95 163 61 89 207 307 313 359 365 253 206 187 0,22 100
PFG_MOEA,942,3,411.21,4974.5,0 115 0,
PFG_MOEA,942,4,411.21,4974.5,0 245 396 240 385 288 177 181 358 337 384 111 116 76 113 81 29 325 355 0,
PFG_MOEA,942,5,411.21,4974.5,0 281 26 334 298 341 134 186 131 84 114 389 105 219 371 162 159 74 279 91 24 212 375 284 14 184 318 70 292 263 8 373 169 108 72 52 130 44 386 362 201 312 67 164 107 302 173 106 261 388 197 218 151 77 273 136 137 59 109 127 57 226 19 13 80 0,77 106 284
PFG_MOEA,942,6,411.21,4974.5,0 38 172 182 319 303 357 266 141 86 199 228 267 366 289 231 34 58 68 161 235 35 249 88 135 233 156 94 230 374 92 11 36 397 350 311 4 314 193 340 299 321 269 120 142 37 51 123 145 132 339 322 121 146 294 174 320 364 393 3 229 308 356 264 259 246 42 300 329 112 221 242 96 0,51 174 229 246 299
PFG_MOEA,942,7,411.21,4974.5,0 399 200 165 191 152 247 255 1 262 250 28 345 377 395 400 394 188 301 372 21 167 291 139 149 157 63 316 387 327 17 43 85 215 73 254 183 354 69 265 346 315 99 175 251 190 390 18 103 155 83 378 213 234 227 398 93 224 179 232 225 97 71 33 260 148 238 129 330 192 48 31 304 0,93
PFG_MOEA,942,8,411.21,4974.5,0 382 383 10 391 271 39 46 54 268 272 30 66 166 205 208 6 204 154 305 326 283 65 297 62 241 110 140 286 317 333 180 220 158 189 64 20 126 124 7 56 217 55 25 367 170 361 209 287 0,55 62 66 220
PFG_MOEA,942,9,411.21,4974.5,0 380 0,
PFG_MOEA,942,10,411.21,4974.5,0 16 369 15 0,
PFG_MOEA,942,11,411.21,4974.5,0 168 203 178 82 41 0,178
PFG_MOEA,942,12,411.21,4974.5,0 335 360 338 202 306 370 342 144 176 27 98 78 196 296 347 332 216 47 125 9 150 147 324 211 244 223 104 310 282 143 309 5 195 379 79 160 50 60 270 257 210 45 153 278 87 171 353 348 75 328 248 258 376 368 290 343 349 344 243 117 0,
PFG_MOEA,943,1,312.55,5795.78,0 336 138 239 122 296 347 332 324 275 277 104 211 244 223 102 352 363 323 194 147 101 95 222 0,122 211 222 277
PFG_MOEA,943,2,312.55,5795.78,0 335 360 207 307 313 359 187 100 310 282 143 79 160 50 60 257 270 379 195 5 309 280 351 237 256 274 49 198 252 236 381 23 90 12 214 185 118 281 26 334 298 371 72 52 130 44 386 80 0,5 307
PFG_MOEA,943,3,312.55,5795.78,0 13 19 226 57 127 109 59 137 136 273 77 151 218 197 388 261 106 173 302 107 164 67 312 201 362 123 51 145 294 174 339 132 142 120 269 321 299 0,174
PFG_MOEA,943,4,312.55,5795.78,0 340 233 135 88 249 35 235 161 68 58 34 231 289 366 267 228 141 266 303 357 319 86 199 156 94 0,303
PFG_MOEA,943,5,312.55,5795.78,0 38 172 182 397 36 11 92 374 230 311 350 4 314 193 37 322 121 146 320 364 393 3 229 308 356 264 259 246 42 300 329 112 191 152 221 242 96 0,42 264
PFG_MOEA,943,6,312.55,5795.78,0 200 165 129 0,
PFG_MOEA,943,7,312.55,5795.78,0 304 330 395 400 394 188 301 372 21 167 291 139 149 157 63 316 387 17 43 33 71 224 260 0,
PFG_MOEA,943,8,312.55,5795.78,0 399 247 28 250 345 377 262 1 255 327 254 73 215 85 93 179 232 225 97 148 238 192 48 31 0,93
PFG_MOEA,943,9,312.55,5795.78,0 378 69 183 354 265 346 315 99 175 251 190 390 18 103 155 83 234 213 227 398 209 361 170 367 25 55 217 56 7 180 333 317 286 140 110 62 297 65 283 326 305 154 204 6 208 241 220 158 189 64 20 126 124 0,175
PFG_MOEA,943,10,312.55,5795.78,0 287 382 383 10 268 272 30 66 166 205 271 39 391 53 293 133 331 285 392 115 245 396 240 385 288 177 181 358 337 384 111 116 76 113 81 29 325 355 131 84 114 389 105 341 219 0,
PFG_MOEA,943,11,312.55,5795.78,0 91 24 212 375 14 108 169 373 8 263 292 70 318 184 284 74 279 159 162 22 134 186 89 216 47 125 9 150 163 61 365 253 206 46 54 0,
PFG_MOEA,943,12,312.55,5795.78,0 41 82 178 117 243 344 349 343 290 368 376 258 248 328 75 171 87 153 278 210 45 353 348 2 119 128 295 40 32 276 196 78 98 27 176 144 342 370 306 202 338 203 168 369 380 16 15 0,16 87 203
PFG_MOEA,944,1,389.39,5146.42,0 163 78 53 293 133 331 285 392 98 115 245 27 396 240 385 288 177 181 358 337 384 111 116 76 113 81 29 325 355 131 84 114 389 91 279 74 159 162 371 219 298 341 22 134 186 105 118 185 0,
PFG_MOEA,944,2,389.39,5146.42,0 281 26 334 24 212 375 284 14 184 318 70 292 263 8 373 169 108 72 52 130 44 386 51 145 123 362 201 294 312 67 164 107 302 173 106 261 388 197 218 151 77 273 136 137 59 109 127 57 226 19 13 80 0,
PFG_MOEA,944,3,389.39,5146.42,0 142 339 174 132 120 269 321 299 340 233 135 88 249 35 235 161 68 58 34 231 289 366 267 228 141 266 303 357 319 86 199 156 94 230 374 92 11 36 397 350 311 4 314 193 0,88
PFG_MOEA,944,4,389.39,5146.42,0 182 172 38 0,
PFG_MOEA,944,5,389.39,5146.42,0 37 322 121 146 320 364 393 3 229 308 356 264 259 246 42 300 329 112 152 191 165 200 221 242 96 0,152 264 329
PFG_MOEA,944,6,389.39,5146.42,0 129 33 71 224 260 0,
PFG_MOEA,944,7,389.39,5146.42,0 399 247 255 1 262 250 28 345 377 395 400 394 188 301 372 21 167 291 139 149 157 63 316 387 17 43 73 254 327 183 354 69 215 85 93 179 232 225 97 148 48 238 330 192 31 304 0,395
PFG_MOEA,944,8,389.39,5146.42,0 16 15 168 203 369 380 391 271 39 268 272 30 66 166 205 208 6 204 154 305 326 283 65 297 62 241 110 140 286 317 333 180 220 158 189 64 20 126 124 7 56 217 55 25 367 170 361 209 398 227 234 213 190 251 175 99 315 346 265 390 18 103 155 83 378 54 46 287 10 383 382 41 0,7 16 20 103 272
PFG_MOEA,944,9,389.39,5146.42,0 82 178 117 243 368 376 258 353 153 171 87 278 210 143 237 256 274 49 100 282 310 104 102 277 275 194 323 363 352 101 198 95 222 138 122 276 336 252 236 128 23 381 90 119 2 12 0,
PFG_MOEA,944,10,389.39,5146.42,0 344 349 351 280 309 5 79 160 50 60 257 270 379 195 45 348 75 328 248 290 343 187 0,
PFG_MOEA,944,11,389.39,5146.42,0 214 295 40 32 239 370 342 144 176 150 47 9 125 216 89 61 207 307 313 359 206 253 365 360 335 0,176
PFG_MOEA,944,12,389.39,5146.42,0 338 202 306 196 296 347 332 324 147 211 244 223 0,
PFG_MOEA,945,1,413.96,4915.5,0 187 206 253 365 359 313 307 207 61 12 89 2 119 128 236 252 336 138 163 222 95 198 351 280 237 256 274 49 100 102 277 275 194 323 363 352 101 53 293 133 331 285 392 122 239 276 32 40 295 23 381 90 113 81 29 76 116 111 384 337 358 181 177 288 385 240 396 245 115 22 118 185 214 0,245 381
PFG_MOEA,945,2,413.96,4915.5,0 281 84 131 325 355 114 389 186 134 341 298 26 334 0,
PFG_MOEA,945,3,413.96,4915.5,0 371 219 105 162 159 74 279 91 24 212 375 284 14 184 318 70 292 263 8 373 169 108 72 52 130 44 386 362 201 312 67 164 107 302 173 106 261 388 197 218 151 77 273 136 137 59 0,
PFG_MOEA,945,4,413.96,4915.5,0 57 127 109 226 0,
PFG_MOEA,945,5,413.96,4915.5,0 19 0,
PFG_MOEA,945,6,413.96,4915.5,0 38 303 357 266 141 86 199 228 267 366 289 231 34 58 68 161 235 35 249 88 135 233 319 182 172 13 80 0,88
PFG_MOEA,945,7,413.96,4915.5,0 399 397 36 11 92 156 94 230 374 350 311 4 314 193 340 299 321 269 120 142 37 51 123 145 132 339 322 121 146 294 174 320 364 393 3 229 308 356 264 259 246 42 300 329 112 191 165 200 221 242 96 0,11 340 374 393
PFG_MOEA,945,8,413.96,4915.5,0 152 247 255 1 262 250 28 345 377 395 400 394 188 301 372 21 167 291 139 149 157 63 316 387 327 17 43 85 215 73 254 183 354 69 265 346 315 99 175 251 190 390 18 103 155 83 378 213 234 227 398 93 0,1 152 175 227
PFG_MOEA,945,9,413.96,4915.5,0 304 31 48 192 330 238 129 148 260 391 271 39 268 272 30 66 166 205 208 6 204 154 305 326 283 65 297 62 241 110 140 286 317 333 180 220 158 189 64 20 126 124 7 56 217 55 25 367 170 361 209 71 33 97 225 232 179 224 0,55 391
PFG_MOEA,945,10,413.96,4915.5,0 287 10 383 382 0,
PFG_MOEA,945,11,413.96,4915.5,0 16 15 168 203 369 380 82 178 117 243 349 344 54 46 41 0,
PFG_MOEA,945,12,413.96,4915.5,0 335 360 216 150 9 47 125 309 5 343 290 368 376 258 248 328 75 171 87 278 153 353 348 45 210 195 379 270 257 60 50 160 79 143 282 310 104 223 244 211 324 147 332 347 296 196 78 98 27 176 144 342 370 306 202 338 0,
PFG_MOEA,946,1,320.55,5348.04,0 80 13 172 182 397 36 11 92 233 135 88 249 35 235 161 68 58 34 231 289 319 399 0,
PFG_MOEA,946,2,320.55,5348.04,0 374 230 94 156 311 350 4 314 193 340 299 321 269 120 142 132 339 174 320 364 308 229 3 393 294 146 121 322 123 145 51 37 0,393
PFG_MOEA,946,3,320.55,5348.04,0 96 242 221 200 165 112 329 300 191 152 247 255 1 262 42 250 28 246 259 264 356 345 377 395 400 394 188 301 372 21 167 291 139 149 157 63 316 387 327 17 43 85 215 73 254 183 354 69 265 346 315 99 175 251 190 0,215
PFG_MOEA,946,4,320.55,5348.04,0 304 31 192 330 238 129 398 227 234 213 18 390 286 140 110 241 93 260 148 48 0,
PFG_MOEA,946,5,320.55,5348.04,0 317 333 0,
PFG_MOEA,946,6,320.55,5348.04,0 33 71 209 361 170 367 25 55 217 56 7 180 220 158 189 64 20 126 124 224 10 383 382 16 203 168 15 0,25
PFG_MOEA,946,7,320.55,5348.04,0 380 369 335 360 216 150 9 47 125 309 5 195 379 270 210 45 348 353 153 278 87 171 75 328 248 258 376 368 290 343 54 46 344 349 243 117 178 82 41 0,
PFG_MOEA,946,8,320.55,5348.04,0 338 202 306 370 342 144 176 27 98 78 196 296 347 332 147 324 211 244 223 104 310 282 143 79 160 50 60 257 6 204 154 305 326 283 62 297 65 208 205 166 66 30 272 268 0,66
PFG_MOEA,946,9,320.55,5348.04,0 187 206 253 365 359 313 307 207 61 12 89 2 119 128 236 252 336 138 163 222 95 198 351 256 237 280 391 271 39 378 83 155 103 232 179 287 225 97 0,138 307
PFG_MOEA,946,10,320.55,5348.04,0 22 389 114 84 131 325 355 29 81 113 76 116 111 384 337 358 181 177 288 385 240 396 245 115 392 285 331 133 293 53 101 352 363 323 194 275 277 102 100 49 274 122 239 276 32 40 295 23 381 90 214 185 281 118 0,323 331
PFG_MOEA,946,11,320.55,5348.04,0 334 298 26 105 186 134 341 219 371 24 212 375 14 184 318 70 292 263 8 373 169 284 74 279 91 159 162 0,134
PFG_MOEA,946,12,320.55,5348.04,0 38 19 226 57 127 109 59 137 136 273 77 151 218 197 388 261 106 173 302 107 164 67 312 201 362 366 267 228 386 44 130 52 72 108 303 357 266 141 86 199 0,106 386
PFG_MOEA,947,1,270.73,5843.94,0 335 187 309 5 195 379 270 257 60 50 160 79 143 280 351 237 256 274 49 198 252 236 381 23 90 12 207 307 0,
PFG_MOEA,947,2,270.73,5843.94,0 61 313 359 206 253 365 360 214 185 118 281 26 334 298 371 22 134 186 162 159 292 263 8 373 318 70 184 284 74 279 0,134 284 313 318
PFG_MOEA,947,3,270.73,5843.94,0 91 169 108 14 375 212 24 192 330 238 129 200 165 112 191 152 127 57 109 59 137 273 136 247 17 43 85 215 33 71 224 260 148 48 31 304 0,33 200
PFG_MOEA,947,4,270.73,5843.94,0 73 254 69 354 183 327 387 157 149 188 394 316 63 262 1 255 250 28 42 400 395 377 345 356 264 259 246 308 229 197 218 151 77 107 164 67 302 388 3 106 173 261 320 364 0,
PFG_MOEA,947,5,270.73,5843.94,0 329 300 362 123 51 145 322 121 146 201 312 393 294 174 339 132 120 142 0,145 174
PFG_MOEA,947,6,270.73,5843.94,0 37 269 321 299 340 219 341 105 84 131 29 81 113 76 116 111 181 358 337 384 325 355 114 389 0,341
PFG_MOEA,947,7,270.73,5843.94,0 89 216 47 125 9 150 163 53 293 133 331 285 392 115 245 396 240 385 288 177 34 58 235 135 233 88 249 35 161 68 0,133 240
PFG_MOEA,947,8,270.73,5843.94,0 172 182 193 314 4 350 397 36 11 374 311 230 94 156 199 92 86 319 266 141 289 231 386 366 267 228 44 130 52 72 303 357 13 19 226 221 242 96 0,141 386
PFG_MOEA,947,9,270.73,5843.94,0 38 80 378 83 291 139 21 167 301 372 346 315 265 390 99 175 251 190 18 103 155 234 227 398 93 54 46 268 272 30 39 271 391 179 0,
PFG_MOEA,947,10,270.73,5843.94,0 97 225 232 209 361 213 170 367 328 248 258 376 368 290 343 66 349 344 243 117 178 82 41 16 380 369 196 78 98 27 176 144 342 370 306 202 338 203 168 15 399 0,82 176 225
PFG_MOEA,947,11,270.73,5843.94,0 287 64 166 205 75 348 353 45 210 278 153 171 87 6 208 158 189 220 241 62 297 65 283 204 154 305 326 110 140 180 333 317 286 25 55 217 56 7 124 126 20 10 0,65 126
PFG_MOEA,947,12,270.73,5843.94,0 2 119 128 295 40 32 276 239 122 296 332 347 138 336 222 95 101 194 147 324 275 323 363 352 277 102 223 244 211 104 310 100 282 383 382 0,2
PFG_MOEA,948,1,369.23,5154.87,0 90 295 40 32 276 239 122 222 95 101 323 363 352 102 277 275 194 53 293 133 331 285 392 115 245 396 240 385 288 177 181 358 337 384 111 116 76 113 81 29 325 131 84 355 114 389 279 74 159 162 371 219 341 22 134 186 105 298 334 26 281 118 185 214 0,40 240 245 331
PFG_MOEA,948,2,369.23,5154.87,0 91 24 212 375 284 14 184 318 70 292 263 8 373 169 108 72 52 130 44 386 0,318
PFG_MOEA,948,3,369.23,5154.87,0 362 201 312 67 164 107 302 173 106 261 388 197 218 151 77 273 136 0,106
PFG_MOEA,948,4,369.23,5154.87,0 399 172 182 397 36 11 92 86 141 266 303 357 319 199 228 267 366 289 231 34 58 68 161 235 35 249 88 135 233 156 94 230 374 350 311 4 314 193 340 299 321 269 120 142 37 51 145 123 137 59 109 127 57 226 19 13 80 38 0,340
PFG_MOEA,948,5,369.23,5154.87,0 132 339 322 0,
PFG_MOEA,948,6,369.23,5154.87,0 96 242 221 200 165 112 191 152 329 300 121 146 294 174 320 364 393 3 229 308 259 246 264 356 345 377 395 400 42 250 28 247 255 1 262 63 157 291 167 21 372 301 188 394 139 149 316 387 327 17 43 85 215 73 254 183 354 69 265 346 315 99 0,1 200 393
PFG_MOEA,948,7,369.23,5154.87,0 93 398 227 234 213 190 251 175 390 18 103 155 83 378 31 304 0,
PFG_MOEA,948,8,369.23,5154.87,0 48 192 330 238 129 148 260 391 0,
PFG_MOEA,948,9,369.23,5154.87,0 268 272 30 65 283 326 305 154 204 6 208 205 166 66 271 39 0,272
PFG_MOEA,948,10,369.23,5154.87,0 124 126 20 64 189 158 220 241 297 62 110 140 286 317 333 180 7 56 217 55 25 367 170 361 209 71 97 33 0,
PFG_MOEA,948,11,369.23,5154.87,0 15 16 380 369 168 203 338 202 306 370 342 144 176 27 98 78 196 296 347 332 324 147 211 244 223 210 45 348 353 153 278 87 171 75 328 248 258 376 368 290 343 54 46 224 225 232 179 287 10 383 382 41 344 349 243 117 178 82 125 9 47 150 216 360 335 0,47 87 353
PFG_MOEA,948,12,369.23,5154.87,0 207 307 313 359 365 253 206 187 100 310 104 282 143 79 160 50 60 257 270 379 195 5 309 280 351 237 256 274 49 198 163 138 336 252 236 381 23 128 119 2 89 12 61 0,
PFG_MOEA,949,1,337.93,5308.22,0 187 206 253 313 359 365 0,
PFG_MOEA,949,2,337.93,5308.22,0 207 307 198 280 351 256 237 101 53 293 133 331 285 392 95 222 163 138 336 252 236 128 119 2 89 12 61 0,133 222
PFG_MOEA,949,3,337.93,5308.22,0 323 363 352 194 275 277 102 100 49 274 122 239 276 32 40 295 23 381 90 0,
PFG_MOEA,949,4,337.93,5308.22,0 22 115 245 396 240 385 288 177 181 358 337 384 111 116 76 113 81 29 131 84 281 118 185 214 0,
PFG_MOEA,949,5,337.93,5308.22,0 334 26 298 371 219 341 134 186 105 355 325 114 389 162 159 74 279 91 24 212 375 284 14 184 318 70 292 263 8 373 169 108 72 52 130 44 386 362 201 312 0,284
PFG_MOEA,949,6,337.93,5308.22,0 399 172 182 397 36 11 92 86 141 266 303 357 319 199 228 267 366 289 231 34 58 68 161 235 35 249 88 135 233 156 94 230 57 127 109 59 137 136 273 77 151 218 197 388 261 106 173 302 107 164 67 294 226 19 13 80 38 0,
PFG_MOEA,949,7,337.93,5308.22,0 374 350 311 4 314 193 340 299 321 269 120 142 37 51 145 123 146 121 322 339 132 174 320 364 393 3 229 308 356 264 259 246 42 1 255 247 152 191 112 329 300 165 200 221 242 96 0,132 264 340 393
PFG_MOEA,949,8,337.93,5308.22,0 28 250 262 400 395 345 377 394 188 301 372 21 167 291 139 149 157 63 316 387 327 17 43 85 215 73 254 183 354 69 265 346 315 99 175 251 190 0,
PFG_MOEA,949,9,337.93,5308.22,0 304 192 330 238 129 378 83 155 103 18 390 213 234 227 398 140 110 241 62 297 65 283 326 305 154 204 6 208 205 166 66 93 30 272 268 39 271 391 260 148 48 31 0,65 391
PFG_MOEA,949,10,337.93,5308.22,0 33 71 225 97 232 209 361 170 367 25 55 217 56 7 317 286 333 180 220 158 189 64 20 126 124 224 10 287 179 0,
PFG_MOEA,949,11,337.93,5308.22,0 15 168 203 369 16 380 335 360 216 150 9 47 125 309 5 195 379 270 210 45 348 353 153 278 87 171 75 328 248 54 46 383 382 344 349 243 117 178 82 41 0,82 87 195 353
PFG_MOEA,949,12,337.93,5308.22,0 338 202 306 370 342 144 176 27 98 78 196 296 347 332 147 324 211 244 223 104 310 282 143 79 160 50 60 257 258 376 368 290 343 0,290
PFG_MOEA,950,1,319.42,5478.6,0 222 0,
PFG_MOEA,950,2,319.42,5478.6,0 95 101 323 363 352 102 277 275 194 53 293 133 331 285 392 115 245 396 240 385 288 177 181 358 337 384 111 116 76 113 81 29 325 131 84 355 114 389 279 74 159 162 371 219 341 22 134 186 105 298 334 26 281 0,105
PFG_MOEA,950,3,319.42,5478.6,0 118 91 284 184 14 375 212 24 0,375
PFG_MOEA,950,4,319.42,5478.6,0 399 397 36 11 92 199 86 141 266 319 357 303 289 366 267 228 8 263 292 70 318 373 169 108 72 52 130 44 386 362 201 312 67 164 107 302 173 106 261 388 197 218 151 77 273 136 182 172 0,86 197 318 362
PFG_MOEA,950,5,319.42,5478.6,0 38 80 13 19 226 57 127 109 59 137 123 145 51 132 142 120 269 321 299 37 340 193 314 4 350 311 156 233 135 88 249 35 235 161 68 58 34 231 94 230 374 0,
PFG_MOEA,950,6,319.42,5478.6,0 96 242 200 191 112 165 322 339 174 393 3 229 364 320 294 121 146 300 329 152 221 0,200 393
PFG_MOEA,950,7,319.42,5478.6,0 93 85 247 28 246 259 308 264 356 345 377 395 400 42 250 255 1 262 63 157 291 167 21 372 301 188 394 139 149 316 387 327 17 43 73 215 254 183 354 69 265 346 315 99 390 175 251 190 18 213 234 227 398 0,
PFG_MOEA,950,8,319.42,5478.6,0 304 31 48 330 192 129 238 148 260 391 271 66 166 205 208 6 204 154 305 326 283 65 62 297 241 158 189 220 110 140 103 155 83 378 124 126 20 64 30 272 268 39 0,62 205 220 391
PFG_MOEA,950,9,319.42,5478.6,0 7 180 333 286 317 56 217 55 0,
PFG_MOEA,950,10,319.42,5478.6,0 15 16 380 369 168 203 338 202 306 370 342 144 176 27 98 78 196 296 347 332 324 147 211 244 223 210 45 348 353 153 278 87 171 75 328 248 258 376 368 290 343 54 46 209 361 170 367 25 232 179 224 225 97 71 33 0,16 353 370
PFG_MOEA,950,11,319.42,5478.6,0 365 253 206 61 89 2 119 128 216 336 138 163 150 47 125 9 100 282 310 104 143 79 160 50 60 257 270 379 195 5 309 280 351 237 256 287 10 383 382 344 349 243 117 178 82 41 0,47 138 178 206 243
PFG_MOEA,950,12,319.42,5478.6,0 335 187 359 313 360 207 307 198 49 274 122 239 276 32 40 295 23 381 236 252 90 12 214 185 0,
PFG_MOEA,951,1,759.34,4800.0,0 219 341 105 389 114 84 131 355 325 29 81 113 76 116 111 384 337 358 181 177 288 385 240 396 245 115 392 285 331 133 293 53 163 150 9 125 47 216 89 61 206 253 365 0,245
PFG_MOEA,951,2,759.34,4800.0,0 22 134 186 162 159 279 74 284 184 318 70 292 263 8 373 169 108 14 375 212 24 91 0,318
PFG_MOEA,951,3,759.34,4800.0,0 304 31 48 148 260 224 71 33 129 238 330 192 200 165 112 191 152 127 57 109 59 137 273 136 247 17 43 85 215 73 254 69 354 183 327 387 157 149 188 394 316 63 262 1 255 250 28 42 400 395 377 345 356 264 259 246 308 229 197 218 151 77 107 164 67 302 388 3 106 173 261 320 364 393 312 201 362 329 300 123 51 145 322 121 146 294 174 339 132 120 142 37 269 321 299 340 233 135 88 249 35 161 235 68 58 34 386 231 289 366 267 228 44 130 52 72 303 357 319 266 141 86 92 199 156 94 230 311 374 11 36 397 350 4 314 193 182 172 13 19 226 221 242 96 80 38 0,33 106 174 200 303 311 394
PFG_MOEA,951,4,759.34,4800.0,0 378 83 155 103 18 190 251 175 99 315 346 372 301 167 21 139 291 265 390 234 0,
PFG_MOEA,951,5,759.34,4800.0,0 179 391 271 39 30 272 268 46 54 93 398 227 213 232 0,391
PFG_MOEA,951,6,759.34,4800.0,0 225 0,
PFG_MOEA,951,7,759.34,4800.0,0 97 209 361 170 367 0,
PFG_MOEA,951,8,759.34,4800.0,0 399 15 168 203 338 202 306 370 342 144 176 27 98 78 196 369 380 16 41 82 178 117 243 344 349 66 343 290 368 376 258 248 328 75 348 353 45 210 278 153 171 87 6 208 205 166 158 189 220 241 62 297 65 283 204 154 305 326 110 140 180 333 317 286 25 55 217 56 7 124 126 20 64 287 10 383 382 0,62 66 205 220 342
PFG_MOEA,951,9,759.34,4800.0,0 2 119 128 295 40 32 276 239 122 296 332 347 138 336 222 95 101 194 147 324 275 323 363 352 277 102 223 244 211 104 310 100 282 143 79 160 50 60 257 270 379 195 5 309 280 351 237 256 274 49 198 252 236 0,
PFG_MOEA,951,10,759.34,4800.0,0 381 23 90 12 207 307 0,
PFG_MOEA,951,11,759.34,4800.0,0 335 187 359 313 360 214 0,
PFG_MOEA,951,12,759.34,4800.0,0 185 118 281 26 334 298 371 0,
PFG_MOEA,952,1,314.81,5596.11,0 12 90 128 236 252 336 276 138 222 198 49 274 256 237 351 280 309 5 290 343 313 207 0,222
PFG_MOEA,952,2,314.81,5596.11,0 91 292 263 8 373 169 108 14 375 212 24 371 219 341 298 334 26 281 118 185 214 295 40 32 239 122 95 101 352 363 323 194 275 277 102 100 23 381 119 2 307 359 187 148 48 31 304 0,23
PFG_MOEA,952,3,314.81,5596.11,0 260 224 71 33 127 152 191 112 165 200 129 238 330 192 0,33
PFG_MOEA,952,4,314.81,5596.11,0 57 67 302 173 106 3 388 164 107 77 151 218 197 229 308 246 259 264 356 345 377 395 400 42 28 250 255 1 262 63 316 394 188 149 157 387 327 183 354 69 254 73 215 85 43 17 247 136 273 137 59 109 0,
PFG_MOEA,952,5,314.81,5596.11,0 329 300 362 123 51 145 322 121 146 201 261 320 364 393 312 294 174 339 132 206 253 365 360 335 0,362 393
PFG_MOEA,952,6,314.81,5596.11,0 61 358 181 177 288 385 240 396 245 115 392 285 331 133 293 53 163 150 9 125 47 216 89 0,
PFG_MOEA,952,7,314.81,5596.11,0 80 13 19 226 35 161 235 58 34 386 231 289 366 267 228 44 130 52 72 318 70 184 284 74 279 159 162 389 114 355 325 384 337 111 116 76 113 81 29 131 84 105 186 134 22 0,
PFG_MOEA,952,8,314.81,5596.11,0 38 96 242 221 172 182 397 350 311 4 314 193 230 94 156 374 36 11 92 319 357 303 266 141 86 199 68 135 88 249 233 340 299 321 269 120 142 37 301 21 139 291 167 372 346 315 99 175 251 0,182
PFG_MOEA,952,9,314.81,5596.11,0 97 225 232 179 391 271 158 241 62 297 65 283 204 154 305 326 110 140 286 317 333 180 220 126 124 7 56 217 55 25 367 170 361 209 227 234 213 190 390 265 18 103 155 83 378 398 93 54 46 268 272 30 39 0,65 154
PFG_MOEA,952,10,314.81,5596.11,0 399 15 16 380 41 82 178 117 243 344 349 20 189 64 166 205 208 6 87 171 153 278 210 353 258 376 368 66 287 10 383 382 0,243
PFG_MOEA,952,11,314.81,5596.11,0 369 338 203 168 0,
PFG_MOEA,952,12,314.81,5596.11,0 202 306 370 342 144 176 27 98 78 196 296 347 332 324 147 211 244 223 104 310 282 143 79 160 50 60 257 270 379 195 45 348 75 328 248 0,370
PFG_MOEA,953,1,411.21,4974.5,0 12 90 381 23 32 276 239 336 138 222 198 49 274 256 237 351 280 252 236 128 119 2 0,23
PFG_MOEA,953,2,411.21,4974.5,0 22 118 185 214 295 40 122 392 285 331 133 293 53 101 352 363 323 194 275 277 102 100 95 163 61 89 207 307 313 359 365 253 206 187 0,22 100
PFG_MOEA,953,3,411.21,4974.5,0 115 0,
PFG_MOEA,953,4,411.21,4974.5,0 245 396 240 385 288 177 181 358 337 384 111 116 76 113 81 29 325 355 0,
PFG_MOEA,953,5,411.21,4974.5,0 281 26 334 298 341 134 186 131 84 114 389 105 219 371 162 159 74 279 91 24 212 375 284 14 184 318 70 292 263 8 373 169 108 72 52 130 44 386 362 201 312 67 164 107 302 173 106 261 388 197 218 151 77 273 136 137 59 109 127 57 226 19 13 80 0,77 106 284
PFG_MOEA,953,6,411.21,4974.5,0 38 172 182 319 303 357 266 141 86 199 228 267 366 289 231 34 58 68 161 235 35 249 88 135 233 156 94 230 374 92 11 36 397 350 311 4 314 193 340 299 321 269 120 142 37 51 123 145 132 339 322 121 146 294 174 320 364 393 3 229 308 356 264 259 246 42 300 329 112 221 242 96 0,51 174 229 246 299
PFG_MOEA,953,7,411.21,4974.5,0 399 200 165 191 152 247 255 1 262 250 28 345 377 395 400 394 188 301 372 21 167 291 139 149 157 63 316 387 327 17 43 85 215 73 254 183 354 69 265 346 315 99 175 251 190 390 18 103 155 83 378 213 234 227 398 93 224 179 232 225 97 71 33 260 148 238 129 330 192 48 31 304 0,93
PFG_MOEA,953,8,411.21,4974.5,0 382 383 10 391 271 39 46 54 268 272 30 66 166 205 208 6 204 154 305 326 283 65 297 62 241 110 140 286 317 333 180 220 158 189 64 20 126 124 7 56 217 55 25 367 170 361 209 287 0,55 62 66 220
PFG_MOEA,953,9,411.21,4974.5,0 380 0,
PFG_MOEA,953,10,411.21,4974.5,0 16 369 15 0,
PFG_MOEA,953,11,411.21,4974.5,0 168 203 178 82 41 0,178
PFG_MOEA,953,12,411.21,4974.5,0 335 360 338 202 306 370 342 144 176 27 98 78 196 296 347 332 216 47 125 9 150 147 324 211 244 223 104 310 282 143 309 5 195 379 79 160 50 60 270 257 210 45 153 278 87 171 353 348 75 328 248 258 376 368 290 343 349 344 243 117 0,
PFG_MOEA,954,1,312.55,5795.78,0 336 138 239 122 296 347 332 324 275 277 104 211 244 223 102 352 363 323 194 147 101 95 222 0,122 211 222 277
PFG_MOEA,954,2,312.55,5795.78,0 335 360 207 307 313 359 187 100 310 282 143 79 160 50 60 257 270 379 195 5 309 280 351 237 256 274 49 198 252 236 381 23 90 12 214 185 118 281 26 334 298 371 72 52 130 44 386 80 0,5 307
PFG_MOEA,954,3,312.55,5795.78,0 13 19 226 57 127 109 59 137 136 273 77 151 218 197 388 261 106 173 302 107 164 67 312 201 362 123 51 145 294 174 339 132 142 120 269 321 299 0,174
PFG_MOEA,954,4,312.55,5795.78,0 340 233 135 88 249 35 235 161 68 58 34 231 289 366 267 228 141 266 303 357 319 86 199 156 94 0,303
PFG_MOEA,954,5,312.55,5795.78,0 38 172 182 397 36 11 92 374 230 311 350 4 314 193 37 322 121 146 320 364 393 3 229 308 356 264 259 246 42 300 329 112 191 152 221 242 96 0,42 264
PFG_MOEA,954,6,312.55,5795.78,0 200 165 129 0,
PFG_MOEA,954,7,312.55,5795.78,0 304 330 395 400 394 188 301 372 21 167 291 139 149 157 63 316 387 17 43 33 71 224 260 0,
PFG_MOEA,954,8,312.55,5795.78,0 399 247 28 250 345 377 262 1 255 327 254 73 215 85 93 179 232 225 97 148 238 192 48 31 0,93
PFG_MOEA,954,9,312.55,5795.78,0 378 69 183 354 265 346 315 99 175 251 190 390 18 103 155 83 234 213 227 398 209 361 170 367 25 55 217 56 7 180 333 317 286 140 110 62 297 65 283 326 305 154 204 6 208 241 220 158 189 64 20 126 124 0,175
PFG_MOEA,954,10,312.55,5795.78,0 287 382 383 10 268 272 30 66 166 205 271 39 391 53 293 133 331 285 392 115 245 396 240 385 288 177 181 358 337 384 111 116 76 113 81 29 325 355 131 84 114 389 105 341 219 0,
PFG_MOEA,954,11,312.55,5795.78,0 91 24 212 375 14 108 169 373 8 263 292 70 318 184 284 74 279 159 162 22 134 186 89 216 47 125 9 150 163 61 365 253 206 46 54 0,
PFG_MOEA,954,12,312.55,5795.78,0 41 82 178 117 243 344 349 343 290 368 376 258 248 328 75 171 87 153 278 210 45 353 348 2 119 128 295 40 32 276 196 78 98 27 176 144 342 370 306 202 338 203 168 369 380 16 15 0,16 87 203
PFG_MOEA,955,1,389.39,5146.42,0 163 78 53 293 133 331 285 392 98 115 245 27 396 240 385 288 177 181 358 337 384 111 116 76 113 81 29 325 355 131 84 114 389 91 279 74 159 162 371 219 298 341 22 134 186 105 118 185 0,
PFG_MOEA,955,2,389.39,5146.42,0 281 26 334 24 212 375 284 14 184 318 70 292 263 8 373 169 108 72 52 130 44 386 51 145 123 362 201 294 312 67 164 107 302 173 106 261 388 197 218 151 77 273 136 137 59 109 127 57 226 19 13 80 0,
PFG_MOEA,955,3,389.39,5146.42,0 142 339 174 132 120 269 321 299 340 233 135 88 249 35 235 161 68 58 34 231 289 366 267 228 141 266 303 357 319 86 199 156 94 230 374 92 11 36 397 350 311 4 314 193 0,88
PFG_MOEA,955,4,389.39,5146.42,0 182 172 38 0,
PFG_MOEA,955,5,389.39,5146.42,0 37 322 121 146 320 364 393 3 229 308 356 264 259 246 42 300 329 112 152 191 165 200 221 242 96 0,152 264 329
PFG_MOEA,955,6,389.39,5146.42,0 129 33 71 224 260 0,
PFG_MOEA,955,7,389.39,5146.42,0 399 247 255 1 262 250 28 345 377 395 400 394 188 301 372 21 167 291 139 149 157 63 316 387 17 43 73 254 327 183 354 69 215 85 93 179 232 225 97 148 48 238 330 192 31 304 0,395
PFG_MOEA,955,8,389.39,5146.42,0 16 15 168 203 369 380 391 271 39 268 272 30 66 166 205 208 6 204 154 305 326 283 65 297 62 241 110 140 286 317 333 180 220 158 189 64 20 126 124 7 56 217 55 25 367 170 361 209 398 227 234 213 190 251 175 99 315 346 265 390 18 103 155 83 378 54 46 287 10 383 382 41 0,7 16 20 103 272
PFG_MOEA,955,9,389.39,5146.42,0 82 178 117 243 368 376 258 353 153 171 87 278 210 143 237 256 274 49 100 282 310 104 102 277 275 194 323 363 352 101 198 95 222 138 122 276 336 252 236 128 23 381 90 119 2 12 0,
PFG_MOEA,955,10,389.39,5146.42,0 344 349 351 280 309 5 79 160 50 60 257 270 379 195 45 348 75 328 248 290 343 187 0,
PFG_MOEA,955,11,389.39,5146.42,0 214 295 40 32 239 370 342 144 176 150 47 9 125 216 89 61 207 307 313 359 206 253 365 360 335 0,176
PFG_MOEA,955,12,389.39,5146.42,0 338 202 306 196 296 347 332 324 147 211 244 223 0,
PFG_MOEA,956,1,413.96,4915.5,0 187 206 253 365 359 313 307 207 61 12 89 2 119 128 236 252 336 138 163 222 95 198 351 280 237 256 274 49 100 102 277 275 194 323 363 352 101 53 293 133 331 285 392 122 239 276 32 40 295 23 381 90 113 81 29 76 116 111 384 337 358 181 177 288 385 240 396 245 115 22 118 185 214 0,245 381
PFG_MOEA,956,2,413.96,4915.5,0 281 84 131 325 355 114 389 186 134 341 298 26 334 0,
PFG_MOEA,956,3,413.96,4915.5,0 371 219 105 162 159 74 279 91 24 212 375 284 14 184 318 70 292 263 8 373 169 108 72 52 130 44 386 362 201 312 67 164 107 302 173 106 261 388 197 218 151 77 273 136 137 59 0,
PFG_MOEA,956,4,413.96,4915.5,0 57 127 109 226 0,
PFG_MOEA,956,5,413.96,4915.5,0 19 0,
PFG_MOEA,956,6,413.96,4915.5,0 38 303 357 266 141 86 199 228 267 366 289 231 34 58 68 161 235 35 249 88 135 233 319 182 172 13 80 0,88
PFG_MOEA,956,7,413.96,4915.5,0 399 397 36 11 92 156 94 230 374 350 311 4 314 193 340 299 321 269 120 142 37 51 123 145 132 339 322 121 146 294 174 320 364 393 3 229 308 356 264 259 246 42 300 329 112 191 165 200 221 242 96 0,11 340 374 393
PFG_MOEA,956,8,413.96,4915.5,0 152 247 255 1 262 250 28 345 377 395 400 394 188 301 372 21 167 291 139 149 157 63 316 387 327 17 43 85 215 73 254 183 354 69 265 346 315 99 175 251 190 390 18 103 155 83 378 213 234 227 398 93 0,1 152 175 227
PFG_MOEA,956,9,413.96,4915.5,0 304 31 48 192 330 238 129 148 260 391 271 39 268 272 30 66 166 205 208 6 204 154 305 326 283 65 297 62 241 110 140 286 317 333 180 220 158 189 64 20 126 124 7 56 217 55 25 367 170 361 209 71 33 97 225 232 179 224 0,55 391
PFG_MOEA,956,10,413.96,4915.5,0 287 10 383 382 0,
PFG_MOEA,956,11,413.96,4915.5,0 16 15 168 203 369 380 82 178 117 243 349 344 54 46 41 0,
PFG_MOEA,956,12,413.96,4915.5,0 335 360 216 150 9 47 125 309 5 343 290 368 376 258 248 328 75 171 87 278 153 353 348 45 210 195 379 270 257 60 50 160 79 143 282 310 104 223 244 211 324 147 332 347 296 196 78 98 27 176 144 342 370 306 202 338 0,
PFG_MOEA,957,1,320.55,5348.04,0 80 13 172 182 397 36 11 92 233 135 88 249 35 235 161 68 58 34 231 289 319 399 0,
PFG_MOEA,957,2,320.55,5348.04,0 374 230 94 156 311 350 4 314 193 340 299 321 269 120 142 132 339 174 320 364 308 229 3 393 294 146 121 322 123 145 51 37 0,393
PFG_MOEA,957,3,320.55,5348.04,0 96 242 221 200 165 112 329 300 191 152 247 255 1 262 42 250 28 246 259 264 356 345 377 395 400 394 188 301 372 21 167 291 139 149 157 63 316 387 327 17 43 85 215 73 254 183 354 69 265 346 315 99 175 251 190 0,215
PFG_MOEA,957,4,320.55,5348.04,0 304 31 192 330 238 129 398 227 234 213 18 390 286 140 110 241 93 260 148 48 0,
PFG_MOEA,957,5,320.55,5348.04,0 317 333 0,
PFG_MOEA,957,6,320.55,5348.04,0 33 71 209 361 170 367 25 55 217 56 7 180 220 158 189 64 20 126 124 224 10 383 382 16 203 168 15 0,25
PFG_MOEA,957,7,320.55,5348.04,0 380 369 335 360 216 150 9 47 125 309 5 195 379 270 210 45 348 353 153 278 87 171 75 328 248 258 376 368 290 343 54 46 344 349 243 117 178 82 41 0,
PFG_MOEA,957,8,320.55,5348.04,0 338 202 306 370 342 144 176 27 98 78 196 296 347 332 147 324 211 244 223 104 310 282 143 79 160 50 60 257 6 204 154 305 326 283 62 297 65 208 205 166 66 30 272 268 0,66
PFG_MOEA,957,9,320.55,5348.04,0 187 206 253 365 359 313 307 207 61 12 89 2 119 128 236 252 336 138 163 222 95 198 351 256 237 280 391 271 39 378 83 155 103 232 179 287 225 97 0,138 307
PFG_MOEA,957,10,320.55,5348.04,0 22 389 114 84 131 325 355 29 81 113 76 116 111 384 337 358 181 177 288 385 240 396 245 115 392 285 331 133 293 53 101 352 363 323 194 275 277 102 100 49 274 122 239 276 32 40 295 23 381 90 214 185 281 118 0,323 331
PFG_MOEA,957,11,320.55,5348.04,0 334 298 26 105 186 134 341 219 371 24 212 375 14 184 318 70 292 263 8 373 169 284 74 279 91 159 162 0,134
PFG_MOEA,957,12,320.55,5348.04,0 38 19 226 57 127 109 59 137 136 273 77 151 218 197 388 261 106 173 302 107 164 67 312 201 362 366 267 228 386 44 130 52 72 108 303 357 266 141 86 199 0,106 386
PFG_MOEA,958,1,270.73,5843.94,0 335 187 309 5 195 379 270 257 60 50 160 79 143 280 351 237 256 274 49 198 252 236 381 23 90 12 207 307 0,
PFG_MOEA,958,2,270.73,5843.94,0 61 313 359 206 253 365 360 214 185 118 281 26 334 298 371 22 134 186 162 159 292 263 8 373 318 70 184 284 74 279 0,134 284 313 318
PFG_MOEA,958,3,270.73,5843.94,0 91 169 108 14 375 212 24 192 330 238 129 200 165 112 191 152 127 57 109 59 137 273 136 247 17 43 85 215 33 71 224 260 148 48 31 304 0,33 200
PFG_MOEA,958,4,270.73,5843.94,0 73 254 69 354 183 327 387 157 149 188 394 316 63 262 1 255 250 28 42 400 395 377 345 356 264 259 246 308 229 197 218 151 77 107 164 67 302 388 3 106 173 261 320 364 0,
PFG_MOEA,958,5,270.73,5843.94,0 329 300 362 123 51 145 322 121 146 201 312 393 294 174 339 132 120 142 0,145 174
PFG_MOEA,958,6,270.73,5843.94,0 37 269 321 299 340 219 341 105 84 131 29 81 113 76 116 111 181 358 337 384 325 355 114 389 0,341
PFG_MOEA,958,7,270.73,5843.94,0 89 216 47 125 9 150 163 53 293 133 331 285 392 115 245 396 240 385 288 177 34 58 235 135 233 88 249 35 161 68 0,133 240
PFG_MOEA,958,8,270.73,5843.94,0 172 182 193 314 4 350 397 36 11 374 311 230 94 156 199 92 86 319 266 141 289 231 386 366 267 228 44 130 52 72 303 357 13 19 226 221 242 96 0,141 386
PFG_MOEA,958,9,270.73,5843.94,0 38 80 378 83 291 139 21 167 301 372 346 315 265 390 99 175 251 190 18 103 155 234 227 398 93 54 46 268 272 30 39 271 391 179 0,
PFG_MOEA,958,10,270.73,5843.94,0 97 225 232 209 361 213 170 367 328 248 258 376 368 290 343 66 349 344 243 117 178 82 41 16 380 369 196 78 98 27 176 144 342 370 306 202 338 203 168 15 399 0,82 176 225
PFG_MOEA,958,11,270.73,5843.94,0 287 64 166 205 75 348 353 45 210 278 153 171 87 6 208 158 189 220 241 62 297 65 283 204 154 305 326 110 140 180 333 317 286 25 55 217 56 7 124 126 20 10 0,65 126
PFG_MOEA,958,12,270.73,5843.94,0 2 119 128 295 40 32 276 239 122 296 332 347 138 336 222 95 101 194 147 324 275 323 363 352 277 102 223 244 211 104 310 100 282 383 382 0,2
PFG_MOEA,959,1,369.23,5154.87,0 90 295 40 32 276 239 122 222 95 101 323 363 352 102 277 275 194 53 293 133 331 285 392 115 245 396 240 385 288 177 181 358 337 384 111 116 76 113 81 29 325 131 84 355 114 389 279 74 159 162 371 219 341 22 134 186 105 298 334 26 281 118 185 214 0,40 240 245 331
PFG_MOEA,959,2,369.23,5154.87,0 91 24 212 375 284 14 184 318 70 292 263 8 373 169 108 72 52 130 44 386 0,318
PFG_MOEA,959,3,369.23,5154.87,0 362 201 312 67 164 107 302 173 106 261 388 197 218 151 77 273 136 0,106
PFG_MOEA,959,4,369.23,5154.87,0 399 172 182 397 36 11 92 86 141 266 303 357 319 199 228 267 366 289 231 34 58 68 161 235 35 249 88 135 233 156 94 230 374 350 311 4 314 193 340 299 321 269 120 142 37 51 145 123 137 59 109 127 57 226 19 13 80 38 0,340
PFG_MOEA,959,5,369.23,5154.87,0 132 339 322 0,
PFG_MOEA,959,6,369.23,5154.87,0 96 242 221 200 165 112 191 152 329 300 121 146 294 174 320 364 393 3 229 308 259 246 264 356 345 377 395 400 42 250 28 247 255 1 262 63 157 291 167 21 372 301 188 394 139 149 316 387 327 17 43 85 215 73 254 183 354 69 265 346 315 99 0,1 200 393
PFG_MOEA,959,7,369.23,5154.87,0 93 398 227 234 213 190 251 175 390 18 103 155 83 378 31 304 0,
PFG_MOEA,959,8,369.23,5154.87,0 48 192 330 238 129 148 260 391 0,
PFG_MOEA,959,9,369.23,5154.87,0 268 272 30 65 283 326 305 154 204 6 208 205 166 66 271 39 0,272
PFG_MOEA,959,10,369.23,5154.87,0 124 126 20 64 189 158 220 241 297 62 110 140 286 317 333 180 7 56 217 55 25 367 170 361 209 71 97 33 0,
PFG_MOEA,959,11,369.23,5154.87,0 15 16 380 369 168 203 338 202 306 370 342 144 176 27 98 78 196 296 347 332 324 147 211 244 223 210 45 348 353 153 278 87 171 75 328 248 258 376 368 290 343 54 46 224 225 232 179 287 10 383 382 41 344 349 243 117 178 82 125 9 47 150 216 360 335 0,47 87 353
PFG_MOEA,959,12,369.23,5154.87,0 207 307 313 359 365 253 206 187 100 310 104 282 143 79 160 50 60 257 270 379 195 5 309 280 351 237 256 274 49 198 163 138 336 252 236 381 23 128 119 2 89 12 61 0,
PFG_MOEA,960,1,337.93,5308.22,0 187 206 253 313 359 365 0,
PFG_MOEA,960,2,337.93,5308.22,0 207 307 198 280 351 256 237 101 53 293 133 331 285 392 95 222 163 138 336 252 236 128 119 2 89 12 61 0,133 222
PFG_MOEA,960,3,337.93,5308.22,0 323 363 352 194 275 277 102 100 49 274 122 239 276 32 40 295 23 381 90 0,
PFG_MOEA,960,4,337.93,5308.22,0 22 115 245 396 240 385 288 177 181 358 337 384 111 116 76 113 81 29 131 84 281 118 185 214 0,
PFG_MOEA,960,5,337.93,5308.22,0 334 26 298 371 219 341 134 186 105 355 325 114 389 162 159 74 279 91 24 212 375 284 14 184 318 70 292 263 8 373 169 108 72 52 130 44 386 362 201 312 0,284
PFG_MOEA,960,6,337.93,5308.22,0 399 172 182 397 36 11 92 86 141 266 303 357 319 199 228 267 366 289 231 34 58 68 161 235 35 249 88 135 233 156 94 230 57 127 109 59 137 136 273 77 151 218 197 388 261 106 173 302 107 164 67 294 226 19 13 80 38 0,
PFG_MOEA,960,7,337.93,5308.22,0 374 350 311 4 314 193 340 299 321 269 120 142 37 51 145 123 146 121 322 339 132 174 320 364 393 3 229 308 356 264 259 246 42 1 255 247 152 191 112 329 300 165 200 221 242 96 0,132 264 340 393
PFG_MOEA,960,8,337.93,5308.22,0 28 250 262 400 395 345 377 394 188 301 372 21 167 291 139 149 157 63 316 387 327 17 43 85 215 73 254 183 354 69 265 346 315 99 175 251 190 0,
PFG_MOEA,960,9,337.93,5308.22,0 304 192 330 238 129 378 83 155 103 18 390 213 234 227 398 140 110 241 62 297 65 283 326 305 154 204 6 208 205 166 66 93 30 272 268 39 271 391 260 148 48 31 0,65 391
PFG_MOEA,960,10,337.93,5308.22,0 33 71 225 97 232 209 361 170 367 25 55 217 56 7 317 286 333 180 220 158 189 64 20 126 124 224 10 287 179 0,
PFG_MOEA,960,11,337.93,5308.22,0 15 168 203 369 16 380 335 360 216 150 9 47 125 309 5 195 379 270 210 45 348 353 153 278 87 171 75 328 248 54 46 383 382 344 349 243 117 178 82 41 0,82 87 195 353
PFG_MOEA,960,12,337.93,5308.22,0 338 202 306 370 342 144 176 27 98 78 196 296 347 332 147 324 211 244 223 104 310 282 143 79 160 50 60 257 258 376 368 290 343 0,290
PFG_MOEA,961,1,319.42,5478.6,0 222 0,
PFG_MOEA,961,2,319.42,5478.6,0 95 101 323 363 352 102 277 275 194 53 293 133 331 285 392 115 245 396 240 385 288 177 181 358 337 384 111 116 76 113 81 29 325 131 84 355 114 389 279 74 159 162 371 219 341 22 134 186 105 298 334 26 281 0,105
PFG_MOEA,961,3,319.42,5478.6,0 118 91 284 184 14 375 212 24 0,375
PFG_MOEA,961,4,319.42,5478.6,0 399 397 36 11 92 199 86 141 266 319 357 303 289 366 267 228 8 263 292 70 318 373 169 108 72 52 130 44 386 362 201 312 67 164 107 302 173 106 261 388 197 218 151 77 273 136 182 172 0,86 197 318 362
PFG_MOEA,961,5,319.42,5478.6,0 38 80 13 19 226 57 127 109 59 137 123 145 51 132 142 120 269 321 299 37 340 193 314 4 350 311 156 233 135 88 249 35 235 161 68 58 34 231 94 230 374 0,
PFG_MOEA,961,6,319.42,5478.6,0 96 242 200 191 112 165 322 339 174 393 3 229 364 320 294 121 146 300 329 152 221 0,200 393
PFG_MOEA,961,7,319.42,5478.6,0 93 85 247 28 246 259 308 264 356 345 377 395 400 42 250 255 1 262 63 157 291 167 21 372 301 188 394 139 149 316 387 327 17 43 73 215 254 183 354 69 265 346 315 99 390 175 251 190 18 213 234 227 398 0,
PFG_MOEA,961,8,319.42,5478.6,0 304 31 48 330 192 129 238 148 260 391 271 66 166 205 208 6 204 154 305 326 283 65 62 297 241 158 189 220 110 140 103 155 83 378 124 126 20 64 30 272 268 39 0,62 205 220 391
PFG_MOEA,961,9,319.42,5478.6,0 7 180 333 286 317 56 217 55 0,
PFG_MOEA,961,10,319.42,5478.6,0 15 16 380 369 168 203 338 202 306 370 342 144 176 27 98 78 196 296 347 332 324 147 211 244 223 210 45 348 353 153 278 87 171 75 328 248 258 376 368 290 343 54 46 209 361 170 367 25 232 179 224 225 97 71 33 0,16 353 370
PFG_MOEA,961,11,319.42,5478.6,0 365 253 206 61 89 2 119 128 216 336 138 163 150 47 125 9 100 282 310 104 143 79 160 50 60 257 270 379 195 5 309 280 351 237 256 287 10 383 382 344 349 243 117 178 82 41 0,47 138 178 206 243
PFG_MOEA,961,12,319.42,5478.6,0 335 187 359 313 360 207 307 198 49 274 122 239 276 32 40 295 23 381 236 252 90 12 214 185 0,
PFG_MOEA,962,1,759.34,4800.0,0 219 341 105 389 114 84 131 355 325 29 81 113 76 116 111 384 337 358 181 177 288 385 240 396 245 115 392 285 331 133 293 53 163 150 9 125 47 216 89 61 206 253 365 0,245
PFG_MOEA,962,2,759.34,4800.0,0 22 134 186 162 159 279 74 284 184 318 70 292 263 8 373 169 108 14 375 212 24 91 0,318
PFG_MOEA,962,3,759.34,4800.0,0 304 31 48 148 260 224 71 33 129 238 330 192 200 165 112 191 152 127 57 109 59 137 273 136 247 17 43 85 215 73 254 69 354 183 327 387 157 149 188 394 316 63 262 1 255 250 28 42 400 395 377 345 356 264 259 246 308 229 197 218 151 77 107 164 67 302 388 3 106 173 261 320 364 393 312 201 362 329 300 123 51 145 322 121 146 294 174 339 132 120 142 37 269 321 299 340 233 135 88 249 35 161 235 68 58 34 386 231 289 366 267 228 44 130 52 72 303 357 319 266 141 86 92 199 156 94 230 311 374 11 36 397 350 4 314 193 182 172 13 19 226 221 242 96 80 38 0,33 106 174 200 303 311 394
PFG_MOEA,962,4,759.34,4800.0,0 378 83 155 103 18 190 251 175 99 315 346 372 301 167 21 139 291 265 390 234 0,
PFG_MOEA,962,5,759.34,4800.0,0 179 391 271 39 30 272 268 46 54 93 398 227 213 232 0,391
PFG_MOEA,962,6,759.34,4800.0,0 225 0,
PFG_MOEA,962,7,759.34,4800.0,0 97 209 361 170 367 0,
PFG_MOEA,962,8,759.34,4800.0,0 399 15 168 203 338 202 306 370 342 144 176 27 98 78 196 369 380 16 41 82 178 117 243 344 349 66 343 290 368 376 258 248 328 75 348 353 45 210 278 153 171 87 6 208 205 166 158 189 220 241 62 297 65 283 204 154 305 326 110 140 180 333 317 286 25 55 217 56 7 124 126 20 64 287 10 383 382 0,62 66 205 220 342
PFG_MOEA,962,9,759.34,4800.0,0 2 119 128 295 40 32 276 239 122 296 332 347 138 336 222 95 101 194 147 324 275 323 363 352 277 102 223 244 211 104 310 100 282 143 79 160 50 60 257 270 379 195 5 309 280 351 237 256 274 49 198 252 236 0,
PFG_MOEA,962,10,759.34,4800.0,0 381 23 90 12 207 307 0,
PFG_MOEA,962,11,759.34,4800.0,0 335 187 359 313 360 214 0,
PFG_MOEA,962,12,759.34,4800.0,0 185 118 281 26 334 298 371 0,
PFG_MOEA,963,1,314.81,5596.11,0 12 90 128 236 252 336 276 138 222 198 49 274 256 237 351 280 309 5 290 343 313 207 0,222
PFG_MOEA,963,2,314.81,5596.11,0 91 292 263 8 373 169 108 14 375 212 24 371 219 341 298 334 26 281 118 185 214 295 40 32 239 122 95 101 352 363 323 194 275 277 102 100 23 381 119 2 307 359 187 148 48 31 304 0,23
PFG_MOEA,963,3,314.81,5596.11,0 260 224 71 33 127 152 191 112 165 200 129 238 330 192 0,33
PFG_MOEA,963,4,314.81,5596.11,0 57 67 302 173 106 3 388 164 107 77 151 218 197 229 308 246 259 264 356 345 377 395 400 42 28 250 255 1 262 63 316 394 188 149 157 387 327 183 354 69 254 73 215 85 43 17 247 136 273 137 59 109 0,
PFG_MOEA,963,5,314.81,5596.11,0 329 300 362 123 51 145 322 121 146 201 261 320 364 393 312 294 174 339 132 206 253 365 360 335 0,362 393
PFG_MOEA,963,6,314.81,5596.11,0 61 358 181 177 288 385 240 396 245 115 392 285 331 133 293 53 163 150 9 125 47 216 89 0,
PFG_MOEA,963,7,314.81,5596.11,0 80 13 19 226 35 161 235 58 34 386 231 289 366 267 228 44 130 52 72 318 70 184 284 74 279 159 162 389 114 355 325 384 337 111 116 76 113 81 29 131 84 105 186 134 22 0,
PFG_MOEA,963,8,314.81,5596.11,0 38 96 242 221 172 182 397 350 311 4 314 193 230 94 156 374 36 11 92 319 357 303 266 141 86 199 68 135 88 249 233 340 299 321 269 120 142 37 301 21 139 291 167 372 346 315 99 175 251 0,182
PFG_MOEA,963,9,314.81,5596.11,0 97 225 232 179 391 271 158 241 62 297 65 283 204 154 305 326 110 140 286 317 333 180 220 126 124 7 56 217 55 25 367 170 361 209 227 234 213 190 390 265 18 103 155 83 378 398 93 54 46 268 272 30 39 0,65 154
PFG_MOEA,963,10,314.81,5596.11,0 399 15 16 380 41 82 178 117 243 344 349 20 189 64 166 205 208 6 87 171 153 278 210 353 258 376 368 66 287 10 383 382 0,243
PFG_MOEA,963,11,314.81,5596.11,0 369 338 203 168 0,
PFG_MOEA,963,12,314.81,5596.11,0 202 306 370 342 144 176 27 98 78 196 296 347 332 324 147 211 244 223 104 310 282 143 79 160 50 60 257 270 379 195 45 348 75 328 248 0,370
PFG_MOEA,964,1,411.21,4974.5,0 12 90 381 23 32 276 239 336 138 222 198 49 274 256 237 351 280 252 236 128 119 2 0,23
PFG_MOEA,964,2,411.21,4974.5,0 22 118 185 214 295 40 122 392 285 331 133 293 53 101 352 363 323 194 275 277 102 100 95 163 61 89 207 307 313 359 365 253 206 187 0,22 100
PFG_MOEA,964,3,411.21,4974.5,0 115 0,
PFG_MOEA,964,4,411.21,4974.5,0 245 396 240 385 288 177 181 358 337 384 111 116 76 113 81 29 325 355 0,
PFG_MOEA,964,5,411.21,4974.5,0 281 26 334 298 341 134 186 131 84 114 389 105 219 371 162 159 74 279 91 24 212 375 284 14 184 318 70 292 263 8 373 169 108 72 52 130 44 386 362 201 312 67 164 107 302 173 106 261 388 197 218 151 77 273 136 137 59 109 127 57 226 19 13 80 0,77 106 284
PFG_MOEA,964,6,411.21,4974.5,0 38 172 182 319 303 357 266 141 86 199 228 267 366 289 231 34 58 68 161 235 35 249 88 135 233 156 94 230 374 92 11 36 397 350 311 4 314 193 340 299 321 269 120 142 37 51 123 145 132 339 322 121 146 294 174 320 364 393 3 229 308 356 264 259 246 42 300 329 112 221 242 96 0,51 174 229 246 299
PFG_MOEA,964,7,411.21,4974.5,0 399 200 165 191 152 247 255 1 262 250 28 345 377 395 400 394 188 301 372 21 167 291 139 149 157 63 316 387 327 17 43 85 215 73 254 183 354 69 265 346 315 99 175 251 190 390 18 103 155 83 378 213 234 227 398 93 224 179 232 225 97 71 33 260 148 238 129 330 192 48 31 304 0,93
PFG_MOEA,964,8,411.21,4974.5,0 382 383 10 391 271 39 46 54 268 272 30 66 166 205 208 6 204 154 305 326 283 65 297 62 241 110 140 286 317 333 180 220 158 189 64 20 126 124 7 56 217 55 25 367 170 361 209 287 0,55 62 66 220
PFG_MOEA,964,9,411.21,4974.5,0 380 0,
PFG_MOEA,964,10,411.21,4974.5,0 16 369 15 0,
PFG_MOEA,964,11,411.21,4974.5,0 168 203 178 82 41 0,178
PFG_MOEA,964,12,411.21,4974.5,0 335 360 338 202 306 370 342 144 176 27 98 78 196 296 347 332 216 47 125 9 150 147 324 211 244 223 104 310 282 143 309 5 195 379 79 160 50 60 270 257 210 45 153 278 87 171 353 348 75 328 248 258 376 368 290 343 349 344 243 117 0,
PFG_MOEA,965,1,312.55,5795.78,0 336 138 239 122 296 347 332 324 275 277 104 211 244 223 102 352 363 323 194 147 101 95 222 0,122 211 222 277
PFG_MOEA,965,2,312.55,5795.78,0 335 360 207 307 313 359 187 100 310 282 143 79 160 50 60 257 270 379 195 5 309 280 351 237 256 274 49 198 252 236 381 23 90 12 214 185 118 281 26 334 298 371 72 52 130 44 386 80 0,5 307
PFG_MOEA,965,3,312.55,5795.78,0 13 19 226 57 127 109 59 137 136 273 77 151 218 197 388 261 106 173 302 107 164 67 312 201 362 123 51 145 294 174 339 132 142 120 269 321 299 0,174
PFG_MOEA,965,4,312.55,5795.78,0 340 233 135 88 249 35 235 161 68 58 34 231 289 366 267 228 141 266 303 357 319 86 199 156 94 0,303
PFG_MOEA,965,5,312.55,5795.78,0 38 172 182 397 36 11 92 374 230 311 350 4 314 193 37 322 121 146 320 364 393 3 229 308 356 264 259 246 42 300 329 112 191 152 221 242 96 0,42 264
PFG_MOEA,965,6,312.55,5795.78,0 200 165 129 0,
PFG_MOEA,965,7,312.55,5795.78,0 304 330 395 400 394 188 301 372 21 167 291 139 149 157 63 316 387 17 43 33 71 224 260 0,
PFG_MOEA,965,8,312.55,5795.78,0 399 247 28 250 345 377 262 1 255 327 254 73 215 85 93 179 232 225 97 148 238 192 48 31 0,93
PFG_MOEA,965,9,312.55,5795.78,0 378 69 183 354 265 346 315 99 175 251 190 390 18 103 155 83 234 213 227 398 209 361 170 367 25 55 217 56 7 180 333 317 286 140 110 62 297 65 283 326 305 154 204 6 208 241 220 158 189 64 20 126 124 0,175
PFG_MOEA,965,10,312.55,5795.78,0 287 382 383 10 268 272 30 66 166 205 271 39 391 53 293 133 331 285 392 115 245 396 240 385 288 177 181 358 337 384 111 116 76 113 81 29 325 355 131 84 114 389 105 341 219 0,
PFG_MOEA,965,11,312.55,5795.78,0 91 24 212 375 14 108 169 373 8 263 292 70 318 184 284 74 279 159 162 22 134 186 89 216 47 125 9 150 163 61 365 253 206 46 54 0,
PFG_MOEA,965,12,312.55,5795.78,0 41 82 178 117 243 344 349 343 290 368 376 258 248 328 75 171 87 153 278 210 45 353 348 2 119 128 295 40 32 276 196 78 98 27 176 144 342 370 306 202 338 203 168 369 380 16 15 0,16 87 203
PFG_MOEA,966,1,389.39,5146.42,0 163 78 53 293 133 331 285 392 98 115 245 27 396 240 385 288 177 181 358 337 384 111 116 76 113 81 29 325 355 131 84 114 389 91 279 74 159 162 371 219 298 341 22 134 186 105 118 185 0,
PFG_MOEA,966,2,389.39,5146.42,0 281 26 334 24 212 375 284 14 184 318 70 292 263 8 373 169 108 72 52 130 44 386 51 145 123 362 201 294 312 67 164 107 302 173 106 261 388 197 218 151 77 273 136 137 59 109 127 57 226 19 13 80 0,
PFG_MOEA,966,3,389.39,5146.42,0 142 339 174 132 120 269 321 299 340 233 135 88 249 35 235 161 68 58 34 231 289 366 267 228 141 266 303 357 319 86 199 156 94 230 374 92 11 36 397 350 311 4 314 193 0,88
PFG_MOEA,966,4,389.39,5146.42,0 182 172 38 0,
PFG_MOEA,966,5,389.39,5146.42,0 37 322 121 146 320 364 393 3 229 308 356 264 259 246 42 300 329 112 152 191 165 200 221 242 96 0,152 264 329
PFG_MOEA,966,6,389.39,5146.42,0 129 33 71 224 260 0,
PFG_MOEA,966,7,389.39,5146.42,0 399 247 255 1 262 250 28 345 377 395 400 394 188 301 372 21 167 291 139 149 157 63 316 387 17 43 73 254 327 183 354 69 215 85 93 179 232 225 97 148 48 238 330 192 31 304 0,395
PFG_MOEA,966,8,389.39,5146.42,0 16 15 168 203 369 380 391 271 39 268 272 30 66 166 205 208 6 204 154 305 326 283 65 297 62 241 110 140 286 317 333 180 220 158 189 64 20 126 124 7 56 217 55 25 367 170 361 209 398 227 234 213 190 251 175 99 315 346 265 390 18 103 155 83 378 54 46 287 10 383 382 41 0,7 16 20 103 272
PFG_MOEA,966,9,389.39,5146.42,0 82 178 117 243 368 376 258 353 153 171 87 278 210 143 237 256 274 49 100 282 310 104 102 277 275 194 323 363 352 101 198 95 222 138 122 276 336 252 236 128 23 381 90 119 2 12 0,
PFG_MOEA,966,10,389.39,5146.42,0 344 349 351 280 309 5 79 160 50 60 257 270 379 195 45 348 75 328 248 290 343 187 0,
PFG_MOEA,966,11,389.39,5146.42,0 214 295 40 32 239 370 342 144 176 150 47 9 125 216 89 61 207 307 313 359 206 253 365 360 335 0,176
PFG_MOEA,966,12,389.39,5146.42,0 338 202 306 196 296 347 332 324 147 211 244 223 0,
PFG_MOEA,967,1,413.96,4915.5,0 187 206 253 365 359 313 307 207 61 12 89 2 119 128 236 252 336 138 163 222 95 198 351 280 237 256 274 49 100 102 277 275 194 323 363 352 101 53 293 133 331 285 392 122 239 276 32 40 295 23 381 90 113 81 29 76 116 111 384 337 358 181 177 288 385 240 396 245 115 22 118 185 214 0,245 381
PFG_MOEA,967,2,413.96,4915.5,0 281 84 131 325 355 114 389 186 134 341 298 26 334 0,
PFG_MOEA,967,3,413.96,4915.5,0 371 219 105 162 159 74 279 91 24 212 375 284 14 184 318 70 292 263 8 373 169 108 72 52 130 44 386 362 201 312 67 164 107 302 173 106 261 388 197 218 151 77 273 136 137 59 0,
PFG_MOEA,967,4,413.96,4915.5,0 57 127 109 226 0,
PFG_MOEA,967,5,413.96,4915.5,0 19 0,
PFG_MOEA,967,6,413.96,4915.5,0 38 303 357 266 141 86 199 228 267 366 289 231 34 58 68 161 235 35 249 88 135 233 319 182 172 13 80 0,88
PFG_MOEA,967,7,413.96,4915.5,0 399 397 36 11 92 156 94 230 374 350 311 4 314 193 340 299 321 269 120 142 37 51 123 145 132 339 322 121 146 294 174 320 364 393 3 229 308 356 264 259 246 42 300 329 112 191 165 200 221 242 96 0,11 340 374 393
PFG_MOEA,967,8,413.96,4915.5,0 152 247 255 1 262 250 28 345 377 395 400 394 188 301 372 21 167 291 139 149 157 63 316 387 327 17 43 85 215 73 254 183 354 69 265 346 315 99 175 251 190 390 18 103 155 83 378 213 234 227 398 93 0,1 152 175 227
PFG_MOEA,967,9,413.96,4915.5,0 304 31 48 192 330 238 129 148 260 391 271 39 268 272 30 66 166 205 208 6 204 154 305 326 283 65 297 62 241 110 140 286 317 333 180 220 158 189 64 20 126 124 7 56 217 55 25 367 170 361 209 71 33 97 225 232 179 224 0,55 391
PFG_MOEA,967,10,413.96,4915.5,0 287 10 383 382 0,
PFG_MOEA,967,11,413.96,4915.5,0 16 15 168 203 369 380 82 178 117 243 349 344 54 46 41 0,
PFG_MOEA,967,12,413.96,4915.5,0 335 360 216 150 9 47 125 309 5 343 290 368 376 258 248 328 75 171 87 278 153 353 348 45 210 195 379 270 257 60 50 160 79 143 282 310 104 223 244 211 324 147 332 347 296 196 78 98 27 176 144 342 370 306 202 338 0,
PFG_MOEA,968,1,320.55,5348.04,0 80 13 172 182 397 36 11 92 233 135 88 249 35 235 161 68 58 34 231 289 319 399 0,
PFG_MOEA,968,2,320.55,5348.04,0 374 230 94 156 311 350 4 314 193 340 299 321 269 120 142 132 339 174 320 364 308 229 3 393 294 146 121 322 123 145 51 37 0,393
PFG_MOEA,968,3,320.55,5348.04,0 96 242 221 200 165 112 329 300 191 152 247 255 1 262 42 250 28 246 259 264 356 345 377 395 400 394 188 301 372 21 167 291 139 149 157 63 316 387 327 17 43 85 215 73 254 183 354 69 265 346 315 99 175 251 190 0,215
PFG_MOEA,968,4,320.55,5348.04,0 304 31 192 330 238 129 398 227 234 213 18 390 286 140 110 241 93 260 148 48 0,
PFG_MOEA,968,5,320.55,5348.04,0 317 333 0,
PFG_MOEA,968,6,320.55,5348.04,0 33 71 209 361 170 367 25 55 217 56 7 180 220 158 189 64 20 126 124 224 10 383 382 16 203 168 15 0,25
PFG_MOEA,968,7,320.55,5348.04,0 380 369 335 360 216 150 9 47 125 309 5 195 379 270 210 45 348 353 153 278 87 171 75 328 248 258 376 368 290 343 54 46 344 349 243 117 178 82 41 0,
PFG_MOEA,968,8,320.55,5348.04,0 338 202 306 370 342 144 176 27 98 78 196 296 347 332 147 324 211 244 223 104 310 282 143 79 160 50 60 257 6 204 154 305 326 283 62 297 65 208 205 166 66 30 272 268 0,66
PFG_MOEA,968,9,320.55,5348.04,0 187 206 253 365 359 313 307 207 61 12 89 2 119 128 236 252 336 138 163 222 95 198 351 256 237 280 391 271 39 378 83 155 103 232 179 287 225 97 0,138 307
PFG_MOEA,968,10,320.55,5348.04,0 22 389 114 84 131 325 355 29 81 113 76 116 111 384 337 358 181 177 288 385 240 396 245 115 392 285 331 133 293 53 101 352 363 323 194 275 277 102 100 49 274 122 239 276 32 40 295 23 381 90 214 185 281 118 0,323 331
PFG_MOEA,968,11,320.55,5348.04,0 334 298 26 105 186 134 341 219 371 24 212 375 14 184 318 70 292 263 8 373 169 284 74 279 91 159 162 0,134
PFG_MOEA,968,12,320.55,5348.04,0 38 19 226 57 127 109 59 137 136 273 77 151 218 197 388 261 106 173 302 107 164 67 312 201 362 366 267 228 386 44 130 52 72 108 303 357 266 141 86 199 0,106 386
PFG_MOEA,969,1,270.73,5843.94,0 335 187 309 5 195 379 270 257 60 50 160 79 143 280 351 237 256 274 49 198 252 236 381 23 90 12 207 307 0,
PFG_MOEA,969,2,270.73,5843.94,0 61 313 359 206 253 365 360 214 185 118 281 26 334 298 371 22 134 186 162 159 292 263 8 373 318 70 184 284 74 279 0,134 284 313 318
PFG_MOEA,969,3,270.73,5843.94,0 91 169 108 14 375 212 24 192 330 238 129 200 165 112 191 152 127 57 109 59 137 273 136 247 17 43 85 215 33 71 224 260 148 48 31 304 0,33 200
PFG_MOEA,969,4,270.73,5843.94,0 73 254 69 354 183 327 387 157 149 188 394 316 63 262 1 255 250 28 42 400 395 377 345 356 264 259 246 308 229 197 218 151 77 107 164 67 302 388 3 106 173 261 320 364 0,
PFG_MOEA,969,5,270.73,5843.94,0 329 300 362 123 51 145 322 121 146 201 312 393 294 174 339 132 120 142 0,145 174
PFG_MOEA,969,6,270.73,5843.94,0 37 269 321 299 340 219 341 105 84 131 29 81 113 76 116 111 181 358 337 384 325 355 114 389 0,341
PFG_MOEA,969,7,270.73,5843.94,0 89 216 47 125 9 150 163 53 293 133 331 285 392 115 245 396 240 385 288 177 34 58 235 135 233 88 249 35 161 68 0,133 240
PFG_MOEA,969,8,270.73,5843.94,0 172 182 193 314 4 350 397 36 11 374 311 230 94 156 199 92 86 319 266 141 289 231 386 366 267 228 44 130 52 72 303 357 13 19 226 221 242 96 0,141 386
PFG_MOEA,969,9,270.73,5843.94,0 38 80 378 83 291 139 21 167 301 372 346 315 265 390 99 175 251 190 18 103 155 234 227 398 93 54 46 268 272 30 39 271 391 179 0,
PFG_MOEA,969,10,270.73,5843.94,0 97 225 232 209 361 213 170 367 328 248 258 376 368 290 343 66 349 344 243 117 178 82 41 16 380 369 196 78 98 27 176 144 342 370 306 202 338 203 168 15 399 0,82 176 225
PFG_MOEA,969,11,270.73,5843.94,0 287 64 166 205 75 348 353 45 210 278 153 171 87 6 208 158 189 220 241 62 297 65 283 204 154 305 326 110 140 180 333 317 286 25 55 217 56 7 124 126 20 10 0,65 126
PFG_MOEA,969,12,270.73,5843.94,0 2 119 128 295 40 32 276 239 122 296 332 347 138 336 222 95 101 194 147 324 275 323 363 352 277 102 223 244 211 104 310 100 282 383 382 0,2
PFG_MOEA,970,1,369.23,5154.87,0 90 295 40 32 276 239 122 222 95 101 323 363 352 102 277 275 194 53 293 133 331 285 392 115 245 396 240 385 288 177 181 358 337 384 111 116 76 113 81 29 325 131 84 355 114 389 279 74 159 162 371 219 341 22 134 186 105 298 334 26 281 118 185 214 0,40 240 245 331
PFG_MOEA,970,2,369.23,5154.87,0 91 24 212 375 284 14 184 318 70 292 263 8 373 169 108 72 52 130 44 386 0,318
PFG_MOEA,970,3,369.23,5154.87,0 362 201 312 67 164 107 302 173 106 261 388 197 218 151 77 273 136 0,106
PFG_MOEA,970,4,369.23,5154.87,0 399 172 182 397 36 11 92 86 141 266 303 357 319 199 228 267 366 289 231 34 58 68 161 235 35 249 88 135 233 156 94 230 374 350 311 4 314 193 340 299 321 269 120 142 37 51 145 123 137 59 109 127 57 226 19 13 80 38 0,340
PFG_MOEA,970,5,369.23,5154.87,0 132 339 322 0,
PFG_MOEA,970,6,369.23,5154.87,0 96 242 221 200 165 112 191 152 329 300 121 146 294 174 320 364 393 3 229 308 259 246 264 356 345 377 395 400 42 250 28 247 255 1 262 63 157 291 167 21 372 301 188 394 139 149 316 387 327 17 43 85 215 73 254 183 354 69 265 346 315 99 0,1 200 393
PFG_MOEA,970,7,369.23,5154.87,0 93 398 227 234 213 190 251 175 390 18 103 155 83 378 31 304 0,
PFG_MOEA,970,8,369.23,5154.87,0 48 192 330 238 129 148 260 391 0,
PFG_MOEA,970,9,369.23,5154.87,0 268 272 30 65 283 326 305 154 204 6 208 205 166 66 271 39 0,272
PFG_MOEA,970,10,369.23,5154.87,0 124 126 20 64 189 158 220 241 297 62 110 140 286 317 333 180 7 56 217 55 25 367 170 361 209 71 97 33 0,
PFG_MOEA,970,11,369.23,5154.87,0 15 16 380 369 168 203 338 202 306 370 342 144 176 27 98 78 196 296 347 332 324 147 211 244 223 210 45 348 353 153 278 87 171 75 328 248 258 376 368 290 343 54 46 224 225 232 179 287 10 383 382 41 344 349 243 117 178 82 125 9 47 150 216 360 335 0,47 87 353
PFG_MOEA,970,12,369.23,5154.87,0 207 307 313 359 365 253 206 187 100 310 104 282 143 79 160 50 60 257 270 379 195 5 309 280 351 237 256 274 49 198 163 138 336 252 236 381 23 128 119 2 89 12 61 0,
PFG_MOEA,971,1,337.93,5308.22,0 187 206 253 313 359 365 0,
PFG_MOEA,971,2,337.93,5308.22,0 207 307 198 280 351 256 237 101 53 293 133 331 285 392 95 222 163 138 336 252 236 128 119 2 89 12 61 0,133 222
PFG_MOEA,971,3,337.93,5308.22,0 323 363 352 194 275 277 102 100 49 274 122 239 276 32 40 295 23 381 90 0,
PFG_MOEA,971,4,337.93,5308.22,0 22 115 245 396 240 385 288 177 181 358 337 384 111 116 76 113 81 29 131 84 281 118 185 214 0,
PFG_MOEA,971,5,337.93,5308.22,0 334 26 298 371 219 341 134 186 105 355 325 114 389 162 159 74 279 91 24 212 375 284 14 184 318 70 292 263 8 373 169 108 72 52 130 44 386 362 201 312 0,284
PFG_MOEA,971,6,337.93,5308.22,0 399 172 182 397 36 11 92 86 141 266 303 357 319 199 228 267 366 289 231 34 58 68 161 235 35 249 88 135 233 156 94 230 57 127 109 59 137 136 273 77 151 218 197 388 261 106 173 302 107 164 67 294 226 19 13 80 38 0,
PFG_MOEA,971,7,337.93,5308.22,0 374 350 311 4 314 193 340 299 321 269 120 142 37 51 145 123 146 121 322 339 132 174 320 364 393 3 229 308 356 264 259 246 42 1 255 247 152 191 112 329 300 165 200 221 242 96 0,132 264 340 393
PFG_MOEA,971,8,337.93,5308.22,0 28 250 262 400 395 345 377 394 188 301 372 21 167 291 139 149 157 63 316 387 327 17 43 85 215 73 254 183 354 69 265 346 315 99 175 251 190 0,
PFG_MOEA,971,9,337.93,5308.22,0 304 192 330 238 129 378 83 155 103 18 390 213 234 227 398 140 110 241 62 297 65 283 326 305 154 204 6 208 205 166 66 93 30 272 268 39 271 391 260 148 48 31 0,65 391
PFG_MOEA,971,10,337.93,5308.22,0 33 71 225 97 232 209 361 170 367 25 55 217 56 7 317 286 333 180 220 158 189 64 20 126 124 224 10 287 179 0,
PFG_MOEA,971,11,337.93,5308.22,0 15 168 203 369 16 380 335 360 216 150 9 47 125 309 5 195 379 270 210 45 348 353 153 278 87 171 75 328 248 54 46 383 382 344 349 243 117 178 82 41 0,82 87 195 353
PFG_MOEA,971,12,337.93,5308.22,0 338 202 306 370 342 144 176 27 98 78 196 296 347 332 147 324 211 244 223 104 310 282 143 79 160 50 60 257 258 376 368 290 343 0,290
PFG_MOEA,972,1,319.42,5478.6,0 222 0,
PFG_MOEA,972,2,319.42,5478.6,0 95 101 323 363 352 102 277 275 194 53 293 133 331 285 392 115 245 396 240 385 288 177 181 358 337 384 111 116 76 113 81 29 325 131 84 355 114 389 279 74 159 162 371 219 341 22 134 186 105 298 334 26 281 0,105
PFG_MOEA,972,3,319.42,5478.6,0 118 91 284 184 14 375 212 24 0,375
PFG_MOEA,972,4,319.42,5478.6,0 399 397 36 11 92 199 86 141 266 319 357 303 289 366 267 228 8 263 292 70 318 373 169 108 72 52 130 44 386 362 201 312 67 164 107 302 173 106 261 388 197 218 151 77 273 136 182 172 0,86 197 318 362
PFG_MOEA,972,5,319.42,5478.6,0 38 80 13 19 226 57 127 109 59 137 123 145 51 132 142 120 269 321 299 37 340 193 314 4 350 311 156 233 135 88 249 35 235 161 68 58 34 231 94 230 374 0,
PFG_MOEA,972,6,319.42,5478.6,0 96 242 200 191 112 165 322 339 174 393 3 229 364 320 294 121 146 300 329 152 221 0,200 393
PFG_MOEA,972,7,319.42,5478.6,0 93 85 247 28 246 259 308 264 356 345 377 395 400 42 250 255 1 262 63 157 291 167 21 372 301 188 394 139 149 316 387 327 17 43 73 215 254 183 354 69 265 346 315 99 390 175 251 190 18 213 234 227 398 0,
PFG_MOEA,972,8,319.42,5478.6,0 304 31 48 330 192 129 238 148 260 391 271 66 166 205 208 6 204 154 305 326 283 65 62 297 241 158 189 220 110 140 103 155 83 378 124 126 20 64 30 272 268 39 0,62 205 220 391
PFG_MOEA,972,9,319.42,5478.6,0 7 180 333 286 317 56 217 55 0,
PFG_MOEA,972,10,319.42,5478.6,0 15 16 380 369 168 203 338 202 306 370 342 144 176 27 98 78 196 296 347 332 324 147 211 244 223 210 45 348 353 153 278 87 171 75 328 248 258 376 368 290 343 54 46 209 361 170 367 25 232 179 224 225 97 71 33 0,16 353 370
PFG_MOEA,972,11,319.42,5478.6,0 365 253 206 61 89 2 119 128 216 336 138 163 150 47 125 9 100 282 310 104 143 79 160 50 60 257 270 379 195 5 309 280 351 237 256 287 10 383 382 344 349 243 117 178 82 41 0,47 138 178 206 243
PFG_MOEA,972,12,319.42,5478.6,0 335 187 359 313 360 207 307 198 49 274 122 239 276 32 40 295 23 381 236 252 90 12 214 185 0,
PFG_MOEA,973,1,759.34,4800.0,0 219 341 105 389 114 84 131 355 325 29 81 113 76 116 111 384 337 358 181 177 288 385 240 396 245 115 392 285 331 133 293 53 163 150 9 125 47 216 89 61 206 253 365 0,245
PFG_MOEA,973,2,759.34,4800.0,0 22 134 186 162 159 279 74 284 184 318 70 292 263 8 373 169 108 14 375 212 24 91 0,318
PFG_MOEA,973,3,759.34,4800.0,0 304 31 48 148 260 224 71 33 129 238 330 192 200 165 112 191 152 127 57 109 59 137 273 136 247 17 43 85 215 73 254 69 354 183 327 387 157 149 188 394 316 63 262 1 255 250 28 42 400 395 377 345 356 264 259 246 308 229 197 218 151 77 107 164 67 302 388 3 106 173 261 320 364 393 312 201 362 329 300 123 51 145 322 121 146 294 174 339 132 120 142 37 269 321 299 340 233 135 88 249 35 161 235 68 58 34 386 231 289 366 267 228 44 130 52 72 303 357 319 266 141 86 92 199 156 94 230 311 374 11 36 397 350 4 314 193 182 172 13 19 226 221 242 96 80 38 0,33 106 174 200 303 311 394
PFG_MOEA,973,4,759.34,4800.0,0 378 83 155 103 18 190 251 175 99 315 346 372 301 167 21 139 291 265 390 234 0,
PFG_MOEA,973,5,759.34,4800.0,0 179 391 271 39 30 272 268 46 54 93 398 227 213 232 0,391
PFG_MOEA,973,6,759.34,4800.0,0 225 0,
PFG_MOEA,973,7,759.34,4800.0,0 97 209 361 170 367 0,
PFG_MOEA,973,8,759.34,4800.0,0 399 15 168 203 338 202 306 370 342 144 176 27 98 78 196 369 380 16 41 82 178 117 243 344 349 66 343 290 368 376 258 248 328 75 348 353 45 210 278 153 171 87 6 208 205 166 158 189 220 241 62 297 65 283 204 154 305 326 110 140 180 333 317 286 25 55 217 56 7 124 126 20 64 287 10 383 382 0,62 66 205 220 342
PFG_MOEA,973,9,759.34,4800.0,0 2 119 128 295 40 32 276 239 122 296 332 347 138 336 222 95 101 194 147 324 275 323 363 352 277 102 223 244 211 104 310 100 282 143 79 160 50 60 257 270 379 195 5 309 280 351 237 256 274 49 198 252 236 0,
PFG_MOEA,973,10,759.34,4800.0,0 381 23 90 12 207 307 0,
PFG_MOEA,973,11,759.34,4800.0,0 335 187 359 313 360 214 0,
PFG_MOEA,973,12,759.34,4800.0,0 185 118 281 26 334 298 371 0,
PFG_MOEA,974,1,314.81,5596.11,0 12 90 128 236 252 336 276 138 222 198 49 274 256 237 351 280 309 5 290 343 313 207 0,222
PFG_MOEA,974,2,314.81,5596.11,0 91 292 263 8 373 169 108 14 375 212 24 371 219 341 298 334 26 281 118 185 214 295 40 32 239 122 95 101 352 363 323 194 275 277 102 100 23 381 119 2 307 359 187 148 48 31 304 0,23
PFG_MOEA,974,3,314.81,5596.11,0 260 224 71 33 127 152 191 112 165 200 129 238 330 192 0,33
PFG_MOEA,974,4,314.81,5596.11,0 57 67 302 173 106 3 388 164 107 77 151 218 197 229 308 246 259 264 356 345 377 395 400 42 28 250 255 1 262 63 316 394 188 149 157 387 327 183 354 69 254 73 215 85 43 17 247 136 273 137 59 109 0,
PFG_MOEA,974,5,314.81,5596.11,0 329 300 362 123 51 145 322 121 146 201 261 320 364 393 312 294 174 339 132 206 253 365 360 335 0,362 393
PFG_MOEA,974,6,314.81,5596.11,0 61 358 181 177 288 385 240 396 245 115 392 285 331 133 293 53 163 150 9 125 47 216 89 0,
PFG_MOEA,974,7,314.81,5596.11,0 80 13 19 226 35 161 235 58 34 386 231 289 366 267 228 44 130 52 72 318 70 184 284 74 279 159 162 389 114 355 325 384 337 111 116 76 113 81 29 131 84 105 186 134 22 0,
PFG_MOEA,974,8,314.81,5596.11,0 38 96 242 221 172 182 397 350 311 4 314 193 230 94 156 374 36 11 92 319 357 303 266 141 86 199 68 135 88 249 233 340 299 321 269 120 142 37 301 21 139 291 167 372 346 315 99 175 251 0,182
PFG_MOEA,974,9,314.81,5596.11,0 97 225 232 179 391 271 158 241 62 297 65 283 204 154 305 326 110 140 286 317 333 180 220 126 124 7 56 217 55 25 367 170 361 209 227 234 213 190 390 265 18 103 155 83 378 398 93 54 46 268 272 30 39 0,65 154
PFG_MOEA,974,10,314.81,5596.11,0 399 15 16 380 41 82 178 117 243 344 349 20 189 64 166 205 208 6 87 171 153 278 210 353 258 376 368 66 287 10 383 382 0,243
PFG_MOEA,974,11,314.81,5596.11,0 369 338 203 168 0,
PFG_MOEA,974,12,314.81,5596.11,0 202 306 370 342 144 176 27 98 78 196 296 347 332 324 147 211 244 223 104 310 282 143 79 160 50 60 257 270 379 195 45 348 75 328 248 0,370
PFG_MOEA,975,1,411.21,4974.5,0 12 90 381 23 32 276 239 336 138 222 198 49 274 256 237 351 280 252 236 128 119 2 0,23
PFG_MOEA,975,2,411.21,4974.5,0 22 118 185 214 295 40 122 392 285 331 133 293 53 101 352 363 323 194 275 277 102 100 95 163 61 89 207 307 313 359 365 253 206 187 0,22 100
PFG_MOEA,975,3,411.21,4974.5,0 115 0,
PFG_MOEA,975,4,411.21,4974.5,0 245 396 240 385 288 177 181 358 337 384 111 116 76 113 81 29 325 355 0,
PFG_MOEA,975,5,411.21,4974.5,0 281 26 334 298 341 134 186 131 84 114 389 105 219 371 162 159 74 279 91 24 212 375 284 14 184 318 70 292 263 8 373 169 108 72 52 130 44 386 362 201 312 67 164 107 302 173 106 261 388 197 218 151 77 273 136 137 59 109 127 57 226 19 13 80 0,77 106 284
PFG_MOEA,975,6,411.21,4974.5,0 38 172 182 319 303 357 266 141 86 199 228 267 366 289 231 34 58 68 161 235 35 249 88 135 233 156 94 230 374 92 11 36 397 350 311 4 314 193 340 299 321 269 120 142 37 51 123 145 132 339 322 121 146 294 174 320 364 393 3 229 308 356 264 259 246 42 300 329 112 221 242 96 0,51 174 229 246 299
PFG_MOEA,975,7,411.21,4974.5,0 399 200 165 191 152 247 255 1 262 250 28 345 377 395 400 394 188 301 372 21 167 291 139 149 157 63 316 387 327 17 43 85 215 73 254 183 354 69 265 346 315 99 175 251 190 390 18 103 155 83 378 213 234 227 398 93 224 179 232 225 97 71 33 260 148 238 129 330 192 48 31 304 0,93
PFG_MOEA,975,8,411.21,4974.5,0 382 383 10 391 271 39 46 54 268 272 30 66 166 205 208 6 204 154 305 326 283 65 297 62 241 110 140 286 317 333 180 220 158 189 64 20 126 124 7 56 217 55 25 367 170 361 209 287 0,55 62 66 220
PFG_MOEA,975,9,411.21,4974.5,0 380 0,
PFG_MOEA,975,10,411.21,4974.5,0 16 369 15 0,
PFG_MOEA,975,11,411.21,4974.5,0 168 203 178 82 41 0,178
PFG_MOEA,975,12,411.21,4974.5,0 335 360 338 202 306 370 342 144 176 27 98 78 196 296 347 332 216 47 125 9 150 147 324 211 244 223 104 310 282 143 309 5 195 379 79 160 50 60 270 257 210 45 153 278 87 171 353 348 75 328 248 258 376 368 290 343 349 344 243 117 0,
PFG_MOEA,976,1,312.55,5795.78,0 336 138 239 122 296 347 332 324 275 277 104 211 244 223 102 352 363 323 194 147 101 95 222 0,122 211 222 277
PFG_MOEA,976,2,312.55,5795.78,0 335 360 207 307 313 359 187 100 310 282 143 79 160 50 60 257 270 379 195 5 309 280 351 237 256 274 49 198 252 236 381 23 90 12 214 185 118 281 26 334 298 371 72 52 130 44 386 80 0,5 307
PFG_MOEA,976,3,312.55,5795.78,0 13 19 226 57 127 109 59 137 136 273 77 151 218 197 388 261 106 173 302 107 164 67 312 201 362 123 51 145 294 174 339 132 142 120 269 321 299 0,174
PFG_MOEA,976,4,312.55,5795.78,0 340 233 135 88 249 35 235 161 68 58 34 231 289 366 267 228 141 266 303 357 319 86 199 156 94 0,303
PFG_MOEA,976,5,312.55,5795.78,0 38 172 182 397 36 11 92 374 230 311 350 4 314 193 37 322 121 146 320 364 393 3 229 308 356 264 259 246 42 300 329 112 191 152 221 242 96 0,42 264
PFG_MOEA,976,6,312.55,5795.78,0 200 165 129 0,
PFG_MOEA,976,7,312.55,5795.78,0 304 330 395 400 394 188 301 372 21 167 291 139 149 157 63 316 387 17 43 33 71 224 260 0,
PFG_MOEA,976,8,312.55,5795.78,0 399 247 28 250 345 377 262 1 255 327 254 73 215 85 93 179 232 225 97 148 238 192 48 31 0,93
PFG_MOEA,976,9,312.55,5795.78,0 378 69 183 354 265 346 315 99 175 251 190 390 18 103 155 83 234 213 227 398 209 361 170 367 25 55 217 56 7 180 333 317 286 140 110 62 297 65 283 326 305 154 204 6 208 241 220 158 189 64 20 126 124 0,175
PFG_MOEA,976,10,312.55,5795.78,0 287 382 383 10 268 272 30 66 166 205 271 39 391 53 293 133 331 285 392 115 245 396 240 385 288 177 181 358 337 384 111 116 76 113 81 29 325 355 131 84 114 389 105 341 219 0,
PFG_MOEA,976,11,312.55,5795.78,0 91 24 212 375 14 108 169 373 8 263 292 70 318 184 284 74 279 159 162 22 134 186 89 216 47 125 9 150 163 61 365 253 206 46 54 0,
PFG_MOEA,976,12,312.55,5795.78,0 41 82 178 117 243 344 349 343 290 368 376 258 248 328 75 171 87 153 278 210 45 353 348 2 119 128 295 40 32 276 196 78 98 27 176 144 342 370 306 202 338 203 168 369 380 16 15 0,16 87 203
PFG_MOEA,977,1,389.39,5146.42,0 163 78 53 293 133 331 285 392 98 115 245 27 396 240 385 288 177 181 358 337 384 111 116 76 113 81 29 325 355 131 84 114 389 91 279 74 159 162 371 219 298 341 22 134 186 105 118 185 0,
PFG_MOEA,977,2,389.39,5146.42,0 281 26 334 24 212 375 284 14 184 318 70 292 263 8 373 169 108 72 52 130 44 386 51 145 123 362 201 294 312 67 164 107 302 173 106 261 388 197 218 151 77 273 136 137 59 109 127 57 226 19 13 80 0,
PFG_MOEA,977,3,389.39,5146.42,0 142 339 174 132 120 269 321 299 340 233 135 88 249 35 235 161 68 58 34 231 289 366 267 228 141 266 303 357 319 86 199 156 94 230 374 92 11 36 397 350 311 4 314 193 0,88
PFG_MOEA,977,4,389.39,5146.42,0 182 172 38 0,
PFG_MOEA,977,5,389.39,5146.42,0 37 322 121 146 320 364 393 3 229 308 356 264 259 246 42 300 329 112 152 191 165 200 221 242 96 0,152 264 329
PFG_MOEA,977,6,389.39,5146.42,0 129 33 71 224 260 0,
PFG_MOEA,977,7,389.39,5146.42,0 399 247 255 1 262 250 28 345 377 395 400 394 188 301 372 21 167 291 139 149 157 63 316 387 17 43 73 254 327 183 354 69 215 85 93 179 232 225 97 148 48 238 330 192 31 304 0,395
PFG_MOEA,977,8,389.39,5146.42,0 16 15 168 203 369 380 391 271 39 268 272 30 66 166 205 208 6 204 154 305 326 283 65 297 62 241 110 140 286 317 333 180 220 158 189 64 20 126 124 7 56 217 55 25 367 170 361 209 398 227 234 213 190 251 175 99 315 346 265 390 18 103 155 83 378 54 46 287 10 383 382 41 0,7 16 20 103 272
PFG_MOEA,977,9,389.39,5146.42,0 82 178 117 243 368 376 258 353 153 171 87 278 210 143 237 256 274 49 100 282 310 104 102 277 275 194 323 363 352 101 198 95 222 138 122 276 336 252 236 128 23 381 90 119 2 12 0,
PFG_MOEA,977,10,389.39,5146.42,0 344 349 351 280 309 5 79 160 50 60 257 270 379 195 45 348 75 328 248 290 343 187 0,
PFG_MOEA,977,11,389.39,5146.42,0 214 295 40 32 239 370 342 144 176 150 47 9 125 216 89 61 207 307 313 359 206 253 365 360 335 0,176
PFG_MOEA,977,12,389.39,5146.42,0 338 202 306 196 296 347 332 324 147 211 244 223 0,
PFG_MOEA,978,1,413.96,4915.5,0 187 206 253 365 359 313 307 207 61 12 89 2 119 128 236 252 336 138 163 222 95 198 351 280 237 256 274 49 100 102 277 275 194 323 363 352 101 53 293 133 331 285 392 122 239 276 32 40 295 23 381 90 113 81 29 76 116 111 384 337 358 181 177 288 385 240 396 245 115 22 118 185 214 0,245 381
PFG_MOEA,978,2,413.96,4915.5,0 281 84 131 325 355 114 389 186 134 341 298 26 334 0,
PFG_MOEA,978,3,413.96,4915.5,0 371 219 105 162 159 74 279 91 24 212 375 284 14 184 318 70 292 263 8 373 169 108 72 52 130 44 386 362 201 312 67 164 107 302 173 106 261 388 197 218 151 77 273 136 137 59 0,
PFG_MOEA,978,4,413.96,4915.5,0 57 127 109 226 0,
PFG_MOEA,978,5,413.96,4915.5,0 19 0,
PFG_MOEA,978,6,413.96,4915.5,0 38 303 357 266 141 86 199 228 267 366 289 231 34 58 68 161 235 35 249 88 135 233 319 182 172 13 80 0,88
PFG_MOEA,978,7,413.96,4915.5,0 399 397 36 11 92 156 94 230 374 350 311 4 314 193 340 299 321 269 120 142 37 51 123 145 132 339 322 121 146 294 174 320 364 393 3 229 308 356 264 259 246 42 300 329 112 191 165 200 221 242 96 0,11 340 374 393
PFG_MOEA,978,8,413.96,4915.5,0 152 247 255 1 262 250 28 345 377 395 400 394 188 301 372 21 167 291 139 149 157 63 316 387 327 17 43 85 215 73 254 183 354 69 265 346 315 99 175 251 190 390 18 103 155 83 378 213 234 227 398 93 0,1 152 175 227
PFG_MOEA,978,9,413.96,4915.5,0 304 31 48 192 330 238 129 148 260 391 271 39 268 272 30 66 166 205 208 6 204 154 305 326 283 65 297 62 241 110 140 286 317 333 180 220 158 189 64 20 126 124 7 56 217 55 25 367 170 361 209 71 33 97 225 232 179 224 0,55 391
PFG_MOEA,978,10,413.96,4915.5,0 287 10 383 382 0,
PFG_MOEA,978,11,413.96,4915.5,0 16 15 168 203 369 380 82 178 117 243 349 344 54 46 41 0,
PFG_MOEA,978,12,413.96,4915.5,0 335 360 216 150 9 47 125 309 5 343 290 368 376 258 248 328 75 171 87 278 153 353 348 45 210 195 379 270 257 60 50 160 79 143 282 310 104 223 244 211 324 147 332 347 296 196 78 98 27 176 144 342 370 306 202 338 0,
PFG_MOEA,979,1,320.55,5348.04,0 80 13 172 182 397 36 11 92 233 135 88 249 35 235 161 68 58 34 231 289 319 399 0,
PFG_MOEA,979,2,320.55,5348.04,0 374 230 94 156 311 350 4 314 193 340 299 321 269 120 142 132 339 174 320 364 308 229 3 393 294 146 121 322 123 145 51 37 0,393
PFG_MOEA,979,3,320.55,5348.04,0 96 242 221 200 165 112 329 300 191 152 247 255 1 262 42 250 28 246 259 264 356 345 377 395 400 394 188 301 372 21 167 291 139 149 157 63 316 387 327 17 43 85 215 73 254 183 354 69 265 346 315 99 175 251 190 0,215
PFG_MOEA,979,4,320.55,5348.04,0 304 31 192 330 238 129 398 227 234 213 18 390 286 140 110 241 93 260 148 48 0,
PFG_MOEA,979,5,320.55,5348.04,0 317 333 0,
PFG_MOEA,979,6,320.55,5348.04,0 33 71 209 361 170 367 25 55 217 56 7 180 220 158 189 64 20 126 124 224 10 383 382 16 203 168 15 0,25
PFG_MOEA,979,7,320.55,5348.04,0 380 369 335 360 216 150 9 47 125 309 5 195 379 270 210 45 348 353 153 278 87 171 75 328 248 258 376 368 290 343 54 46 344 349 243 117 178 82 41 0,
PFG_MOEA,979,8,320.55,5348.04,0 338 202 306 370 342 144 176 27 98 78 196 296 347 332 147 324 211 244 223 104 310 282 143 79 160 50 60 257 6 204 154 305 326 283 62 297 65 208 205 166 66 30 272 268 0,66
PFG_MOEA,979,9,320.55,5348.04,0 187 206 253 365 359 313 307 207 61 12 89 2 119 128 236 252 336 138 163 222 95 198 351 256 237 280 391 271 39 378 83 155 103 232 179 287 225 97 0,138 307
PFG_MOEA,979,10,320.55,5348.04,0 22 389 114 84 131 325 355 29 81 113 76 116 111 384 337 358 181 177 288 385 240 396 245 115 392 285 331 133 293 53 101 352 363 323 194 275 277 102 100 49 274 122 239 276 32 40 295 23 381 90 214 185 281 118 0,323 331
PFG_MOEA,979,11,320.55,5348.04,0 334 298 26 105 186 134 341 219 371 24 212 375 14 184 318 70 292 263 8 373 169 284 74 279 91 159 162 0,134
PFG_MOEA,979,12,320.55,5348.04,0 38 19 226 57 127 109 59 137 136 273 77 151 218 197 388 261 106 173 302 107 164 67 312 201 362 366 267 228 386 44 130 52 72 108 303 357 266 141 86 199 0,106 386
PFG_MOEA,980,1,270.73,5843.94,0 335 187 309 5 195 379 270 257 60 50 160 79 143 280 351 237 256 274 49 198 252 236 381 23 90 12 207 307 0,
PFG_MOEA,980,2,270.73,5843.94,0 61 313 359 206 253 365 360 214 185 118 281 26 334 298 371 22 134 186 162 159 292 263 8 373 318 70 184 284 74 279 0,134 284 313 318
PFG_MOEA,980,3,270.73,5843.94,0 91 169 108 14 375 212 24 192 330 238 129 200 165 112 191 152 127 57 109 59 137 273 136 247 17 43 85 215 33 71 224 260 148 48 31 304 0,33 200
PFG_MOEA,980,4,270.73,5843.94,0 73 254 69 354 183 327 387 157 149 188 394 316 63 262 1 255 250 28 42 400 395 377 345 356 264 259 246 308 229 197 218 151 77 107 164 67 302 388 3 106 173 261 320 364 0,
PFG_MOEA,980,5,270.73,5843.94,0 329 300 362 123 51 145 322 121 146 201 312 393 294 174 339 132 120 142 0,145 174
PFG_MOEA,980,6,270.73,5843.94,0 37 269 321 299 340 219 341 105 84 131 29 81 113 76 116 111 181 358 337 384 325 355 114 389 0,341
PFG_MOEA,980,7,270.73,5843.94,0 89 216 47 125 9 150 163 53 293 133 331 285 392 115 245 396 240 385 288 177 34 58 235 135 233 88 249 35 161 68 0,133 240
PFG_MOEA,980,8,270.73,5843.94,0 172 182 193 314 4 350 397 36 11 374 311 230 94 156 199 92 86 319 266 141 289 231 386 366 267 228 44 130 52 72 303 357 13 19 226 221 242 96 0,141 386
PFG_MOEA,980,9,270.73,5843.94,0 38 80 378 83 291 139 21 167 301 372 346 315 265 390 99 175 251 190 18 103 155 234 227 398 93 54 46 268 272 30 39 271 391 179 0,
PFG_MOEA,980,10,270.73,5843.94,0 97 225 232 209 361 213 170 367 328 248 258 376 368 290 343 66 349 344 243 117 178 82 41 16 380 369 196 78 98 27 176 144 342 370 306 202 338 203 168 15 399 0,82 176 225
PFG_MOEA,980,11,270.73,5843.94,0 287 64 166 205 75 348 353 45 210 278 153 171 87 6 208 158 189 220 241 62 297 65 283 204 154 305 326 110 140 180 333 317 286 25 55 217 56 7 124 126 20 10 0,65 126
PFG_MOEA,980,12,270.73,5843.94,0 2 119 128 295 40 32 276 239 122 296 332 347 138 336 222 95 101 194 147 324 275 323 363 352 277 102 223 244 211 104 310 100 282 383 382 0,2
PFG_MOEA,981,1,369.23,5154.87,0 90 295 40 32 276 239 122 222 95 101 323 363 352 102 277 275 194 53 293 133 331 285 392 115 245 396 240 385 288 177 181 358 337 384 111 116 76 113 81 29 325 131 84 355 114 389 279 74 159 162 371 219 341 22 134 186 105 298 334 26 281 118 185 214 0,40 240 245 331
PFG_MOEA,981,2,369.23,5154.87,0 91 24 212 375 284 14 184 318 70 292 263 8 373 169 108 72 52 130 44 386 0,318
PFG_MOEA,981,3,369.23,5154.87,0 362 201 312 67 164 107 302 173 106 261 388 197 218 151 77 273 136 0,106
PFG_MOEA,981,4,369.23,5154.87,0 399 172 182 397 36 11 92 86 141 266 303 357 319 199 228 267 366 289 231 34 58 68 161 235 35 249 88 135 233 156 94 230 374 350 311 4 314 193 340 299 321 269 120 142 37 51 145 123 137 59 109 127 57 226 19 13 80 38 0,340
PFG_MOEA,981,5,369.23,5154.87,0 132 339 322 0,
PFG_MOEA,981,6,369.23,5154.87,0 96 242 221 200 165 112 191 152 329 300 121 146 294 174 320 364 393 3 229 308 259 246 264 356 345 377 395 400 42 250 28 247 255 1 262 63 157 291 167 21 372 301 188 394 139 149 316 387 327 17 43 85 215 73 254 183 354 69 265 346 315 99 0,1 200 393
PFG_MOEA,981,7,369.23,5154.87,0 93 398 227 234 213 190 251 175 390 18 103 155 83 378 31 304 0,
PFG_MOEA,981,8,369.23,5154.87,0 48 192 330 238 129 148 260 391 0,
PFG_MOEA,981,9,369.23,5154.87,0 268 272 30 65 283 326 305 154 204 6 208 205 166 66 271 39 0,272
PFG_MOEA,981,10,369.23,5154.87,0 124 126 20 64 189 158 220 241 297 62 110 140 286 317 333 180 7 56 217 55 25 367 170 361 209 71 97 33 0,
PFG_MOEA,981,11,369.23,5154.87,0 15 16 380 369 168 203 338 202 306 370 342 144 176 27 98 78 196 296 347 332 324 147 211 244 223 210 45 348 353 153 278 87 171 75 328 248 258 376 368 290 343 54 46 224 225 232 179 287 10 383 382 41 344 349 243 117 178 82 125 9 47 150 216 360 335 0,47 87 353
PFG_MOEA,981,12,369.23,5154.87,0 207 307 313 359 365 253 206 187 100 310 104 282 143 79 160 50 60 257 270 379 195 5 309 280 351 237 256 274 49 198 163 138 336 252 236 381 23 128 119 2 89 12 61 0,
PFG_MOEA,982,1,337.93,5308.22,0 187 206 253 313 359 365 0,
PFG_MOEA,982,2,337.93,5308.22,0 207 307 198 280 351 256 237 101 53 293 133 331 285 392 95 222 163 138 336 252 236 128 119 2 89 12 61 0,133 222
PFG_MOEA,982,3,337.93,5308.22,0 323 363 352 194 275 277 102 100 49 274 122 239 276 32 40 295 23 381 90 0,
PFG_MOEA,982,4,337.93,5308.22,0 22 115 245 396 240 385 288 177 181 358 337 384 111 116 76 113 81 29 131 84 281 118 185 214 0,
PFG_MOEA,982,5,337.93,5308.22,0 334 26 298 371 219 341 134 186 105 355 325 114 389 162 159 74 279 91 24 212 375 284 14 184 318 70 292 263 8 373 169 108 72 52 130 44 386 362 201 312 0,284
PFG_MOEA,982,6,337.93,5308.22,0 399 172 182 397 36 11 92 86 141 266 303 357 319 199 228 267 366 289 231 34 58 68 161 235 35 249 88 135 233 156 94 230 57 127 109 59 137 136 273 77 151 218 197 388 261 106 173 302 107 164 67 294 226 19 13 80 38 0,
PFG_MOEA,982,7,337.93,5308.22,0 374 350 311 4 314 193 340 299 321 269 120 142 37 51 145 123 146 121 322 339 132 174 320 364 393 3 229 308 356 264 259 246 42 1 255 247 152 191 112 329 300 165 200 221 242 96 0,132 264 340 393
PFG_MOEA,982,8,337.93,5308.22,0 28 250 262 400 395 345 377 394 188 301 372 21 167 291 139 149 157 63 316 387 327 17 43 85 215 73 254 183 354 69 265 346 315 99 175 251 190 0,
PFG_MOEA,982,9,337.93,5308.22,0 304 192 330 238 129 378 83 155 103 18 390 213 234 227 398 140 110 241 62 297 65 283 326 305 154 204 6 208 205 166 66 93 30 272 268 39 271 391 260 148 48 31 0,65 391
PFG_MOEA,982,10,337.93,5308.22,0 33 71 225 97 232 209 361 170 367 25 55 217 56 7 317 286 333 180 220 158 189 64 20 126 124 224 10 287 179 0,
PFG_MOEA,982,11,337.93,5308.22,0 15 168 203 369 16 380 335 360 216 150 9 47 125 309 5 195 379 270 210 45 348 353 153 278 87 171 75 328 248 54 46 383 382 344 349 243 117 178 82 41 0,82 87 195 353
PFG_MOEA,982,12,337.93,5308.22,0 338 202 306 370 342 144 176 27 98 78 196 296 347 332 147 324 211 244 223 104 310 282 143 79 160 50 60 257 258 376 368 290 343 0,290
PFG_MOEA,983,1,319.42,5478.6,0 222 0,
PFG_MOEA,983,2,319.42,5478.6,0 95 101 323 363 352 102 277 275 194 53 293 133 331 285 392 115 245 396 240 385 288 177 181 358 337 384 111 116 76 113 81 29 325 131 84 355 114 389 279 74 159 162 371 219 341 22 134 186 105 298 334 26 281 0,105
PFG_MOEA,983,3,319.42,5478.6,0 118 91 284 184 14 375 212 24 0,375
PFG_MOEA,983,4,319.42,5478.6,0 399 397 36 11 92 199 86 141 266 319 357 303 289 366 267 228 8 263 292 70 318 373 169 108 72 52 130 44 386 362 201 312 67 164 107 302 173 106 261 388 197 218 151 77 273 136 182 172 0,86 197 318 362
PFG_MOEA,983,5,319.42,5478.6,0 38 80 13 19 226 57 127 109 59 137 123 145 51 132 142 120 269 321 299 37 340 193 314 4 350 311 156 233 135 88 249 35 235 161 68 58 34 231 94 230 374 0,
PFG_MOEA,983,6,319.42,5478.6,0 96 242 200 191 112 165 322 339 174 393 3 229 364 320 294 121 146 300 329 152 221 0,200 393
PFG_MOEA,983,7,319.42,5478.6,0 93 85 247 28 246 259 308 264 356 345 377 395 400 42 250 255 1 262 63 157 291 167 21 372 301 188 394 139 149 316 387 327 17 43 73 215 254 183 354 69 265 346 315 99 390 175 251 190 18 213 234 227 398 0,
PFG_MOEA,983,8,319.42,5478.6,0 304 31 48 330 192 129 238 148 260 391 271 66 166 205 208 6 204 154 305 326 283 65 62 297 241 158 189 220 110 140 103 155 83 378 124 126 20 64 30 272 268 39 0,62 205 220 391
PFG_MOEA,983,9,319.42,5478.6,0 7 180 333 286 317 56 217 55 0,
PFG_MOEA,983,10,319.42,5478.6,0 15 16 380 369 168 203 338 202 306 370 342 144 176 27 98 78 196 296 347 332 324 147 211 244 223 210 45 348 353 153 278 87 171 75 328 248 258 376 368 290 343 54 46 209 361 170 367 25 232 179 224 225 97 71 33 0,16 353 370
PFG_MOEA,983,11,319.42,5478.6,0 365 253 206 61 89 2 119 128 216 336 138 163 150 47 125 9 100 282 310 104 143 79 160 50 60 257 270 379 195 5 309 280 351 237 256 287 10 383 382 344 349 243 117 178 82 41 0,47 138 178 206 243
PFG_MOEA,983,12,319.42,5478.6,0 335 187 359 313 360 207 307 198 49 274 122 239 276 32 40 295 23 381 236 252 90 12 214 185 0,
PFG_MOEA,984,1,759.34,4800.0,0 219 341 105 389 114 84 131 355 325 29 81 113 76 116 111 384 337 358 181 177 288 385 240 396 245 115 392 285 331 133 293 53 163 150 9 125 47 216 89 61 206 253 365 0,245
PFG_MOEA,984,2,759.34,4800.0,0 22 134 186 162 159 279 74 284 184 318 70 292 263 8 373 169 108 14 375 212 24 91 0,318
PFG_MOEA,984,3,759.34,4800.0,0 304 31 48 148 260 224 71 33 129 238 330 192 200 165 112 191 152 127 57 109 59 137 273 136 247 17 43 85 215 73 254 69 354 183 327 387 157 149 188 394 316 63 262 1 255 250 28 42 400 395 377 345 356 264 259 246 308 229 197 218 151 77 107 164 67 302 388 3 106 173 261 320 364 393 312 201 362 329 300 123 51 145 322 121 146 294 174 339 132 120 142 37 269 321 299 340 233 135 88 249 35 161 235 68 58 34 386 231 289 366 267 228 44 130 52 72 303 357 319 266 141 86 92 199 156 94 230 311 374 11 36 397 350 4 314 193 182 172 13 19 226 221 242 96 80 38 0,33 106 174 200 303 311 394
PFG_MOEA,984,4,759.34,4800.0,0 378 83 155 103 18 190 251 175 99 315 346 372 301 167 21 139 291 265 390 234 0,
PFG_MOEA,984,5,759.34,4800.0,0 179 391 271 39 30 272 268 46 54 93 398 227 213 232 0,391
PFG_MOEA,984,6,759.34,4800.0,0 225 0,
PFG_MOEA,984,7,759.34,4800.0,0 97 209 361 170 367 0,
PFG_MOEA,984,8,759.34,4800.0,0 399 15 168 203 338 202 306 370 342 144 176 27 98 78 196 369 380 16 41 82 178 117 243 344 349 66 343 290 368 376 258 248 328 75 348 353 45 210 278 153 171 87 6 208 205 166 158 189 220 241 62 297 65 283 204 154 305 326 110 140 180 333 317 286 25 55 217 56 7 124 126 20 64 287 10 383 382 0,62 66 205 220 342
PFG_MOEA,984,9,759.34,4800.0,0 2 119 128 295 40 32 276 239 122 296 332 347 138 336 222 95 101 194 147 324 275 323 363 352 277 102 223 244 211 104 310 100 282 143 79 160 50 60 257 270 379 195 5 309 280 351 237 256 274 49 198 252 236 0,
PFG_MOEA,984,10,759.34,4800.0,0 381 23 90 12 207 307 0,
PFG_MOEA,984,11,759.34,4800.0,0 335 187 359 313 360 214 0,
PFG_MOEA,984,12,759.34,4800.0,0 185 118 281 26 334 298 371 0,
PFG_MOEA,985,1,314.81,5596.11,0 12 90 128 236 252 336 276 138 222 198 49 274 256 237 351 280 309 5 290 343 313 207 0,222
PFG_MOEA,985,2,314.81,5596.11,0 91 292 263 8 373 169 108 14 375 212 24 371 219 341 298 334 26 281 118 185 214 295 40 32 239 122 95 101 352 363 323 194 275 277 102 100 23 381 119 2 307 359 187 148 48 31 304 0,23
PFG_MOEA,985,3,314.81,5596.11,0 260 224 71 33 127 152 191 112 165 200 129 238 330 192 0,33
PFG_MOEA,985,4,314.81,5596.11,0 57 67 302 173 106 3 388 164 107 77 151 218 197 229 308 246 259 264 356 345 377 395 400 42 28 250 255 1 262 63 316 394 188 149 157 387 327 183 354 69 254 73 215 85 43 17 247 136 273 137 59 109 0,
PFG_MOEA,985,5,314.81,5596.11,0 329 300 362 123 51 145 322 121 146 201 261 320 364 393 312 294 174 339 132 206 253 365 360 335 0,362 393
PFG_MOEA,985,6,314.81,5596.11,0 61 358 181 177 288 385 240 396 245 115 392 285 331 133 293 53 163 150 9 125 47 216 89 0,
PFG_MOEA,985,7,314.81,5596.11,0 80 13 19 226 35 161 235 58 34 386 231 289 366 267 228 44 130 52 72 318 70 184 284 74 279 159 162 389 114 355 325 384 337 111 116 76 113 81 29 131 84 105 186 134 22 0,
PFG_MOEA,985,8,314.81,5596.11,0 38 96 242 221 172 182 397 350 311 4 314 193 230 94 156 374 36 11 92 319 357 303 266 141 86 199 68 135 88 249 233 340 299 321 269 120 142 37 301 21 139 291 167 372 346 315 99 175 251 0,182
PFG_MOEA,985,9,314.81,5596.11,0 97 225 232 179 391 271 158 241 62 297 65 283 204 154 305 326 110 140 286 317 333 180 220 126 124 7 56 217 55 25 367 170 361 209 227 234 213 190 390 265 18 103 155 83 378 398 93 54 46 268 272 30 39 0,65 154
PFG_MOEA,985,10,314.81,5596.11,0 399 15 16 380 41 82 178 117 243 344 349 20 189 64 166 205 208 6 87 171 153 278 210 353 258 376 368 66 287 10 383 382 0,243
PFG_MOEA,985,11,314.81,5596.11,0 369 338 203 168 0,
PFG_MOEA,985,12,314.81,5596.11,0 202 306 370 342 144 176 27 98 78 196 296 347 332 324 147 211 244 223 104 310 282 143 79 160 50 60 257 270 379 195 45 348 75 328 248 0,370
PFG_MOEA,986,1,411.21,4974.5,0 12 90 381 23 32 276 239 336 138 222 198 49 274 256 237 351 280 252 236 128 119 2 0,23
PFG_MOEA,986,2,411.21,4974.5,0 22 118 185 214 295 40 122 392 285 331 133 293 53 101 352 363 323 194 275 277 102 100 95 163 61 89 207 307 313 359 365 253 206 187 0,22 100
PFG_MOEA,986,3,411.21,4974.5,0 115 0,
PFG_MOEA,986,4,411.21,4974.5,0 245 396 240 385 288 177 181 358 337 384 111 116 76 113 81 29 325 355 0,
PFG_MOEA,986,5,411.21,4974.5,0 281 26 334 298 341 134 186 131 84 114 389 105 219 371 162 159 74 279 91 24 212 375 284 14 184 318 70 292 263 8 373 169 108 72 52 130 44 386 362 201 312 67 164 107 302 173 106 261 388 197 218 151 77 273 136 137 59 109 127 57 226 19 13 80 0,77 106 284
PFG_MOEA,986,6,411.21,4974.5,0 38 172 182 319 303 357 266 141 86 199 228 267 366 289 231 34 58 68 161 235 35 249 88 135 233 156 94 230 374 92 11 36 397 350 311 4 314 193 340 299 321 269 120 142 37 51 123 145 132 339 322 121 146 294 174 320 364 393 3 229 308 356 264 259 246 42 300 329 112 221 242 96 0,51 174 229 246 299
PFG_MOEA,986,7,411.21,4974.5,0 399 200 165 191 152 247 255 1 262 250 28 345 377 395 400 394 188 301 372 21 167 291 139 149 157 63 316 387 327 17 43 85 215 73 254 183 354 69 265 346 315 99 175 251 190 390 18 103 155 83 378 213 234 227 398 93 224 179 232 225 97 71 33 260 148 238 129 330 192 48 31 304 0,93
PFG_MOEA,986,8,411.21,4974.5,0 382 383 10 391 271 39 46 54 268 272 30 66 166 205 208 6 204 154 305 326 283 65 297 62 241 110 140 286 317 333 180 220 158 189 64 20 126 124 7 56 217 55 25 367 170 361 209 287 0,55 62 66 220
PFG_MOEA,986,9,411.21,4974.5,0 380 0,
PFG_MOEA,986,10,411.21,4974.5,0 16 369 15 0,
PFG_MOEA,986,11,411.21,4974.5,0 168 203 178 82 41 0,178
PFG_MOEA,986,12,411.21,4974.5,0 335 360 338 202 306 370 342 144 176 27 98 78 196 296 347 332 216 47 125 9 150 147 324 211 244 223 104 310 282 143 309 5 195 379 79 160 50 60 270 257 210 45 153 278 87 171 353 348 75 328 248 258 376 368 290 343 349 344 243 117 0,
PFG_MOEA,987,1,312.55,5795.78,0 336 138 239 122 296 347 332 324 275 277 104 211 244 223 102 352 363 323 194 147 101 95 222 0,122 211 222 277
PFG_MOEA,987,2,312.55,5795.78,0 335 360 207 307 313 359 187 100 310 282 143 79 160 50 60 257 270 379 195 5 309 280 351 237 256 274 49 198 252 236 381 23 90 12 214 185 118 281 26 334 298 371 72 52 130 44 386 80 0,5 307
PFG_MOEA,987,3,312.55,5795.78,0 13 19 226 57 127 109 59 137 136 273 77 151 218 197 388 261 106 173 302 107 164 67 312 201 362 123 51 145 294 174 339 132 142 120 269 321 299 0,174
PFG_MOEA,987,4,312.55,5795.78,0 340 233 135 88 249 35 235 161 68 58 34 231 289 366 267 228 141 266 303 357 319 86 199 156 94 0,303
PFG_MOEA,987,5,312.55,5795.78,0 38 172 182 397 36 11 92 374 230 311 350 4 314 193 37 322 121 146 320 364 393 3 229 308 356 264 259 246 42 300 329 112 191 152 221 242 96 0,42 264
PFG_MOEA,987,6,312.55,5795.78,0 200 165 129 0,
PFG_MOEA,987,7,312.55,5795.78,0 304 330 395 400 394 188 301 372 21 167 291 139 149 157 63 316 387 17 43 33 71 224 260 0,
PFG_MOEA,987,8,312.55,5795.78,0 399 247 28 250 345 377 262 1 255 327 254 73 215 85 93 179 232 225 97 148 238 192 48 31 0,93
PFG_MOEA,987,9,312.55,5795.78,0 378 69 183 354 265 346 315 99 175 251 190 390 18 103 155 83 234 213 227 398 209 361 170 367 25 55 217 56 7 180 333 317 286 140 110 62 297 65 283 326 305 154 204 6 208 241 220 158 189 64 20 126 124 0,175
PFG_MOEA,987,10,312.55,5795.78,0 287 382 383 10 268 272 30 66 166 205 271 39 391 53 293 133 331 285 392 115 245 396 240 385 288 177 181 358 337 384 111 116 76 113 81 29 325 355 131 84 114 389 105 341 219 0,
PFG_MOEA,987,11,312.55,5795.78,0 91 24 212 375 14 108 169 373 8 263 292 70 318 184 284 74 279 159 162 22 134 186 89 216 47 125 9 150 163 61 365 253 206 46 54 0,
PFG_MOEA,987,12,312.55,5795.78,0 41 82 178 117 243 344 349 343 290 368 376 258 248 328 75 171 87 153 278 210 45 353 348 2 119 128 295 40 32 276 196 78 98 27 176 144 342 370 306 202 338 203 168 369 380 16 15 0,16 87 203
PFG_MOEA,988,1,389.39,5146.42,0 163 78 53 293 133 331 285 392 98 115 245 27 396 240 385 288 177 181 358 337 384 111 116 76 113 81 29 325 355 131 84 114 389 91 279 74 159 162 371 219 298 341 22 134 186 105 118 185 0,
PFG_MOEA,988,2,389.39,5146.42,0 281 26 334 24 212 375 284 14 184 318 70 292 263 8 373 169 108 72 52 130 44 386 51 145 123 362 201 294 312 67 164 107 302 173 106 261 388 197 218 151 77 273 136 137 59 109 127 57 226 19 13 80 0,
PFG_MOEA,988,3,389.39,5146.42,0 142 339 174 132 120 269 321 299 340 233 135 88 249 35 235 161 68 58 34 231 289 366 267 228 141 266 303 357 319 86 199 156 94 230 374 92 11 36 397 350 311 4 314 193 0,88
PFG_MOEA,988,4,389.39,5146.42,0 182 172 38 0,
PFG_MOEA,988,5,389.39,5146.42,0 37 322 121 146 320 364 393 3 229 308 356 264 259 246 42 300 329 112 152 191 165 200 221 242 96 0,152 264 329
PFG_MOEA,988,6,389.39,5146.42,0 129 33 71 224 260 0,
PFG_MOEA,988,7,389.39,5146.42,0 399 247 255 1 262 250 28 345 377 395 400 394 188 301 372 21 167 291 139 149 157 63 316 387 17 43 73 254 327 183 354 69 215 85 93 179 232 225 97 148 48 238 330 192 31 304 0,395
PFG_MOEA,988,8,389.39,5146.42,0 16 15 168 203 369 380 391 271 39 268 272 30 66 166 205 208 6 204 154 305 326 283 65 297 62 241 110 140 286 317 333 180 220 158 189 64 20 126 124 7 56 217 55 25 367 170 361 209 398 227 234 213 190 251 175 99 315 346 265 390 18 103 155 83 378 54 46 287 10 383 382 41 0,7 16 20 103 272
PFG_MOEA,988,9,389.39,5146.42,0 82 178 117 243 368 376 258 353 153 171 87 278 210 143 237 256 274 49 100 282 310 104 102 277 275 194 323 363 352 101 198 95 222 138 122 276 336 252 236 128 23 381 90 119 2 12 0,
PFG_MOEA,988,10,389.39,5146.42,0 344 349 351 280 309 5 79 160 50 60 257 270 379 195 45 348 75 328 248 290 343 187 0,
PFG_MOEA,988,11,389.39,5146.42,0 214 295 40 32 239 370 342 144 176 150 47 9 125 216 89 61 207 307 313 359 206 253 365 360 335 0,176
PFG_MOEA,988,12,389.39,5146.42,0 338 202 306 196 296 347 332 324 147 211 244 223 0,
PFG_MOEA,989,1,413.96,4915.5,0 187 206 253 365 359 313 307 207 61 12 89 2 119 128 236 252 336 138 163 222 95 198 351 280 237 256 274 49 100 102 277 275 194 323 363 352 101 53 293 133 331 285 392 122 239 276 32 40 295 23 381 90 113 81 29 76 116 111 384 337 358 181 177 288 385 240 396 245 115 22 118 185 214 0,245 381
PFG_MOEA,989,2,413.96,4915.5,0 281 84 131 325 355 114 389 186 134 341 298 26 334 0,
PFG_MOEA,989,3,413.96,4915.5,0 371 219 105 162 159 74 279 91 24 212 375 284 14 184 318 70 292 263 8 373 169 108 72 52 130 44 386 362 201 312 67 164 107 302 173 106 261 388 197 218 151 77 273 136 137 59 0,
PFG_MOEA,989,4,413.96,4915.5,0 57 127 109 226 0,
PFG_MOEA,989,5,413.96,4915.5,0 19 0,
PFG_MOEA,989,6,413.96,4915.5,0 38 303 357 266 141 86 199 228 267 366 289 231 34 58 68 161 235 35 249 88 135 233 319 182 172 13 80 0,88
PFG_MOEA,989,7,413.96,4915.5,0 399 397 36 11 92 156 94 230 374 350 311 4 314 193 340 299 321 269 120 142 37 51 123 145 132 339 322 121 146 294 174 320 364 393 3 229 308 356 264 259 246 42 300 329 112 191 165 200 221 242 96 0,11 340 374 393
PFG_MOEA,989,8,413.96,4915.5,0 152 247 255 1 262 250 28 345 377 395 400 394 188 301 372 21 167 291 139 149 157 63 316 387 327 17 43 85 215 73 254 183 354 69 265 346 315 99 175 251 190 390 18 103 155 83 378 213 234 227 398 93 0,1 152 175 227
PFG_MOEA,989,9,413.96,4915.5,0 304 31 48 192 330 238 129 148 260 391 271 39 268 272 30 66 166 205 208 6 204 154 305 326 283 65 297 62 241 110 140 286 317 333 180 220 158 189 64 20 126 124 7 56 217 55 25 367 170 361 209 71 33 97 225 232 179 224 0,55 391
PFG_MOEA,989,10,413.96,4915.5,0 287 10 383 382 0,
PFG_MOEA,989,11,413.96,4915.5,0 16 15 168 203 369 380 82 178 117 243 349 344 54 46 41 0,
PFG_MOEA,989,12,413.96,4915.5,0 335 360 216 150 9 47 125 309 5 343 290 368 376 258 248 328 75 171 87 278 153 353 348 45 210 195 379 270 257 60 50 160 79 143 282 310 104 223 244 211 324 147 332 347 296 196 78 98 27 176 144 342 370 306 202 338 0,
PFG_MOEA,990,1,320.55,5348.04,0 80 13 172 182 397 36 11 92 233 135 88 249 35 235 161 68 58 34 231 289 319 399 0,
PFG_MOEA,990,2,320.55,5348.04,0 374 230 94 156 311 350 4 314 193 340 299 321 269 120 142 132 339 174 320 364 308 229 3 393 294 146 121 322 123 145 51 37 0,393
PFG_MOEA,990,3,320.55,5348.04,0 96 242 221 200 165 112 329 300 191 152 247 255 1 262 42 250 28 246 259 264 356 345 377 395 400 394 188 301 372 21 167 291 139 149 157 63 316 387 327 17 43 85 215 73 254 183 354 69 265 346 315 99 175 251 190 0,215
PFG_MOEA,990,4,320.55,5348.04,0 304 31 192 330 238 129 398 227 234 213 18 390 286 140 110 241 93 260 148 48 0,
PFG_MOEA,990,5,320.55,5348.04,0 317 333 0,
PFG_MOEA,990,6,320.55,5348.04,0 33 71 209 361 170 367 25 55 217 56 7 180 220 158 189 64 20 126 124 224 10 383 382 16 203 168 15 0,25
PFG_MOEA,990,7,320.55,5348.04,0 380 369 335 360 216 150 9 47 125 309 5 195 379 270 210 45 348 353 153 278 87 171 75 328 248 258 376 368 290 343 54 46 344 349 243 117 178 82 41 0,
PFG_MOEA,990,8,320.55,5348.04,0 338 202 306 370 342 144 176 27 98 78 196 296 347 332 147 324 211 244 223 104 310 282 143 79 160 50 60 257 6 204 154 305 326 283 62 297 65 208 205 166 66 30 272 268 0,66
PFG_MOEA,990,9,320.55,5348.04,0 187 206 253 365 359 313 307 207 61 12 89 2 119 128 236 252 336 138 163 222 95 198 351 256 237 280 391 271 39 378 83 155 103 232 179 287 225 97 0,138 307
PFG_MOEA,990,10,320.55,5348.04,0 22 389 114 84 131 325 355 29 81 113 76 116 111 384 337 358 181 177 288 385 240 396 245 115 392 285 331 133 293 53 101 352 363 323 194 275 277 102 100 49 274 122 239 276 32 40 295 23 381 90 214 185 281 118 0,323 331
PFG_MOEA,990,11,320.55,5348.04,0 334 298 26 105 186 134 341 219 371 24 212 375 14 184 318 70 292 263 8 373 169 284 74 279 91 159 162 0,134
PFG_MOEA,990,12,320.55,5348.04,0 38 19 226 57 127 109 59 137 136 273 77 151 218 197 388 261 106 173 302 107 164 67 312 201 362 366 267 228 386 44 130 52 72 108 303 357 266 141 86 199 0,106 386
PFG_MOEA,991,1,270.73,5843.94,0 335 187 309 5 195 379 270 257 60 50 160 79 143 280 351 237 256 274 49 198 252 236 381 23 90 12 207 307 0,
PFG_MOEA,991,2,270.73,5843.94,0 61 313 359 206 253 365 360 214 185 118 281 26 334 298 371 22 134 186 162 159 292 263 8 373 318 70 184 284 74 279 0,134 284 313 318
PFG_MOEA,991,3,270.73,5843.94,0 91 169 108 14 375 212 24 192 330 238 129 200 165 112 191 152 127 57 109 59 137 273 136 247 17 43 85 215 33 71 224 260 148 48 31 304 0,33 200
PFG_MOEA,991,4,270.73,5843.94,0 73 254 69 354 183 327 387 157 149 188 394 316 63 262 1 255 250 28 42 400 395 377 345 356 264 259 246 308 229 197 218 151 77 107 164 67 302 388 3 106 173 261 320 364 0,
PFG_MOEA,991,5,270.73,5843.94,0 329 300 362 123 51 145 322 121 146 201 312 393 294 174 339 132 120 142 0,145 174
PFG_MOEA,991,6,270.73,5843.94,0 37 269 321 299 340 219 341 105 84 131 29 81 113 76 116 111 181 358 337 384 325 355 114 389 0,341
PFG_MOEA,991,7,270.73,5843.94,0 89 216 47 125 9 150 163 53 293 133 331 285 392 115 245 396 240 385 288 177 34 58 235 135 233 88 249 35 161 68 0,133 240
PFG_MOEA,991,8,270.73,5843.94,0 172 182 193 314 4 350 397 36 11 374 311 230 94 156 199 92 86 319 266 141 289 231 386 366 267 228 44 130 52 72 303 357 13 19 226 221 242 96 0,141 386
PFG_MOEA,991,9,270.73,5843.94,0 38 80 378 83 291 139 21 167 301 372 346 315 265 390 99 175 251 190 18 103 155 234 227 398 93 54 46 268 272 30 39 271 391 179 0,
PFG_MOEA,991,10,270.73,5843.94,0 97 225 232 209 361 213 170 367 328 248 258 376 368 290 343 66 349 344 243 117 178 82 41 16 380 369 196 78 98 27 176 144 342 370 306 202 338 203 168 15 399 0,82 176 225
PFG_MOEA,991,11,270.73,5843.94,0 287 64 166 205 75 348 353 45 210 278 153 171 87 6 208 158 189 220 241 62 297 65 283 204 154 305 326 110 140 180 333 317 286 25 55 217 56 7 124 126 20 10 0,65 126
PFG_MOEA,991,12,270.73,5843.94,0 2 119 128 295 40 32 276 239 122 296 332 347 138 336 222 95 101 194 147 324 275 323 363 352 277 102 223 244 211 104 310 100 282 383 382 0,2
PFG_MOEA,992,1,369.23,5154.87,0 90 295 40 32 276 239 122 222 95 101 323 363 352 102 277 275 194 53 293 133 331 285 392 115 245 396 240 385 288 177 181 358 337 384 111 116 76 113 81 29 325 131 84 355 114 389 279 74 159 162 371 219 341 22 134 186 105 298 334 26 281 118 185 214 0,40 240 245 331
PFG_MOEA,992,2,369.23,5154.87,0 91 24 212 375 284 14 184 318 70 292 263 8 373 169 108 72 52 130 44 386 0,318
PFG_MOEA,992,3,369.23,5154.87,0 362 201 312 67 164 107 302 173 106 261 388 197 218 151 77 273 136 0,106
PFG_MOEA,992,4,369.23,5154.87,0 399 172 182 397 36 11 92 86 141 266 303 357 319 199 228 267 366 289 231 34 58 68 161 235 35 249 88 135 233 156 94 230 374 350 311 4 314 193 340 299 321 269 120 142 37 51 145 123 137 59 109 127 57 226 19 13 80 38 0,340
PFG_MOEA,992,5,369.23,5154.87,0 132 339 322 0,
PFG_MOEA,992,6,369.23,5154.87,0 96 242 221 200 165 112 191 152 329 300 121 146 294 174 320 364 393 3 229 308 259 246 264 356 345 377 395 400 42 250 28 247 255 1 262 63 157 291 167 21 372 301 188 394 139 149 316 387 327 17 43 85 215 73 254 183 354 69 265 346 315 99 0,1 200 393
PFG_MOEA,992,7,369.23,5154.87,0 93 398 227 234 213 190 251 175 390 18 103 155 83 378 31 304 0,
PFG_MOEA,992,8,369.23,5154.87,0 48 192 330 238 129 148 260 391 0,
PFG_MOEA,992,9,369.23,5154.87,0 268 272 30 65 283 326 305 154 204 6 208 205 166 66 271 39 0,272
PFG_MOEA,992,10,369.23,5154.87,0 124 126 20 64 189 158 220 241 297 62 110 140 286 317 333 180 7 56 217 55 25 367 170 361 209 71 97 33 0,
PFG_MOEA,992,11,369.23,5154.87,0 15 16 380 369 168 203 338 202 306 370 342 144 176 27 98 78 196 296 347 332 324 147 211 244 223 210 45 348 353 153 278 87 171 75 328 248 258 376 368 290 343 54 46 224 225 232 179 287 10 383 382 41 344 349 243 117 178 82 125 9 47 150 216 360 335 0,47 87 353
PFG_MOEA,992,12,369.23,5154.87,0 207 307 313 359 365 253 206 187 100 310 104 282 143 79 160 50 60 257 270 379 195 5 309 280 351 237 256 274 49 198 163 138 336 252 236 381 23 128 119 2 89 12 61 0,
PFG_MOEA,993,1,337.93,5308.22,0 187 206 253 313 359 365 0,
PFG_MOEA,993,2,337.93,5308.22,0 207 307 198 280 351 256 237 101 53 293 133 331 285 392 95 222 163 138 336 252 236 128 119 2 89 12 61 0,133 222
PFG_MOEA,993,3,337.93,5308.22,0 323 363 352 194 275 277 102 100 49 274 122 239 276 32 40 295 23 381 90 0,
PFG_MOEA,993,4,337.93,5308.22,0 22 115 245 396 240 385 288 177 181 358 337 384 111 116 76 113 81 29 131 84 281 118 185 214 0,
PFG_MOEA,993,5,337.93,5308.22,0 334 26 298 371 219 341 134 186 105 355 325 114 389 162 159 74 279 91 24 212 375 284 14 184 318 70 292 263 8 373 169 108 72 52 130 44 386 362 201 312 0,284
PFG_MOEA,993,6,337.93,5308.22,0 399 172 182 397 36 11 92 86 141 266 303 357 319 199 228 267 366 289 231 34 58 68 161 235 35 249 88 135 233 156 94 230 57 127 109 59 137 136 273 77 151 218 197 388 261 106 173 302 107 164 67 294 226 19 13 80 38 0,
PFG_MOEA,993,7,337.93,5308.22,0 374 350 311 4 314 193 340 299 321 269 120 142 37 51 145 123 146 121 322 339 132 174 320 364 393 3 229 308 356 264 259 246 42 1 255 247 152 191 112 329 300 165 200 221 242 96 0,132 264 340 393
PFG_MOEA,993,8,337.93,5308.22,0 28 250 262 400 395 345 377 394 188 301 372 21 167 291 139 149 157 63 316 387 327 17 43 85 215 73 254 183 354 69 265 346 315 99 175 251 190 0,
PFG_MOEA,993,9,337.93,5308.22,0 304 192 330 238 129 378 83 155 103 18 390 213 234 227 398 140 110 241 62 297 65 283 326 305 154 204 6 208 205 166 66 93 30 272 268 39 271 391 260 148 48 31 0,65 391
PFG_MOEA,993,10,337.93,5308.22,0 33 71 225 97 232 209 361 170 367 25 55 217 56 7 317 286 333 180 220 158 189 64 20 126 124 224 10 287 179 0,
PFG_MOEA,993,11,337.93,5308.22,0 15 168 203 369 16 380 335 360 216 150 9 47 125 309 5 195 379 270 210 45 348 353 153 278 87 171 75 328 248 54 46 383 382 344 349 243 117 178 82 41 0,82 87 195 353
PFG_MOEA,993,12,337.93,5308.22,0 338 202 306 370 342 144 176 27 98 78 196 296 347 332 147 324 211 244 223 104 310 282 143 79 160 50 60 257 258 376 368 290 343 0,290
PFG_MOEA,994,1,319.42,5478.6,0 222 0,
PFG_MOEA,994,2,319.42,5478.6,0 95 101 323 363 352 102 277 275 194 53 293 133 331 285 392 115 245 396 240 385 288 177 181 358 337 384 111 116 76 113 81 29 325 131 84 355 114 389 279 74 159 162 371 219 341 22 134 186 105 298 334 26 281 0,105
PFG_MOEA,994,3,319.42,5478.6,0 118 91 284 184 14 375 212 24 0,375
PFG_MOEA,994,4,319.42,5478.6,0 399 397 36 11 92 199 86 141 266 319 357 303 289 366 267 228 8 263 292 70 318 373 169 108 72 52 130 44 386 362 201 312 67 164 107 302 173 106 261 388 197 218 151 77 273 136 182 172 0,86 197 318 362
PFG_MOEA,994,5,319.42,5478.6,0 38 80 13 19 226 57 127 109 59 137 123 145 51 132 142 120 269 321 299 37 340 193 314 4 350 311 156 233 135 88 249 35 235 161 68 58 34 231 94 230 374 0,
PFG_MOEA,994,6,319.42,5478.6,0 96 242 200 191 112 165 322 339 174 393 3 229 364 320 294 121 146 300 329 152 221 0,200 393
PFG_MOEA,994,7,319.42,5478.6,0 93 85 247 28 246 259 308 264 356 345 377 395 400 42 250 255 1 262 63 157 291 167 21 372 301 188 394 139 149 316 387 327 17 43 73 215 254 183 354 69 265 346 315 99 390 175 251 190 18 213 234 227 398 0,
PFG_MOEA,994,8,319.42,5478.6,0 304 31 48 330 192 129 238 148 260 391 271 66 166 205 208 6 204 154 305 326 283 65 62 297 241 158 189 220 110 140 103 155 83 378 124 126 20 64 30 272 268 39 0,62 205 220 391
PFG_MOEA,994,9,319.42,5478.6,0 7 180 333 286 317 56 217 55 0,
PFG_MOEA,994,10,319.42,5478.6,0 15 16 380 369 168 203 338 202 306 370 342 144 176 27 98 78 196 296 347 332 324 147 211 244 223 210 45 348 353 153 278 87 171 75 328 248 258 376 368 290 343 54 46 209 361 170 367 25 232 179 224 225 97 71 33 0,16 353 370
PFG_MOEA,994,11,319.42,5478.6,0 365 253 206 61 89 2 119 128 216 336 138 163 150 47 125 9 100 282 310 104 143 79 160 50 60 257 270 379 195 5 309 280 351 237 256 287 10 383 382 344 349 243 117 178 82 41 0,47 138 178 206 243
PFG_MOEA,994,12,319.42,5478.6,0 335 187 359 313 360 207 307 198 49 274 122 239 276 32 40 295 23 381 236 252 90 12 214 185 0,
PFG_MOEA,995,1,759.34,4800.0,0 219 341 105 389 114 84 131 355 325 29 81 113 76 116 111 384 337 358 181 177 288 385 240 396 245 115 392 285 331 133 293 53 163 150 9 125 47 216 89 61 206 253 365 0,245
PFG_MOEA,995,2,759.34,4800.0,0 22 134 186 162 159 279 74 284 184 318 70 292 263 8 373 169 108 14 375 212 24 91 0,318
PFG_MOEA,995,3,759.34,4800.0,0 304 31 48 148 260 224 71 33 129 238 330 192 200 165 112 191 152 127 57 109 59 137 273 136 247 17 43 85 215 73 254 69 354 183 327 387 157 149 188 394 316 63 262 1 255 250 28 42 400 395 377 345 356 264 259 246 308 229 197 218 151 77 107 164 67 302 388 3 106 173 261 320 364 393 312 201 362 329 300 123 51 145 322 121 146 294 174 339 132 120 142 37 269 321 299 340 233 135 88 249 35 161 235 68 58 34 386 231 289 366 267 228 44 130 52 72 303 357 319 266 141 86 92 199 156 94 230 311 374 11 36 397 350 4 314 193 182 172 13 19 226 221 242 96 80 38 0,33 106 174 200 303 311 394
PFG_MOEA,995,4,759.34,4800.0,0 378 83 155 103 18 190 251 175 99 315 346 372 301 167 21 139 291 265 390 234 0,
PFG_MOEA,995,5,759.34,4800.0,0 179 391 271 39 30 272 268 46 54 93 398 227 213 232 0,391
PFG_MOEA,995,6,759.34,4800.0,0 225 0,
PFG_MOEA,995,7,759.34,4800.0,0 97 209 361 170 367 0,
PFG_MOEA,995,8,759.34,4800.0,0 399 15 168 203 338 202 306 370 342 144 176 27 98 78 196 369 380 16 41 82 178 117 243 344 349 66 343 290 368 376 258 248 328 75 348 353 45 210 278 153 171 87 6 208 205 166 158 189 220 241 62 297 65 283 204 154 305 326 110 140 180 333 317 286 25 55 217 56 7 124 126 20 64 287 10 383 382 0,62 66 205 220 342
PFG_MOEA,995,9,759.34,4800.0,0 2 119 128 295 40 32 276 239 122 296 332 347 138 336 222 95 101 194 147 324 275 323 363 352 277 102 223 244 211 104 310 100 282 143 79 160 50 60 257 270 379 195 5 309 280 351 237 256 274 49 198 252 236 0,
PFG_MOEA,995,10,759.34,4800.0,0 381 23 90 12 207 307 0,
PFG_MOEA,995,11,759.34,4800.0,0 335 187 359 313 360 214 0,
PFG_MOEA,995,12,759.34,4800.0,0 185 118 281 26 334 298 371 0,
PFG_MOEA,996,1,314.81,5596.11,0 12 90 128 236 252 336 276 138 222 198 49 274 256 237 351 280 309 5 290 343 313 207 0,222
PFG_MOEA,996,2,314.81,5596.11,0 91 292 263 8 373 169 108 14 375 212 24 371 219 341 298 334 26 281 118 185 214 295 40 32 239 122 95 101 352 363 323 194 275 277 102 100 23 381 119 2 307 359 187 148 48 31 304 0,23
PFG_MOEA,996,3,314.81,5596.11,0 260 224 71 33 127 152 191 112 165 200 129 238 330 192 0,33
PFG_MOEA,996,4,314.81,5596.11,0 57 67 302 173 106 3 388 164 107 77 151 218 197 229 308 246 259 264 356 345 377 395 400 42 28 250 255 1 262 63 316 394 188 149 157 387 327 183 354 69 254 73 215 85 43 17 247 136 273 137 59 109 0,
PFG_MOEA,996,5,314.81,5596.11,0 329 300 362 123 51 145 322 121 146 201 261 320 364 393 312 294 174 339 132 206 253 365 360 335 0,362 393
PFG_MOEA,996,6,314.81,5596.11,0 61 358 181 177 288 385 240 396 245 115 392 285 331 133 293 53 163 150 9 125 47 216 89 0,
PFG_MOEA,996,7,314.81,5596.11,0 80 13 19 226 35 161 235 58 34 386 231 289 366 267 228 44 130 52 72 318 70 184 284 74 279 159 162 389 114 355 325 384 337 111 116 76 113 81 29 131 84 105 186 134 22 0,
PFG_MOEA,996,8,314.81,5596.11,0 38 96 242 221 172 182 397 350 311 4 314 193 230 94 156 374 36 11 92 319 357 303 266 141 86 199 68 135 88 249 233 340 299 321 269 120 142 37 301 21 139 291 167 372 346 315 99 175 251 0,182
PFG_MOEA,996,9,314.81,5596.11,0 97 225 232 179 391 271 158 241 62 297 65 283 204 154 305 326 110 140 286 317 333 180 220 126 124 7 56 217 55 25 367 170 361 209 227 234 213 190 390 265 18 103 155 83 378 398 93 54 46 268 272 30 39 0,65 154
PFG_MOEA,996,10,314.81,5596.11,0 399 15 16 380 41 82 178 117 243 344 349 20 189 64 166 205 208 6 87 171 153 278 210 353 258 376 368 66 287 10 383 382 0,243
PFG_MOEA,996,11,314.81,5596.11,0 369 338 203 168 0,
PFG_MOEA,996,12,314.81,5596.11,0 202 306 370 342 144 176 27 98 78 196 296 347 332 324 147 211 244 223 104 310 282 143 79 160 50 60 257 270 379 195 45 348 75 328 248 0,370
PFG_MOEA,997,1,411.21,4974.5,0 12 90 381 23 32 276 239 336 138 222 198 49 274 256 237 351 280 252 236 128 119 2 0,23
PFG_MOEA,997,2,411.21,4974.5,0 22 118 185 214 295 40 122 392 285 331 133 293 53 101 352 363 323 194 275 277 102 100 95 163 61 89 207 307 313 359 365 253 206 187 0,22 100
PFG_MOEA,997,3,411.21,4974.5,0 115 0,
PFG_MOEA,997,4,411.21,4974.5,0 245 396 240 385 288 177 181 358 337 384 111 116 76 113 81 29 325 355 0,
PFG_MOEA,997,5,411.21,4974.5,0 281 26 334 298 341 134 186 131 84 114 389 105 219 371 162 159 74 279 91 24 212 375 284 14 184 318 70 292 263 8 373 169 108 72 52 130 44 386 362 201 312 67 164 107 302 173 106 261 388 197 218 151 77 273 136 137 59 109 127 57 226 19 13 80 0,77 106 284
PFG_MOEA,997,6,411.21,4974.5,0 38 172 182 319 303 357 266 141 86 199 228 267 366 289 231 34 58 68 161 235 35 249 88 135 233 156 94 230 374 92 11 36 397 350 311 4 314 193 340 299 321 269 120 142 37 51 123 145 132 339 322 121 146 294 174 320 364 393 3 229 308 356 264 259 246 42 300 329 112 221 242 96 0,51 174 229 246 299
PFG_MOEA,997,7,411.21,4974.5,0 399 200 165 191 152 247 255 1 262 250 28 345 377 395 400 394 188 301 372 21 167 291 139 149 157 63 316 387 327 17 43 85 215 73 254 183 354 69 265 346 315 99 175 251 190 390 18 103 155 83 378 213 234 227 398 93 224 179 232 225 97 71 33 260 148 238 129 330 192 48 31 304 0,93
PFG_MOEA,997,8,411.21,4974.5,0 382 383 10 391 271 39 46 54 268 272 30 66 166 205 208 6 204 154 305 326 283 65 297 62 241 110 140 286 317 333 180 220 158 189 64 20 126 124 7 56 217 55 25 367 170 361 209 287 0,55 62 66 220
PFG_MOEA,997,9,411.21,4974.5,0 380 0,
PFG_MOEA,997,10,411.21,4974.5,0 16 369 15 0,
PFG_MOEA,997,11,411.21,4974.5,0 168 203 178 82 41 0,178
PFG_MOEA,997,12,411.21,4974.5,0 335 360 338 202 306 370 342 144 176 27 98 78 196 296 347 332 216 47 125 9 150 147 324 211 244 223 104 310 282 143 309 5 195 379 79 160 50 60 270 257 210 45 153 278 87 171 353 348 75 328 248 258 376 368 290 343 349 344 243 117 0,
PFG_MOEA,998,1,312.55,5795.78,0 336 138 239 122 296 347 332 324 275 277 104 211 244 223 102 352 363 323 194 147 101 95 222 0,122 211 222 277
PFG_MOEA,998,2,312.55,5795.78,0 335 360 207 307 313 359 187 100 310 282 143 79 160 50 60 257 270 379 195 5 309 280 351 237 256 274 49 198 252 236 381 23 90 12 214 185 118 281 26 334 298 371 72 52 130 44 386 80 0,5 307
PFG_MOEA,998,3,312.55,5795.78,0 13 19 226 57 127 109 59 137 136 273 77 151 218 197 388 261 106 173 302 107 164 67 312 201 362 123 51 145 294 174 339 132 142 120 269 321 299 0,174
PFG_MOEA,998,4,312.55,5795.78,0 340 233 135 88 249 35 235 161 68 58 34 231 289 366 267 228 141 266 303 357 319 86 199 156 94 0,303
PFG_MOEA,998,5,312.55,5795.78,0 38 172 182 397 36 11 92 374 230 311 350 4 314 193 37 322 121 146 320 364 393 3 229 308 356 264 259 246 42 300 329 112 191 152 221 242 96 0,42 264
PFG_MOEA,998,6,312.55,5795.78,0 200 165 129 0,
PFG_MOEA,998,7,312.55,5795.78,0 304 330 395 400 394 188 301 372 21 167 291 139 149 157 63 316 387 17 43 33 71 224 260 0,
PFG_MOEA,998,8,312.55,5795.78,0 399 247 28 250 345 377 262 1 255 327 254 73 215 85 93 179 232 225 97 148 238 192 48 31 0,93
PFG_MOEA,998,9,312.55,5795.78,0 378 69 183 354 265 346 315 99 175 251 190 390 18 103 155 83 234 213 227 398 209 361 170 367 25 55 217 56 7 180 333 317 286 140 110 62 297 65 283 326 305 154 204 6 208 241 220 158 189 64 20 126 124 0,175
PFG_MOEA,998,10,312.55,5795.78,0 287 382 383 10 268 272 30 66 166 205 271 39 391 53 293 133 331 285 392 115 245 396 240 385 288 177 181 358 337 384 111 116 76 113 81 29 325 355 131 84 114 389 105 341 219 0,
PFG_MOEA,998,11,312.55,5795.78,0 91 24 212 375 14 108 169 373 8 263 292 70 318 184 284 74 279 159 162 22 134 186 89 216 47 125 9 150 163 61 365 253 206 46 54 0,
PFG_MOEA,998,12,312.55,5795.78,0 41 82 178 117 243 344 349 343 290 368 376 258 248 328 75 171 87 153 278 210 45 353 348 2 119 128 295 40 32 276 196 78 98 27 176 144 342 370 306 202 338 203 168 369 380 16 15 0,16 87 203
PFG_MOEA,999,1,389.39,5146.42,0 163 78 53 293 133 331 285 392 98 115 245 27 396 240 385 288 177 181 358 337 384 111 116 76 113 81 29 325 355 131 84 114 389 91 279 74 159 162 371 219 298 341 22 134 186 105 118 185 0,
PFG_MOEA,999,2,389.39,5146.42,0 281 26 334 24 212 375 284 14 184 318 70 292 263 8 373 169 108 72 52 130 44 386 51 145 123 362 201 294 312 67 164 107 302 173 106 261 388 197 218 151 77 273 136 137 59 109 127 57 226 19 13 80 0,
PFG_MOEA,999,3,389.39,5146.42,0 142 339 174 132 120 269 321 299 340 233 135 88 249 35 235 161 68 58 34 231 289 366 267 228 141 266 303 357 319 86 199 156 94 230 374 92 11 36 397 350 311 4 314 193 0,88
PFG_MOEA,999,4,389.39,5146.42,0 182 172 38 0,
PFG_MOEA,999,5,389.39,5146.42,0 37 322 121 146 320 364 393 3 229 308 356 264 259 246 42 300 329 112 152 191 165 200 221 242 96 0,152 264 329
PFG_MOEA,999,6,389.39,5146.42,0 129 33 71 224 260 0,
PFG_MOEA,999,7,389.39,5146.42,0 399 247 255 1 262 250 28 345 377 395 400 394 188 301 372 21 167 291 139 149 157 63 316 387 17 43 73 254 327 183 354 69 215 85 93 179 232 225 97 148 48 238 330 192 31 304 0,395
PFG_MOEA,999,8,389.39,5146.42,0 16 15 168 203 369 380 391 271 39 268 272 30 66 166 205 208 6 204 154 305 326 283 65 297 62 241 110 140 286 317 333 180 220 158 189 64 20 126 124 7 56 217 55 25 367 170 361 209 398 227 234 213 190 251 175 99 315 346 265 390 18 103 155 83 378 54 46 287 10 383 382 41 0,7 16 20 103 272
PFG_MOEA,999,9,389.39,5146.42,0 82 178 117 243 368 376 258 353 153 171 87 278 210 143 237 256 274 49 100 282 310 104 102 277 275 194 323 363 352 101 198 95 222 138 122 276 336 252 236 128 23 381 90 119 2 12 0,
PFG_MOEA,999,10,389.39,5146.42,0 344 349 351 280 309 5 79 160 50 60 257 270 379 195 45 348 75 328 248 290 343 187 0,
PFG_MOEA,999,11,389.39,5146.42,0 214 295 40 32 239 370 342 144 176 150 47 9 125 216 89 61 207 307 313 359 206 253 365 360 335 0,176
PFG_MOEA,999,12,389.39,5146.42,0 338 202 306 196 296 347 332 324 147 211 244 223 0,
PFG_MOEA,1000,1,413.96,4915.5,0 187 206 253 365 359 313 307 207 61 12 89 2 119 128 236 252 336 138 163 222 95 198 351 280 237 256 274 49 100 102 277 275 194 323 363 352 101 53 293 133 331 285 392 122 239 276 32 40 295 23 381 90 113 81 29 76 116 111 384 337 358 181 177 288 385 240 396 245 115 22 118 185 214 0,245 381
PFG_MOEA,1000,2,413.96,4915.5,0 281 84 131 325 355 114 389 186 134 341 298 26 334 0,
PFG_MOEA,1000,3,413.96,4915.5,0 371 219 105 162 159 74 279 91 24 212 375 284 14 184 318 70 292 263 8 373 169 108 72 52 130 44 386 362 201 312 67 164 107 302 173 106 261 388 197 218 151 77 273 136 137 59 0,
PFG_MOEA,1000,4,413.96,4915.5,0 57 127 109 226 0,
PFG_MOEA,1000,5,413.96,4915.5,0 19 0,
PFG_MOEA,1000,6,413.96,4915.5,0 38 303 357 266 141 86 199 228 267 366 289 231 34 58 68 161 235 35 249 88 135 233 319 182 172 13 80 0,88
PFG_MOEA,1000,7,413.96,4915.5,0 399 397 36 11 92 156 94 230 374 350 311 4 314 193 340 299 321 269 120 142 37 51 123 145 132 339 322 121 146 294 174 320 364 393 3 229 308 356 264 259 246 42 300 329 112 191 165 200 221 242 96 0,11 340 374 393
PFG_MOEA,1000,8,413.96,4915.5,0 152 247 255 1 262 250 28 345 377 395 400 394 188 301 372 21 167 291 139 149 157 63 316 387 327 17 43 85 215 73 254 183 354 69 265 346 315 99 175 251 190 390 18 103 155 83 378 213 234 227 398 93 0,1 152 175 227
PFG_MOEA,1000,9,413.96,4915.5,0 304 31 48 192 330 238 129 148 260 391 271 39 268 272 30 66 166 205 208 6 204 154 305 326 283 65 297 62 241 110 140 286 317 333 180 220 158 189 64 20 126 124 7 56 217 55 25 367 170 361 209 71 33 97 225 232 179 224 0,55 391
PFG_MOEA,1000,10,413.96,4915.5,0 287 10 383 382 0,
PFG_MOEA,1000,11,413.96,4915.5,0 16 15 168 203 369 380 82 178 117 243 349 344 54 46 41 0,
PFG_MOEA,1000,12,413.96,4915.5,0 335 360 216 150 9 47 125 309 5 343 290 368 376 258 248 328 75 171 87 278 153 353 348 45 210 195 379 270 257 60 50 160 79 143 282 310 104 223 244 211 324 147 332 347 296 196 78 98 27 176 144 342 370 306 202 338 0,
PFG_MOEA,1001,1,320.55,5348.04,0 80 13 172 182 397 36 11 92 233 135 88 249 35 235 161 68 58 34 231 289 319 399 0,
PFG_MOEA,1001,2,320.55,5348.04,0 374 230 94 156 311 350 4 314 193 340 299 321 269 120 142 132 339 174 320 364 308 229 3 393 294 146 121 322 123 145 51 37 0,393
PFG_MOEA,1001,3,320.55,5348.04,0 96 242 221 200 165 112 329 300 191 152 247 255 1 262 42 250 28 246 259 264 356 345 377 395 400 394 188 301 372 21 167 291 139 149 157 63 316 387 327 17 43 85 215 73 254 183 354 69 265 346 315 99 175 251 190 0,215
PFG_MOEA,1001,4,320.55,5348.04,0 304 31 192 330 238 129 398 227 234 213 18 390 286 140 110 241 93 260 148 48 0,
PFG_MOEA,1001,5,320.55,5348.04,0 317 333 0,
PFG_MOEA,1001,6,320.55,5348.04,0 33 71 209 361 170 367 25 55 217 56 7 180 220 158 189 64 20 126 124 224 10 383 382 16 203 168 15 0,25
PFG_MOEA,1001,7,320.55,5348.04,0 380 369 335 360 216 150 9 47 125 309 5 195 379 270 210 45 348 353 153 278 87 171 75 328 248 258 376 368 290 343 54 46 344 349 243 117 178 82 41 0,
PFG_MOEA,1001,8,320.55,5348.04,0 338 202 306 370 342 144 176 27 98 78 196 296 347 332 147 324 211 244 223 104 310 282 143 79 160 50 60 257 6 204 154 305 326 283 62 297 65 208 205 166 66 30 272 268 0,66
PFG_MOEA,1001,9,320.55,5348.04,0 187 206 253 365 359 313 307 207 61 12 89 2 119 128 236 252 336 138 163 222 95 198 351 256 237 280 391 271 39 378 83 155 103 232 179 287 225 97 0,138 307
PFG_MOEA,1001,10,320.55,5348.04,0 22 389 114 84 131 325 355 29 81 113 76 116 111 384 337 358 181 177 288 385 240 396 245 115 392 285 331 133 293 53 101 352 363 323 194 275 277 102 100 49 274 122 239 276 32 40 295 23 381 90 214 185 281 118 0,323 331
PFG_MOEA,1001,11,320.55,5348.04,0 334 298 26 105 186 134 341 219 371 24 212 375 14 184 318 70 292 263 8 373 169 284 74 279 91 159 162 0,134
PFG_MOEA,1001,12,320.55,5348.04,0 38 19 226 57 127 109 59 137 136 273 77 151 218 197 388 261 106 173 302 107 164 67 312 201 362 366 267 228 386 44 130 52 72 108 303 357 266 141 86 199 0,106 386
PFG_MOEA,1002,1,270.73,5843.94,0 335 187 309 5 195 379 270 257 60 50 160 79 143 280 351 237 256 274 49 198 252 236 381 23 90 12 207 307 0,
PFG_MOEA,1002,2,270.73,5843.94,0 61 313 359 206 253 365 360 214 185 118 281 26 334 298 371 22 134 186 162 159 292 263 8 373 318 70 184 284 74 279 0,134 284 313 318
PFG_MOEA,1002,3,270.73,5843.94,0 91 169 108 14 375 212 24 192 330 238 129 200 165 112 191 152 127 57 109 59 137 273 136 247 17 43 85 215 33 71 224 260 148 48 31 304 0,33 200
PFG_MOEA,1002,4,270.73,5843.94,0 73 254 69 354 183 327 387 157 149 188 394 316 63 262 1 255 250 28 42 400 395 377 345 356 264 259 246 308 229 197 218 151 77 107 164 67 302 388 3 106 173 261 320 364 0,
PFG_MOEA,1002,5,270.73,5843.94,0 329 300 362 123 51 145 322 121 146 201 312 393 294 174 339 132 120 142 0,145 174
PFG_MOEA,1002,6,270.73,5843.94,0 37 269 321 299 340 219 341 105 84 131 29 81 113 76 116 111 181 358 337 384 325 355 114 389 0,341
PFG_MOEA,1002,7,270.73,5843.94,0 89 216 47 125 9 150 163 53 293 133 331 285 392 115 245 396 240 385 288 177 34 58 235 135 233 88 249 35 161 68 0,133 240
PFG_MOEA,1002,8,270.73,5843.94,0 172 182 193 314 4 350 397 36 11 374 311 230 94 156 199 92 86 319 266 141 289 231 386 366 267 228 44 130 52 72 303 357 13 19 226 221 242 96 0,141 386
PFG_MOEA,1002,9,270.73,5843.94,0 38 80 378 83 291 139 21 167 301 372 346 315 265 390 99 175 251 190 18 103 155 234 227 398 93 54 46 268 272 30 39 271 391 179 0,
PFG_MOEA,1002,10,270.73,5843.94,0 97 225 232 209 361 213 170 367 328 248 258 376 368 290 343 66 349 344 243 117 178 82 41 16 380 369 196 78 98 27 176 144 342 370 306 202 338 203 168 15 399 0,82 176 225
PFG_MOEA,1002,11,270.73,5843.94,0 287 64 166 205 75 348 353 45 210 278 153 171 87 6 208 158 189 220 241 62 297 65 283 204 154 305 326 110 140 180 333 317 286 25 55 217 56 7 124 126 20 10 0,65 126
PFG_MOEA,1002,12,270.73,5843.94,0 2 119 128 295 40 32 276 239 122 296 332 347 138 336 222 95 101 194 147 324 275 323 363 352 277 102 223 244 211 104 310 100 282 383 382 0,2
PFG_MOEA,1003,1,369.23,5154.87,0 90 295 40 32 276 239 122 222 95 101 323 363 352 102 277 275 194 53 293 133 331 285 392 115 245 396 240 385 288 177 181 358 337 384 111 116 76 113 81 29 325 131 84 355 114 389 279 74 159 162 371 219 341 22 134 186 105 298 334 26 281 118 185 214 0,40 240 245 331
PFG_MOEA,1003,2,369.23,5154.87,0 91 24 212 375 284 14 184 318 70 292 263 8 373 169 108 72 52 130 44 386 0,318
PFG_MOEA,1003,3,369.23,5154.87,0 362 201 312 67 164 107 302 173 106 261 388 197 218 151 77 273 136 0,106
PFG_MOEA,1003,4,369.23,5154.87,0 399 172 182 397 36 11 92 86 141 266 303 357 319 199 228 267 366 289 231 34 58 68 161 235 35 249 88 135 233 156 94 230 374 350 311 4 314 193 340 299 321 269 120 142 37 51 145 123 137 59 109 127 57 226 19 13 80 38 0,340
PFG_MOEA,1003,5,369.23,5154.87,0 132 339 322 0,
PFG_MOEA,1003,6,369.23,5154.87,0 96 242 221 200 165 112 191 152 329 300 121 146 294 174 320 364 393 3 229 308 259 246 264 356 345 377 395 400 42 250 28 247 255 1 262 63 157 291 167 21 372 301 188 394 139 149 316 387 327 17 43 85 215 73 254 183 354 69 265 346 315 99 0,1 200 393
PFG_MOEA,1003,7,369.23,5154.87,0 93 398 227 234 213 190 251 175 390 18 103 155 83 378 31 304 0,
PFG_MOEA,1003,8,369.23,5154.87,0 48 192 330 238 129 148 260 391 0,
PFG_MOEA,1003,9,369.23,5154.87,0 268 272 30 65 283 326 305 154 204 6 208 205 166 66 271 39 0,272
PFG_MOEA,1003,10,369.23,5154.87,0 124 126 20 64 189 158 220 241 297 62 110 140 286 317 333 180 7 56 217 55 25 367 170 361 209 71 97 33 0,
PFG_MOEA,1003,11,369.23,5154.87,0 15 16 380 369 168 203 338 202 306 370 342 144 176 27 98 78 196 296 347 332 324 147 211 244 223 210 45 348 353 153 278 87 171 75 328 248 258 376 368 290 343 54 46 224 225 232 179 287 10 383 382 41 344 349 243 117 178 82 125 9 47 150 216 360 335 0,47 87 353
PFG_MOEA,1003,12,369.23,5154.87,0 207 307 313 359 365 253 206 187 100 310 104 282 143 79 160 50 60 257 270 379 195 5 309 280 351 237 256 274 49 198 163 138 336 252 236 381 23 128 119 2 89 12 61 0,
PFG_MOEA,1004,1,337.93,5308.22,0 187 206 253 313 359 365 0,
PFG_MOEA,1004,2,337.93,5308.22,0 207 307 198 280 351 256 237 101 53 293 133 331 285 392 95 222 163 138 336 252 236 128 119 2 89 12 61 0,133 222
PFG_MOEA,1004,3,337.93,5308.22,0 323 363 352 194 275 277 102 100 49 274 122 239 276 32 40 295 23 381 90 0,
PFG_MOEA,1004,4,337.93,5308.22,0 22 115 245 396 240 385 288 177 181 358 337 384 111 116 76 113 81 29 131 84 281 118 185 214 0,
PFG_MOEA,1004,5,337.93,5308.22,0 334 26 298 371 219 341 134 186 105 355 325 114 389 162 159 74 279 91 24 212 375 284 14 184 318 70 292 263 8 373 169 108 72 52 130 44 386 362 201 312 0,284
PFG_MOEA,1004,6,337.93,5308.22,0 399 172 182 397 36 11 92 86 141 266 303 357 319 199 228 267 366 289 231 34 58 68 161 235 35 249 88 135 233 156 94 230 57 127 109 59 137 136 273 77 151 218 197 388 261 106 173 302 107 164 67 294 226 19 13 80 38 0,
PFG_MOEA,1004,7,337.93,5308.22,0 374 350 311 4 314 193 340 299 321 269 120 142 37 51 145 123 146 121 322 339 132 174 320 364 393 3 229 308 356 264 259 246 42 1 255 247 152 191 112 329 300 165 200 221 242 96 0,132 264 340 393
PFG_MOEA,1004,8,337.93,5308.22,0 28 250 262 400 395 345 377 394 188 301 372 21 167 291 139 149 157 63 316 387 327 17 43 85 215 73 254 183 354 69 265 346 315 99 175 251 190 0,
PFG_MOEA,1004,9,337.93,5308.22,0 304 192 330 238 129 378 83 155 103 18 390 213 234 227 398 140 110 241 62 297 65 283 326 305 154 204 6 208 205 166 66 93 30 272 268 39 271 391 260 148 48 31 0,65 391
PFG_MOEA,1004,10,337.93,5308.22,0 33 71 225 97 232 209 361 170 367 25 55 217 56 7 317 286 333 180 220 158 189 64 20 126 124 224 10 287 179 0,
PFG_MOEA,1004,11,337.93,5308.22,0 15 168 203 369 16 380 335 360 216 150 9 47 125 309 5 195 379 270 210 45 348 353 153 278 87 171 75 328 248 54 46 383 382 344 349 243 117 178 82 41 0,82 87 195 353
PFG_MOEA,1004,12,337.93,5308.22,0 338 202 306 370 342 144 176 27 98 78 196 296 347 332 147 324 211 244 223 104 310 282 143 79 160 50 60 257 258 376 368 290 343 0,290
PFG_MOEA,1005,1,319.42,5478.6,0 222 0,
PFG_MOEA,1005,2,319.42,5478.6,0 95 101 323 363 352 102 277 275 194 53 293 133 331 285 392 115 245 396 240 385 288 177 181 358 337 384 111 116 76 113 81 29 325 131 84 355 114 389 279 74 159 162 371 219 341 22 134 186 105 298 334 26 281 0,105
PFG_MOEA,1005,3,319.42,5478.6,0 118 91 284 184 14 375 212 24 0,375
PFG_MOEA,1005,4,319.42,5478.6,0 399 397 36 11 92 199 86 141 266 319 357 303 289 366 267 228 8 263 292 70 318 373 169 108 72 52 130 44 386 362 201 312 67 164 107 302 173 106 261 388 197 218 151 77 273 136 182 172 0,86 197 318 362
PFG_MOEA,1005,5,319.42,5478.6,0 38 80 13 19 226 57 127 109 59 137 123 145 51 132 142 120 269 321 299 37 340 193 314 4 350 311 156 233 135 88 249 35 235 161 68 58 34 231 94 230 374 0,
PFG_MOEA,1005,6,319.42,5478.6,0 96 242 200 191 112 165 322 339 174 393 3 229 364 320 294 121 146 300 329 152 221 0,200 393
PFG_MOEA,1005,7,319.42,5478.6,0 93 85 247 28 246 259 308 264 356 345 377 395 400 42 250 255 1 262 63 157 291 167 21 372 301 188 394 139 149 316 387 327 17 43 73 215 254 183 354 69 265 346 315 99 390 175 251 190 18 213 234 227 398 0,
PFG_MOEA,1005,8,319.42,5478.6,0 304 31 48 330 192 129 238 148 260 391 271 66 166 205 208 6 204 154 305 326 283 65 62 297 241 158 189 220 110 140 103 155 83 378 124 126 20 64 30 272 268 39 0,62 205 220 391
PFG_MOEA,1005,9,319.42,5478.6,0 7 180 333 286 317 56 217 55 0,
PFG_MOEA,1005,10,319.42,5478.6,0 15 16 380 369 168 203 338 202 306 370 342 144 176 27 98 78 196 296 347 332 324 147 211 244 223 210 45 348 353 153 278 87 171 75 328 248 258 376 368 290 343 54 46 209 361 170 367 25 232 179 224 225 97 71 33 0,16 353 370
PFG_MOEA,1005,11,319.42,5478.6,0 365 253 206 61 89 2 119 128 216 336 138 163 150 47 125 9 100 282 310 104 143 79 160 50 60 257 270 379 195 5 309 280 351 237 256 287 10 383 382 344 349 243 117 178 82 41 0,47 138 178 206 243
PFG_MOEA,1005,12,319.42,5478.6,0 335 187 359 313 360 207 307 198 49 274 122 239 276 32 40 295 23 381 236 252 90 12 214 185 0,
PFG_MOEA,1006,1,759.34,4800.0,0 219 341 105 389 114 84 131 355 325 29 81 113 76 116 111 384 337 358 181 177 288 385 240 396 245 115 392 285 331 133 293 53 163 150 9 125 47 216 89 61 206 253 365 0,245
PFG_MOEA,1006,2,759.34,4800.0,0 22 134 186 162 159 279 74 284 184 318 70 292 263 8 373 169 108 14 375 212 24 91 0,318
PFG_MOEA,1006,3,759.34,4800.0,0 304 31 48 148 260 224 71 33 129 238 330 192 200 165 112 191 152 127 57 109 59 137 273 136 247 17 43 85 215 73 254 69 354 183 327 387 157 149 188 394 316 63 262 1 255 250 28 42 400 395 377 345 356 264 259 246 308 229 197 218 151 77 107 164 67 302 388 3 106 173 261 320 364 393 312 201 362 329 300 123 51 145 322 121 146 294 174 339 132 120 142 37 269 321 299 340 233 135 88 249 35 161 235 68 58 34 386 231 289 366 267 228 44 130 52 72 303 357 319 266 141 86 92 199 156 94 230 311 374 11 36 397 350 4 314 193 182 172 13 19 226 221 242 96 80 38 0,33 106 174 200 303 311 394
PFG_MOEA,1006,4,759.34,4800.0,0 378 83 155 103 18 190 251 175 99 315 346 372 301 167 21 139 291 265 390 234 0,
PFG_MOEA,1006,5,759.34,4800.0,0 179 391 271 39 30 272 268 46 54 93 398 227 213 232 0,391
PFG_MOEA,1006,6,759.34,4800.0,0 225 0,
PFG_MOEA,1006,7,759.34,4800.0,0 97 209 361 170 367 0,
PFG_MOEA,1006,8,759.34,4800.0,0 399 15 168 203 338 202 306 370 342 144 176 27 98 78 196 369 380 16 41 82 178 117 243 344 349 66 343 290 368 376 258 248 328 75 348 353 45 210 278 153 171 87 6 208 205 166 158 189 220 241 62 297 65 283 204 154 305 326 110 140 180 333 317 286 25 55 217 56 7 124 126 20 64 287 10 383 382 0,62 66 205 220 342
PFG_MOEA,1006,9,759.34,4800.0,0 2 119 128 295 40 32 276 239 122 296 332 347 138 336 222 95 101 194 147 324 275 323 363 352 277 102 223 244 211 104 310 100 282 143 79 160 50 60 257 270 379 195 5 309 280 351 237 256 274 49 198 252 236 0,
PFG_MOEA,1006,10,759.34,4800.0,0 381 23 90 12 207 307 0,
PFG_MOEA,1006,11,759.34,4800.0,0 335 187 359 313 360 214 0,
PFG_MOEA,1006,12,759.34,4800.0,0 185 118 281 26 334 298 371 0,
PFG_MOEA,1007,1,314.81,5596.11,0 12 90 128 236 252 336 276 138 222 198 49 274 256 237 351 280 309 5 290 343 313 207 0,222
PFG_MOEA,1007,2,314.81,5596.11,0 91 292 263 8 373 169 108 14 375 212 24 371 219 341 298 334 26 281 118 185 214 295 40 32 239 122 95 101 352 363 323 194 275 277 102 100 23 381 119 2 307 359 187 148 48 31 304 0,23
PFG_MOEA,1007,3,314.81,5596.11,0 260 224 71 33 127 152 191 112 165 200 129 238 330 192 0,33
PFG_MOEA,1007,4,314.81,5596.11,0 57 67 302 173 106 3 388 164 107 77 151 218 197 229 308 246 259 264 356 345 377 395 400 42 28 250 255 1 262 63 316 394 188 149 157 387 327 183 354 69 254 73 215 85 43 17 247 136 273 137 59 109 0,
PFG_MOEA,1007,5,314.81,5596.11,0 329 300 362 123 51 145 322 121 146 201 261 320 364 393 312 294 174 339 132 206 253 365 360 335 0,362 393
PFG_MOEA,1007,6,314.81,5596.11,0 61 358 181 177 288 385 240 396 245 115 392 285 331 133 293 53 163 150 9 125 47 216 89 0,
PFG_MOEA,1007,7,314.81,5596.11,0 80 13 19 226 35 161 235 58 34 386 231 289 366 267 228 44 130 52 72 318 70 184 284 74 279 159 162 389 114 355 325 384 337 111 116 76 113 81 29 131 84 105 186 134 22 0,
PFG_MOEA,1007,8,314.81,5596.11,0 38 96 242 221 172 182 397 350 311 4 314 193 230 94 156 374 36 11 92 319 357 303 266 141 86 199 68 135 88 249 233 340 299 321 269 120 142 37 301 21 139 291 167 372 346 315 99 175 251 0,182
PFG_MOEA,1007,9,314.81,5596.11,0 97 225 232 179 391 271 158 241 62 297 65 283 204 154 305 326 110 140 286 317 333 180 220 126 124 7 56 217 55 25 367 170 361 209 227 234 213 190 390 265 18 103 155 83 378 398 93 54 46 268 272 30 39 0,65 154
PFG_MOEA,1007,10,314.81,5596.11,0 399 15 16 380 41 82 178 117 243 344 349 20 189 64 166 205 208 6 87 171 153 278 210 353 258 376 368 66 287 10 383 382 0,243
PFG_MOEA,1007,11,314.81,5596.11,0 369 338 203 168 0,
PFG_MOEA,1007,12,314.81,5596.11,0 202 306 370 342 144 176 27 98 78 196 296 347 332 324 147 211 244 223 104 310 282 143 79 160 50 60 257 270 379 195 45 348 75 328 248 0,370
PFG_MOEA,1008,1,411.21,4974.5,0 12 90 381 23 32 276 239 336 138 222 198 49 274 256 237 351 280 252 236 128 119 2 0,23
PFG_MOEA,1008,2,411.21,4974.5,0 22 118 185 214 295 40 122 392 285 331 133 293 53 101 352 363 323 194 275 277 102 100 95 163 61 89 207 307 313 359 365 253 206 187 0,22 100
PFG_MOEA,1008,3,411.21,4974.5,0 115 0,
PFG_MOEA,1008,4,411.21,4974.5,0 245 396 240 385 288 177 181 358 337 384 111 116 76 113 81 29 325 355 0,
PFG_MOEA,1008,5,411.21,4974.5,0 281 26 334 298 341 134 186 131 84 114 389 105 219 371 162 159 74 279 91 24 212 375 284 14 184 318 70 292 263 8 373 169 108 72 52 130 44 386 362 201 312 67 164 107 302 173 106 261 388 197 218 151 77 273 136 137 59 109 127 57 226 19 13 80 0,77 106 284
PFG_MOEA,1008,6,411.21,4974.5,0 38 172 182 319 303 357 266 141 86 199 228 267 366 289 231 34 58 68 161 235 35 249 88 135 233 156 94 230 374 92 11 36 397 350 311 4 314 193 340 299 321 269 120 142 37 51 123 145 132 339 322 121 146 294 174 320 364 393 3 229 308 356 264 259 246 42 300 329 112 221 242 96 0,51 174 229 246 299
PFG_MOEA,1008,7,411.21,4974.5,0 399 200 165 191 152 247 255 1 262 250 28 345 377 395 400 394 188 301 372 21 167 291 139 149 157 63 316 387 327 17 43 85 215 73 254 183 354 69 265 346 315 99 175 251 190 390 18 103 155 83 378 213 234 227 398 93 224 179 232 225 97 71 33 260 148 238 129 330 192 48 31 304 0,93
PFG_MOEA,1008,8,411.21,4974.5,0 382 383 10 391 271 39 46 54 268 272 30 66 166 205 208 6 204 154 305 326 283 65 297 62 241 110 140 286 317 333 180 220 158 189 64 20 126 124 7 56 217 55 25 367 170 361 209 287 0,55 62 66 220
PFG_MOEA,1008,9,411.21,4974.5,0 380 0,
PFG_MOEA,1008,10,411.21,4974.5,0 16 369 15 0,
PFG_MOEA,1008,11,411.21,4974.5,0 168 203 178 82 41 0,178
PFG_MOEA,1008,12,411.21,4974.5,0 335 360 338 202 306 370 342 144 176 27 98 78 196 296 347 332 216 47 125 9 150 147 324 211 244 223 104 310 282 143 309 5 195 379 79 160 50 60 270 257 210 45 153 278 87 171 353 348 75 328 248 258 376 368 290 343 349 344 243 117 0,
PFG_MOEA,1009,1,312.55,5795.78,0 336 138 239 122 296 347 332 324 275 277 104 211 244 223 102 352 363 323 194 147 101 95 222 0,122 211 222 277
PFG_MOEA,1009,2,312.55,5795.78,0 335 360 207 307 313 359 187 100 310 282 143 79 160 50 60 257 270 379 195 5 309 280 351 237 256 274 49 198 252 236 381 23 90 12 214 185 118 281 26 334 298 371 72 52 130 44 386 80 0,5 307
PFG_MOEA,1009,3,312.55,5795.78,0 13 19 226 57 127 109 59 137 136 273 77 151 218 197 388 261 106 173 302 107 164 67 312 201 362 123 51 145 294 174 339 132 142 120 269 321 299 0,174
PFG_MOEA,1009,4,312.55,5795.78,0 340 233 135 88 249 35 235 161 68 58 34 231 289 366 267 228 141 266 303 357 319 86 199 156 94 0,303
PFG_MOEA,1009,5,312.55,5795.78,0 38 172 182 397 36 11 92 374 230 311 350 4 314 193 37 322 121 146 320 364 393 3 229 308 356 264 259 246 42 300 329 112 191 152 221 242 96 0,42 264
PFG_MOEA,1009,6,312.55,5795.78,0 200 165 129 0,
PFG_MOEA,1009,7,312.55,5795.78,0 304 330 395 400 394 188 301 372 21 167 291 139 149 157 63 316 387 17 43 33 71 224 260 0,
PFG_MOEA,1009,8,312.55,5795.78,0 399 247 28 250 345 377 262 1 255 327 254 73 215 85 93 179 232 225 97 148 238 192 48 31 0,93
PFG_MOEA,1009,9,312.55,5795.78,0 378 69 183 354 265 346 315 99 175 251 190 390 18 103 155 83 234 213 227 398 209 361 170 367 25 55 217 56 7 180 333 317 286 140 110 62 297 65 283 326 305 154 204 6 208 241 220 158 189 64 20 126 124 0,175
PFG_MOEA,1009,10,312.55,5795.78,0 287 382 383 10 268 272 30 66 166 205 271 39 391 53 293 133 331 285 392 115 245 396 240 385 288 177 181 358 337 384 111 116 76 113 81 29 325 355 131 84 114 389 105 341 219 0,
PFG_MOEA,1009,11,312.55,5795.78,0 91 24 212 375 14 108 169 373 8 263 292 70 318 184 284 74 279 159 162 22 134 186 89 216 47 125 9 150 163 61 365 253 206 46 54 0,
PFG_MOEA,1009,12,312.55,5795.78,0 41 82 178 117 243 344 349 343 290 368 376 258 248 328 75 171 87 153 278 210 45 353 348 2 119 128 295 40 32 276 196 78 98 27 176 144 342 370 306 202 338 203 168 369 380 16 15 0,16 87 203
PFG_MOEA,1010,1,389.39,5146.42,0 163 78 53 293 133 331 285 392 98 115 245 27 396 240 385 288 177 181 358 337 384 111 116 76 113 81 29 325 355 131 84 114 389 91 279 74 159 162 371 219 298 341 22 134 186 105 118 185 0,
PFG_MOEA,1010,2,389.39,5146.42,0 281 26 334 24 212 375 284 14 184 318 70 292 263 8 373 169 108 72 52 130 44 386 51 145 123 362 201 294 312 67 164 107 302 173 106 261 388 197 218 151 77 273 136 137 59 109 127 57 226 19 13 80 0,
PFG_MOEA,1010,3,389.39,5146.42,0 142 339 174 132 120 269 321 299 340 233 135 88 249 35 235 161 68 58 34 231 289 366 267 228 141 266 303 357 319 86 199 156 94 230 374 92 11 36 397 350 311 4 314 193 0,88
PFG_MOEA,1010,4,389.39,5146.42,0 182 172 38 0,
PFG_MOEA,1010,5,389.39,5146.42,0 37 322 121 146 320 364 393 3 229 308 356 264 259 246 42 300 329 112 152 191 165 200 221 242 96 0,152 264 329
PFG_MOEA,1010,6,389.39,5146.42,0 129 33 71 224 260 0,
PFG_MOEA,1010,7,389.39,5146.42,0 399 247 255 1 262 250 28 345 377 395 400 394 188 301 372 21 167 291 139 149 157 63 316 387 17 43 73 254 327 183 354 69 215 85 93 179 232 225 97 148 48 238 330 192 31 304 0,395
PFG_MOEA,1010,8,389.39,5146.42,0 16 15 168 203 369 380 391 271 39 268 272 30 66 166 205 208 6 204 154 305 326 283 65 297 62 241 110 140 286 317 333 180 220 158 189 64 20 126 124 7 56 217 55 25 367 170 361 209 398 227 234 213 190 251 175 99 315 346 265 390 18 103 155 83 378 54 46 287 10 383 382 41 0,7 16 20 103 272
PFG_MOEA,1010,9,389.39,5146.42,0 82 178 117 243 368 376 258 353 153 171 87 278 210 143 237 256 274 49 100 282 310 104 102 277 275 194 323 363 352 101 198 95 222 138 122 276 336 252 236 128 23 381 90 119 2 12 0,
PFG_MOEA,1010,10,389.39,5146.42,0 344 349 351 280 309 5 79 160 50 60 257 270 379 195 45 348 75 328 248 290 343 187 0,
PFG_MOEA,1010,11,389.39,5146.42,0 214 295 40 32 239 370 342 144 176 150 47 9 125 216 89 61 207 307 313 359 206 253 365 360 335 0,176
PFG_MOEA,1010,12,389.39,5146.42,0 338 202 306 196 296 347 332 324 147 211 244 223 0,
PFG_MOEA,1011,1,413.96,4915.5,0 187 206 253 365 359 313 307 207 61 12 89 2 119 128 236 252 336 138 163 222 95 198 351 280 237 256 274 49 100 102 277 275 194 323 363 352 101 53 293 133 331 285 392 122 239 276 32 40 295 23 381 90 113 81 29 76 116 111 384 337 358 181 177 288 385 240 396 245 115 22 118 185 214 0,245 381
PFG_MOEA,1011,2,413.96,4915.5,0 281 84 131 325 355 114 389 186 134 341 298 26 334 0,
PFG_MOEA,1011,3,413.96,4915.5,0 371 219 105 162 159 74 279 91 24 212 375 284 14 184 318 70 292 263 8 373 169 108 72 52 130 44 386 362 201 312 67 164 107 302 173 106 261 388 197 218 151 77 273 136 137 59 0,
PFG_MOEA,1011,4,413.96,4915.5,0 57 127 109 226 0,
PFG_MOEA,1011,5,413.96,4915.5,0 19 0,
PFG_MOEA,1011,6,413.96,4915.5,0 38 303 357 266 141 86 199 228 267 366 289 231 34 58 68 161 235 35 249 88 135 233 319 182 172 13 80 0,88
PFG_MOEA,1011,7,413.96,4915.5,0 399 397 36 11 92 156 94 230 374 350 311 4 314 193 340 299 321 269 120 142 37 51 123 145 132 339 322 121 146 294 174 320 364 393 3 229 308 356 264 259 246 42 300 329 112 191 165 200 221 242 96 0,11 340 374 393
PFG_MOEA,1011,8,413.96,4915.5,0 152 247 255 1 262 250 28 345 377 395 400 394 188 301 372 21 167 291 139 149 157 63 316 387 327 17 43 85 215 73 254 183 354 69 265 346 315 99 175 251 190 390 18 103 155 83 378 213 234 227 398 93 0,1 152 175 227
PFG_MOEA,1011,9,413.96,4915.5,0 304 31 48 192 330 238 129 148 260 391 271 39 268 272 30 66 166 205 208 6 204 154 305 326 283 65 297 62 241 110 140 286 317 333 180 220 158 189 64 20 126 124 7 56 217 55 25 367 170 361 209 71 33 97 225 232 179 224 0,55 391
PFG_MOEA,1011,10,413.96,4915.5,0 287 10 383 382 0,
PFG_MOEA,1011,11,413.96,4915.5,0 16 15 168 203 369 380 82 178 117 243 349 344 54 46 41 0,
PFG_MOEA,1011,12,413.96,4915.5,0 335 360 216 150 9 47 125 309 5 343 290 368 376 258 248 328 75 171 87 278 153 353 348 45 210 195 379 270 257 60 50 160 79 143 282 310 104 223 244 211 324 147 332 347 296 196 78 98 27 176 144 342 370 306 202 338 0,
PFG_MOEA,1012,1,320.55,5348.04,0 80 13 172 182 397 36 11 92 233 135 88 249 35 235 161 68 58 34 231 289 319 399 0,
PFG_MOEA,1012,2,320.55,5348.04,0 374 230 94 156 311 350 4 314 193 340 299 321 269 120 142 132 339 174 320 364 308 229 3 393 294 146 121 322 123 145 51 37 0,393
PFG_MOEA,1012,3,320.55,5348.04,0 96 242 221 200 165 112 329 300 191 152 247 255 1 262 42 250 28 246 259 264 356 345 377 395 400 394 188 301 372 21 167 291 139 149 157 63 316 387 327 17 43 85 215 73 254 183 354 69 265 346 315 99 175 251 190 0,215
PFG_MOEA,1012,4,320.55,5348.04,0 304 31 192 330 238 129 398 227 234 213 18 390 286 140 110 241 93 260 148 48 0,
PFG_MOEA,1012,5,320.55,5348.04,0 317 333 0,
PFG_MOEA,1012,6,320.55,5348.04,0 33 71 209 361 170 367 25 55 217 56 7 180 220 158 189 64 20 126 124 224 10 383 382 16 203 168 15 0,25
PFG_MOEA,1012,7,320.55,5348.04,0 380 369 335 360 216 150 9 47 125 309 5 195 379 270 210 45 348 353 153 278 87 171 75 328 248 258 376 368 290 343 54 46 344 349 243 117 178 82 41 0,
PFG_MOEA,1012,8,320.55,5348.04,0 338 202 306 370 342 144 176 27 98 78 196 296 347 332 147 324 211 244 223 104 310 282 143 79 160 50 60 257 6 204 154 305 326 283 62 297 65 208 205 166 66 30 272 268 0,66
PFG_MOEA,1012,9,320.55,5348.04,0 187 206 253 365 359 313 307 207 61 12 89 2 119 128 236 252 336 138 163 222 95 198 351 256 237 280 391 271 39 378 83 155 103 232 179 287 225 97 0,138 307
PFG_MOEA,1012,10,320.55,5348.04,0 22 389 114 84 131 325 355 29 81 113 76 116 111 384 337 358 181 177 288 385 240 396 245 115 392 285 331 133 293 53 101 352 363 323 194 275 277 102 100 49 274 122 239 276 32 40 295 23 381 90 214 185 281 118 0,323 331
PFG_MOEA,1012,11,320.55,5348.04,0 334 298 26 105 186 134 341 219 371 24 212 375 14 184 318 70 292 263 8 373 169 284 74 279 91 159 162 0,134
PFG_MOEA,1012,12,320.55,5348.04,0 38 19 226 57 127 109 59 137 136 273 77 151 218 197 388 261 106 173 302 107 164 67 312 201 362 366 267 228 386 44 130 52 72 108 303 357 266 141 86 199 0,106 386
PFG_MOEA,1013,1,270.73,5843.94,0 335 187 309 5 195 379 270 257 60 50 160 79 143 280 351 237 256 274 49 198 252 236 381 23 90 12 207 307 0,
PFG_MOEA,1013,2,270.73,5843.94,0 61 313 359 206 253 365 360 214 185 118 281 26 334 298 371 22 134 186 162 159 292 263 8 373 318 70 184 284 74 279 0,134 284 313 318
PFG_MOEA,1013,3,270.73,5843.94,0 91 169 108 14 375 212 24 192 330 238 129 200 165 112 191 152 127 57 109 59 137 273 136 247 17 43 85 215 33 71 224 260 148 48 31 304 0,33 200
PFG_MOEA,1013,4,270.73,5843.94,0 73 254 69 354 183 327 387 157 149 188 394 316 63 262 1 255 250 28 42 400 395 377 345 356 264 259 246 308 229 197 218 151 77 107 164 67 302 388 3 106 173 261 320 364 0,
PFG_MOEA,1013,5,270.73,5843.94,0 329 300 362 123 51 145 322 121 146 201 312 393 294 174 339 132 120 142 0,145 174
PFG_MOEA,1013,6,270.73,5843.94,0 37 269 321 299 340 219 341 105 84 131 29 81 113 76 116 111 181 358 337 384 325 355 114 389 0,341
PFG_MOEA,1013,7,270.73,5843.94,0 89 216 47 125 9 150 163 53 293 133 331 285 392 115 245 396 240 385 288 177 34 58 235 135 233 88 249 35 161 68 0,133 240
PFG_MOEA,1013,8,270.73,5843.94,0 172 182 193 314 4 350 397 36 11 374 311 230 94 156 199 92 86 319 266 141 289 231 386 366 267 228 44 130 52 72 303 357 13 19 226 221 242 96 0,141 386
PFG_MOEA,1013,9,270.73,5843.94,0 38 80 378 83 291 139 21 167 301 372 346 315 265 390 99 175 251 190 18 103 155 234 227 398 93 54 46 268 272 30 39 271 391 179 0,
PFG_MOEA,1013,10,270.73,5843.94,0 97 225 232 209 361 213 170 367 328 248 258 376 368 290 343 66 349 344 243 117 178 82 41 16 380 369 196 78 98 27 176 144 342 370 306 202 338 203 168 15 399 0,82 176 225
PFG_MOEA,1013,11,270.73,5843.94,0 287 64 166 205 75 348 353 45 210 278 153 171 87 6 208 158 189 220 241 62 297 65 283 204 154 305 326 110 140 180 333 317 286 25 55 217 56 7 124 126 20 10 0,65 126
PFG_MOEA,1013,12,270.73,5843.94,0 2 119 128 295 40 32 276 239 122 296 332 347 138 336 222 95 101 194 147 324 275 323 363 352 277 102 223 244 211 104 310 100 282 383 382 0,2
PFG_MOEA,1014,1,369.23,5154.87,0 90 295 40 32 276 239 122 222 95 101 323 363 352 102 277 275 194 53 293 133 331 285 392 115 245 396 240 385 288 177 181 358 337 384 111 116 76 113 81 29 325 131 84 355 114 389 279 74 159 162 371 219 341 22 134 186 105 298 334 26 281 118 185 214 0,40 240 245 331
PFG_MOEA,1014,2,369.23,5154.87,0 91 24 212 375 284 14 184 318 70 292 263 8 373 169 108 72 52 130 44 386 0,318
PFG_MOEA,1014,3,369.23,5154.87,0 362 201 312 67 164 107 302 173 106 261 388 197 218 151 77 273 136 0,106
PFG_MOEA,1014,4,369.23,5154.87,0 399 172 182 397 36 11 92 86 141 266 303 357 319 199 228 267 366 289 231 34 58 68 161 235 35 249 88 135 233 156 94 230 374 350 311 4 314 193 340 299 321 269 120 142 37 51 145 123 137 59 109 127 57 226 19 13 80 38 0,340
PFG_MOEA,1014,5,369.23,5154.87,0 132 339 322 0,
PFG_MOEA,1014,6,369.23,5154.87,0 96 242 221 200 165 112 191 152 329 300 121 146 294 174 320 364 393 3 229 308 259 246 264 356 345 377 395 400 42 250 28 247 255 1 262 63 157 291 167 21 372 301 188 394 139 149 316 387 327 17 43 85 215 73 254 183 354 69 265 346 315 99 0,1 200 393
PFG_MOEA,1014,7,369.23,5154.87,0 93 398 227 234 213 190 251 175 390 18 103 155 83 378 31 304 0,
PFG_MOEA,1014,8,369.23,5154.87,0 48 192 330 238 129 148 260 391 0,
PFG_MOEA,1014,9,369.23,5154.87,0 268 272 30 65 283 326 305 154 204 6 208 205 166 66 271 39 0,272
PFG_MOEA,1014,10,369.23,5154.87,0 124 126 20 64 189 158 220 241 297 62 110 140 286 317 333 180 7 56 217 55 25 367 170 361 209 71 97 33 0,
PFG_MOEA,1014,11,369.23,5154.87,0 15 16 380 369 168 203 338 202 306 370 342 144 176 27 98 78 196 296 347 332 324 147 211 244 223 210 45 348 353 153 278 87 171 75 328 248 258 376 368 290 343 54 46 224 225 232 179 287 10 383 382 41 344 349 243 117 178 82 125 9 47 150 216 360 335 0,47 87 353
PFG_MOEA,1014,12,369.23,5154.87,0 207 307 313 359 365 253 206 187 100 310 104 282 143 79 160 50 60 257 270 379 195 5 309 280 351 237 256 274 49 198 163 138 336 252 236 381 23 128 119 2 89 12 61 0,
PFG_MOEA,1015,1,337.93,5308.22,0 187 206 253 313 359 365 0,
PFG_MOEA,1015,2,337.93,5308.22,0 207 307 198 280 351 256 237 101 53 293 133 331 285 392 95 222 163 138 336 252 236 128 119 2 89 12 61 0,133 222
PFG_MOEA,1015,3,337.93,5308.22,0 323 363 352 194 275 277 102 100 49 274 122 239 276 32 40 295 23 381 90 0,
PFG_MOEA,1015,4,337.93,5308.22,0 22 115 245 396 240 385 288 177 181 358 337 384 111 116 76 113 81 29 131 84 281 118 185 214 0,
PFG_MOEA,1015,5,337.93,5308.22,0 334 26 298 371 219 341 134 186 105 355 325 114 389 162 159 74 279 91 24 212 375 284 14 184 318 70 292 263 8 373 169 108 72 52 130 44 386 362 201 312 0,284
PFG_MOEA,1015,6,337.93,5308.22,0 399 172 182 397 36 11 92 86 141 266 303 357 319 199 228 267 366 289 231 34 58 68 161 235 35 249 88 135 233 156 94 230 57 127 109 59 137 136 273 77 151 218 197 388 261 106 173 302 107 164 67 294 226 19 13 80 38 0,
PFG_MOEA,1015,7,337.93,5308.22,0 374 350 311 4 314 193 340 299 321 269 120 142 37 51 145 123 146 121 322 339 132 174 320 364 393 3 229 308 356 264 259 246 42 1 255 247 152 191 112 329 300 165 200 221 242 96 0,132 264 340 393
PFG_MOEA,1015,8,337.93,5308.22,0 28 250 262 400 395 345 377 394 188 301 372 21 167 291 139 149 157 63 316 387 327 17 43 85 215 73 254 183 354 69 265 346 315 99 175 251 190 0,
PFG_MOEA,1015,9,337.93,5308.22,0 304 192 330 238 129 378 83 155 103 18 390 213 234 227 398 140 110 241 62 297 65 283 326 305 154 204 6 208 205 166 66 93 30 272 268 39 271 391 260 148 48 31 0,65 391
PFG_MOEA,1015,10,337.93,5308.22,0 33 71 225 97 232 209 361 170 367 25 55 217 56 7 317 286 333 180 220 158 189 64 20 126 124 224 10 287 179 0,
PFG_MOEA,1015,11,337.93,5308.22,0 15 168 203 369 16 380 335 360 216 150 9 47 125 309 5 195 379 270 210 45 348 353 153 278 87 171 75 328 248 54 46 383 382 344 349 243 117 178 82 41 0,82 87 195 353
PFG_MOEA,1015,12,337.93,5308.22,0 338 202 306 370 342 144 176 27 98 78 196 296 347 332 147 324 211 244 223 104 310 282 143 79 160 50 60 257 258 376 368 290 343 0,290
PFG_MOEA,1016,1,319.42,5478.6,0 222 0,
PFG_MOEA,1016,2,319.42,5478.6,0 95 101 323 363 352 102 277 275 194 53 293 133 331 285 392 115 245 396 240 385 288 177 181 358 337 384 111 116 76 113 81 29 325 131 84 355 114 389 279 74 159 162 371 219 341 22 134 186 105 298 334 26 281 0,105
PFG_MOEA,1016,3,319.42,5478.6,0 118 91 284 184 14 375 212 24 0,375
PFG_MOEA,1016,4,319.42,5478.6,0 399 397 36 11 92 199 86 141 266 319 357 303 289 366 267 228 8 263 292 70 318 373 169 108 72 52 130 44 386 362 201 312 67 164 107 302 173 106 261 388 197 218 151 77 273 136 182 172 0,86 197 318 362
PFG_MOEA,1016,5,319.42,5478.6,0 38 80 13 19 226 57 127 109 59 137 123 145 51 132 142 120 269 321 299 37 340 193 314 4 350 311 156 233 135 88 249 35 235 161 68 58 34 231 94 230 374 0,
PFG_MOEA,1016,6,319.42,5478.6,0 96 242 200 191 112 165 322 339 174 393 3 229 364 320 294 121 146 300 329 152 221 0,200 393
PFG_MOEA,1016,7,319.42,5478.6,0 93 85 247 28 246 259 308 264 356 345 377 395 400 42 250 255 1 262 63 157 291 167 21 372 301 188 394 139 149 316 387 327 17 43 73 215 254 183 354 69 265 346 315 99 390 175 251 190 18 213 234 227 398 0,
PFG_MOEA,1016,8,319.42,5478.6,0 304 31 48 330 192 129 238 148 260 391 271 66 166 205 208 6 204 154 305 326 283 65 62 297 241 158 189 220 110 140 103 155 83 378 124 126 20 64 30 272 268 39 0,62 205 220 391
PFG_MOEA,1016,9,319.42,5478.6,0 7 180 333 286 317 56 217 55 0,
PFG_MOEA,1016,10,319.42,5478.6,0 15 16 380 369 168 203 338 202 306 370 342 144 176 27 98 78 196 296 347 332 324 147 211 244 223 210 45 348 353 153 278 87 171 75 328 248 258 376 368 290 343 54 46 209 361 170 367 25 232 179 224 225 97 71 33 0,16 353 370
PFG_MOEA,1016,11,319.42,5478.6,0 365 253 206 61 89 2 119 128 216 336 138 163 150 47 125 9 100 282 310 104 143 79 160 50 60 257 270 379 195 5 309 280 351 237 256 287 10 383 382 344 349 243 117 178 82 41 0,47 138 178 206 243
PFG_MOEA,1016,12,319.42,5478.6,0 335 187 359 313 360 207 307 198 49 274 122 239 276 32 40 295 23 381 236 252 90 12 214 185 0,
PFG_MOEA,1017,1,759.34,4800.0,0 219 341 105 389 114 84 131 355 325 29 81 113 76 116 111 384 337 358 181 177 288 385 240 396 245 115 392 285 331 133 293 53 163 150 9 125 47 216 89 61 206 253 365 0,245
PFG_MOEA,1017,2,759.34,4800.0,0 22 134 186 162 159 279 74 284 184 318 70 292 263 8 373 169 108 14 375 212 24 91 0,318
PFG_MOEA,1017,3,759.34,4800.0,0 304 31 48 148 260 224 71 33 129 238 330 192 200 165 112 191 152 127 57 109 59 137 273 136 247 17 43 85 215 73 254 69 354 183 327 387 157 149 188 394 316 63 262 1 255 250 28 42 400 395 377 345 356 264 259 246 308 229 197 218 151 77 107 164 67 302 388 3 106 173 261 320 364 393 312 201 362 329 300 123 51 145 322 121 146 294 174 339 132 120 142 37 269 321 299 340 233 135 88 249 35 161 235 68 58 34 386 231 289 366 267 228 44 130 52 72 303 357 319 266 141 86 92 199 156 94 230 311 374 11 36 397 350 4 314 193 182 172 13 19 226 221 242 96 80 38 0,33 106 174 200 303 311 394
PFG_MOEA,1017,4,759.34,4800.0,0 378 83 155 103 18 190 251 175 99 315 346 372 301 167 21 139 291 265 390 234 0,
PFG_MOEA,1017,5,759.34,4800.0,0 179 391 271 39 30 272 268 46 54 93 398 227 213 232 0,391
PFG_MOEA,1017,6,759.34,4800.0,0 225 0,
PFG_MOEA,1017,7,759.34,4800.0,0 97 209 361 170 367 0,
PFG_MOEA,1017,8,759.34,4800.0,0 399 15 168 203 338 202 306 370 342 144 176 27 98 78 196 369 380 16 41 82 178 117 243 344 349 66 343 290 368 376 258 248 328 75 348 353 45 210 278 153 171 87 6 208 205 166 158 189 220 241 62 297 65 283 204 154 305 326 110 140 180 333 317 286 25 55 217 56 7 124 126 20 64 287 10 383 382 0,62 66 205 220 342
PFG_MOEA,1017,9,759.34,4800.0,0 2 119 128 295 40 32 276 239 122 296 332 347 138 336 222 95 101 194 147 324 275 323 363 352 277 102 223 244 211 104 310 100 282 143 79 160 50 60 257 270 379 195 5 309 280 351 237 256 274 49 198 252 236 0,
PFG_MOEA,1017,10,759.34,4800.0,0 381 23 90 12 207 307 0,
PFG_MOEA,1017,11,759.34,4800.0,0 335 187 359 313 360 214 0,
PFG_MOEA,1017,12,759.34,4800.0,0 185 118 281 26 334 298 371 0,
PFG_MOEA,1018,1,314.81,5596.11,0 12 90 128 236 252 336 276 138 222 198 49 274 256 237 351 280 309 5 290 343 313 207 0,222
PFG_MOEA,1018,2,314.81,5596.11,0 91 292 263 8 373 169 108 14 375 212 24 371 219 341 298 334 26 281 118 185 214 295 40 32 239 122 95 101 352 363 323 194 275 277 102 100 23 381 119 2 307 359 187 148 48 31 304 0,23
PFG_MOEA,1018,3,314.81,5596.11,0 260 224 71 33 127 152 191 112 165 200 129 238 330 192 0,33
PFG_MOEA,1018,4,314.81,5596.11,0 57 67 302 173 106 3 388 164 107 77 151 218 197 229 308 246 259 264 356 345 377 395 400 42 28 250 255 1 262 63 316 394 188 149 157 387 327 183 354 69 254 73 215 85 43 17 247 136 273 137 59 109 0,
PFG_MOEA,1018,5,314.81,5596.11,0 329 300 362 123 51 145 322 121 146 201 261 320 364 393 312 294 174 339 132 206 253 365 360 335 0,362 393
PFG_MOEA,1018,6,314.81,5596.11,0 61 358 181 177 288 385 240 396 245 115 392 285 331 133 293 53 163 150 9 125 47 216 89 0,
PFG_MOEA,1018,7,314.81,5596.11,0 80 13 19 226 35 161 235 58 34 386 231 289 366 267 228 44 130 52 72 318 70 184 284 74 279 159 162 389 114 355 325 384 337 111 116 76 113 81 29 131 84 105 186 134 22 0,
PFG_MOEA,1018,8,314.81,5596.11,0 38 96 242 221 172 182 397 350 311 4 314 193 230 94 156 374 36 11 92 319 357 303 266 141 86 199 68 135 88 249 233 340 299 321 269 120 142 37 301 21 139 291 167 372 346 315 99 175 251 0,182
PFG_MOEA,1018,9,314.81,5596.11,0 97 225 232 179 391 271 158 241 62 297 65 283 204 154 305 326 110 140 286 317 333 180 220 126 124 7 56 217 55 25 367 170 361 209 227 234 213 190 390 265 18 103 155 83 378 398 93 54 46 268 272 30 39 0,65 154
PFG_MOEA,1018,10,314.81,5596.11,0 399 15 16 380 41 82 178 117 243 344 349 20 189 64 166 205 208 6 87 171 153 278 210 353 258 376 368 66 287 10 383 382 0,243
PFG_MOEA,1018,11,314.81,5596.11,0 369 338 203 168 0,
PFG_MOEA,1018,12,314.81,5596.11,0 202 306 370 342 144 176 27 98 78 196 296 347 332 324 147 211 244 223 104 310 282 143 79 160 50 60 257 270 379 195 45 348 75 328 248 0,370
PFG_MOEA,1019,1,411.21,4974.5,0 12 90 381 23 32 276 239 336 138 222 198 49 274 256 237 351 280 252 236 128 119 2 0,23
PFG_MOEA,1019,2,411.21,4974.5,0 22 118 185 214 295 40 122 392 285 331 133 293 53 101 352 363 323 194 275 277 102 100 95 163 61 89 207 307 313 359 365 253 206 187 0,22 100
PFG_MOEA,1019,3,411.21,4974.5,0 115 0,
PFG_MOEA,1019,4,411.21,4974.5,0 245 396 240 385 288 177 181 358 337 384 111 116 76 113 81 29 325 355 0,
PFG_MOEA,1019,5,411.21,4974.5,0 281 26 334 298 341 134 186 131 84 114 389 105 219 371 162 159 74 279 91 24 212 375 284 14 184 318 70 292 263 8 373 169 108 72 52 130 44 386 362 201 312 67 164 107 302 173 106 261 388 197 218 151 77 273 136 137 59 109 127 57 226 19 13 80 0,77 106 284
PFG_MOEA,1019,6,411.21,4974.5,0 38 172 182 319 303 357 266 141 86 199 228 267 366 289 231 34 58 68 161 235 35 249 88 135 233 156 94 230 374 92 11 36 397 350 311 4 314 193 340 299 321 269 120 142 37 51 123 145 132 339 322 121 146 294 174 320 364 393 3 229 308 356 264 259 246 42 300 329 112 221 242 96 0,51 174 229 246 299
PFG_MOEA,1019,7,411.21,4974.5,0 399 200 165 191 152 247 255 1 262 250 28 345 377 395 400 394 188 301 372 21 167 291 139 149 157 63 316 387 327 17 43 85 215 73 254 183 354 69 265 346 315 99 175 251 190 390 18 103 155 83 378 213 234 227 398 93 224 179 232 225 97 71 33 260 148 238 129 330 192 48 31 304 0,93
PFG_MOEA,1019,8,411.21,4974.5,0 382 383 10 391 271 39 46 54 268 272 30 66 166 205 208 6 204 154 305 326 283 65 297 62 241 110 140 286 317 333 180 220 158 189 64 20 126 124 7 56 217 55 25 367 170 361 209 287 0,55 62 66 220
PFG_MOEA,1019,9,411.21,4974.5,0 380 0,
PFG_MOEA,1019,10,411.21,4974.5,0 16 369 15 0,
PFG_MOEA,1019,11,411.21,4974.5,0 168 203 178 82 41 0,178
PFG_MOEA,1019,12,411.21,4974.5,0 335 360 338 202 306 370 342 144 176 27 98 78 196 296 347 332 216 47 125 9 150 147 324 211 244 223 104 310 282 143 309 5 195 379 79 160 50 60 270 257 210 45 153 278 87 171 353 348 75 328 248 258 376 368 290 343 349 344 243 117 0,
PFG_MOEA,1020,1,312.55,5795.78,0 336 138 239 122 296 347 332 324 275 277 104 211 244 223 102 352 363 323 194 147 101 95 222 0,122 211 222 277
PFG_MOEA,1020,2,312.55,5795.78,0 335 360 207 307 313 359 187 100 310 282 143 79 160 50 60 257 270 379 195 5 309 280 351 237 256 274 49 198 252 236 381 23 90 12 214 185 118 281 26 334 298 371 72 52 130 44 386 80 0,5 307
PFG_MOEA,1020,3,312.55,5795.78,0 13 19 226 57 127 109 59 137 136 273 77 151 218 197 388 261 106 173 302 107 164 67 312 201 362 123 51 145 294 174 339 132 142 120 269 321 299 0,174
PFG_MOEA,1020,4,312.55,5795.78,0 340 233 135 88 249 35 235 161 68 58 34 231 289 366 267 228 141 266 303 357 319 86 199 156 94 0,303
PFG_MOEA,1020,5,312.55,5795.78,0 38 172 182 397 36 11 92 374 230 311 350 4 314 193 37 322 121 146 320 364 393 3 229 308 356 264 259 246 42 300 329 112 191 152 221 242 96 0,42 264
PFG_MOEA,1020,6,312.55,5795.78,0 200 165 129 0,
PFG_MOEA,1020,7,312.55,5795.78,0 304 330 395 400 394 188 301 372 21 167 291 139 149 157 63 316 387 17 43 33 71 224 260 0,
PFG_MOEA,1020,8,312.55,5795.78,0 399 247 28 250 345 377 262 1 255 327 254 73 215 85 93 179 232 225 97 148 238 192 48 31 0,93
PFG_MOEA,1020,9,312.55,5795.78,0 378 69 183 354 265 346 315 99 175 251 190 390 18 103 155 83 234 213 227 398 209 361 170 367 25 55 217 56 7 180 333 317 286 140 110 62 297 65 283 326 305 154 204 6 208 241 220 158 189 64 20 126 124 0,175
PFG_MOEA,1020,10,312.55,5795.78,0 287 382 383 10 268 272 30 66 166 205 271 39 391 53 293 133 331 285 392 115 245 396 240 385 288 177 181 358 337 384 111 116 76 113 81 29 325 355 131 84 114 389 105 341 219 0,
PFG_MOEA,1020,11,312.55,5795.78,0 91 24 212 375 14 108 169 373 8 263 292 70 318 184 284 74 279 159 162 22 134 186 89 216 47 125 9 150 163 61 365 253 206 46 54 0,
PFG_MOEA,1020,12,312.55,5795.78,0 41 82 178 117 243 344 349 343 290 368 376 258 248 328 75 171 87 153 278 210 45 353 348 2 119 128 295 40 32 276 196 78 98 27 176 144 342 370 306 202 338 203 168 369 380 16 15 0,16 87 203
PFG_MOEA,1021,1,389.39,5146.42,0 163 78 53 293 133 331 285 392 98 115 245 27 396 240 385 288 177 181 358 337 384 111 116 76 113 81 29 325 355 131 84 114 389 91 279 74 159 162 371 219 298 341 22 134 186 105 118 185 0,
PFG_MOEA,1021,2,389.39,5146.42,0 281 26 334 24 212 375 284 14 184 318 70 292 263 8 373 169 108 72 52 130 44 386 51 145 123 362 201 294 312 67 164 107 302 173 106 261 388 197 218 151 77 273 136 137 59 109 127 57 226 19 13 80 0,
PFG_MOEA,1021,3,389.39,5146.42,0 142 339 174 132 120 269 321 299 340 233 135 88 249 35 235 161 68 58 34 231 289 366 267 228 141 266 303 357 319 86 199 156 94 230 374 92 11 36 397 350 311 4 314 193 0,88
PFG_MOEA,1021,4,389.39,5146.42,0 182 172 38 0,
PFG_MOEA,1021,5,389.39,5146.42,0 37 322 121 146 320 364 393 3 229 308 356 264 259 246 42 300 329 112 152 191 165 200 221 242 96 0,152 264 329
PFG_MOEA,1021,6,389.39,5146.42,0 129 33 71 224 260 0,
PFG_MOEA,1021,7,389.39,5146.42,0 399 247 255 1 262 250 28 345 377 395 400 394 188 301 372 21 167 291 139 149 157 63 316 387 17 43 73 254 327 183 354 69 215 85 93 179 232 225 97 148 48 238 330 192 31 304 0,395
PFG_MOEA,1021,8,389.39,5146.42,0 16 15 168 203 369 380 391 271 39 268 272 30 66 166 205 208 6 204 154 305 326 283 65 297 62 241 110 140 286 317 333 180 220 158 189 64 20 126 124 7 56 217 55 25 367 170 361 209 398 227 234 213 190 251 175 99 315 346 265 390 18 103 155 83 378 54 46 287 10 383 382 41 0,7 16 20 103 272
PFG_MOEA,1021,9,389.39,5146.42,0 82 178 117 243 368 376 258 353 153 171 87 278 210 143 237 256 274 49 100 282 310 104 102 277 275 194 323 363 352 101 198 95 222 138 122 276 336 252 236 128 23 381 90 119 2 12 0,
PFG_MOEA,1021,10,389.39,5146.42,0 344 349 351 280 309 5 79 160 50 60 257 270 379 195 45 348 75 328 248 290 343 187 0,
PFG_MOEA,1021,11,389.39,5146.42,0 214 295 40 32 239 370 342 144 176 150 47 9 125 216 89 61 207 307 313 359 206 253 365 360 335 0,176
PFG_MOEA,1021,12,389.39,5146.42,0 338 202 306 196 296 347 332 324 147 211 244 223 0,
PFG_MOEA,1022,1,413.96,4915.5,0 187 206 253 365 359 313 307 207 61 12 89 2 119 128 236 252 336 138 163 222 95 198 351 280 237 256 274 49 100 102 277 275 194 323 363 352 101 53 293 133 331 285 392 122 239 276 32 40 295 23 381 90 113 81 29 76 116 111 384 337 358 181 177 288 385 240 396 245 115 22 118 185 214 0,245 381
PFG_MOEA,1022,2,413.96,4915.5,0 281 84 131 325 355 114 389 186 134 341 298 26 334 0,
PFG_MOEA,1022,3,413.96,4915.5,0 371 219 105 162 159 74 279 91 24 212 375 284 14 184 318 70 292 263 8 373 169 108 72 52 130 44 386 362 201 312 67 164 107 302 173 106 261 388 197 218 151 77 273 136 137 59 0,
PFG_MOEA,1022,4,413.96,4915.5,0 57 127 109 226 0,
PFG_MOEA,1022,5,413.96,4915.5,0 19 0,
PFG_MOEA,1022,6,413.96,4915.5,0 38 303 357 266 141 86 199 228 267 366 289 231 34 58 68 161 235 35 249 88 135 233 319 182 172 13 80 0,88
PFG_MOEA,1022,7,413.96,4915.5,0 399 397 36 11 92 156 94 230 374 350 311 4 314 193 340 299 321 269 120 142 37 51 123 145 132 339 322 121 146 294 174 320 364 393 3 229 308 356 264 259 246 42 300 329 112 191 165 200 221 242 96 0,11 340 374 393
PFG_MOEA,1022,8,413.96,4915.5,0 152 247 255 1 262 250 28 345 377 395 400 394 188 301 372 21 167 291 139 149 157 63 316 387 327 17 43 85 215 73 254 183 354 69 265 346 315 99 175 251 190 390 18 103 155 83 378 213 234 227 398 93 0,1 152 175 227
PFG_MOEA,1022,9,413.96,4915.5,0 304 31 48 192 330 238 129 148 260 391 271 39 268 272 30 66 166 205 208 6 204 154 305 326 283 65 297 62 241 110 140 286 317 333 180 220 158 189 64 20 126 124 7 56 217 55 25 367 170 361 209 71 33 97 225 232 179 224 0,55 391
PFG_MOEA,1022,10,413.96,4915.5,0 287 10 383 382 0,
PFG_MOEA,1022,11,413.96,4915.5,0 16 15 168 203 369 380 82 178 117 243 349 344 54 46 41 0,
PFG_MOEA,1022,12,413.96,4915.5,0 335 360 216 150 9 47 125 309 5 343 290 368 376 258 248 328 75 171 87 278 153 353 348 45 210 195 379 270 257 60 50 160 79 143 282 310 104 223 244 211 324 147 332 347 296 196 78 98 27 176 144 342 370 306 202 338 0,
PFG_MOEA,1023,1,320.55,5348.04,0 80 13 172 182 397 36 11 92 233 135 88 249 35 235 161 68 58 34 231 289 319 399 0,
PFG_MOEA,1023,2,320.55,5348.04,0 374 230 94 156 311 350 4 314 193 340 299 321 269 120 142 132 339 174 320 364 308 229 3 393 294 146 121 322 123 145 51 37 0,393
PFG_MOEA,1023,3,320.55,5348.04,0 96 242 221 200 165 112 329 300 191 152 247 255 1 262 42 250 28 246 259 264 356 345 377 395 400 394 188 301 372 21 167 291 139 149 157 63 316 387 327 17 43 85 215 73 254 183 354 69 265 346 315 99 175 251 190 0,215
PFG_MOEA,1023,4,320.55,5348.04,0 304 31 192 330 238 129 398 227 234 213 18 390 286 140 110 241 93 260 148 48 0,
PFG_MOEA,1023,5,320.55,5348.04,0 317 333 0,
PFG_MOEA,1023,6,320.55,5348.04,0 33 71 209 361 170 367 25 55 217 56 7 180 220 158 189 64 20 126 124 224 10 383 382 16 203 168 15 0,25
PFG_MOEA,1023,7,320.55,5348.04,0 380 369 335 360 216 150 9 47 125 309 5 195 379 270 210 45 348 353 153 278 87 171 75 328 248 258 376 368 290 343 54 46 344 349 243 117 178 82 41 0,
PFG_MOEA,1023,8,320.55,5348.04,0 338 202 306 370 342 144 176 27 98 78 196 296 347 332 147 324 211 244 223 104 310 282 143 79 160 50 60 257 6 204 154 305 326 283 62 297 65 208 205 166 66 30 272 268 0,66
PFG_MOEA,1023,9,320.55,5348.04,0 187 206 253 365 359 313 307 207 61 12 89 2 119 128 236 252 336 138 163 222 95 198 351 256 237 280 391 271 39 378 83 155 103 232 179 287 225 97 0,138 307
PFG_MOEA,1023,10,320.55,5348.04,0 22 389 114 84 131 325 355 29 81 113 76 116 111 384 337 358 181 177 288 385 240 396 245 115 392 285 331 133 293 53 101 352 363 323 194 275 277 102 100 49 274 122 239 276 32 40 295 23 381 90 214 185 281 118 0,323 331
PFG_MOEA,1023,11,320.55,5348.04,0 334 298 26 105 186 134 341 219 371 24 212 375 14 184 318 70 292 263 8 373 169 284 74 279 91 159 162 0,134
PFG_MOEA,1023,12,320.55,5348.04,0 38 19 226 57 127 109 59 137 136 273 77 151 218 197 388 261 106 173 302 107 164 67 312 201 362 366 267 228 386 44 130 52 72 108 303 357 266 141 86 199 0,106 386
PFG_MOEA,1024,1,270.73,5843.94,0 335 187 309 5 195 379 270 257 60 50 160 79 143 280 351 237 256 274 49 198 252 236 381 23 90 12 207 307 0,
PFG_MOEA,1024,2,270.73,5843.94,0 61 313 359 206 253 365 360 214 185 118 281 26 334 298 371 22 134 186 162 159 292 263 8 373 318 70 184 284 74 279 0,134 284 313 318
PFG_MOEA,1024,3,270.73,5843.94,0 91 169 108 14 375 212 24 192 330 238 129 200 165 112 191 152 127 57 109 59 137 273 136 247 17 43 85 215 33 71 224 260 148 48 31 304 0,33 200
PFG_MOEA,1024,4,270.73,5843.94,0 73 254 69 354 183 327 387 157 149 188 394 316 63 262 1 255 250 28 42 400 395 377 345 356 264 259 246 308 229 197 218 151 77 107 164 67 302 388 3 106 173 261 320 364 0,
PFG_MOEA,1024,5,270.73,5843.94,0 329 300 362 123 51 145 322 121 146 201 312 393 294 174 339 132 120 142 0,145 174
PFG_MOEA,1024,6,270.73,5843.94,0 37 269 321 299 340 219 341 105 84 131 29 81 113 76 116 111 181 358 337 384 325 355 114 389 0,341
PFG_MOEA,1024,7,270.73,5843.94,0 89 216 47 125 9 150 163 53 293 133 331 285 392 115 245 396 240 385 288 177 34 58 235 135 233 88 249 35 161 68 0,133 240
PFG_MOEA,1024,8,270.73,5843.94,0 172 182 193 314 4 350 397 36 11 374 311 230 94 156 199 92 86 319 266 141 289 231 386 366 267 228 44 130 52 72 303 357 13 19 226 221 242 96 0,141 386
PFG_MOEA,1024,9,270.73,5843.94,0 38 80 378 83 291 139 21 167 301 372 346 315 265 390 99 175 251 190 18 103 155 234 227 398 93 54 46 268 272 30 39 271 391 179 0,
PFG_MOEA,1024,10,270.73,5843.94,0 97 225 232 209 361 213 170 367 328 248 258 376 368 290 343 66 349 344 243 117 178 82 41 16 380 369 196 78 98 27 176 144 342 370 306 202 338 203 168 15 399 0,82 176 225
PFG_MOEA,1024,11,270.73,5843.94,0 287 64 166 205 75 348 353 45 210 278 153 171 87 6 208 158 189 220 241 62 297 65 283 204 154 305 326 110 140 180 333 317 286 25 55 217 56 7 124 126 20 10 0,65 126
PFG_MOEA,1024,12,270.73,5843.94,0 2 119 128 295 40 32 276 239 122 296 332 347 138 336 222 95 101 194 147 324 275 323 363 352 277 102 223 244 211 104 310 100 282 383 382 0,2
PFG_MOEA,1025,1,369.23,5154.87,0 90 295 40 32 276 239 122 222 95 101 323 363 352 102 277 275 194 53 293 133 331 285 392 115 245 396 240 385 288 177 181 358 337 384 111 116 76 113 81 29 325 131 84 355 114 389 279 74 159 162 371 219 341 22 134 186 105 298 334 26 281 118 185 214 0,40 240 245 331
PFG_MOEA,1025,2,369.23,5154.87,0 91 24 212 375 284 14 184 318 70 292 263 8 373 169 108 72 52 130 44 386 0,318
PFG_MOEA,1025,3,369.23,5154.87,0 362 201 312 67 164 107 302 173 106 261 388 197 218 151 77 273 136 0,106
PFG_MOEA,1025,4,369.23,5154.87,0 399 172 182 397 36 11 92 86 141 266 303 357 319 199 228 267 366 289 231 34 58 68 161 235 35 249 88 135 233 156 94 230 374 350 311 4 314 193 340 299 321 269 120 142 37 51 145 123 137 59 109 127 57 226 19 13 80 38 0,340
PFG_MOEA,1025,5,369.23,5154.87,0 132 339 322 0,
PFG_MOEA,1025,6,369.23,5154.87,0 96 242 221 200 165 112 191 152 329 300 121 146 294 174 320 364 393 3 229 308 259 246 264 356 345 377 395 400 42 250 28 247 255 1 262 63 157 291 167 21 372 301 188 394 139 149 316 387 327 17 43 85 215 73 254 183 354 69 265 346 315 99 0,1 200 393
PFG_MOEA,1025,7,369.23,5154.87,0 93 398 227 234 213 190 251 175 390 18 103 155 83 378 31 304 0,
PFG_MOEA,1025,8,369.23,5154.87,0 48 192 330 238 129 148 260 391 0,
PFG_MOEA,1025,9,369.23,5154.87,0 268 272 30 65 283 326 305 154 204 6 208 205 166 66 271 39 0,272
PFG_MOEA,1025,10,369.23,5154.87,0 124 126 20 64 189 158 220 241 297 62 110 140 286 317 333 180 7 56 217 55 25 367 170 361 209 71 97 33 0,
PFG_MOEA,1025,11,369.23,5154.87,0 15 16 380 369 168 203 338 202 306 370 342 144 176 27 98 78 196 296 347 332 324 147 211 244 223 210 45 348 353 153 278 87 171 75 328 248 258 376 368 290 343 54 46 224 225 232 179 287 10 383 382 41 344 349 243 117 178 82 125 9 47 150 216 360 335 0,47 87 353
PFG_MOEA,1025,12,369.23,5154.87,0 207 307 313 359 365 253 206 187 100 310 104 282 143 79 160 50 60 257 270 379 195 5 309 280 351 237 256 274 49 198 163 138 336 252 236 381 23 128 119 2 89 12 61 0,
PFG_MOEA,1026,1,337.93,5308.22,0 187 206 253 313 359 365 0,
PFG_MOEA,1026,2,337.93,5308.22,0 207 307 198 280 351 256 237 101 53 293 133 331 285 392 95 222 163 138 336 252 236 128 119 2 89 12 61 0,133 222
PFG_MOEA,1026,3,337.93,5308.22,0 323 363 352 194 275 277 102 100 49 274 122 239 276 32 40 295 23 381 90 0,
PFG_MOEA,1026,4,337.93,5308.22,0 22 115 245 396 240 385 288 177 181 358 337 384 111 116 76 113 81 29 131 84 281 118 185 214 0,
PFG_MOEA,1026,5,337.93,5308.22,0 334 26 298 371 219 341 134 186 105 355 325 114 389 162 159 74 279 91 24 212 375 284 14 184 318 70 292 263 8 373 169 108 72 52 130 44 386 362 201 312 0,284
PFG_MOEA,1026,6,337.93,5308.22,0 399 172 182 397 36 11 92 86 141 266 303 357 319 199 228 267 366 289 231 34 58 68 161 235 35 249 88 135 233 156 94 230 57 127 109 59 137 136 273 77 151 218 197 388 261 106 173 302 107 164 67 294 226 19 13 80 38 0,
PFG_MOEA,1026,7,337.93,5308.22,0 374 350 311 4 314 193 340 299 321 269 120 142 37 51 145 123 146 121 322 339 132 174 320 364 393 3 229 308 356 264 259 246 42 1 255 247 152 191 112 329 300 165 200 221 242 96 0,132 264 340 393
PFG_MOEA,1026,8,337.93,5308.22,0 28 250 262 400 395 345 377 394 188 301 372 21 167 291 139 149 157 63 316 387 327 17 43 85 215 73 254 183 354 69 265 346 315 99 175 251 190 0,
PFG_MOEA,1026,9,337.93,5308.22,0 304 192 330 238 129 378 83 155 103 18 390 213 234 227 398 140 110 241 62 297 65 283 326 305 154 204 6 208 205 166 66 93 30 272 268 39 271 391 260 148 48 31 0,65 391
PFG_MOEA,1026,10,337.93,5308.22,0 33 71 225 97 232 209 361 170 367 25 55 217 56 7 317 286 333 180 220 158 189 64 20 126 124 224 10 287 179 0,
PFG_MOEA,1026,11,337.93,5308.22,0 15 168 203 369 16 380 335 360 216 150 9 47 125 309 5 195 379 270 210 45 348 353 153 278 87 171 75 328 248 54 46 383 382 344 349 243 117 178 82 41 0,82 87 195 353
PFG_MOEA,1026,12,337.93,5308.22,0 338 202 306 370 342 144 176 27 98 78 196 296 347 332 147 324 211 244 223 104 310 282 143 79 160 50 60 257 258 376 368 290 343 0,290
PFG_MOEA,1027,1,319.42,5478.6,0 222 0,
PFG_MOEA,1027,2,319.42,5478.6,0 95 101 323 363 352 102 277 275 194 53 293 133 331 285 392 115 245 396 240 385 288 177 181 358 337 384 111 116 76 113 81 29 325 131 84 355 114 389 279 74 159 162 371 219 341 22 134 186 105 298 334 26 281 0,105
PFG_MOEA,1027,3,319.42,5478.6,0 118 91 284 184 14 375 212 24 0,375
PFG_MOEA,1027,4,319.42,5478.6,0 399 397 36 11 92 199 86 141 266 319 357 303 289 366 267 228 8 263 292 70 318 373 169 108 72 52 130 44 386 362 201 312 67 164 107 302 173 106 261 388 197 218 151 77 273 136 182 172 0,86 197 318 362
PFG_MOEA,1027,5,319.42,5478.6,0 38 80 13 19 226 57 127 109 59 137 123 145 51 132 142 120 269 321 299 37 340 193 314 4 350 311 156 233 135 88 249 35 235 161 68 58 34 231 94 230 374 0,
PFG_MOEA,1027,6,319.42,5478.6,0 96 242 200 191 112 165 322 339 174 393 3 229 364 320 294 121 146 300 329 152 221 0,200 393
PFG_MOEA,1027,7,319.42,5478.6,0 93 85 247 28 246 259 308 264 356 345 377 395 400 42 250 255 1 262 63 157 291 167 21 372 301 188 394 139 149 316 387 327 17 43 73 215 254 183 354 69 265 346 315 99 390 175 251 190 18 213 234 227 398 0,
PFG_MOEA,1027,8,319.42,5478.6,0 304 31 48 330 192 129 238 148 260 391 271 66 166 205 208 6 204 154 305 326 283 65 62 297 241 158 189 220 110 140 103 155 83 378 124 126 20 64 30 272 268 39 0,62 205 220 391
PFG_MOEA,1027,9,319.42,5478.6,0 7 180 333 286 317 56 217 55 0,
PFG_MOEA,1027,10,319.42,5478.6,0 15 16 380 369 168 203 338 202 306 370 342 144 176 27 98 78 196 296 347 332 324 147 211 244 223 210 45 348 353 153 278 87 171 75 328 248 258 376 368 290 343 54 46 209 361 170 367 25 232 179 224 225 97 71 33 0,16 353 370
PFG_MOEA,1027,11,319.42,5478.6,0 365 253 206 61 89 2 119 128 216 336 138 163 150 47 125 9 100 282 310 104 143 79 160 50 60 257 270 379 195 5 309 280 351 237 256 287 10 383 382 344 349 243 117 178 82 41 0,47 138 178 206 243
PFG_MOEA,1027,12,319.42,5478.6,0 335 187 359 313 360 207 307 198 49 274 122 239 276 32 40 295 23 381 236 252 90 12 214 185 0,
PFG_MOEA,1028,1,759.34,4800.0,0 219 341 105 389 114 84 131 355 325 29 81 113 76 116 111 384 337 358 181 177 288 385 240 396 245 115 392 285 331 133 293 53 163 150 9 125 47 216 89 61 206 253 365 0,245
PFG_MOEA,1028,2,759.34,4800.0,0 22 134 186 162 159 279 74 284 184 318 70 292 263 8 373 169 108 14 375 212 24 91 0,318
PFG_MOEA,1028,3,759.34,4800.0,0 304 31 48 148 260 224 71 33 129 238 330 192 200 165 112 191 152 127 57 109 59 137 273 136 247 17 43 85 215 73 254 69 354 183 327 387 157 149 188 394 316 63 262 1 255 250 28 42 400 395 377 345 356 264 259 246 308 229 197 218 151 77 107 164 67 302 388 3 106 173 261 320 364 393 312 201 362 329 300 123 51 145 322 121 146 294 174 339 132 120 142 37 269 321 299 340 233 135 88 249 35 161 235 68 58 34 386 231 289 366 267 228 44 130 52 72 303 357 319 266 141 86 92 199 156 94 230 311 374 11 36 397 350 4 314 193 182 172 13 19 226 221 242 96 80 38 0,33 106 174 200 303 311 394
PFG_MOEA,1028,4,759.34,4800.0,0 378 83 155 103 18 190 251 175 99 315 346 372 301 167 21 139 291 265 390 234 0,
PFG_MOEA,1028,5,759.34,4800.0,0 179 391 271 39 30 272 268 46 54 93 398 227 213 232 0,391
PFG_MOEA,1028,6,759.34,4800.0,0 225 0,
PFG_MOEA,1028,7,759.34,4800.0,0 97 209 361 170 367 0,
PFG_MOEA,1028,8,759.34,4800.0,0 399 15 168 203 338 202 306 370 342 144 176 27 98 78 196 369 380 16 41 82 178 117 243 344 349 66 343 290 368 376 258 248 328 75 348 353 45 210 278 153 171 87 6 208 205 166 158 189 220 241 62 297 65 283 204 154 305 326 110 140 180 333 317 286 25 55 217 56 7 124 126 20 64 287 10 383 382 0,62 66 205 220 342
PFG_MOEA,1028,9,759.34,4800.0,0 2 119 128 295 40 32 276 239 122 296 332 347 138 336 222 95 101 194 147 324 275 323 363 352 277 102 223 244 211 104 310 100 282 143 79 160 50 60 257 270 379 195 5 309 280 351 237 256 274 49 198 252 236 0,
PFG_MOEA,1028,10,759.34,4800.0,0 381 23 90 12 207 307 0,
PFG_MOEA,1028,11,759.34,4800.0,0 335 187 359 313 360 214 0,
PFG_MOEA,1028,12,759.34,4800.0,0 185 118 281 26 334 298 371 0,
PFG_MOEA,1029,1,314.81,5596.11,0 12 90 128 236 252 336 276 138 222 198 49 274 256 237 351 280 309 5 290 343 313 207 0,222
PFG_MOEA,1029,2,314.81,5596.11,0 91 292 263 8 373 169 108 14 375 212 24 371 219 341 298 334 26 281 118 185 214 295 40 32 239 122 95 101 352 363 323 194 275 277 102 100 23 381 119 2 307 359 187 148 48 31 304 0,23
PFG_MOEA,1029,3,314.81,5596.11,0 260 224 71 33 127 152 191 112 165 200 129 238 330 192 0,33
PFG_MOEA,1029,4,314.81,5596.11,0 57 67 302 173 106 3 388 164 107 77 151 218 197 229 308 246 259 264 356 345 377 395 400 42 28 250 255 1 262 63 316 394 188 149 157 387 327 183 354 69 254 73 215 85 43 17 247 136 273 137 59 109 0,
PFG_MOEA,1029,5,314.81,5596.11,0 329 300 362 123 51 145 322 121 146 201 261 320 364 393 312 294 174 339 132 206 253 365 360 335 0,362 393
PFG_MOEA,1029,6,314.81,5596.11,0 61 358 181 177 288 385 240 396 245 115 392 285 331 133 293 53 163 150 9 125 47 216 89 0,
PFG_MOEA,1029,7,314.81,5596.11,0 80 13 19 226 35 161 235 58 34 386 231 289 366 267 228 44 130 52 72 318 70 184 284 74 279 159 162 389 114 355 325 384 337 111 116 76 113 81 29 131 84 105 186 134 22 0,
PFG_MOEA,1029,8,314.81,5596.11,0 38 96 242 221 172 182 397 350 311 4 314 193 230 94 156 374 36 11 92 319 357 303 266 141 86 199 68 135 88 249 233 340 299 321 269 120 142 37 301 21 139 291 167 372 346 315 99 175 251 0,182
PFG_MOEA,1029,9,314.81,5596.11,0 97 225 232 179 391 271 158 241 62 297 65 283 204 154 305 326 110 140 286 317 333 180 220 126 124 7 56 217 55 25 367 170 361 209 227 234 213 190 390 265 18 103 155 83 378 398 93 54 46 268 272 30 39 0,65 154
PFG_MOEA,1029,10,314.81,5596.11,0 399 15 16 380 41 82 178 117 243 344 349 20 189 64 166 205 208 6 87 171 153 278 210 353 258 376 368 66 287 10 383 382 0,243
PFG_MOEA,1029,11,314.81,5596.11,0 369 338 203 168 0,
PFG_MOEA,1029,12,314.81,5596.11,0 202 306 370 342 144 176 27 98 78 196 296 347 332 324 147 211 244 223 104 310 282 143 79 160 50 60 257 270 379 195 45 348 75 328 248 0,370
PFG_MOEA,1030,1,411.21,4974.5,0 12 90 381 23 32 276 239 336 138 222 198 49 274 256 237 351 280 252 236 128 119 2 0,23
PFG_MOEA,1030,2,411.21,4974.5,0 22 118 185 214 295 40 122 392 285 331 133 293 53 101 352 363 323 194 275 277 102 100 95 163 61 89 207 307 313 359 365 253 206 187 0,22 100
PFG_MOEA,1030,3,411.21,4974.5,0 115 0,
PFG_MOEA,1030,4,411.21,4974.5,0 245 396 240 385 288 177 181 358 337 384 111 116 76 113 81 29 325 355 0,
PFG_MOEA,1030,5,411.21,4974.5,0 281 26 334 298 341 134 186 131 84 114 389 105 219 371 162 159 74 279 91 24 212 375 284 14 184 318 70 292 263 8 373 169 108 72 52 130 44 386 362 201 312 67 164 107 302 173 106 261 388 197 218 151 77 273 136 137 59 109 127 57 226 19 13 80 0,77 106 284
PFG_MOEA,1030,6,411.21,4974.5,0 38 172 182 319 303 357 266 141 86 199 228 267 366 289 231 34 58 68 161 235 35 249 88 135 233 156 94 230 374 92 11 36 397 350 311 4 314 193 340 299 321 269 120 142 37 51 123 145 132 339 322 121 146 294 174 320 364 393 3 229 308 356 264 259 246 42 300 329 112 221 242 96 0,51 174 229 246 299
PFG_MOEA,1030,7,411.21,4974.5,0 399 200 165 191 152 247 255 1 262 250 28 345 377 395 400 394 188 301 372 21 167 291 139 149 157 63 316 387 327 17 43 85 215 73 254 183 354 69 265 346 315 99 175 251 190 390 18 103 155 83 378 213 234 227 398 93 224 179 232 225 97 71 33 260 148 238 129 330 192 48 31 304 0,93
PFG_MOEA,1030,8,411.21,4974.5,0 382 383 10 391 271 39 46 54 268 272 30 66 166 205 208 6 204 154 305 326 283 65 297 62 241 110 140 286 317 333 180 220 158 189 64 20 126 124 7 56 217 55 25 367 170 361 209 287 0,55 62 66 220
PFG_MOEA,1030,9,411.21,4974.5,0 380 0,
PFG_MOEA,1030,10,411.21,4974.5,0 16 369 15 0,
PFG_MOEA,1030,11,411.21,4974.5,0 168 203 178 82 41 0,178
PFG_MOEA,1030,12,411.21,4974.5,0 335 360 338 202 306 370 342 144 176 27 98 78 196 296 347 332 216 47 125 9 150 147 324 211 244 223 104 310 282 143 309 5 195 379 79 160 50 60 270 257 210 45 153 278 87 171 353 348 75 328 248 258 376 368 290 343 349 344 243 117 0,
PFG_MOEA,1031,1,312.55,5795.78,0 336 138 239 122 296 347 332 324 275 277 104 211 244 223 102 352 363 323 194 147 101 95 222 0,122 211 222 277
PFG_MOEA,1031,2,312.55,5795.78,0 335 360 207 307 313 359 187 100 310 282 143 79 160 50 60 257 270 379 195 5 309 280 351 237 256 274 49 198 252 236 381 23 90 12 214 185 118 281 26 334 298 371 72 52 130 44 386 80 0,5 307
PFG_MOEA,1031,3,312.55,5795.78,0 13 19 226 57 127 109 59 137 136 273 77 151 218 197 388 261 106 173 302 107 164 67 312 201 362 123 51 145 294 174 339 132 142 120 269 321 299 0,174
PFG_MOEA,1031,4,312.55,5795.78,0 340 233 135 88 249 35 235 161 68 58 34 231 289 366 267 228 141 266 303 357 319 86 199 156 94 0,303
PFG_MOEA,1031,5,312.55,5795.78,0 38 172 182 397 36 11 92 374 230 311 350 4 314 193 37 322 121 146 320 364 393 3 229 308 356 264 259 246 42 300 329 112 191 152 221 242 96 0,42 264
PFG_MOEA,1031,6,312.55,5795.78,0 200 165 129 0,
PFG_MOEA,1031,7,312.55,5795.78,0 304 330 395 400 394 188 301 372 21 167 291 139 149 157 63 316 387 17 43 33 71 224 260 0,
PFG_MOEA,1031,8,312.55,5795.78,0 399 247 28 250 345 377 262 1 255 327 254 73 215 85 93 179 232 225 97 148 238 192 48 31 0,93
PFG_MOEA,1031,9,312.55,5795.78,0 378 69 183 354 265 346 315 99 175 251 190 390 18 103 155 83 234 213 227 398 209 361 170 367 25 55 217 56 7 180 333 317 286 140 110 62 297 65 283 326 305 154 204 6 208 241 220 158 189 64 20 126 124 0,175
PFG_MOEA,1031,10,312.55,5795.78,0 287 382 383 10 268 272 30 66 166 205 271 39 391 53 293 133 331 285 392 115 245 396 240 385 288 177 181 358 337 384 111 116 76 113 81 29 325 355 131 84 114 389 105 341 219 0,
PFG_MOEA,1031,11,312.55,5795.78,0 91 24 212 375 14 108 169 373 8 263 292 70 318 184 284 74 279 159 162 22 134 186 89 216 47 125 9 150 163 61 365 253 206 46 54 0,
PFG_MOEA,1031,12,312.55,5795.78,0 41 82 178 117 243 344 349 343 290 368 376 258 248 328 75 171 87 153 278 210 45 353 348 2 119 128 295 40 32 276 196 78 98 27 176 144 342 370 306 202 338 203 168 369 380 16 15 0,16 87 203
PFG_MOEA,1032,1,389.39,5146.42,0 163 78 53 293 133 331 285 392 98 115 245 27 396 240 385 288 177 181 358 337 384 111 116 76 113 81 29 325 355 131 84 114 389 91 279 74 159 162 371 219 298 341 22 134 186 105 118 185 0,
PFG_MOEA,1032,2,389.39,5146.42,0 281 26 334 24 212 375 284 14 184 318 70 292 263 8 373 169 108 72 52 130 44 386 51 145 123 362 201 294 312 67 164 107 302 173 106 261 388 197 218 151 77 273 136 137 59 109 127 57 226 19 13 80 0,
PFG_MOEA,1032,3,389.39,5146.42,0 142 339 174 132 120 269 321 299 340 233 135 88 249 35 235 161 68 58 34 231 289 366 267 228 141 266 303 357 319 86 199 156 94 230 374 92 11 36 397 350 311 4 314 193 0,88
PFG_MOEA,1032,4,389.39,5146.42,0 182 172 38 0,
PFG_MOEA,1032,5,389.39,5146.42,0 37 322 121 146 320 364 393 3 229 308 356 264 259 246 42 300 329 112 152 191 165 200 221 242 96 0,152 264 329
PFG_MOEA,1032,6,389.39,5146.42,0 129 33 71 224 260 0,
PFG_MOEA,1032,7,389.39,5146.42,0 399 247 255 1 262 250 28 345 377 395 400 394 188 301 372 21 167 291 139 149 157 63 316 387 17 43 73 254 327 183 354 69 215 85 93 179 232 225 97 148 48 238 330 192 31 304 0,395
PFG_MOEA,1032,8,389.39,5146.42,0 16 15 168 203 369 380 391 271 39 268 272 30 66 166 205 208 6 204 154 305 326 283 65 297 62 241 110 140 286 317 333 180 220 158 189 64 20 126 124 7 56 217 55 25 367 170 361 209 398 227 234 213 190 251 175 99 315 346 265 390 18 103 155 83 378 54 46 287 10 383 382 41 0,7 16 20 103 272
PFG_MOEA,1032,9,389.39,5146.42,0 82 178 117 243 368 376 258 353 153 171 87 278 210 143 237 256 274 49 100 282 310 104 102 277 275 194 323 363 352 101 198 95 222 138 122 276 336 252 236 128 23 381 90 119 2 12 0,
PFG_MOEA,1032,10,389.39,5146.42,0 344 349 351 280 309 5 79 160 50 60 257 270 379 195 45 348 75 328 248 290 343 187 0,
PFG_MOEA,1032,11,389.39,5146.42,0 214 295 40 32 239 370 342 144 176 150 47 9 125 216 89 61 207 307 313 359 206 253 365 360 335 0,176
PFG_MOEA,1032,12,389.39,5146.42,0 338 202 306 196 296 347 332 324 147 211 244 223 0,
PFG_MOEA,1033,1,413.96,4915.5,0 187 206 253 365 359 313 307 207 61 12 89 2 119 128 236 252 336 138 163 222 95 198 351 280 237 256 274 49 100 102 277 275 194 323 363 352 101 53 293 133 331 285 392 122 239 276 32 40 295 23 381 90 113 81 29 76 116 111 384 337 358 181 177 288 385 240 396 245 115 22 118 185 214 0,245 381
PFG_MOEA,1033,2,413.96,4915.5,0 281 84 131 325 355 114 389 186 134 341 298 26 334 0,
PFG_MOEA,1033,3,413.96,4915.5,0 371 219 105 162 159 74 279 91 24 212 375 284 14 184 318 70 292 263 8 373 169 108 72 52 130 44 386 362 201 312 67 164 107 302 173 106 261 388 197 218 151 77 273 136 137 59 0,
PFG_MOEA,1033,4,413.96,4915.5,0 57 127 109 226 0,
PFG_MOEA,1033,5,413.96,4915.5,0 19 0,
PFG_MOEA,1033,6,413.96,4915.5,0 38 303 357 266 141 86 199 228 267 366 289 231 34 58 68 161 235 35 249 88 135 233 319 182 172 13 80 0,88
PFG_MOEA,1033,7,413.96,4915.5,0 399 397 36 11 92 156 94 230 374 350 311 4 314 193 340 299 321 269 120 142 37 51 123 145 132 339 322 121 146 294 174 320 364 393 3 229 308 356 264 259 246 42 300 329 112 191 165 200 221 242 96 0,11 340 374 393
PFG_MOEA,1033,8,413.96,4915.5,0 152 247 255 1 262 250 28 345 377 395 400 394 188 301 372 21 167 291 139 149 157 63 316 387 327 17 43 85 215 73 254 183 354 69 265 346 315 99 175 251 190 390 18 103 155 83 378 213 234 227 398 93 0,1 152 175 227
PFG_MOEA,1033,9,413.96,4915.5,0 304 31 48 192 330 238 129 148 260 391 271 39 268 272 30 66 166 205 208 6 204 154 305 326 283 65 297 62 241 110 140 286 317 333 180 220 158 189 64 20 126 124 7 56 217 55 25 367 170 361 209 71 33 97 225 232 179 224 0,55 391
PFG_MOEA,1033,10,413.96,4915.5,0 287 10 383 382 0,
PFG_MOEA,1033,11,413.96,4915.5,0 16 15 168 203 369 380 82 178 117 243 349 344 54 46 41 0,
PFG_MOEA,1033,12,413.96,4915.5,0 335 360 216 150 9 47 125 309 5 343 290 368 376 258 248 328 75 171 87 278 153 353 348 45 210 195 379 270 257 60 50 160 79 143 282 310 104 223 244 211 324 147 332 347 296 196 78 98 27 176 144 342 370 306 202 338 0,
PFG_MOEA,1034,1,320.55,5348.04,0 80 13 172 182 397 36 11 92 233 135 88 249 35 235 161 68 58 34 231 289 319 399 0,
PFG_MOEA,1034,2,320.55,5348.04,0 374 230 94 156 311 350 4 314 193 340 299 321 269 120 142 132 339 174 320 364 308 229 3 393 294 146 121 322 123 145 51 37 0,393
PFG_MOEA,1034,3,320.55,5348.04,0 96 242 221 200 165 112 329 300 191 152 247 255 1 262 42 250 28 246 259 264 356 345 377 395 400 394 188 301 372 21 167 291 139 149 157 63 316 387 327 17 43 85 215 73 254 183 354 69 265 346 315 99 175 251 190 0,215
PFG_MOEA,1034,4,320.55,5348.04,0 304 31 192 330 238 129 398 227 234 213 18 390 286 140 110 241 93 260 148 48 0,
PFG_MOEA,1034,5,320.55,5348.04,0 317 333 0,
PFG_MOEA,1034,6,320.55,5348.04,0 33 71 209 361 170 367 25 55 217 56 7 180 220 158 189 64 20 126 124 224 10 383 382 16 203 168 15 0,25
PFG_MOEA,1034,7,320.55,5348.04,0 380 369 335 360 216 150 9 47 125 309 5 195 379 270 210 45 348 353 153 278 87 171 75 328 248 258 376 368 290 343 54 46 344 349 243 117 178 82 41 0,
PFG_MOEA,1034,8,320.55,5348.04,0 338 202 306 370 342 144 176 27 98 78 196 296 347 332 147 324 211 244 223 104 310 282 143 79 160 50 60 257 6 204 154 305 326 283 62 297 65 208 205 166 66 30 272 268 0,66
PFG_MOEA,1034,9,320.55,5348.04,0 187 206 253 365 359 313 307 207 61 12 89 2 119 128 236 252 336 138 163 222 95 198 351 256 237 280 391 271 39 378 83 155 103 232 179 287 225 97 0,138 307
PFG_MOEA,1034,10,320.55,5348.04,0 22 389 114 84 131 325 355 29 81 113 76 116 111 384 337 358 181 177 288 385 240 396 245 115 392 285 331 133 293 53 101 352 363 323 194 275 277 102 100 49 274 122 239 276 32 40 295 23 381 90 214 185 281 118 0,323 331
PFG_MOEA,1034,11,320.55,5348.04,0 334 298 26 105 186 134 341 219 371 24 212 375 14 184 318 70 292 263 8 373 169 284 74 279 91 159 162 0,134
PFG_MOEA,1034,12,320.55,5348.04,0 38 19 226 57 127 109 59 137 136 273 77 151 218 197 388 261 106 173 302 107 164 67 312 201 362 366 267 228 386 44 130 52 72 108 303 357 266 141 86 199 0,106 386
PFG_MOEA,1035,1,270.73,5843.94,0 335 187 309 5 195 379 270 257 60 50 160 79 143 280 351 237 256 274 49 198 252 236 381 23 90 12 207 307 0,
PFG_MOEA,1035,2,270.73,5843.94,0 61 313 359 206 253 365 360 214 185 118 281 26 334 298 371 22 134 186 162 159 292 263 8 373 318 70 184 284 74 279 0,134 284 313 318
PFG_MOEA,1035,3,270.73,5843.94,0 91 169 108 14 375 212 24 192 330 238 129 200 165 112 191 152 127 57 109 59 137 273 136 247 17 43 85 215 33 71 224 260 148 48 31 304 0,33 200
PFG_MOEA,1035,4,270.73,5843.94,0 73 254 69 354 183 327 387 157 149 188 394 316 63 262 1 255 250 28 42 400 395 377 345 356 264 259 246 308 229 197 218 151 77 107 164 67 302 388 3 106 173 261 320 364 0,
PFG_MOEA,1035,5,270.73,5843.94,0 329 300 362 123 51 145 322 121 146 201 312 393 294 174 339 132 120 142 0,145 174
PFG_MOEA,1035,6,270.73,5843.94,0 37 269 321 299 340 219 341 105 84 131 29 81 113 76 116 111 181 358 337 384 325 355 114 389 0,341
PFG_MOEA,1035,7,270.73,5843.94,0 89 216 47 125 9 150 163 53 293 133 331 285 392 115 245 396 240 385 288 177 34 58 235 135 233 88 249 35 161 68 0,133 240
PFG_MOEA,1035,8,270.73,5843.94,0 172 182 193 314 4 350 397 36 11 374 311 230 94 156 199 92 86 319 266 141 289 231 386 366 267 228 44 130 52 72 303 357 13 19 226 221 242 96 0,141 386
PFG_MOEA,1035,9,270.73,5843.94,0 38 80 378 83 291 139 21 167 301 372 346 315 265 390 99 175 251 190 18 103 155 234 227 398 93 54 46 268 272 30 39 271 391 179 0,
PFG_MOEA,1035,10,270.73,5843.94,0 97 225 232 209 361 213 170 367 328 248 258 376 368 290 343 66 349 344 243 117 178 82 41 16 380 369 196 78 98 27 176 144 342 370 306 202 338 203 168 15 399 0,82 176 225
PFG_MOEA,1035,11,270.73,5843.94,0 287 64 166 205 75 348 353 45 210 278 153 171 87 6 208 158 189 220 241 62 297 65 283 204 154 305 326 110 140 180 333 317 286 25 55 217 56 7 124 126 20 10 0,65 126
PFG_MOEA,1035,12,270.73,5843.94,0 2 119 128 295 40 32 276 239 122 296 332 347 138 336 222 95 101 194 147 324 275 323 363 352 277 102 223 244 211 104 310 100 282 383 382 0,2
PFG_MOEA,1036,1,369.23,5154.87,0 90 295 40 32 276 239 122 222 95 101 323 363 352 102 277 275 194 53 293 133 331 285 392 115 245 396 240 385 288 177 181 358 337 384 111 116 76 113 81 29 325 131 84 355 114 389 279 74 159 162 371 219 341 22 134 186 105 298 334 26 281 118 185 214 0,40 240 245 331
PFG_MOEA,1036,2,369.23,5154.87,0 91 24 212 375 284 14 184 318 70 292 263 8 373 169 108 72 52 130 44 386 0,318
PFG_MOEA,1036,3,369.23,5154.87,0 362 201 312 67 164 107 302 173 106 261 388 197 218 151 77 273 136 0,106
PFG_MOEA,1036,4,369.23,5154.87,0 399 172 182 397 36 11 92 86 141 266 303 357 319 199 228 267 366 289 231 34 58 68 161 235 35 249 88 135 233 156 94 230 374 350 311 4 314 193 340 299 321 269 120 142 37 51 145 123 137 59 109 127 57 226 19 13 80 38 0,340
PFG_MOEA,1036,5,369.23,5154.87,0 132 339 322 0,
PFG_MOEA,1036,6,369.23,5154.87,0 96 242 221 200 165 112 191 152 329 300 121 146 294 174 320 364 393 3 229 308 259 246 264 356 345 377 395 400 42 250 28 247 255 1 262 63 157 291 167 21 372 301 188 394 139 149 316 387 327 17 43 85 215 73 254 183 354 69 265 346 315 99 0,1 200 393
PFG_MOEA,1036,7,369.23,5154.87,0 93 398 227 234 213 190 251 175 390 18 103 155 83 378 31 304 0,
PFG_MOEA,1036,8,369.23,5154.87,0 48 192 330 238 129 148 260 391 0,
PFG_MOEA,1036,9,369.23,5154.87,0 268 272 30 65 283 326 305 154 204 6 208 205 166 66 271 39 0,272
PFG_MOEA,1036,10,369.23,5154.87,0 124 126 20 64 189 158 220 241 297 62 110 140 286 317 333 180 7 56 217 55 25 367 170 361 209 71 97 33 0,
PFG_MOEA,1036,11,369.23,5154.87,0 15 16 380 369 168 203 338 202 306 370 342 144 176 27 98 78 196 296 347 332 324 147 211 244 223 210 45 348 353 153 278 87 171 75 328 248 258 376 368 290 343 54 46 224 225 232 179 287 10 383 382 41 344 349 243 117 178 82 125 9 47 150 216 360 335 0,47 87 353
PFG_MOEA,1036,12,369.23,5154.87,0 207 307 313 359 365 253 206 187 100 310 104 282 143 79 160 50 60 257 270 379 195 5 309 280 351 237 256 274 49 198 163 138 336 252 236 381 23 128 119 2 89 12 61 0,
PFG_MOEA,1037,1,337.93,5308.22,0 187 206 253 313 359 365 0,
PFG_MOEA,1037,2,337.93,5308.22,0 207 307 198 280 351 256 237 101 53 293 133 331 285 392 95 222 163 138 336 252 236 128 119 2 89 12 61 0,133 222
PFG_MOEA,1037,3,337.93,5308.22,0 323 363 352 194 275 277 102 100 49 274 122 239 276 32 40 295 23 381 90 0,
PFG_MOEA,1037,4,337.93,5308.22,0 22 115 245 396 240 385 288 177 181 358 337 384 111 116 76 113 81 29 131 84 281 118 185 214 0,
PFG_MOEA,1037,5,337.93,5308.22,0 334 26 298 371 219 341 134 186 105 355 325 114 389 162 159 74 279 91 24 212 375 284 14 184 318 70 292 263 8 373 169 108 72 52 130 44 386 362 201 312 0,284
PFG_MOEA,1037,6,337.93,5308.22,0 399 172 182 397 36 11 92 86 141 266 303 357 319 199 228 267 366 289 231 34 58 68 161 235 35 249 88 135 233 156 94 230 57 127 109 59 137 136 273 77 151 218 197 388 261 106 173 302 107 164 67 294 226 19 13 80 38 0,
PFG_MOEA,1037,7,337.93,5308.22,0 374 350 311 4 314 193 340 299 321 269 120 142 37 51 145 123 146 121 322 339 132 174 320 364 393 3 229 308 356 264 259 246 42 1 255 247 152 191 112 329 300 165 200 221 242 96 0,132 264 340 393
PFG_MOEA,1037,8,337.93,5308.22,0 28 250 262 400 395 345 377 394 188 301 372 21 167 291 139 149 157 63 316 387 327 17 43 85 215 73 254 183 354 69 265 346 315 99 175 251 190 0,
PFG_MOEA,1037,9,337.93,5308.22,0 304 192 330 238 129 378 83 155 103 18 390 213 234 227 398 140 110 241 62 297 65 283 326 305 154 204 6 208 205 166 66 93 30 272 268 39 271 391 260 148 48 31 0,65 391
PFG_MOEA,1037,10,337.93,5308.22,0 33 71 225 97 232 209 361 170 367 25 55 217 56 7 317 286 333 180 220 158 189 64 20 126 124 224 10 287 179 0,
PFG_MOEA,1037,11,337.93,5308.22,0 15 168 203 369 16 380 335 360 216 150 9 47 125 309 5 195 379 270 210 45 348 353 153 278 87 171 75 328 248 54 46 383 382 344 349 243 117 178 82 41 0,82 87 195 353
PFG_MOEA,1037,12,337.93,5308.22,0 338 202 306 370 342 144 176 27 98 78 196 296 347 332 147 324 211 244 223 104 310 282 143 79 160 50 60 257 258 376 368 290 343 0,290
PFG_MOEA,1038,1,319.42,5478.6,0 222 0,
PFG_MOEA,1038,2,319.42,5478.6,0 95 101 323 363 352 102 277 275 194 53 293 133 331 285 392 115 245 396 240 385 288 177 181 358 337 384 111 116 76 113 81 29 325 131 84 355 114 389 279 74 159 162 371 219 341 22 134 186 105 298 334 26 281 0,105
PFG_MOEA,1038,3,319.42,5478.6,0 118 91 284 184 14 375 212 24 0,375
PFG_MOEA,1038,4,319.42,5478.6,0 399 397 36 11 92 199 86 141 266 319 357 303 289 366 267 228 8 263 292 70 318 373 169 108 72 52 130 44 386 362 201 312 67 164 107 302 173 106 261 388 197 218 151 77 273 136 182 172 0,86 197 318 362
PFG_MOEA,1038,5,319.42,5478.6,0 38 80 13 19 226 57 127 109 59 137 123 145 51 132 142 120 269 321 299 37 340 193 314 4 350 311 156 233 135 88 249 35 235 161 68 58 34 231 94 230 374 0,
PFG_MOEA,1038,6,319.42,5478.6,0 96 242 200 191 112 165 322 339 174 393 3 229 364 320 294 121 146 300 329 152 221 0,200 393
PFG_MOEA,1038,7,319.42,5478.6,0 93 85 247 28 246 259 308 264 356 345 377 395 400 42 250 255 1 262 63 157 291 167 21 372 301 188 394 139 149 316 387 327 17 43 73 215 254 183 354 69 265 346 315 99 390 175 251 190 18 213 234 227 398 0,
PFG_MOEA,1038,8,319.42,5478.6,0 304 31 48 330 192 129 238 148 260 391 271 66 166 205 208 6 204 154 305 326 283 65 62 297 241 158 189 220 110 140 103 155 83 378 124 126 20 64 30 272 268 39 0,62 205 220 391
PFG_MOEA,1038,9,319.42,5478.6,0 7 180 333 286 317 56 217 55 0,
PFG_MOEA,1038,10,319.42,5478.6,0 15 16 380 369 168 203 338 202 306 370 342 144 176 27 98 78 196 296 347 332 324 147 211 244 223 210 45 348 353 153 278 87 171 75 328 248 258 376 368 290 343 54 46 209 361 170 367 25 232 179 224 225 97 71 33 0,16 353 370
PFG_MOEA,1038,11,319.42,5478.6,0 365 253 206 61 89 2 119 128 216 336 138 163 150 47 125 9 100 282 310 104 143 79 160 50 60 257 270 379 195 5 309 280 351 237 256 287 10 383 382 344 349 243 117 178 82 41 0,47 138 178 206 243
PFG_MOEA,1038,12,319.42,5478.6,0 335 187 359 313 360 207 307 198 49 274 122 239 276 32 40 295 23 381 236 252 90 12 214 185 0,
PFG_MOEA,1039,1,759.34,4800.0,0 219 341 105 389 114 84 131 355 325 29 81 113 76 116 111 384 337 358 181 177 288 385 240 396 245 115 392 285 331 133 293 53 163 150 9 125 47 216 89 61 206 253 365 0,245
PFG_MOEA,1039,2,759.34,4800.0,0 22 134 186 162 159 279 74 284 184 318 70 292 263 8 373 169 108 14 375 212 24 91 0,318
PFG_MOEA,1039,3,759.34,4800.0,0 304 31 48 148 260 224 71 33 129 238 330 192 200 165 112 191 152 127 57 109 59 137 273 136 247 17 43 85 215 73 254 69 354 183 327 387 157 149 188 394 316 63 262 1 255 250 28 42 400 395 377 345 356 264 259 246 308 229 197 218 151 77 107 164 67 302 388 3 106 173 261 320 364 393 312 201 362 329 300 123 51 145 322 121 146 294 174 339 132 120 142 37 269 321 299 340 233 135 88 249 35 161 235 68 58 34 386 231 289 366 267 228 44 130 52 72 303 357 319 266 141 86 92 199 156 94 230 311 374 11 36 397 350 4 314 193 182 172 13 19 226 221 242 96 80 38 0,33 106 174 200 303 311 394
PFG_MOEA,1039,4,759.34,4800.0,0 378 83 155 103 18 190 251 175 99 315 346 372 301 167 21 139 291 265 390 234 0,
PFG_MOEA,1039,5,759.34,4800.0,0 179 391 271 39 30 272 268 46 54 93 398 227 213 232 0,391
PFG_MOEA,1039,6,759.34,4800.0,0 225 0,
PFG_MOEA,1039,7,759.34,4800.0,0 97 209 361 170 367 0,
PFG_MOEA,1039,8,759.34,4800.0,0 399 15 168 203 338 202 306 370 342 144 176 27 98 78 196 369 380 16 41 82 178 117 243 344 349 66 343 290 368 376 258 248 328 75 348 353 45 210 278 153 171 87 6 208 205 166 158 189 220 241 62 297 65 283 204 154 305 326 110 140 180 333 317 286 25 55 217 56 7 124 126 20 64 287 10 383 382 0,62 66 205 220 342
PFG_MOEA,1039,9,759.34,4800.0,0 2 119 128 295 40 32 276 239 122 296 332 347 138 336 222 95 101 194 147 324 275 323 363 352 277 102 223 244 211 104 310 100 282 143 79 160 50 60 257 270 379 195 5 309 280 351 237 256 274 49 198 252 236 0,
PFG_MOEA,1039,10,759.34,4800.0,0 381 23 90 12 207 307 0,
PFG_MOEA,1039,11,759.34,4800.0,0 335 187 359 313 360 214 0,
PFG_MOEA,1039,12,759.34,4800.0,0 185 118 281 26 334 298 371 0,
PFG_MOEA,1040,1,314.81,5596.11,0 12 90 128 236 252 336 276 138 222 198 49 274 256 237 351 280 309 5 290 343 313 207 0,222
PFG_MOEA,1040,2,314.81,5596.11,0 91 292 263 8 373 169 108 14 375 212 24 371 219 341 298 334 26 281 118 185 214 295 40 32 239 122 95 101 352 363 323 194 275 277 102 100 23 381 119 2 307 359 187 148 48 31 304 0,23
PFG_MOEA,1040,3,314.81,5596.11,0 260 224 71 33 127 152 191 112 165 200 129 238 330 192 0,33
PFG_MOEA,1040,4,314.81,5596.11,0 57 67 302 173 106 3 388 164 107 77 151 218 197 229 308 246 259 264 356 345 377 395 400 42 28 250 255 1 262 63 316 394 188 149 157 387 327 183 354 69 254 73 215 85 43 17 247 136 273 137 59 109 0,
PFG_MOEA,1040,5,314.81,5596.11,0 329 300 362 123 51 145 322 121 146 201 261 320 364 393 312 294 174 339 132 206 253 365 360 335 0,362 393
PFG_MOEA,1040,6,314.81,5596.11,0 61 358 181 177 288 385 240 396 245 115 392 285 331 133 293 53 163 150 9 125 47 216 89 0,
PFG_MOEA,1040,7,314.81,5596.11,0 80 13 19 226 35 161 235 58 34 386 231 289 366 267 228 44 130 52 72 318 70 184 284 74 279 159 162 389 114 355 325 384 337 111 116 76 113 81 29 131 84 105 186 134 22 0,
PFG_MOEA,1040,8,314.81,5596.11,0 38 96 242 221 172 182 397 350 311 4 314 193 230 94 156 374 36 11 92 319 357 303 266 141 86 199 68 135 88 249 233 340 299 321 269 120 142 37 301 21 139 291 167 372 346 315 99 175 251 0,182
PFG_MOEA,1040,9,314.81,5596.11,0 97 225 232 179 391 271 158 241 62 297 65 283 204 154 305 326 110 140 286 317 333 180 220 126 124 7 56 217 55 25 367 170 361 209 227 234 213 190 390 265 18 103 155 83 378 398 93 54 46 268 272 30 39 0,65 154
PFG_MOEA,1040,10,314.81,5596.11,0 399 15 16 380 41 82 178 117 243 344 349 20 189 64 166 205 208 6 87 171 153 278 210 353 258 376 368 66 287 10 383 382 0,243
PFG_MOEA,1040,11,314.81,5596.11,0 369 338 203 168 0,
PFG_MOEA,1040,12,314.81,5596.11,0 202 306 370 342 144 176 27 98 78 196 296 347 332 324 147 211 244 223 104 310 282 143 79 160 50 60 257 270 379 195 45 348 75 328 248 0,370
PFG_MOEA,1041,1,411.21,4974.5,0 12 90 381 23 32 276 239 336 138 222 198 49 274 256 237 351 280 252 236 128 119 2 0,23
PFG_MOEA,1041,2,411.21,4974.5,0 22 118 185 214 295 40 122 392 285 331 133 293 53 101 352 363 323 194 275 277 102 100 95 163 61 89 207 307 313 359 365 253 206 187 0,22 100
PFG_MOEA,1041,3,411.21,4974.5,0 115 0,
PFG_MOEA,1041,4,411.21,4974.5,0 245 396 240 385 288 177 181 358 337 384 111 116 76 113 81 29 325 355 0,
PFG_MOEA,1041,5,411.21,4974.5,0 281 26 334 298 341 134 186 131 84 114 389 105 219 371 162 159 74 279 91 24 212 375 284 14 184 318 70 292 263 8 373 169 108 72 52 130 44 386 362 201 312 67 164 107 302 173 106 261 388 197 218 151 77 273 136 137 59 109 127 57 226 19 13 80 0,77 106 284
PFG_MOEA,1041,6,411.21,4974.5,0 38 172 182 319 303 357 266 141 86 199 228 267 366 289 231 34 58 68 161 235 35 249 88 135 233 156 94 230 374 92 11 36 397 350 311 4 314 193 340 299 321 269 120 142 37 51 123 145 132 339 322 121 146 294 174 320 364 393 3 229 308 356 264 259 246 42 300 329 112 221 242 96 0,51 174 229 246 299
PFG_MOEA,1041,7,411.21,4974.5,0 399 200 165 191 152 247 255 1 262 250 28 345 377 395 400 394 188 301 372 21 167 291 139 149 157 63 316 387 327 17 43 85 215 73 254 183 354 69 265 346 315 99 175 251 190 390 18 103 155 83 378 213 234 227 398 93 224 179 232 225 97 71 33 260 148 238 129 330 192 48 31 304 0,93
PFG_MOEA,1041,8,411.21,4974.5,0 382 383 10 391 271 39 46 54 268 272 30 66 166 205 208 6 204 154 305 326 283 65 297 62 241 110 140 286 317 333 180 220 158 189 64 20 126 124 7 56 217 55 25 367 170 361 209 287 0,55 62 66 220
PFG_MOEA,1041,9,411.21,4974.5,0 380 0,
PFG_MOEA,1041,10,411.21,4974.5,0 16 369 15 0,
PFG_MOEA,1041,11,411.21,4974.5,0 168 203 178 82 41 0,178
PFG_MOEA,1041,12,411.21,4974.5,0 335 360 338 202 306 370 342 144 176 27 98 78 196 296 347 332 216 47 125 9 150 147 324 211 244 223 104 310 282 143 309 5 195 379 79 160 50 60 270 257 210 45 153 278 87 171 353 348 75 328 248 258 376 368 290 343 349 344 243 117 0,
PFG_MOEA,1042,1,312.55,5795.78,0 336 138 239 122 296 347 332 324 275 277 104 211 244 223 102 352 363 323 194 147 101 95 222 0,122 211 222 277
PFG_MOEA,1042,2,312.55,5795.78,0 335 360 207 307 313 359 187 100 310 282 143 79 160 50 60 257 270 379 195 5 309 280 351 237 256 274 49 198 252 236 381 23 90 12 214 185 118 281 26 334 298 371 72 52 130 44 386 80 0,5 307
PFG_MOEA,1042,3,312.55,5795.78,0 13 19 226 57 127 109 59 137 136 273 77 151 218 197 388 261 106 173 302 107 164 67 312 201 362 123 51 145 294 174 339 132 142 120 269 321 299 0,174
PFG_MOEA,1042,4,312.55,5795.78,0 340 233 135 88 249 35 235 161 68 58 34 231 289 366 267 228 141 266 303 357 319 86 199 156 94 0,303
PFG_MOEA,1042,5,312.55,5795.78,0 38 172 182 397 36 11 92 374 230 311 350 4 314 193 37 322 121 146 320 364 393 3 229 308 356 264 259 246 42 300 329 112 191 152 221 242 96 0,42 264
PFG_MOEA,1042,6,312.55,5795.78,0 200 165 129 0,
PFG_MOEA,1042,7,312.55,5795.78,0 304 330 395 400 394 188 301 372 21 167 291 139 149 157 63 316 387 17 43 33 71 224 260 0,
PFG_MOEA,1042,8,312.55,5795.78,0 399 247 28 250 345 377 262 1 255 327 254 73 215 85 93 179 232 225 97 148 238 192 48 31 0,93
PFG_MOEA,1042,9,312.55,5795.78,0 378 69 183 354 265 346 315 99 175 251 190 390 18 103 155 83 234 213 227 398 209 361 170 367 25 55 217 56 7 180 333 317 286 140 110 62 297 65 283 326 305 154 204 6 208 241 220 158 189 64 20 126 124 0,175
PFG_MOEA,1042,10,312.55,5795.78,0 287 382 383 10 268 272 30 66 166 205 271 39 391 53 293 133 331 285 392 115 245 396 240 385 288 177 181 358 337 384 111 116 76 113 81 29 325 355 131 84 114 389 105 341 219 0,
PFG_MOEA,1042,11,312.55,5795.78,0 91 24 212 375 14 108 169 373 8 263 292 70 318 184 284 74 279 159 162 22 134 186 89 216 47 125 9 150 163 61 365 253 206 46 54 0,
PFG_MOEA,1042,12,312.55,5795.78,0 41 82 178 117 243 344 349 343 290 368 376 258 248 328 75 171 87 153 278 210 45 353 348 2 119 128 295 40 32 276 196 78 98 27 176 144 342 370 306 202 338 203 168 369 380 16 15 0,16 87 203
PFG_MOEA,1043,1,389.39,5146.42,0 163 78 53 293 133 331 285 392 98 115 245 27 396 240 385 288 177 181 358 337 384 111 116 76 113 81 29 325 355 131 84 114 389 91 279 74 159 162 371 219 298 341 22 134 186 105 118 185 0,
PFG_MOEA,1043,2,389.39,5146.42,0 281 26 334 24 212 375 284 14 184 318 70 292 263 8 373 169 108 72 52 130 44 386 51 145 123 362 201 294 312 67 164 107 302 173 106 261 388 197 218 151 77 273 136 137 59 109 127 57 226 19 13 80 0,
PFG_MOEA,1043,3,389.39,5146.42,0 142 339 174 132 120 269 321 299 340 233 135 88 249 35 235 161 68 58 34 231 289 366 267 228 141 266 303 357 319 86 199 156 94 230 374 92 11 36 397 350 311 4 314 193 0,88
PFG_MOEA,1043,4,389.39,5146.42,0 182 172 38 0,
PFG_MOEA,1043,5,389.39,5146.42,0 37 322 121 146 320 364 393 3 229 308 356 264 259 246 42 300 329 112 152 191 165 200 221 242 96 0,152 264 329
PFG_MOEA,1043,6,389.39,5146.42,0 129 33 71 224 260 0,
PFG_MOEA,1043,7,389.39,5146.42,0 399 247 255 1 262 250 28 345 377 395 400 394 188 301 372 21 167 291 139 149 157 63 316 387 17 43 73 254 327 183 354 69 215 85 93 179 232 225 97 148 48 238 330 192 31 304 0,395
PFG_MOEA,1043,8,389.39,5146.42,0 16 15 168 203 369 380 391 271 39 268 272 30 66 166 205 208 6 204 154 305 326 283 65 297 62 241 110 140 286 317 333 180 220 158 189 64 20 126 124 7 56 217 55 25 367 170 361 209 398 227 234 213 190 251 175 99 315 346 265 390 18 103 155 83 378 54 46 287 10 383 382 41 0,7 16 20 103 272
PFG_MOEA,1043,9,389.39,5146.42,0 82 178 117 243 368 376 258 353 153 171 87 278 210 143 237 256 274 49 100 282 310 104 102 277 275 194 323 363 352 101 198 95 222 138 122 276 336 252 236 128 23 381 90 119 2 12 0,
PFG_MOEA,1043,10,389.39,5146.42,0 344 349 351 280 309 5 79 160 50 60 257 270 379 195 45 348 75 328 248 290 343 187 0,
PFG_MOEA,1043,11,389.39,5146.42,0 214 295 40 32 239 370 342 144 176 150 47 9 125 216 89 61 207 307 313 359 206 253 365 360 335 0,176
PFG_MOEA,1043,12,389.39,5146.42,0 338 202 306 196 296 347 332 324 147 211 244 223 0,
PFG_MOEA,1044,1,413.96,4915.5,0 187 206 253 365 359 313 307 207 61 12 89 2 119 128 236 252 336 138 163 222 95 198 351 280 237 256 274 49 100 102 277 275 194 323 363 352 101 53 293 133 331 285 392 122 239 276 32 40 295 23 381 90 113 81 29 76 116 111 384 337 358 181 177 288 385 240 396 245 115 22 118 185 214 0,245 381
PFG_MOEA,1044,2,413.96,4915.5,0 281 84 131 325 355 114 389 186 134 341 298 26 334 0,
PFG_MOEA,1044,3,413.96,4915.5,0 371 219 105 162 159 74 279 91 24 212 375 284 14 184 318 70 292 263 8 373 169 108 72 52 130 44 386 362 201 312 67 164 107 302 173 106 261 388 197 218 151 77 273 136 137 59 0,
PFG_MOEA,1044,4,413.96,4915.5,0 57 127 109 226 0,
PFG_MOEA,1044,5,413.96,4915.5,0 19 0,
PFG_MOEA,1044,6,413.96,4915.5,0 38 303 357 266 141 86 199 228 267 366 289 231 34 58 68 161 235 35 249 88 135 233 319 182 172 13 80 0,88
PFG_MOEA,1044,7,413.96,4915.5,0 399 397 36 11 92 156 94 230 374 350 311 4 314 193 340 299 321 269 120 142 37 51 123 145 132 339 322 121 146 294 174 320 364 393 3 229 308 356 264 259 246 42 300 329 112 191 165 200 221 242 96 0,11 340 374 393
PFG_MOEA,1044,8,413.96,4915.5,0 152 247 255 1 262 250 28 345 377 395 400 394 188 301 372 21 167 291 139 149 157 63 316 387 327 17 43 85 215 73 254 183 354 69 265 346 315 99 175 251 190 390 18 103 155 83 378 213 234 227 398 93 0,1 152 175 227
PFG_MOEA,1044,9,413.96,4915.5,0 304 31 48 192 330 238 129 148 260 391 271 39 268 272 30 66 166 205 208 6 204 154 305 326 283 65 297 62 241 110 140 286 317 333 180 220 158 189 64 20 126 124 7 56 217 55 25 367 170 361 209 71 33 97 225 232 179 224 0,55 391
PFG_MOEA,1044,10,413.96,4915.5,0 287 10 383 382 0,
PFG_MOEA,1044,11,413.96,4915.5,0 16 15 168 203 369 380 82 178 117 243 349 344 54 46 41 0,
PFG_MOEA,1044,12,413.96,4915.5,0 335 360 216 150 9 47 125 309 5 343 290 368 376 258 248 328 75 171 87 278 153 353 348 45 210 195 379 270 257 60 50 160 79 143 282 310 104 223 244 211 324 147 332 347 296 196 78 98 27 176 144 342 370 306 202 338 0,
PFG_MOEA,1045,1,320.55,5348.04,0 80 13 172 182 397 36 11 92 233 135 88 249 35 235 161 68 58 34 231 289 319 399 0,
PFG_MOEA,1045,2,320.55,5348.04,0 374 230 94 156 311 350 4 314 193 340 299 321 269 120 142 132 339 174 320 364 308 229 3 393 294 146 121 322 123 145 51 37 0,393
PFG_MOEA,1045,3,320.55,5348.04,0 96 242 221 200 165 112 329 300 191 152 247 255 1 262 42 250 28 246 259 264 356 345 377 395 400 394 188 301 372 21 167 291 139 149 157 63 316 387 327 17 43 85 215 73 254 183 354 69 265 346 315 99 175 251 190 0,215
PFG_MOEA,1045,4,320.55,5348.04,0 304 31 192 330 238 129 398 227 234 213 18 390 286 140 110 241 93 260 148 48 0,
PFG_MOEA,1045,5,320.55,5348.04,0 317 333 0,
PFG_MOEA,1045,6,320.55,5348.04,0 33 71 209 361 170 367 25 55 217 56 7 180 220 158 189 64 20 126 124 224 10 383 382 16 203 168 15 0,25
PFG_MOEA,1045,7,320.55,5348.04,0 380 369 335 360 216 150 9 47 125 309 5 195 379 270 210 45 348 353 153 278 87 171 75 328 248 258 376 368 290 343 54 46 344 349 243 117 178 82 41 0,
PFG_MOEA,1045,8,320.55,5348.04,0 338 202 306 370 342 144 176 27 98 78 196 296 347 332 147 324 211 244 223 104 310 282 143 79 160 50 60 257 6 204 154 305 326 283 62 297 65 208 205 166 66 30 272 268 0,66
PFG_MOEA,1045,9,320.55,5348.04,0 187 206 253 365 359 313 307 207 61 12 89 2 119 128 236 252 336 138 163 222 95 198 351 256 237 280 391 271 39 378 83 155 103 232 179 287 225 97 0,138 307
PFG_MOEA,1045,10,320.55,5348.04,0 22 389 114 84 131 325 355 29 81 113 76 116 111 384 337 358 181 177 288 385 240 396 245 115 392 285 331 133 293 53 101 352 363 323 194 275 277 102 100 49 274 122 239 276 32 40 295 23 381 90 214 185 281 118 0,323 331
PFG_MOEA,1045,11,320.55,5348.04,0 334 298 26 105 186 134 341 219 371 24 212 375 14 184 318 70 292 263 8 373 169 284 74 279 91 159 162 0,134
PFG_MOEA,1045,12,320.55,5348.04,0 38 19 226 57 127 109 59 137 136 273 77 151 218 197 388 261 106 173 302 107 164 67 312 201 362 366 267 228 386 44 130 52 72 108 303 357 266 141 86 199 0,106 386
PFG_MOEA,1046,1,270.73,5843.94,0 335 187 309 5 195 379 270 257 60 50 160 79 143 280 351 237 256 274 49 198 252 236 381 23 90 12 207 307 0,
PFG_MOEA,1046,2,270.73,5843.94,0 61 313 359 206 253 365 360 214 185 118 281 26 334 298 371 22 134 186 162 159 292 263 8 373 318 70 184 284 74 279 0,134 284 313 318
PFG_MOEA,1046,3,270.73,5843.94,0 91 169 108 14 375 212 24 192 330 238 129 200 165 112 191 152 127 57 109 59 137 273 136 247 17 43 85 215 33 71 224 260 148 48 31 304 0,33 200
PFG_MOEA,1046,4,270.73,5843.94,0 73 254 69 354 183 327 387 157 149 188 394 316 63 262 1 255 250 28 42 400 395 377 345 356 264 259 246 308 229 197 218 151 77 107 164 67 302 388 3 106 173 261 320 364 0,
PFG_MOEA,1046,5,270.73,5843.94,0 329 300 362 123 51 145 322 121 146 201 312 393 294 174 339 132 120 142 0,145 174
PFG_MOEA,1046,6,270.73,5843.94,0 37 269 321 299 340 219 341 105 84 131 29 81 113 76 116 111 181 358 337 384 325 355 114 389 0,341
PFG_MOEA,1046,7,270.73,5843.94,0 89 216 47 125 9 150 163 53 293 133 331 285 392 115 245 396 240 385 288 177 34 58 235 135 233 88 249 35 161 68 0,133 240
PFG_MOEA,1046,8,270.73,5843.94,0 172 182 193 314 4 350 397 36 11 374 311 230 94 156 199 92 86 319 266 141 289 231 386 366 267 228 44 130 52 72 303 357 13 19 226 221 242 96 0,141 386
PFG_MOEA,1046,9,270.73,5843.94,0 38 80 378 83 291 139 21 167 301 372 346 315 265 390 99 175 251 190 18 103 155 234 227 398 93 54 46 268 272 30 39 271 391 179 0,
PFG_MOEA,1046,10,270.73,5843.94,0 97 225 232 209 361 213 170 367 328 248 258 376 368 290 343 66 349 344 243 117 178 82 41 16 380 369 196 78 98 27 176 144 342 370 306 202 338 203 168 15 399 0,82 176 225
PFG_MOEA,1046,11,270.73,5843.94,0 287 64 166 205 75 348 353 45 210 278 153 171 87 6 208 158 189 220 241 62 297 65 283 204 154 305 326 110 140 180 333 317 286 25 55 217 56 7 124 126 20 10 0,65 126
PFG_MOEA,1046,12,270.73,5843.94,0 2 119 128 295 40 32 276 239 122 296 332 347 138 336 222 95 101 194 147 324 275 323 363 352 277 102 223 244 211 104 310 100 282 383 382 0,2
PFG_MOEA,1047,1,369.23,5154.87,0 90 295 40 32 276 239 122 222 95 101 323 363 352 102 277 275 194 53 293 133 331 285 392 115 245 396 240 385 288 177 181 358 337 384 111 116 76 113 81 29 325 131 84 355 114 389 279 74 159 162 371 219 341 22 134 186 105 298 334 26 281 118 185 214 0,40 240 245 331
PFG_MOEA,1047,2,369.23,5154.87,0 91 24 212 375 284 14 184 318 70 292 263 8 373 169 108 72 52 130 44 386 0,318
PFG_MOEA,1047,3,369.23,5154.87,0 362 201 312 67 164 107 302 173 106 261 388 197 218 151 77 273 136 0,106
PFG_MOEA,1047,4,369.23,5154.87,0 399 172 182 397 36 11 92 86 141 266 303 357 319 199 228 267 366 289 231 34 58 68 161 235 35 249 88 135 233 156 94 230 374 350 311 4 314 193 340 299 321 269 120 142 37 51 145 123 137 59 109 127 57 226 19 13 80 38 0,340
PFG_MOEA,1047,5,369.23,5154.87,0 132 339 322 0,
PFG_MOEA,1047,6,369.23,5154.87,0 96 242 221 200 165 112 191 152 329 300 121 146 294 174 320 364 393 3 229 308 259 246 264 356 345 377 395 400 42 250 28 247 255 1 262 63 157 291 167 21 372 301 188 394 139 149 316 387 327 17 43 85 215 73 254 183 354 69 265 346 315 99 0,1 200 393
PFG_MOEA,1047,7,369.23,5154.87,0 93 398 227 234 213 190 251 175 390 18 103 155 83 378 31 304 0,
PFG_MOEA,1047,8,369.23,5154.87,0 48 192 330 238 129 148 260 391 0,
PFG_MOEA,1047,9,369.23,5154.87,0 268 272 30 65 283 326 305 154 204 6 208 205 166 66 271 39 0,272
PFG_MOEA,1047,10,369.23,5154.87,0 124 126 20 64 189 158 220 241 297 62 110 140 286 317 333 180 7 56 217 55 25 367 170 361 209 71 97 33 0,
PFG_MOEA,1047,11,369.23,5154.87,0 15 16 380 369 168 203 338 202 306 370 342 144 176 27 98 78 196 296 347 332 324 147 211 244 223 210 45 348 353 153 278 87 171 75 328 248 258 376 368 290 343 54 46 224 225 232 179 287 10 383 382 41 344 349 243 117 178 82 125 9 47 150 216 360 335 0,47 87 353
PFG_MOEA,1047,12,369.23,5154.87,0 207 307 313 359 365 253 206 187 100 310 104 282 143 79 160 50 60 257 270 379 195 5 309 280 351 237 256 274 49 198 163 138 336 252 236 381 23 128 119 2 89 12 61 0,
PFG_MOEA,1048,1,337.93,5308.22,0 187 206 253 313 359 365 0,
PFG_MOEA,1048,2,337.93,5308.22,0 207 307 198 280 351 256 237 101 53 293 133 331 285 392 95 222 163 138 336 252 236 128 119 2 89 12 61 0,133 222
PFG_MOEA,1048,3,337.93,5308.22,0 323 363 352 194 275 277 102 100 49 274 122 239 276 32 40 295 23 381 90 0,
PFG_MOEA,1048,4,337.93,5308.22,0 22 115 245 396 240 385 288 177 181 358 337 384 111 116 76 113 81 29 131 84 281 118 185 214 0,
PFG_MOEA,1048,5,337.93,5308.22,0 334 26 298 371 219 341 134 186 105 355 325 114 389 162 159 74 279 91 24 212 375 284 14 184 318 70 292 263 8 373 169 108 72 52 130 44 386 362 201 312 0,284
PFG_MOEA,1048,6,337.93,5308.22,0 399 172 182 397 36 11 92 86 141 266 303 357 319 199 228 267 366 289 231 34 58 68 161 235 35 249 88 135 233 156 94 230 57 127 109 59 137 136 273 77 151 218 197 388 261 106 173 302 107 164 67 294 226 19 13 80 38 0,
PFG_MOEA,1048,7,337.93,5308.22,0 374 350 311 4 314 193 340 299 321 269 120 142 37 51 145 123 146 121 322 339 132 174 320 364 393 3 229 308 356 264 259 246 42 1 255 247 152 191 112 329 300 165 200 221 242 96 0,132 264 340 393
PFG_MOEA,1048,8,337.93,5308.22,0 28 250 262 400 395 345 377 394 188 301 372 21 167 291 139 149 157 63 316 387 327 17 43 85 215 73 254 183 354 69 265 346 315 99 175 251 190 0,
PFG_MOEA,1048,9,337.93,5308.22,0 304 192 330 238 129 378 83 155 103 18 390 213 234 227 398 140 110 241 62 297 65 283 326 305 154 204 6 208 205 166 66 93 30 272 268 39 271 391 260 148 48 31 0,65 391
PFG_MOEA,1048,10,337.93,5308.22,0 33 71 225 97 232 209 361 170 367 25 55 217 56 7 317 286 333 180 220 158 189 64 20 126 124 224 10 287 179 0,
PFG_MOEA,1048,11,337.93,5308.22,0 15 168 203 369 16 380 335 360 216 150 9 47 125 309 5 195 379 270 210 45 348 353 153 278 87 171 75 328 248 54 46 383 382 344 349 243 117 178 82 41 0,82 87 195 353
PFG_MOEA,1048,12,337.93,5308.22,0 338 202 306 370 342 144 176 27 98 78 196 296 347 332 147 324 211 244 223 104 310 282 143 79 160 50 60 257 258 376 368 290 343 0,290
PFG_MOEA,1049,1,319.42,5478.6,0 222 0,
PFG_MOEA,1049,2,319.42,5478.6,0 95 101 323 363 352 102 277 275 194 53 293 133 331 285 392 115 245 396 240 385 288 177 181 358 337 384 111 116 76 113 81 29 325 131 84 355 114 389 279 74 159 162 371 219 341 22 134 186 105 298 334 26 281 0,105
PFG_MOEA,1049,3,319.42,5478.6,0 118 91 284 184 14 375 212 24 0,375
PFG_MOEA,1049,4,319.42,5478.6,0 399 397 36 11 92 199 86 141 266 319 357 303 289 366 267 228 8 263 292 70 318 373 169 108 72 52 130 44 386 362 201 312 67 164 107 302 173 106 261 388 197 218 151 77 273 136 182 172 0,86 197 318 362
PFG_MOEA,1049,5,319.42,5478.6,0 38 80 13 19 226 57 127 109 59 137 123 145 51 132 142 120 269 321 299 37 340 193 314 4 350 311 156 233 135 88 249 35 235 161 68 58 34 231 94 230 374 0,
PFG_MOEA,1049,6,319.42,5478.6,0 96 242 200 191 112 165 322 339 174 393 3 229 364 320 294 121 146 300 329 152 221 0,200 393
PFG_MOEA,1049,7,319.42,5478.6,0 93 85 247 28 246 259 308 264 356 345 377 395 400 42 250 255 1 262 63 157 291 167 21 372 301 188 394 139 149 316 387 327 17 43 73 215 254 183 354 69 265 346 315 99 390 175 251 190 18 213 234 227 398 0,
PFG_MOEA,1049,8,319.42,5478.6,0 304 31 48 330 192 129 238 148 260 391 271 66 166 205 208 6 204 154 305 326 283 65 62 297 241 158 189 220 110 140 103 155 83 378 124 126 20 64 30 272 268 39 0,62 205 220 391
PFG_MOEA,1049,9,319.42,5478.6,0 7 180 333 286 317 56 217 55 0,
PFG_MOEA,1049,10,319.42,5478.6,0 15 16 380 369 168 203 338 202 306 370 342 144 176 27 98 78 196 296 347 332 324 147 211 244 223 210 45 348 353 153 278 87 171 75 328 248 258 376 368 290 343 54 46 209 361 170 367 25 232 179 224 225 97 71 33 0,16 353 370
PFG_MOEA,1049,11,319.42,5478.6,0 365 253 206 61 89 2 119 128 216 336 138 163 150 47 125 9 100 282 310 104 143 79 160 50 60 257 270 379 195 5 309 280 351 237 256 287 10 383 382 344 349 243 117 178 82 41 0,47 138 178 206 243
PFG_MOEA,1049,12,319.42,5478.6,0 335 187 359 313 360 207 307 198 49 274 122 239 276 32 40 295 23 381 236 252 90 12 214 185 0,
PFG_MOEA,1050,1,759.34,4800.0,0 219 341 105 389 114 84 131 355 325 29 81 113 76 116 111 384 337 358 181 177 288 385 240 396 245 115 392 285 331 133 293 53 163 150 9 125 47 216 89 61 206 253 365 0,245
PFG_MOEA,1050,2,759.34,4800.0,0 22 134 186 162 159 279 74 284 184 318 70 292 263 8 373 169 108 14 375 212 24 91 0,318
PFG_MOEA,1050,3,759.34,4800.0,0 304 31 48 148 260 224 71 33 129 238 330 192 200 165 112 191 152 127 57 109 59 137 273 136 247 17 43 85 215 73 254 69 354 183 327 387 157 149 188 394 316 63 262 1 255 250 28 42 400 395 377 345 356 264 259 246 308 229 197 218 151 77 107 164 67 302 388 3 106 173 261 320 364 393 312 201 362 329 300 123 51 145 322 121 146 294 174 339 132 120 142 37 269 321 299 340 233 135 88 249 35 161 235 68 58 34 386 231 289 366 267 228 44 130 52 72 303 357 319 266 141 86 92 199 156 94 230 311 374 11 36 397 350 4 314 193 182 172 13 19 226 221 242 96 80 38 0,33 106 174 200 303 311 394
PFG_MOEA,1050,4,759.34,4800.0,0 378 83 155 103 18 190 251 175 99 315 346 372 301 167 21 139 291 265 390 234 0,
PFG_MOEA,1050,5,759.34,4800.0,0 179 391 271 39 30 272 268 46 54 93 398 227 213 232 0,391
PFG_MOEA,1050,6,759.34,4800.0,0 225 0,
PFG_MOEA,1050,7,759.34,4800.0,0 97 209 361 170 367 0,
PFG_MOEA,1050,8,759.34,4800.0,0 399 15 168 203 338 202 306 370 342 144 176 27 98 78 196 369 380 16 41 82 178 117 243 344 349 66 343 290 368 376 258 248 328 75 348 353 45 210 278 153 171 87 6 208 205 166 158 189 220 241 62 297 65 283 204 154 305 326 110 140 180 333 317 286 25 55 217 56 7 124 126 20 64 287 10 383 382 0,62 66 205 220 342
PFG_MOEA,1050,9,759.34,4800.0,0 2 119 128 295 40 32 276 239 122 296 332 347 138 336 222 95 101 194 147 324 275 323 363 352 277 102 223 244 211 104 310 100 282 143 79 160 50 60 257 270 379 195 5 309 280 351 237 256 274 49 198 252 236 0,
PFG_MOEA,1050,10,759.34,4800.0,0 381 23 90 12 207 307 0,
PFG_MOEA,1050,11,759.34,4800.0,0 335 187 359 313 360 214 0,
PFG_MOEA,1050,12,759.34,4800.0,0 185 118 281 26 334 298 371 0,
PFG_MOEA,1051,1,314.81,5596.11,0 12 90 128 236 252 336 276 138 222 198 49 274 256 237 351 280 309 5 290 343 313 207 0,222
PFG_MOEA,1051,2,314.81,5596.11,0 91 292 263 8 373 169 108 14 375 212 24 371 219 341 298 334 26 281 118 185 214 295 40 32 239 122 95 101 352 363 323 194 275 277 102 100 23 381 119 2 307 359 187 148 48 31 304 0,23
PFG_MOEA,1051,3,314.81,5596.11,0 260 224 71 33 127 152 191 112 165 200 129 238 330 192 0,33
PFG_MOEA,1051,4,314.81,5596.11,0 57 67 302 173 106 3 388 164 107 77 151 218 197 229 308 246 259 264 356 345 377 395 400 42 28 250 255 1 262 63 316 394 188 149 157 387 327 183 354 69 254 73 215 85 43 17 247 136 273 137 59 109 0,
PFG_MOEA,1051,5,314.81,5596.11,0 329 300 362 123 51 145 322 121 146 201 261 320 364 393 312 294 174 339 132 206 253 365 360 335 0,362 393
PFG_MOEA,1051,6,314.81,5596.11,0 61 358 181 177 288 385 240 396 245 115 392 285 331 133 293 53 163 150 9 125 47 216 89 0,
PFG_MOEA,1051,7,314.81,5596.11,0 80 13 19 226 35 161 235 58 34 386 231 289 366 267 228 44 130 52 72 318 70 184 284 74 279 159 162 389 114 355 325 384 337 111 116 76 113 81 29 131 84 105 186 134 22 0,
PFG_MOEA,1051,8,314.81,5596.11,0 38 96 242 221 172 182 397 350 311 4 314 193 230 94 156 374 36 11 92 319 357 303 266 141 86 199 68 135 88 249 233 340 299 321 269 120 142 37 301 21 139 291 167 372 346 315 99 175 251 0,182
PFG_MOEA,1051,9,314.81,5596.11,0 97 225 232 179 391 271 158 241 62 297 65 283 204 154 305 326 110 140 286 317 333 180 220 126 124 7 56 217 55 25 367 170 361 209 227 234 213 190 390 265 18 103 155 83 378 398 93 54 46 268 272 30 39 0,65 154
PFG_MOEA,1051,10,314.81,5596.11,0 399 15 16 380 41 82 178 117 243 344 349 20 189 64 166 205 208 6 87 171 153 278 210 353 258 376 368 66 287 10 383 382 0,243
PFG_MOEA,1051,11,314.81,5596.11,0 369 338 203 168 0,
PFG_MOEA,1051,12,314.81,5596.11,0 202 306 370 342 144 176 27 98 78 196 296 347 332 324 147 211 244 223 104 310 282 143 79 160 50 60 257 270 379 195 45 348 75 328 248 0,370
PFG_MOEA,1052,1,411.21,4974.5,0 12 90 381 23 32 276 239 336 138 222 198 49 274 256 237 351 280 252 236 128 119 2 0,23
PFG_MOEA,1052,2,411.21,4974.5,0 22 118 185 214 295 40 122 392 285 331 133 293 53 101 352 363 323 194 275 277 102 100 95 163 61 89 207 307 313 359 365 253 206 187 0,22 100
PFG_MOEA,1052,3,411.21,4974.5,0 115 0,
PFG_MOEA,1052,4,411.21,4974.5,0 245 396 240 385 288 177 181 358 337 384 111 116 76 113 81 29 325 355 0,
PFG_MOEA,1052,5,411.21,4974.5,0 281 26 334 298 341 134 186 131 84 114 389 105 219 371 162 159 74 279 91 24 212 375 284 14 184 318 70 292 263 8 373 169 108 72 52 130 44 386 362 201 312 67 164 107 302 173 106 261 388 197 218 151 77 273 136 137 59 109 127 57 226 19 13 80 0,77 106 284
PFG_MOEA,1052,6,411.21,4974.5,0 38 172 182 319 303 357 266 141 86 199 228 267 366 289 231 34 58 68 161 235 35 249 88 135 233 156 94 230 374 92 11 36 397 350 311 4 314 193 340 299 321 269 120 142 37 51 123 145 132 339 322 121 146 294 174 320 364 393 3 229 308 356 264 259 246 42 300 329 112 221 242 96 0,51 174 229 246 299
PFG_MOEA,1052,7,411.21,4974.5,0 399 200 165 191 152 247 255 1 262 250 28 345 377 395 400 394 188 301 372 21 167 291 139 149 157 63 316 387 327 17 43 85 215 73 254 183 354 69 265 346 315 99 175 251 190 390 18 103 155 83 378 213 234 227 398 93 224 179 232 225 97 71 33 260 148 238 129 330 192 48 31 304 0,93
PFG_MOEA,1052,8,411.21,4974.5,0 382 383 10 391 271 39 46 54 268 272 30 66 166 205 208 6 204 154 305 326 283 65 297 62 241 110 140 286 317 333 180 220 158 189 64 20 126 124 7 56 217 55 25 367 170 361 209 287 0,55 62 66 220
PFG_MOEA,1052,9,411.21,4974.5,0 380 0,
PFG_MOEA,1052,10,411.21,4974.5,0 16 369 15 0,
PFG_MOEA,1052,11,411.21,4974.5,0 168 203 178 82 41 0,178
PFG_MOEA,1052,12,411.21,4974.5,0 335 360 338 202 306 370 342 144 176 27 98 78 196 296 347 332 216 47 125 9 150 147 324 211 244 223 104 310 282 143 309 5 195 379 79 160 50 60 270 257 210 45 153 278 87 171 353 348 75 328 248 258 376 368 290 343 349 344 243 117 0,
PFG_MOEA,1053,1,312.55,5795.78,0 336 138 239 122 296 347 332 324 275 277 104 211 244 223 102 352 363 323 194 147 101 95 222 0,122 211 222 277
PFG_MOEA,1053,2,312.55,5795.78,0 335 360 207 307 313 359 187 100 310 282 143 79 160 50 60 257 270 379 195 5 309 280 351 237 256 274 49 198 252 236 381 23 90 12 214 185 118 281 26 334 298 371 72 52 130 44 386 80 0,5 307
PFG_MOEA,1053,3,312.55,5795.78,0 13 19 226 57 127 109 59 137 136 273 77 151 218 197 388 261 106 173 302 107 164 67 312 201 362 123 51 145 294 174 339 132 142 120 269 321 299 0,174
PFG_MOEA,1053,4,312.55,5795.78,0 340 233 135 88 249 35 235 161 68 58 34 231 289 366 267 228 141 266 303 357 319 86 199 156 94 0,303
PFG_MOEA,1053,5,312.55,5795.78,0 38 172 182 397 36 11 92 374 230 311 350 4 314 193 37 322 121 146 320 364 393 3 229 308 356 264 259 246 42 300 329 112 191 152 221 242 96 0,42 264
PFG_MOEA,1053,6,312.55,5795.78,0 200 165 129 0,
PFG_MOEA,1053,7,312.55,5795.78,0 304 330 395 400 394 188 301 372 21 167 291 139 149 157 63 316 387 17 43 33 71 224 260 0,
PFG_MOEA,1053,8,312.55,5795.78,0 399 247 28 250 345 377 262 1 255 327 254 73 215 85 93 179 232 225 97 148 238 192 48 31 0,93
PFG_MOEA,1053,9,312.55,5795.78,0 378 69 183 354 265 346 315 99 175 251 190 390 18 103 155 83 234 213 227 398 209 361 170 367 25 55 217 56 7 180 333 317 286 140 110 62 297 65 283 326 305 154 204 6 208 241 220 158 189 64 20 126 124 0,175
PFG_MOEA,1053,10,312.55,5795.78,0 287 382 383 10 268 272 30 66 166 205 271 39 391 53 293 133 331 285 392 115 245 396 240 385 288 177 181 358 337 384 111 116 76 113 81 29 325 355 131 84 114 389 105 341 219 0,
PFG_MOEA,1053,11,312.55,5795.78,0 91 24 212 375 14 108 169 373 8 263 292 70 318 184 284 74 279 159 162 22 134 186 89 216 47 125 9 150 163 61 365 253 206 46 54 0,
PFG_MOEA,1053,12,312.55,5795.78,0 41 82 178 117 243 344 349 343 290 368 376 258 248 328 75 171 87 153 278 210 45 353 348 2 119 128 295 40 32 276 196 78 98 27 176 144 342 370 306 202 338 203 168 369 380 16 15 0,16 87 203
PFG_MOEA,1054,1,389.39,5146.42,0 163 78 53 293 133 331 285 392 98 115 245 27 396 240 385 288 177 181 358 337 384 111 116 76 113 81 29 325 355 131 84 114 389 91 279 74 159 162 371 219 298 341 22 134 186 105 118 185 0,
PFG_MOEA,1054,2,389.39,5146.42,0 281 26 334 24 212 375 284 14 184 318 70 292 263 8 373 169 108 72 52 130 44 386 51 145 123 362 201 294 312 67 164 107 302 173 106 261 388 197 218 151 77 273 136 137 59 109 127 57 226 19 13 80 0,
PFG_MOEA,1054,3,389.39,5146.42,0 142 339 174 132 120 269 321 299 340 233 135 88 249 35 235 161 68 58 34 231 289 366 267 228 141 266 303 357 319 86 199 156 94 230 374 92 11 36 397 350 311 4 314 193 0,88
PFG_MOEA,1054,4,389.39,5146.42,0 182 172 38 0,
PFG_MOEA,1054,5,389.39,5146.42,0 37 322 121 146 320 364 393 3 229 308 356 264 259 246 42 300 329 112 152 191 165 200 221 242 96 0,152 264 329
PFG_MOEA,1054,6,389.39,5146.42,0 129 33 71 224 260 0,
PFG_MOEA,1054,7,389.39,5146.42,0 399 247 255 1 262 250 28 345 377 395 400 394 188 301 372 21 167 291 139 149 157 63 316 387 17 43 73 254 327 183 354 69 215 85 93 179 232 225 97 148 48 238 330 192 31 304 0,395
PFG_MOEA,1054,8,389.39,5146.42,0 16 15 168 203 369 380 391 271 39 268 272 30 66 166 205 208 6 204 154 305 326 283 65 297 62 241 110 140 286 317 333 180 220 158 189 64 20 126 124 7 56 217 55 25 367 170 361 209 398 227 234 213 190 251 175 99 315 346 265 390 18 103 155 83 378 54 46 287 10 383 382 41 0,7 16 20 103 272
PFG_MOEA,1054,9,389.39,5146.42,0 82 178 117 243 368 376 258 353 153 171 87 278 210 143 237 256 274 49 100 282 310 104 102 277 275 194 323 363 352 101 198 95 222 138 122 276 336 252 236 128 23 381 90 119 2 12 0,
PFG_MOEA,1054,10,389.39,5146.42,0 344 349 351 280 309 5 79 160 50 60 257 270 379 195 45 348 75 328 248 290 343 187 0,
PFG_MOEA,1054,11,389.39,5146.42,0 214 295 40 32 239 370 342 144 176 150 47 9 125 216 89 61 207 307 313 359 206 253 365 360 335 0,176
PFG_MOEA,1054,12,389.39,5146.42,0 338 202 306 196 296 347 332 324 147 211 244 223 0,
PFG_MOEA,1055,1,413.96,4915.5,0 187 206 253 365 359 313 307 207 61 12 89 2 119 128 236 252 336 138 163 222 95 198 351 280 237 256 274 49 100 102 277 275 194 323 363 352 101 53 293 133 331 285 392 122 239 276 32 40 295 23 381 90 113 81 29 76 116 111 384 337 358 181 177 288 385 240 396 245 115 22 118 185 214 0,245 381
PFG_MOEA,1055,2,413.96,4915.5,0 281 84 131 325 355 114 389 186 134 341 298 26 334 0,
PFG_MOEA,1055,3,413.96,4915.5,0 371 219 105 162 159 74 279 91 24 212 375 284 14 184 318 70 292 263 8 373 169 108 72 52 130 44 386 362 201 312 67 164 107 302 173 106 261 388 197 218 151 77 273 136 137 59 0,
PFG_MOEA,1055,4,413.96,4915.5,0 57 127 109 226 0,
PFG_MOEA,1055,5,413.96,4915.5,0 19 0,
PFG_MOEA,1055,6,413.96,4915.5,0 38 303 357 266 141 86 199 228 267 366 289 231 34 58 68 161 235 35 249 88 135 233 319 182 172 13 80 0,88
PFG_MOEA,1055,7,413.96,4915.5,0 399 397 36 11 92 156 94 230 374 350 311 4 314 193 340 299 321 269 120 142 37 51 123 145 132 339 322 121 146 294 174 320 364 393 3 229 308 356 264 259 246 42 300 329 112 191 165 200 221 242 96 0,11 340 374 393
PFG_MOEA,1055,8,413.96,4915.5,0 152 247 255 1 262 250 28 345 377 395 400 394 188 301 372 21 167 291 139 149 157 63 316 387 327 17 43 85 215 73 254 183 354 69 265 346 315 99 175 251 190 390 18 103 155 83 378 213 234 227 398 93 0,1 152 175 227
PFG_MOEA,1055,9,413.96,4915.5,0 304 31 48 192 330 238 129 148 260 391 271 39 268 272 30 66 166 205 208 6 204 154 305 326 283 65 297 62 241 110 140 286 317 333 180 220 158 189 64 20 126 124 7 56 217 55 25 367 170 361 209 71 33 97 225 232 179 224 0,55 391
PFG_MOEA,1055,10,413.96,4915.5,0 287 10 383 382 0,
PFG_MOEA,1055,11,413.96,4915.5,0 16 15 168 203 369 380 82 178 117 243 349 344 54 46 41 0,
PFG_MOEA,1055,12,413.96,4915.5,0 335 360 216 150 9 47 125 309 5 343 290 368 376 258 248 328 75 171 87 278 153 353 348 45 210 195 379 270 257 60 50 160 79 143 282 310 104 223 244 211 324 147 332 347 296 196 78 98 27 176 144 342 370 306 202 338 0,
PFG_MOEA,1056,1,320.55,5348.04,0 80 13 172 182 397 36 11 92 233 135 88 249 35 235 161 68 58 34 231 289 319 399 0,
PFG_MOEA,1056,2,320.55,5348.04,0 374 230 94 156 311 350 4 314 193 340 299 321 269 120 142 132 339 174 320 364 308 229 3 393 294 146 121 322 123 145 51 37 0,393
PFG_MOEA,1056,3,320.55,5348.04,0 96 242 221 200 165 112 329 300 191 152 247 255 1 262 42 250 28 246 259 264 356 345 377 395 400 394 188 301 372 21 167 291 139 149 157 63 316 387 327 17 43 85 215 73 254 183 354 69 265 346 315 99 175 251 190 0,215
PFG_MOEA,1056,4,320.55,5348.04,0 304 31 192 330 238 129 398 227 234 213 18 390 286 140 110 241 93 260 148 48 0,
PFG_MOEA,1056,5,320.55,5348.04,0 317 333 0,
PFG_MOEA,1056,6,320.55,5348.04,0 33 71 209 361 170 367 25 55 217 56 7 180 220 158 189 64 20 126 124 224 10 383 382 16 203 168 15 0,25
PFG_MOEA,1056,7,320.55,5348.04,0 380 369 335 360 216 150 9 47 125 309 5 195 379 270 210 45 348 353 153 278 87 171 75 328 248 258 376 368 290 343 54 46 344 349 243 117 178 82 41 0,
PFG_MOEA,1056,8,320.55,5348.04,0 338 202 306 370 342 144 176 27 98 78 196 296 347 332 147 324 211 244 223 104 310 282 143 79 160 50 60 257 6 204 154 305 326 283 62 297 65 208 205 166 66 30 272 268 0,66
PFG_MOEA,1056,9,320.55,5348.04,0 187 206 253 365 359 313 307 207 61 12 89 2 119 128 236 252 336 138 163 222 95 198 351 256 237 280 391 271 39 378 83 155 103 232 179 287 225 97 0,138 307
PFG_MOEA,1056,10,320.55,5348.04,0 22 389 114 84 131 325 355 29 81 113 76 116 111 384 337 358 181 177 288 385 240 396 245 115 392 285 331 133 293 53 101 352 363 323 194 275 277 102 100 49 274 122 239 276 32 40 295 23 381 90 214 185 281 118 0,323 331
PFG_MOEA,1056,11,320.55,5348.04,0 334 298 26 105 186 134 341 219 371 24 212 375 14 184 318 70 292 263 8 373 169 284 74 279 91 159 162 0,134
PFG_MOEA,1056,12,320.55,5348.04,0 38 19 226 57 127 109 59 137 136 273 77 151 218 197 388 261 106 173 302 107 164 67 312 201 362 366 267 228 386 44 130 52 72 108 303 357 266 141 86 199 0,106 386
PFG_MOEA,1057,1,270.73,5843.94,0 335 187 309 5 195 379 270 257 60 50 160 79 143 280 351 237 256 274 49 198 252 236 381 23 90 12 207 307 0,
PFG_MOEA,1057,2,270.73,5843.94,0 61 313 359 206 253 365 360 214 185 118 281 26 334 298 371 22 134 186 162 159 292 263 8 373 318 70 184 284 74 279 0,134 284 313 318
PFG_MOEA,1057,3,270.73,5843.94,0 91 169 108 14 375 212 24 192 330 238 129 200 165 112 191 152 127 57 109 59 137 273 136 247 17 43 85 215 33 71 224 260 148 48 31 304 0,33 200
PFG_MOEA,1057,4,270.73,5843.94,0 73 254 69 354 183 327 387 157 149 188 394 316 63 262 1 255 250 28 42 400 395 377 345 356 264 259 246 308 229 197 218 151 77 107 164 67 302 388 3 106 173 261 320 364 0,
PFG_MOEA,1057,5,270.73,5843.94,0 329 300 362 123 51 145 322 121 146 201 312 393 294 174 339 132 120 142 0,145 174
PFG_MOEA,1057,6,270.73,5843.94,0 37 269 321 299 340 219 341 105 84 131 29 81 113 76 116 111 181 358 337 384 325 355 114 389 0,341
PFG_MOEA,1057,7,270.73,5843.94,0 89 216 47 125 9 150 163 53 293 133 331 285 392 115 245 396 240 385 288 177 34 58 235 135 233 88 249 35 161 68 0,133 240
PFG_MOEA,1057,8,270.73,5843.94,0 172 182 193 314 4 350 397 36 11 374 311 230 94 156 199 92 86 319 266 141 289 231 386 366 267 228 44 130 52 72 303 357 13 19 226 221 242 96 0,141 386
PFG_MOEA,1057,9,270.73,5843.94,0 38 80 378 83 291 139 21 167 301 372 346 315 265 390 99 175 251 190 18 103 155 234 227 398 93 54 46 268 272 30 39 271 391 179 0,
PFG_MOEA,1057,10,270.73,5843.94,0 97 225 232 209 361 213 170 367 328 248 258 376 368 290 343 66 349 344 243 117 178 82 41 16 380 369 196 78 98 27 176 144 342 370 306 202 338 203 168 15 399 0,82 176 225
PFG_MOEA,1057,11,270.73,5843.94,0 287 64 166 205 75 348 353 45 210 278 153 171 87 6 208 158 189 220 241 62 297 65 283 204 154 305 326 110 140 180 333 317 286 25 55 217 56 7 124 126 20 10 0,65 126
PFG_MOEA,1057,12,270.73,5843.94,0 2 119 128 295 40 32 276 239 122 296 332 347 138 336 222 95 101 194 147 324 275 323 363 352 277 102 223 244 211 104 310 100 282 383 382 0,2
PFG_MOEA,1058,1,369.23,5154.87,0 90 295 40 32 276 239 122 222 95 101 323 363 352 102 277 275 194 53 293 133 331 285 392 115 245 396 240 385 288 177 181 358 337 384 111 116 76 113 81 29 325 131 84 355 114 389 279 74 159 162 371 219 341 22 134 186 105 298 334 26 281 118 185 214 0,40 240 245 331
PFG_MOEA,1058,2,369.23,5154.87,0 91 24 212 375 284 14 184 318 70 292 263 8 373 169 108 72 52 130 44 386 0,318
PFG_MOEA,1058,3,369.23,5154.87,0 362 201 312 67 164 107 302 173 106 261 388 197 218 151 77 273 136 0,106
PFG_MOEA,1058,4,369.23,5154.87,0 399 172 182 397 36 11 92 86 141 266 303 357 319 199 228 267 366 289 231 34 58 68 161 235 35 249 88 135 233 156 94 230 374 350 311 4 314 193 340 299 321 269 120 142 37 51 145 123 137 59 109 127 57 226 19 13 80 38 0,340
PFG_MOEA,1058,5,369.23,5154.87,0 132 339 322 0,
PFG_MOEA,1058,6,369.23,5154.87,0 96 242 221 200 165 112 191 152 329 300 121 146 294 174 320 364 393 3 229 308 259 246 264 356 345 377 395 400 42 250 28 247 255 1 262 63 157 291 167 21 372 301 188 394 139 149 316 387 327 17 43 85 215 73 254 183 354 69 265 346 315 99 0,1 200 393
PFG_MOEA,1058,7,369.23,5154.87,0 93 398 227 234 213 190 251 175 390 18 103 155 83 378 31 304 0,
PFG_MOEA,1058,8,369.23,5154.87,0 48 192 330 238 129 148 260 391 0,
PFG_MOEA,1058,9,369.23,5154.87,0 268 272 30 65 283 326 305 154 204 6 208 205 166 66 271 39 0,272
PFG_MOEA,1058,10,369.23,5154.87,0 124 126 20 64 189 158 220 241 297 62 110 140 286 317 333 180 7 56 217 55 25 367 170 361 209 71 97 33 0,
PFG_MOEA,1058,11,369.23,5154.87,0 15 16 380 369 168 203 338 202 306 370 342 144 176 27 98 78 196 296 347 332 324 147 211 244 223 210 45 348 353 153 278 87 171 75 328 248 258 376 368 290 343 54 46 224 225 232 179 287 10 383 382 41 344 349 243 117 178 82 125 9 47 150 216 360 335 0,47 87 353
PFG_MOEA,1058,12,369.23,5154.87,0 207 307 313 359 365 253 206 187 100 310 104 282 143 79 160 50 60 257 270 379 195 5 309 280 351 237 256 274 49 198 163 138 336 252 236 381 23 128 119 2 89 12 61 0,
PFG_MOEA,1059,1,337.93,5308.22,0 187 206 253 313 359 365 0,
PFG_MOEA,1059,2,337.93,5308.22,0 207 307 198 280 351 256 237 101 53 293 133 331 285 392 95 222 163 138 336 252 236 128 119 2 89 12 61 0,133 222
PFG_MOEA,1059,3,337.93,5308.22,0 323 363 352 194 275 277 102 100 49 274 122 239 276 32 40 295 23 381 90 0,
PFG_MOEA,1059,4,337.93,5308.22,0 22 115 245 396 240 385 288 177 181 358 337 384 111 116 76 113 81 29 131 84 281 118 185 214 0,
PFG_MOEA,1059,5,337.93,5308.22,0 334 26 298 371 219 341 134 186 105 355 325 114 389 162 159 74 279 91 24 212 375 284 14 184 318 70 292 263 8 373 169 108 72 52 130 44 386 362 201 312 0,284
PFG_MOEA,1059,6,337.93,5308.22,0 399 172 182 397 36 11 92 86 141 266 303 357 319 199 228 267 366 289 231 34 58 68 161 235 35 249 88 135 233 156 94 230 57 127 109 59 137 136 273 77 151 218 197 388 261 106 173 302 107 164 67 294 226 19 13 80 38 0,
PFG_MOEA,1059,7,337.93,5308.22,0 374 350 311 4 314 193 340 299 321 269 120 142 37 51 145 123 146 121 322 339 132 174 320 364 393 3 229 308 356 264 259 246 42 1 255 247 152 191 112 329 300 165 200 221 242 96 0,132 264 340 393
PFG_MOEA,1059,8,337.93,5308.22,0 28 250 262 400 395 345 377 394 188 301 372 21 167 291 139 149 157 63 316 387 327 17 43 85 215 73 254 183 354 69 265 346 315 99 175 251 190 0,
PFG_MOEA,1059,9,337.93,5308.22,0 304 192 330 238 129 378 83 155 103 18 390 213 234 227 398 140 110 241 62 297 65 283 326 305 154 204 6 208 205 166 66 93 30 272 268 39 271 391 260 148 48 31 0,65 391
PFG_MOEA,1059,10,337.93,5308.22,0 33 71 225 97 232 209 361 170 367 25 55 217 56 7 317 286 333 180 220 158 189 64 20 126 124 224 10 287 179 0,
PFG_MOEA,1059,11,337.93,5308.22,0 15 168 203 369 16 380 335 360 216 150 9 47 125 309 5 195 379 270 210 45 348 353 153 278 87 171 75 328 248 54 46 383 382 344 349 243 117 178 82 41 0,82 87 195 353
PFG_MOEA,1059,12,337.93,5308.22,0 338 202 306 370 342 144 176 27 98 78 196 296 347 332 147 324 211 244 223 104 310 282 143 79 160 50 60 257 258 376 368 290 343 0,290
PFG_MOEA,1060,1,319.42,5478.6,0 222 0,
PFG_MOEA,1060,2,319.42,5478.6,0 95 101 323 363 352 102 277 275 194 53 293 133 331 285 392 115 245 396 240 385 288 177 181 358 337 384 111 116 76 113 81 29 325 131 84 355 114 389 279 74 159 162 371 219 341 22 134 186 105 298 334 26 281 0,105
PFG_MOEA,1060,3,319.42,5478.6,0 118 91 284 184 14 375 212 24 0,375
PFG_MOEA,1060,4,319.42,5478.6,0 399 397 36 11 92 199 86 141 266 319 357 303 289 366 267 228 8 263 292 70 318 373 169 108 72 52 130 44 386 362 201 312 67 164 107 302 173 106 261 388 197 218 151 77 273 136 182 172 0,86 197 318 362
PFG_MOEA,1060,5,319.42,5478.6,0 38 80 13 19 226 57 127 109 59 137 123 145 51 132 142 120 269 321 299 37 340 193 314 4 350 311 156 233 135 88 249 35 235 161 68 58 34 231 94 230 374 0,
PFG_MOEA,1060,6,319.42,5478.6,0 96 242 200 191 112 165 322 339 174 393 3 229 364 320 294 121 146 300 329 152 221 0,200 393
PFG_MOEA,1060,7,319.42,5478.6,0 93 85 247 28 246 259 308 264 356 345 377 395 400 42 250 255 1 262 63 157 291 167 21 372 301 188 394 139 149 316 387 327 17 43 73 215 254 183 354 69 265 346 315 99 390 175 251 190 18 213 234 227 398 0,
PFG_MOEA,1060,8,319.42,5478.6,0 304 31 48 330 192 129 238 148 260 391 271 66 166 205 208 6 204 154 305 326 283 65 62 297 241 158 189 220 110 140 103 155 83 378 124 126 20 64 30 272 268 39 0,62 205 220 391
PFG_MOEA,1060,9,319.42,5478.6,0 7 180 333 286 317 56 217 55 0,
PFG_MOEA,1060,10,319.42,5478.6,0 15 16 380 369 168 203 338 202 306 370 342 144 176 27 98 78 196 296 347 332 324 147 211 244 223 210 45 348 353 153 278 87 171 75 328 248 258 376 368 290 343 54 46 209 361 170 367 25 232 179 224 225 97 71 33 0,16 353 370
PFG_MOEA,1060,11,319.42,5478.6,0 365 253 206 61 89 2 119 128 216 336 138 163 150 47 125 9 100 282 310 104 143 79 160 50 60 257 270 379 195 5 309 280 351 237 256 287 10 383 382 344 349 243 117 178 82 41 0,47 138 178 206 243
PFG_MOEA,1060,12,319.42,5478.6,0 335 187 359 313 360 207 307 198 49 274 122 239 276 32 40 295 23 381 236 252 90 12 214 185 0,
PFG_MOEA,1061,1,759.34,4800.0,0 219 341 105 389 114 84 131 355 325 29 81 113 76 116 111 384 337 358 181 177 288 385 240 396 245 115 392 285 331 133 293 53 163 150 9 125 47 216 89 61 206 253 365 0,245
PFG_MOEA,1061,2,759.34,4800.0,0 22 134 186 162 159 279 74 284 184 318 70 292 263 8 373 169 108 14 375 212 24 91 0,318
PFG_MOEA,1061,3,759.34,4800.0,0 304 31 48 148 260 224 71 33 129 238 330 192 200 165 112 191 152 127 57 109 59 137 273 136 247 17 43 85 215 73 254 69 354 183 327 387 157 149 188 394 316 63 262 1 255 250 28 42 400 395 377 345 356 264 259 246 308 229 197 218 151 77 107 164 67 302 388 3 106 173 261 320 364 393 312 201 362 329 300 123 51 145 322 121 146 294 174 339 132 120 142 37 269 321 299 340 233 135 88 249 35 161 235 68 58 34 386 231 289 366 267 228 44 130 52 72 303 357 319 266 141 86 92 199 156 94 230 311 374 11 36 397 350 4 314 193 182 172 13 19 226 221 242 96 80 38 0,33 106 174 200 303 311 394
PFG_MOEA,1061,4,759.34,4800.0,0 378 83 155 103 18 190 251 175 99 315 346 372 301 167 21 139 291 265 390 234 0,
PFG_MOEA,1061,5,759.34,4800.0,0 179 391 271 39 30 272 268 46 54 93 398 227 213 232 0,391
PFG_MOEA,1061,6,759.34,4800.0,0 225 0,
PFG_MOEA,1061,7,759.34,4800.0,0 97 209 361 170 367 0,
PFG_MOEA,1061,8,759.34,4800.0,0 399 15 168 203 338 202 306 370 342 144 176 27 98 78 196 369 380 16 41 82 178 117 243 344 349 66 343 290 368 376 258 248 328 75 348 353 45 210 278 153 171 87 6 208 205 166 158 189 220 241 62 297 65 283 204 154 305 326 110 140 180 333 317 286 25 55 217 56 7 124 126 20 64 287 10 383 382 0,62 66 205 220 342
PFG_MOEA,1061,9,759.34,4800.0,0 2 119 128 295 40 32 276 239 122 296 332 347 138 336 222 95 101 194 147 324 275 323 363 352 277 102 223 244 211 104 310 100 282 143 79 160 50 60 257 270 379 195 5 309 280 351 237 256 274 49 198 252 236 0,
PFG_MOEA,1061,10,759.34,4800.0,0 381 23 90 12 207 307 0,
PFG_MOEA,1061,11,759.34,4800.0,0 335 187 359 313 360 214 0,
PFG_MOEA,1061,12,759.34,4800.0,0 185 118 281 26 334 298 371 0,
PFG_MOEA,1062,1,314.81,5596.11,0 12 90 128 236 252 336 276 138 222 198 49 274 256 237 351 280 309 5 290 343 313 207 0,222
PFG_MOEA,1062,2,314.81,5596.11,0 91 292 263 8 373 169 108 14 375 212 24 371 219 341 298 334 26 281 118 185 214 295 40 32 239 122 95 101 352 363 323 194 275 277 102 100 23 381 119 2 307 359 187 148 48 31 304 0,23
PFG_MOEA,1062,3,314.81,5596.11,0 260 224 71 33 127 152 191 112 165 200 129 238 330 192 0,33
PFG_MOEA,1062,4,314.81,5596.11,0 57 67 302 173 106 3 388 164 107 77 151 218 197 229 308 246 259 264 356 345 377 395 400 42 28 250 255 1 262 63 316 394 188 149 157 387 327 183 354 69 254 73 215 85 43 17 247 136 273 137 59 109 0,
PFG_MOEA,1062,5,314.81,5596.11,0 329 300 362 123 51 145 322 121 146 201 261 320 364 393 312 294 174 339 132 206 253 365 360 335 0,362 393
PFG_MOEA,1062,6,314.81,5596.11,0 61 358 181 177 288 385 240 396 245 115 392 285 331 133 293 53 163 150 9 125 47 216 89 0,
PFG_MOEA,1062,7,314.81,5596.11,0 80 13 19 226 35 161 235 58 34 386 231 289 366 267 228 44 130 52 72 318 70 184 284 74 279 159 162 389 114 355 325 384 337 111 116 76 113 81 29 131 84 105 186 134 22 0,
PFG_MOEA,1062,8,314.81,5596.11,0 38 96 242 221 172 182 397 350 311 4 314 193 230 94 156 374 36 11 92 319 357 303 266 141 86 199 68 135 88 249 233 340 299 321 269 120 142 37 301 21 139 291 167 372 346 315 99 175 251 0,182
PFG_MOEA,1062,9,314.81,5596.11,0 97 225 232 179 391 271 158 241 62 297 65 283 204 154 305 326 110 140 286 317 333 180 220 126 124 7 56 217 55 25 367 170 361 209 227 234 213 190 390 265 18 103 155 83 378 398 93 54 46 268 272 30 39 0,65 154
PFG_MOEA,1062,10,314.81,5596.11,0 399 15 16 380 41 82 178 117 243 344 349 20 189 64 166 205 208 6 87 171 153 278 210 353 258 376 368 66 287 10 383 382 0,243
PFG_MOEA,1062,11,314.81,5596.11,0 369 338 203 168 0,
PFG_MOEA,1062,12,314.81,5596.11,0 202 306 370 342 144 176 27 98 78 196 296 347 332 324 147 211 244 223 104 310 282 143 79 160 50 60 257 270 379 195 45 348 75 328 248 0,370
PFG_MOEA,1063,1,411.21,4974.5,0 12 90 381 23 32 276 239 336 138 222 198 49 274 256 237 351 280 252 236 128 119 2 0,23
PFG_MOEA,1063,2,411.21,4974.5,0 22 118 185 214 295 40 122 392 285 331 133 293 53 101 352 363 323 194 275 277 102 100 95 163 61 89 207 307 313 359 365 253 206 187 0,22 100
PFG_MOEA,1063,3,411.21,4974.5,0 115 0,
PFG_MOEA,1063,4,411.21,4974.5,0 245 396 240 385 288 177 181 358 337 384 111 116 76 113 81 29 325 355 0,
PFG_MOEA,1063,5,411.21,4974.5,0 281 26 334 298 341 134 186 131 84 114 389 105 219 371 162 159 74 279 91 24 212 375 284 14 184 318 70 292 263 8 373 169 108 72 52 130 44 386 362 201 312 67 164 107 302 173 106 261 388 197 218 151 77 273 136 137 59 109 127 57 226 19 13 80 0,77 106 284
PFG_MOEA,1063,6,411.21,4974.5,0 38 172 182 319 303 357 266 141 86 199 228 267 366 289 231 34 58 68 161 235 35 249 88 135 233 156 94 230 374 92 11 36 397 350 311 4 314 193 340 299 321 269 120 142 37 51 123 145 132 339 322 121 146 294 174 320 364 393 3 229 308 356 264 259 246 42 300 329 112 221 242 96 0,51 174 229 246 299
PFG_MOEA,1063,7,411.21,4974.5,0 399 200 165 191 152 247 255 1 262 250 28 345 377 395 400 394 188 301 372 21 167 291 139 149 157 63 316 387 327 17 43 85 215 73 254 183 354 69 265 346 315 99 175 251 190 390 18 103 155 83 378 213 234 227 398 93 224 179 232 225 97 71 33 260 148 238 129 330 192 48 31 304 0,93
PFG_MOEA,1063,8,411.21,4974.5,0 382 383 10 391 271 39 46 54 268 272 30 66 166 205 208 6 204 154 305 326 283 65 297 62 241 110 140 286 317 333 180 220 158 189 64 20 126 124 7 56 217 55 25 367 170 361 209 287 0,55 62 66 220
PFG_MOEA,1063,9,411.21,4974.5,0 380 0,
PFG_MOEA,1063,10,411.21,4974.5,0 16 369 15 0,
PFG_MOEA,1063,11,411.21,4974.5,0 168 203 178 82 41 0,178
PFG_MOEA,1063,12,411.21,4974.5,0 335 360 338 202 306 370 342 144 176 27 98 78 196 296 347 332 216 47 125 9 150 147 324 211 244 223 104 310 282 143 309 5 195 379 79 160 50 60 270 257 210 45 153 278 87 171 353 348 75 328 248 258 376 368 290 343 349 344 243 117 0,
PFG_MOEA,1064,1,312.55,5795.78,0 336 138 239 122 296 347 332 324 275 277 104 211 244 223 102 352 363 323 194 147 101 95 222 0,122 211 222 277
PFG_MOEA,1064,2,312.55,5795.78,0 335 360 207 307 313 359 187 100 310 282 143 79 160 50 60 257 270 379 195 5 309 280 351 237 256 274 49 198 252 236 381 23 90 12 214 185 118 281 26 334 298 371 72 52 130 44 386 80 0,5 307
PFG_MOEA,1064,3,312.55,5795.78,0 13 19 226 57 127 109 59 137 136 273 77 151 218 197 388 261 106 173 302 107 164 67 312 201 362 123 51 145 294 174 339 132 142 120 269 321 299 0,174
PFG_MOEA,1064,4,312.55,5795.78,0 340 233 135 88 249 35 235 161 68 58 34 231 289 366 267 228 141 266 303 357 319 86 199 156 94 0,303
PFG_MOEA,1064,5,312.55,5795.78,0 38 172 182 397 36 11 92 374 230 311 350 4 314 193 37 322 121 146 320 364 393 3 229 308 356 264 259 246 42 300 329 112 191 152 221 242 96 0,42 264
PFG_MOEA,1064,6,312.55,5795.78,0 200 165 129 0,
PFG_MOEA,1064,7,312.55,5795.78,0 304 330 395 400 394 188 301 372 21 167 291 139 149 157 63 316 387 17 43 33 71 224 260 0,
PFG_MOEA,1064,8,312.55,5795.78,0 399 247 28 250 345 377 262 1 255 327 254 73 215 85 93 179 232 225 97 148 238 192 48 31 0,93
PFG_MOEA,1064,9,312.55,5795.78,0 378 69 183 354 265 346 315 99 175 251 190 390 18 103 155 83 234 213 227 398 209 361 170 367 25 55 217 56 7 180 333 317 286 140 110 62 297 65 283 326 305 154 204 6 208 241 220 158 189 64 20 126 124 0,175
PFG_MOEA,1064,10,312.55,5795.78,0 287 382 383 10 268 272 30 66 166 205 271 39 391 53 293 133 331 285 392 115 245 396 240 385 288 177 181 358 337 384 111 116 76 113 81 29 325 355 131 84 114 389 105 341 219 0,
PFG_MOEA,1064,11,312.55,5795.78,0 91 24 212 375 14 108 169 373 8 263 292 70 318 184 284 74 279 159 162 22 134 186 89 216 47 125 9 150 163 61 365 253 206 46 54 0,
PFG_MOEA,1064,12,312.55,5795.78,0 41 82 178 117 243 344 349 343 290 368 376 258 248 328 75 171 87 153 278 210 45 353 348 2 119 128 295 40 32 276 196 78 98 27 176 144 342 370 306 202 338 203 168 369 380 16 15 0,16 87 203
PFG_MOEA,1065,1,389.39,5146.42,0 163 78 53 293 133 331 285 392 98 115 245 27 396 240 385 288 177 181 358 337 384 111 116 76 113 81 29 325 355 131 84 114 389 91 279 74 159 162 371 219 298 341 22 134 186 105 118 185 0,
PFG_MOEA,1065,2,389.39,5146.42,0 281 26 334 24 212 375 284 14 184 318 70 292 263 8 373 169 108 72 52 130 44 386 51 145 123 362 201 294 312 67 164 107 302 173 106 261 388 197 218 151 77 273 136 137 59 109 127 57 226 19 13 80 0,
PFG_MOEA,1065,3,389.39,5146.42,0 142 339 174 132 120 269 321 299 340 233 135 88 249 35 235 161 68 58 34 231 289 366 267 228 141 266 303 357 319 86 199 156 94 230 374 92 11 36 397 350 311 4 314 193 0,88
PFG_MOEA,1065,4,389.39,5146.42,0 182 172 38 0,
PFG_MOEA,1065,5,389.39,5146.42,0 37 322 121 146 320 364 393 3 229 308 356 264 259 246 42 300 329 112 152 191 165 200 221 242 96 0,152 264 329
PFG_MOEA,1065,6,389.39,5146.42,0 129 33 71 224 260 0,
PFG_MOEA,1065,7,389.39,5146.42,0 399 247 255 1 262 250 28 345 377 395 400 394 188 301 372 21 167 291 139 149 157 63 316 387 17 43 73 254 327 183 354 69 215 85 93 179 232 225 97 148 48 238 330 192 31 304 0,395
PFG_MOEA,1065,8,389.39,5146.42,0 16 15 168 203 369 380 391 271 39 268 272 30 66 166 205 208 6 204 154 305 326 283 65 297 62 241 110 140 286 317 333 180 220 158 189 64 20 126 124 7 56 217 55 25 367 170 361 209 398 227 234 213 190 251 175 99 315 346 265 390 18 103 155 83 378 54 46 287 10 383 382 41 0,7 16 20 103 272
PFG_MOEA,1065,9,389.39,5146.42,0 82 178 117 243 368 376 258 353 153 171 87 278 210 143 237 256 274 49 100 282 310 104 102 277 275 194 323 363 352 101 198 95 222 138 122 276 336 252 236 128 23 381 90 119 2 12 0,
PFG_MOEA,1065,10,389.39,5146.42,0 344 349 351 280 309 5 79 160 50 60 257 270 379 195 45 348 75 328 248 290 343 187 0,
PFG_MOEA,1065,11,389.39,5146.42,0 214 295 40 32 239 370 342 144 176 150 47 9 125 216 89 61 207 307 313 359 206 253 365 360 335 0,176
PFG_MOEA,1065,12,389.39,5146.42,0 338 202 306 196 296 347 332 324 147 211 244 223 0,
PFG_MOEA,1066,1,413.96,4915.5,0 187 206 253 365 359 313 307 207 61 12 89 2 119 128 236 252 336 138 163 222 95 198 351 280 237 256 274 49 100 102 277 275 194 323 363 352 101 53 293 133 331 285 392 122 239 276 32 40 295 23 381 90 113 81 29 76 116 111 384 337 358 181 177 288 385 240 396 245 115 22 118 185 214 0,245 381
PFG_MOEA,1066,2,413.96,4915.5,0 281 84 131 325 355 114 389 186 134 341 298 26 334 0,
PFG_MOEA,1066,3,413.96,4915.5,0 371 219 105 162 159 74 279 91 24 212 375 284 14 184 318 70 292 263 8 373 169 108 72 52 130 44 386 362 201 312 67 164 107 302 173 106 261 388 197 218 151 77 273 136 137 59 0,
PFG_MOEA,1066,4,413.96,4915.5,0 57 127 109 226 0,
PFG_MOEA,1066,5,413.96,4915.5,0 19 0,
PFG_MOEA,1066,6,413.96,4915.5,0 38 303 357 266 141 86 199 228 267 366 289 231 34 58 68 161 235 35 249 88 135 233 319 182 172 13 80 0,88
PFG_MOEA,1066,7,413.96,4915.5,0 399 397 36 11 92 156 94 230 374 350 311 4 314 193 340 299 321 269 120 142 37 51 123 145 132 339 322 121 146 294 174 320 364 393 3 229 308 356 264 259 246 42 300 329 112 191 165 200 221 242 96 0,11 340 374 393
PFG_MOEA,1066,8,413.96,4915.5,0 152 247 255 1 262 250 28 345 377 395 400 394 188 301 372 21 167 291 139 149 157 63 316 387 327 17 43 85 215 73 254 183 354 69 265 346 315 99 175 251 190 390 18 103 155 83 378 213 234 227 398 93 0,1 152 175 227
PFG_MOEA,1066,9,413.96,4915.5,0 304 31 48 192 330 238 129 148 260 391 271 39 268 272 30 66 166 205 208 6 204 154 305 326 283 65 297 62 241 110 140 286 317 333 180 220 158 189 64 20 126 124 7 56 217 55 25 367 170 361 209 71 33 97 225 232 179 224 0,55 391
PFG_MOEA,1066,10,413.96,4915.5,0 287 10 383 382 0,
PFG_MOEA,1066,11,413.96,4915.5,0 16 15 168 203 369 380 82 178 117 243 349 344 54 46 41 0,
PFG_MOEA,1066,12,413.96,4915.5,0 335 360 216 150 9 47 125 309 5 343 290 368 376 258 248 328 75 171 87 278 153 353 348 45 210 195 379 270 257 60 50 160 79 143 282 310 104 223 244 211 324 147 332 347 296 196 78 98 27 176 144 342 370 306 202 338 0,
PFG_MOEA,1067,1,320.55,5348.04,0 80 13 172 182 397 36 11 92 233 135 88 249 35 235 161 68 58 34 231 289 319 399 0,
PFG_MOEA,1067,2,320.55,5348.04,0 374 230 94 156 311 350 4 314 193 340 299 321 269 120 142 132 339 174 320 364 308 229 3 393 294 146 121 322 123 145 51 37 0,393
PFG_MOEA,1067,3,320.55,5348.04,0 96 242 221 200 165 112 329 300 191 152 247 255 1 262 42 250 28 246 259 264 356 345 377 395 400 394 188 301 372 21 167 291 139 149 157 63 316 387 327 17 43 85 215 73 254 183 354 69 265 346 315 99 175 251 190 0,215
PFG_MOEA,1067,4,320.55,5348.04,0 304 31 192 330 238 129 398 227 234 213 18 390 286 140 110 241 93 260 148 48 0,
PFG_MOEA,1067,5,320.55,5348.04,0 317 333 0,
PFG_MOEA,1067,6,320.55,5348.04,0 33 71 209 361 170 367 25 55 217 56 7 180 220 158 189 64 20 126 124 224 10 383 382 16 203 168 15 0,25
PFG_MOEA,1067,7,320.55,5348.04,0 380 369 335 360 216 150 9 47 125 309 5 195 379 270 210 45 348 353 153 278 87 171 75 328 248 258 376 368 290 343 54 46 344 349 243 117 178 82 41 0,
PFG_MOEA,1067,8,320.55,5348.04,0 338 202 306 370 342 144 176 27 98 78 196 296 347 332 147 324 211 244 223 104 310 282 143 79 160 50 60 257 6 204 154 305 326 283 62 297 65 208 205 166 66 30 272 268 0,66
PFG_MOEA,1067,9,320.55,5348.04,0 187 206 253 365 359 313 307 207 61 12 89 2 119 128 236 252 336 138 163 222 95 198 351 256 237 280 391 271 39 378 83 155 103 232 179 287 225 97 0,138 307
PFG_MOEA,1067,10,320.55,5348.04,0 22 389 114 84 131 325 355 29 81 113 76 116 111 384 337 358 181 177 288 385 240 396 245 115 392 285 331 133 293 53 101 352 363 323 194 275 277 102 100 49 274 122 239 276 32 40 295 23 381 90 214 185 281 118 0,323 331
PFG_MOEA,1067,11,320.55,5348.04,0 334 298 26 105 186 134 341 219 371 24 212 375 14 184 318 70 292 263 8 373 169 284 74 279 91 159 162 0,134
PFG_MOEA,1067,12,320.55,5348.04,0 38 19 226 57 127 109 59 137 136 273 77 151 218 197 388 261 106 173 302 107 164 67 312 201 362 366 267 228 386 44 130 52 72 108 303 357 266 141 86 199 0,106 386
PFG_MOEA,1068,1,270.73,5843.94,0 335 187 309 5 195 379 270 257 60 50 160 79 143 280 351 237 256 274 49 198 252 236 381 23 90 12 207 307 0,
PFG_MOEA,1068,2,270.73,5843.94,0 61 313 359 206 253 365 360 214 185 118 281 26 334 298 371 22 134 186 162 159 292 263 8 373 318 70 184 284 74 279 0,134 284 313 318
PFG_MOEA,1068,3,270.73,5843.94,0 91 169 108 14 375 212 24 192 330 238 129 200 165 112 191 152 127 57 109 59 137 273 136 247 17 43 85 215 33 71 224 260 148 48 31 304 0,33 200
PFG_MOEA,1068,4,270.73,5843.94,0 73 254 69 354 183 327 387 157 149 188 394 316 63 262 1 255 250 28 42 400 395 377 345 356 264 259 246 308 229 197 218 151 77 107 164 67 302 388 3 106 173 261 320 364 0,
PFG_MOEA,1068,5,270.73,5843.94,0 329 300 362 123 51 145 322 121 146 201 312 393 294 174 339 132 120 142 0,145 174
PFG_MOEA,1068,6,270.73,5843.94,0 37 269 321 299 340 219 341 105 84 131 29 81 113 76 116 111 181 358 337 384 325 355 114 389 0,341
PFG_MOEA,1068,7,270.73,5843.94,0 89 216 47 125 9 150 163 53 293 133 331 285 392 115 245 396 240 385 288 177 34 58 235 135 233 88 249 35 161 68 0,133 240
PFG_MOEA,1068,8,270.73,5843.94,0 172 182 193 314 4 350 397 36 11 374 311 230 94 156 199 92 86 319 266 141 289 231 386 366 267 228 44 130 52 72 303 357 13 19 226 221 242 96 0,141 386
PFG_MOEA,1068,9,270.73,5843.94,0 38 80 378 83 291 139 21 167 301 372 346 315 265 390 99 175 251 190 18 103 155 234 227 398 93 54 46 268 272 30 39 271 391 179 0,
PFG_MOEA,1068,10,270.73,5843.94,0 97 225 232 209 361 213 170 367 328 248 258 376 368 290 343 66 349 344 243 117 178 82 41 16 380 369 196 78 98 27 176 144 342 370 306 202 338 203 168 15 399 0,82 176 225
PFG_MOEA,1068,11,270.73,5843.94,0 287 64 166 205 75 348 353 45 210 278 153 171 87 6 208 158 189 220 241 62 297 65 283 204 154 305 326 110 140 180 333 317 286 25 55 217 56 7 124 126 20 10 0,65 126
PFG_MOEA,1068,12,270.73,5843.94,0 2 119 128 295 40 32 276 239 122 296 332 347 138 336 222 95 101 194 147 324 275 323 363 352 277 102 223 244 211 104 310 100 282 383 382 0,2
PFG_MOEA,1069,1,369.23,5154.87,0 90 295 40 32 276 239 122 222 95 101 323 363 352 102 277 275 194 53 293 133 331 285 392 115 245 396 240 385 288 177 181 358 337 384 111 116 76 113 81 29 325 131 84 355 114 389 279 74 159 162 371 219 341 22 134 186 105 298 334 26 281 118 185 214 0,40 240 245 331
PFG_MOEA,1069,2,369.23,5154.87,0 91 24 212 375 284 14 184 318 70 292 263 8 373 169 108 72 52 130 44 386 0,318
PFG_MOEA,1069,3,369.23,5154.87,0 362 201 312 67 164 107 302 173 106 261 388 197 218 151 77 273 136 0,106
PFG_MOEA,1069,4,369.23,5154.87,0 399 172 182 397 36 11 92 86 141 266 303 357 319 199 228 267 366 289 231 34 58 68 161 235 35 249 88 135 233 156 94 230 374 350 311 4 314 193 340 299 321 269 120 142 37 51 145 123 137 59 109 127 57 226 19 13 80 38 0,340
PFG_MOEA,1069,5,369.23,5154.87,0 132 339 322 0,
PFG_MOEA,1069,6,369.23,5154.87,0 96 242 221 200 165 112 191 152 329 300 121 146 294 174 320 364 393 3 229 308 259 246 264 356 345 377 395 400 42 250 28 247 255 1 262 63 157 291 167 21 372 301 188 394 139 149 316 387 327 17 43 85 215 73 254 183 354 69 265 346 315 99 0,1 200 393
PFG_MOEA,1069,7,369.23,5154.87,0 93 398 227 234 213 190 251 175 390 18 103 155 83 378 31 304 0,
PFG_MOEA,1069,8,369.23,5154.87,0 48 192 330 238 129 148 260 391 0,
PFG_MOEA,1069,9,369.23,5154.87,0 268 272 30 65 283 326 305 154 204 6 208 205 166 66 271 39 0,272
PFG_MOEA,1069,10,369.23,5154.87,0 124 126 20 64 189 158 220 241 297 62 110 140 286 317 333 180 7 56 217 55 25 367 170 361 209 71 97 33 0,
PFG_MOEA,1069,11,369.23,5154.87,0 15 16 380 369 168 203 338 202 306 370 342 144 176 27 98 78 196 296 347 332 324 147 211 244 223 210 45 348 353 153 278 87 171 75 328 248 258 376 368 290 343 54 46 224 225 232 179 287 10 383 382 41 344 349 243 117 178 82 125 9 47 150 216 360 335 0,47 87 353
PFG_MOEA,1069,12,369.23,5154.87,0 207 307 313 359 365 253 206 187 100 310 104 282 143 79 160 50 60 257 270 379 195 5 309 280 351 237 256 274 49 198 163 138 336 252 236 381 23 128 119 2 89 12 61 0,
PFG_MOEA,1070,1,337.93,5308.22,0 187 206 253 313 359 365 0,
PFG_MOEA,1070,2,337.93,5308.22,0 207 307 198 280 351 256 237 101 53 293 133 331 285 392 95 222 163 138 336 252 236 128 119 2 89 12 61 0,133 222
PFG_MOEA,1070,3,337.93,5308.22,0 323 363 352 194 275 277 102 100 49 274 122 239 276 32 40 295 23 381 90 0,
PFG_MOEA,1070,4,337.93,5308.22,0 22 115 245 396 240 385 288 177 181 358 337 384 111 116 76 113 81 29 131 84 281 118 185 214 0,
PFG_MOEA,1070,5,337.93,5308.22,0 334 26 298 371 219 341 134 186 105 355 325 114 389 162 159 74 279 91 24 212 375 284 14 184 318 70 292 263 8 373 169 108 72 52 130 44 386 362 201 312 0,284
PFG_MOEA,1070,6,337.93,5308.22,0 399 172 182 397 36 11 92 86 141 266 303 357 319 199 228 267 366 289 231 34 58 68 161 235 35 249 88 135 233 156 94 230 57 127 109 59 137 136 273 77 151 218 197 388 261 106 173 302 107 164 67 294 226 19 13 80 38 0,
PFG_MOEA,1070,7,337.93,5308.22,0 374 350 311 4 314 193 340 299 321 269 120 142 37 51 145 123 146 121 322 339 132 174 320 364 393 3 229 308 356 264 259 246 42 1 255 247 152 191 112 329 300 165 200 221 242 96 0,132 264 340 393
PFG_MOEA,1070,8,337.93,5308.22,0 28 250 262 400 395 345 377 394 188 301 372 21 167 291 139 149 157 63 316 387 327 17 43 85 215 73 254 183 354 69 265 346 315 99 175 251 190 0,
PFG_MOEA,1070,9,337.93,5308.22,0 304 192 330 238 129 378 83 155 103 18 390 213 234 227 398 140 110 241 62 297 65 283 326 305 154 204 6 208 205 166 66 93 30 272 268 39 271 391 260 148 48 31 0,65 391
PFG_MOEA,1070,10,337.93,5308.22,0 33 71 225 97 232 209 361 170 367 25 55 217 56 7 317 286 333 180 220 158 189 64 20 126 124 224 10 287 179 0,
PFG_MOEA,1070,11,337.93,5308.22,0 15 168 203 369 16 380 335 360 216 150 9 47 125 309 5 195 379 270 210 45 348 353 153 278 87 171 75 328 248 54 46 383 382 344 349 243 117 178 82 41 0,82 87 195 353
PFG_MOEA,1070,12,337.93,5308.22,0 338 202 306 370 342 144 176 27 98 78 196 296 347 332 147 324 211 244 223 104 310 282 143 79 160 50 60 257 258 376 368 290 343 0,290
PFG_MOEA,1071,1,319.42,5478.6,0 222 0,
PFG_MOEA,1071,2,319.42,5478.6,0 95 101 323 363 352 102 277 275 194 53 293 133 331 285 392 115 245 396 240 385 288 177 181 358 337 384 111 116 76 113 81 29 325 131 84 355 114 389 279 74 159 162 371 219 341 22 134 186 105 298 334 26 281 0,105
PFG_MOEA,1071,3,319.42,5478.6,0 118 91 284 184 14 375 212 24 0,375
PFG_MOEA,1071,4,319.42,5478.6,0 399 397 36 11 92 199 86 141 266 319 357 303 289 366 267 228 8 263 292 70 318 373 169 108 72 52 130 44 386 362 201 312 67 164 107 302 173 106 261 388 197 218 151 77 273 136 182 172 0,86 197 318 362
PFG_MOEA,1071,5,319.42,5478.6,0 38 80 13 19 226 57 127 109 59 137 123 145 51 132 142 120 269 321 299 37 340 193 314 4 350 311 156 233 135 88 249 35 235 161 68 58 34 231 94 230 374 0,
PFG_MOEA,1071,6,319.42,5478.6,0 96 242 200 191 112 165 322 339 174 393 3 229 364 320 294 121 146 300 329 152 221 0,200 393
PFG_MOEA,1071,7,319.42,5478.6,0 93 85 247 28 246 259 308 264 356 345 377 395 400 42 250 255 1 262 63 157 291 167 21 372 301 188 394 139 149 316 387 327 17 43 73 215 254 183 354 69 265 346 315 99 390 175 251 190 18 213 234 227 398 0,
PFG_MOEA,1071,8,319.42,5478.6,0 304 31 48 330 192 129 238 148 260 391 271 66 166 205 208 6 204 154 305 326 283 65 62 297 241 158 189 220 110 140 103 155 83 378 124 126 20 64 30 272 268 39 0,62 205 220 391
PFG_MOEA,1071,9,319.42,5478.6,0 7 180 333 286 317 56 217 55 0,
PFG_MOEA,1071,10,319.42,5478.6,0 15 16 380 369 168 203 338 202 306 370 342 144 176 27 98 78 196 296 347 332 324 147 211 244 223 210 45 348 353 153 278 87 171 75 328 248 258 376 368 290 343 54 46 209 361 170 367 25 232 179 224 225 97 71 33 0,16 353 370
PFG_MOEA,1071,11,319.42,5478.6,0 365 253 206 61 89 2 119 128 216 336 138 163 150 47 125 9 100 282 310 104 143 79 160 50 60 257 270 379 195 5 309 280 351 237 256 287 10 383 382 344 349 243 117 178 82 41 0,47 138 178 206 243
PFG_MOEA,1071,12,319.42,5478.6,0 335 187 359 313 360 207 307 198 49 274 122 239 276 32 40 295 23 381 236 252 90 12 214 185 0,
PFG_MOEA,1072,1,759.34,4800.0,0 219 341 105 389 114 84 131 355 325 29 81 113 76 116 111 384 337 358 181 177 288 385 240 396 245 115 392 285 331 133 293 53 163 150 9 125 47 216 89 61 206 253 365 0,245
PFG_MOEA,1072,2,759.34,4800.0,0 22 134 186 162 159 279 74 284 184 318 70 292 263 8 373 169 108 14 375 212 24 91 0,318
PFG_MOEA,1072,3,759.34,4800.0,0 304 31 48 148 260 224 71 33 129 238 330 192 200 165 112 191 152 127 57 109 59 137 273 136 247 17 43 85 215 73 254 69 354 183 327 387 157 149 188 394 316 63 262 1 255 250 28 42 400 395 377 345 356 264 259 246 308 229 197 218 151 77 107 164 67 302 388 3 106 173 261 320 364 393 312 201 362 329 300 123 51 145 322 121 146 294 174 339 132 120 142 37 269 321 299 340 233 135 88 249 35 161 235 68 58 34 386 231 289 366 267 228 44 130 52 72 303 357 319 266 141 86 92 199 156 94 230 311 374 11 36 397 350 4 314 193 182 172 13 19 226 221 242 96 80 38 0,33 106 174 200 303 311 394
PFG_MOEA,1072,4,759.34,4800.0,0 378 83 155 103 18 190 251 175 99 315 346 372 301 167 21 139 291 265 390 234 0,
PFG_MOEA,1072,5,759.34,4800.0,0 179 391 271 39 30 272 268 46 54 93 398 227 213 232 0,391
PFG_MOEA,1072,6,759.34,4800.0,0 225 0,
PFG_MOEA,1072,7,759.34,4800.0,0 97 209 361 170 367 0,
PFG_MOEA,1072,8,759.34,4800.0,0 399 15 168 203 338 202 306 370 342 144 176 27 98 78 196 369 380 16 41 82 178 117 243 344 349 66 343 290 368 376 258 248 328 75 348 353 45 210 278 153 171 87 6 208 205 166 158 189 220 241 62 297 65 283 204 154 305 326 110 140 180 333 317 286 25 55 217 56 7 124 126 20 64 287 10 383 382 0,62 66 205 220 342
PFG_MOEA,1072,9,759.34,4800.0,0 2 119 128 295 40 32 276 239 122 296 332 347 138 336 222 95 101 194 147 324 275 323 363 352 277 102 223 244 211 104 310 100 282 143 79 160 50 60 257 270 379 195 5 309 280 351 237 256 274 49 198 252 236 0,
PFG_MOEA,1072,10,759.34,4800.0,0 381 23 90 12 207 307 0,
PFG_MOEA,1072,11,759.34,4800.0,0 335 187 359 313 360 214 0,
PFG_MOEA,1072,12,759.34,4800.0,0 185 118 281 26 334 298 371 0,
PFG_MOEA,1073,1,314.81,5596.11,0 12 90 128 236 252 336 276 138 222 198 49 274 256 237 351 280 309 5 290 343 313 207 0,222
PFG_MOEA,1073,2,314.81,5596.11,0 91 292 263 8 373 169 108 14 375 212 24 371 219 341 298 334 26 281 118 185 214 295 40 32 239 122 95 101 352 363 323 194 275 277 102 100 23 381 119 2 307 359 187 148 48 31 304 0,23
PFG_MOEA,1073,3,314.81,5596.11,0 260 224 71 33 127 152 191 112 165 200 129 238 330 192 0,33
PFG_MOEA,1073,4,314.81,5596.11,0 57 67 302 173 106 3 388 164 107 77 151 218 197 229 308 246 259 264 356 345 377 395 400 42 28 250 255 1 262 63 316 394 188 149 157 387 327 183 354 69 254 73 215 85 43 17 247 136 273 137 59 109 0,
PFG_MOEA,1073,5,314.81,5596.11,0 329 300 362 123 51 145 322 121 146 201 261 320 364 393 312 294 174 339 132 206 253 365 360 335 0,362 393
PFG_MOEA,1073,6,314.81,5596.11,0 61 358 181 177 288 385 240 396 245 115 392 285 331 133 293 53 163 150 9 125 47 216 89 0,
PFG_MOEA,1073,7,314.81,5596.11,0 80 13 19 226 35 161 235 58 34 386 231 289 366 267 228 44 130 52 72 318 70 184 284 74 279 159 162 389 114 355 325 384 337 111 116 76 113 81 29 131 84 105 186 134 22 0,
PFG_MOEA,1073,8,314.81,5596.11,0 38 96 242 221 172 182 397 350 311 4 314 193 230 94 156 374 36 11 92 319 357 303 266 141 86 199 68 135 88 249 233 340 299 321 269 120 142 37 301 21 139 291 167 372 346 315 99 175 251 0,182
PFG_MOEA,1073,9,314.81,5596.11,0 97 225 232 179 391 271 158 241 62 297 65 283 204 154 305 326 110 140 286 317 333 180 220 126 124 7 56 217 55 25 367 170 361 209 227 234 213 190 390 265 18 103 155 83 378 398 93 54 46 268 272 30 39 0,65 154
PFG_MOEA,1073,10,314.81,5596.11,0 399 15 16 380 41 82 178 117 243 344 349 20 189 64 166 205 208 6 87 171 153 278 210 353 258 376 368 66 287 10 383 382 0,243
PFG_MOEA,1073,11,314.81,5596.11,0 369 338 203 168 0,
PFG_MOEA,1073,12,314.81,5596.11,0 202 306 370 342 144 176 27 98 78 196 296 347 332 324 147 211 244 223 104 310 282 143 79 160 50 60 257 270 379 195 45 348 75 328 248 0,370
PFG_MOEA,1074,1,411.21,4974.5,0 12 90 381 23 32 276 239 336 138 222 198 49 274 256 237 351 280 252 236 128 119 2 0,23
PFG_MOEA,1074,2,411.21,4974.5,0 22 118 185 214 295 40 122 392 285 331 133 293 53 101 352 363 323 194 275 277 102 100 95 163 61 89 207 307 313 359 365 253 206 187 0,22 100
PFG_MOEA,1074,3,411.21,4974.5,0 115 0,
PFG_MOEA,1074,4,411.21,4974.5,0 245 396 240 385 288 177 181 358 337 384 111 116 76 113 81 29 325 355 0,
PFG_MOEA,1074,5,411.21,4974.5,0 281 26 334 298 341 134 186 131 84 114 389 105 219 371 162 159 74 279 91 24 212 375 284 14 184 318 70 292 263 8 373 169 108 72 52 130 44 386 362 201 312 67 164 107 302 173 106 261 388 197 218 151 77 273 136 137 59 109 127 57 226 19 13 80 0,77 106 284
PFG_MOEA,1074,6,411.21,4974.5,0 38 172 182 319 303 357 266 141 86 199 228 267 366 289 231 34 58 68 161 235 35 249 88 135 233 156 94 230 374 92 11 36 397 350 311 4 314 193 340 299 321 269 120 142 37 51 123 145 132 339 322 121 146 294 174 320 364 393 3 229 308 356 264 259 246 42 300 329 112 221 242 96 0,51 174 229 246 299
PFG_MOEA,1074,7,411.21,4974.5,0 399 200 165 191 152 247 255 1 262 250 28 345 377 395 400 394 188 301 372 21 167 291 139 149 157 63 316 387 327 17 43 85 215 73 254 183 354 69 265 346 315 99 175 251 190 390 18 103 155 83 378 213 234 227 398 93 224 179 232 225 97 71 33 260 148 238 129 330 192 48 31 304 0,93
PFG_MOEA,1074,8,411.21,4974.5,0 382 383 10 391 271 39 46 54 268 272 30 66 166 205 208 6 204 154 305 326 283 65 297 62 241 110 140 286 317 333 180 220 158 189 64 20 126 124 7 56 217 55 25 367 170 361 209 287 0,55 62 66 220
PFG_MOEA,1074,9,411.21,4974.5,0 380 0,
PFG_MOEA,1074,10,411.21,4974.5,0 16 369 15 0,
PFG_MOEA,1074,11,411.21,4974.5,0 168 203 178 82 41 0,178
PFG_MOEA,1074,12,411.21,4974.5,0 335 360 338 202 306 370 342 144 176 27 98 78 196 296 347 332 216 47 125 9 150 147 324 211 244 223 104 310 282 143 309 5 195 379 79 160 50 60 270 257 210 45 153 278 87 171 353 348 75 328 248 258 376 368 290 343 349 344 243 117 0,
PFG_MOEA,1075,1,312.55,5795.78,0 336 138 239 122 296 347 332 324 275 277 104 211 244 223 102 352 363 323 194 147 101 95 222 0,122 211 222 277
PFG_MOEA,1075,2,312.55,5795.78,0 335 360 207 307 313 359 187 100 310 282 143 79 160 50 60 257 270 379 195 5 309 280 351 237 256 274 49 198 252 236 381 23 90 12 214 185 118 281 26 334 298 371 72 52 130 44 386 80 0,5 307
PFG_MOEA,1075,3,312.55,5795.78,0 13 19 226 57 127 109 59 137 136 273 77 151 218 197 388 261 106 173 302 107 164 67 312 201 362 123 51 145 294 174 339 132 142 120 269 321 299 0,174
PFG_MOEA,1075,4,312.55,5795.78,0 340 233 135 88 249 35 235 161 68 58 34 231 289 366 267 228 141 266 303 357 319 86 199 156 94 0,303
PFG_MOEA,1075,5,312.55,5795.78,0 38 172 182 397 36 11 92 374 230 311 350 4 314 193 37 322 121 146 320 364 393 3 229 308 356 264 259 246 42 300 329 112 191 152 221 242 96 0,42 264
PFG_MOEA,1075,6,312.55,5795.78,0 200 165 129 0,
PFG_MOEA,1075,7,312.55,5795.78,0 304 330 395 400 394 188 301 372 21 167 291 139 149 157 63 316 387 17 43 33 71 224 260 0,
PFG_MOEA,1075,8,312.55,5795.78,0 399 247 28 250 345 377 262 1 255 327 254 73 215 85 93 179 232 225 97 148 238 192 48 31 0,93
PFG_MOEA,1075,9,312.55,5795.78,0 378 69 183 354 265 346 315 99 175 251 190 390 18 103 155 83 234 213 227 398 209 361 170 367 25 55 217 56 7 180 333 317 286 140 110 62 297 65 283 326 305 154 204 6 208 241 220 158 189 64 20 126 124 0,175
PFG_MOEA,1075,10,312.55,5795.78,0 287 382 383 10 268 272 30 66 166 205 271 39 391 53 293 133 331 285 392 115 245 396 240 385 288 177 181 358 337 384 111 116 76 113 81 29 325 355 131 84 114 389 105 341 219 0,
PFG_MOEA,1075,11,312.55,5795.78,0 91 24 212 375 14 108 169 373 8 263 292 70 318 184 284 74 279 159 162 22 134 186 89 216 47 125 9 150 163 61 365 253 206 46 54 0,
PFG_MOEA,1075,12,312.55,5795.78,0 41 82 178 117 243 344 349 343 290 368 376 258 248 328 75 171 87 153 278 210 45 353 348 2 119 128 295 40 32 276 196 78 98 27 176 144 342 370 306 202 338 203 168 369 380 16 15 0,16 87 203
PFG_MOEA,1076,1,389.39,5146.42,0 163 78 53 293 133 331 285 392 98 115 245 27 396 240 385 288 177 181 358 337 384 111 116 76 113 81 29 325 355 131 84 114 389 91 279 74 159 162 371 219 298 341 22 134 186 105 118 185 0,
PFG_MOEA,1076,2,389.39,5146.42,0 281 26 334 24 212 375 284 14 184 318 70 292 263 8 373 169 108 72 52 130 44 386 51 145 123 362 201 294 312 67 164 107 302 173 106 261 388 197 218 151 77 273 136 137 59 109 127 57 226 19 13 80 0,
PFG_MOEA,1076,3,389.39,5146.42,0 142 339 174 132 120 269 321 299 340 233 135 88 249 35 235 161 68 58 34 231 289 366 267 228 141 266 303 357 319 86 199 156 94 230 374 92 11 36 397 350 311 4 314 193 0,88
PFG_MOEA,1076,4,389.39,5146.42,0 182 172 38 0,
PFG_MOEA,1076,5,389.39,5146.42,0 37 322 121 146 320 364 393 3 229 308 356 264 259 246 42 300 329 112 152 191 165 200 221 242 96 0,152 264 329
PFG_MOEA,1076,6,389.39,5146.42,0 129 33 71 224 260 0,
PFG_MOEA,1076,7,389.39,5146.42,0 399 247 255 1 262 250 28 345 377 395 400 394 188 301 372 21 167 291 139 149 157 63 316 387 17 43 73 254 327 183 354 69 215 85 93 179 232 225 97 148 48 238 330 192 31 304 0,395
PFG_MOEA,1076,8,389.39,5146.42,0 16 15 168 203 369 380 391 271 39 268 272 30 66 166 205 208 6 204 154 305 326 283 65 297 62 241 110 140 286 317 333 180 220 158 189 64 20 126 124 7 56 217 55 25 367 170 361 209 398 227 234 213 190 251 175 99 315 346 265 390 18 103 155 83 378 54 46 287 10 383 382 41 0,7 16 20 103 272
PFG_MOEA,1076,9,389.39,5146.42,0 82 178 117 243 368 376 258 353 153 171 87 278 210 143 237 256 274 49 100 282 310 104 102 277 275 194 323 363 352 101 198 95 222 138 122 276 336 252 236 128 23 381 90 119 2 12 0,
PFG_MOEA,1076,10,389.39,5146.42,0 344 349 351 280 309 5 79 160 50 60 257 270 379 195 45 348 75 328 248 290 343 187 0,
PFG_MOEA,1076,11,389.39,5146.42,0 214 295 40 32 239 370 342 144 176 150 47 9 125 216 89 61 207 307 313 359 206 253 365 360 335 0,176
PFG_MOEA,1076,12,389.39,5146.42,0 338 202 306 196 296 347 332 324 147 211 244 223 0,
PFG_MOEA,1077,1,413.96,4915.5,0 187 206 253 365 359 313 307 207 61 12 89 2 119 128 236 252 336 138 163 222 95 198 351 280 237 256 274 49 100 102 277 275 194 323 363 352 101 53 293 133 331 285 392 122 239 276 32 40 295 23 381 90 113 81 29 76 116 111 384 337 358 181 177 288 385 240 396 245 115 22 118 185 214 0,245 381
PFG_MOEA,1077,2,413.96,4915.5,0 281 84 131 325 355 114 389 186 134 341 298 26 334 0,
PFG_MOEA,1077,3,413.96,4915.5,0 371 219 105 162 159 74 279 91 24 212 375 284 14 184 318 70 292 263 8 373 169 108 72 52 130 44 386 362 201 312 67 164 107 302 173 106 261 388 197 218 151 77 273 136 137 59 0,
PFG_MOEA,1077,4,413.96,4915.5,0 57 127 109 226 0,
PFG_MOEA,1077,5,413.96,4915.5,0 19 0,
PFG_MOEA,1077,6,413.96,4915.5,0 38 303 357 266 141 86 199 228 267 366 289 231 34 58 68 161 235 35 249 88 135 233 319 182 172 13 80 0,88
PFG_MOEA,1077,7,413.96,4915.5,0 399 397 36 11 92 156 94 230 374 350 311 4 314 193 340 299 321 269 120 142 37 51 123 145 132 339 322 121 146 294 174 320 364 393 3 229 308 356 264 259 246 42 300 329 112 191 165 200 221 242 96 0,11 340 374 393
PFG_MOEA,1077,8,413.96,4915.5,0 152 247 255 1 262 250 28 345 377 395 400 394 188 301 372 21 167 291 139 149 157 63 316 387 327 17 43 85 215 73 254 183 354 69 265 346 315 99 175 251 190 390 18 103 155 83 378 213 234 227 398 93 0,1 152 175 227
PFG_MOEA,1077,9,413.96,4915.5,0 304 31 48 192 330 238 129 148 260 391 271 39 268 272 30 66 166 205 208 6 204 154 305 326 283 65 297 62 241 110 140 286 317 333 180 220 158 189 64 20 126 124 7 56 217 55 25 367 170 361 209 71 33 97 225 232 179 224 0,55 391
PFG_MOEA,1077,10,413.96,4915.5,0 287 10 383 382 0,
PFG_MOEA,1077,11,413.96,4915.5,0 16 15 168 203 369 380 82 178 117 243 349 344 54 46 41 0,
PFG_MOEA,1077,12,413.96,4915.5,0 335 360 216 150 9 47 125 309 5 343 290 368 376 258 248 328 75 171 87 278 153 353 348 45 210 195 379 270 257 60 50 160 79 143 282 310 104 223 244 211 324 147 332 347 296 196 78 98 27 176 144 342 370 306 202 338 0,
PFG_MOEA,1078,1,320.55,5348.04,0 80 13 172 182 397 36 11 92 233 135 88 249 35 235 161 68 58 34 231 289 319 399 0,
PFG_MOEA,1078,2,320.55,5348.04,0 374 230 94 156 311 350 4 314 193 340 299 321 269 120 142 132 339 174 320 364 308 229 3 393 294 146 121 322 123 145 51 37 0,393
PFG_MOEA,1078,3,320.55,5348.04,0 96 242 221 200 165 112 329 300 191 152 247 255 1 262 42 250 28 246 259 264 356 345 377 395 400 394 188 301 372 21 167 291 139 149 157 63 316 387 327 17 43 85 215 73 254 183 354 69 265 346 315 99 175 251 190 0,215
PFG_MOEA,1078,4,320.55,5348.04,0 304 31 192 330 238 129 398 227 234 213 18 390 286 140 110 241 93 260 148 48 0,
PFG_MOEA,1078,5,320.55,5348.04,0 317 333 0,
PFG_MOEA,1078,6,320.55,5348.04,0 33 71 209 361 170 367 25 55 217 56 7 180 220 158 189 64 20 126 124 224 10 383 382 16 203 168 15 0,25
PFG_MOEA,1078,7,320.55,5348.04,0 380 369 335 360 216 150 9 47 125 309 5 195 379 270 210 45 348 353 153 278 87 171 75 328 248 258 376 368 290 343 54 46 344 349 243 117 178 82 41 0,
PFG_MOEA,1078,8,320.55,5348.04,0 338 202 306 370 342 144 176 27 98 78 196 296 347 332 147 324 211 244 223 104 310 282 143 79 160 50 60 257 6 204 154 305 326 283 62 297 65 208 205 166 66 30 272 268 0,66
PFG_MOEA,1078,9,320.55,5348.04,0 187 206 253 365 359 313 307 207 61 12 89 2 119 128 236 252 336 138 163 222 95 198 351 256 237 280 391 271 39 378 83 155 103 232 179 287 225 97 0,138 307
PFG_MOEA,1078,10,320.55,5348.04,0 22 389 114 84 131 325 355 29 81 113 76 116 111 384 337 358 181 177 288 385 240 396 245 115 392 285 331 133 293 53 101 352 363 323 194 275 277 102 100 49 274 122 239 276 32 40 295 23 381 90 214 185 281 118 0,323 331
PFG_MOEA,1078,11,320.55,5348.04,0 334 298 26 105 186 134 341 219 371 24 212 375 14 184 318 70 292 263 8 373 169 284 74 279 91 159 162 0,134
PFG_MOEA,1078,12,320.55,5348.04,0 38 19 226 57 127 109 59 137 136 273 77 151 218 197 388 261 106 173 302 107 164 67 312 201 362 366 267 228 386 44 130 52 72 108 303 357 266 141 86 199 0,106 386
PFG_MOEA,1079,1,270.73,5843.94,0 335 187 309 5 195 379 270 257 60 50 160 79 143 280 351 237 256 274 49 198 252 236 381 23 90 12 207 307 0,
PFG_MOEA,1079,2,270.73,5843.94,0 61 313 359 206 253 365 360 214 185 118 281 26 334 298 371 22 134 186 162 159 292 263 8 373 318 70 184 284 74 279 0,134 284 313 318
PFG_MOEA,1079,3,270.73,5843.94,0 91 169 108 14 375 212 24 192 330 238 129 200 165 112 191 152 127 57 109 59 137 273 136 247 17 43 85 215 33 71 224 260 148 48 31 304 0,33 200
PFG_MOEA,1079,4,270.73,5843.94,0 73 254 69 354 183 327 387 157 149 188 394 316 63 262 1 255 250 28 42 400 395 377 345 356 264 259 246 308 229 197 218 151 77 107 164 67 302 388 3 106 173 261 320 364 0,
PFG_MOEA,1079,5,270.73,5843.94,0 329 300 362 123 51 145 322 121 146 201 312 393 294 174 339 132 120 142 0,145 174
PFG_MOEA,1079,6,270.73,5843.94,0 37 269 321 299 340 219 341 105 84 131 29 81 113 76 116 111 181 358 337 384 325 355 114 389 0,341
PFG_MOEA,1079,7,270.73,5843.94,0 89 216 47 125 9 150 163 53 293 133 331 285 392 115 245 396 240 385 288 177 34 58 235 135 233 88 249 35 161 68 0,133 240
PFG_MOEA,1079,8,270.73,5843.94,0 172 182 193 314 4 350 397 36 11 374 311 230 94 156 199 92 86 319 266 141 289 231 386 366 267 228 44 130 52 72 303 357 13 19 226 221 242 96 0,141 386
PFG_MOEA,1079,9,270.73,5843.94,0 38 80 378 83 291 139 21 167 301 372 346 315 265 390 99 175 251 190 18 103 155 234 227 398 93 54 46 268 272 30 39 271 391 179 0,
PFG_MOEA,1079,10,270.73,5843.94,0 97 225 232 209 361 213 170 367 328 248 258 376 368 290 343 66 349 344 243 117 178 82 41 16 380 369 196 78 98 27 176 144 342 370 306 202 338 203 168 15 399 0,82 176 225
PFG_MOEA,1079,11,270.73,5843.94,0 287 64 166 205 75 348 353 45 210 278 153 171 87 6 208 158 189 220 241 62 297 65 283 204 154 305 326 110 140 180 333 317 286 25 55 217 56 7 124 126 20 10 0,65 126
PFG_MOEA,1079,12,270.73,5843.94,0 2 119 128 295 40 32 276 239 122 296 332 347 138 336 222 95 101 194 147 324 275 323 363 352 277 102 223 244 211 104 310 100 282 383 382 0,2
PFG_MOEA,1080,1,369.23,5154.87,0 90 295 40 32 276 239 122 222 95 101 323 363 352 102 277 275 194 53 293 133 331 285 392 115 245 396 240 385 288 177 181 358 337 384 111 116 76 113 81 29 325 131 84 355 114 389 279 74 159 162 371 219 341 22 134 186 105 298 334 26 281 118 185 214 0,40 240 245 331
PFG_MOEA,1080,2,369.23,5154.87,0 91 24 212 375 284 14 184 318 70 292 263 8 373 169 108 72 52 130 44 386 0,318
PFG_MOEA,1080,3,369.23,5154.87,0 362 201 312 67 164 107 302 173 106 261 388 197 218 151 77 273 136 0,106
PFG_MOEA,1080,4,369.23,5154.87,0 399 172 182 397 36 11 92 86 141 266 303 357 319 199 228 267 366 289 231 34 58 68 161 235 35 249 88 135 233 156 94 230 374 350 311 4 314 193 340 299 321 269 120 142 37 51 145 123 137 59 109 127 57 226 19 13 80 38 0,340
PFG_MOEA,1080,5,369.23,5154.87,0 132 339 322 0,
PFG_MOEA,1080,6,369.23,5154.87,0 96 242 221 200 165 112 191 152 329 300 121 146 294 174 320 364 393 3 229 308 259 246 264 356 345 377 395 400 42 250 28 247 255 1 262 63 157 291 167 21 372 301 188 394 139 149 316 387 327 17 43 85 215 73 254 183 354 69 265 346 315 99 0,1 200 393
PFG_MOEA,1080,7,369.23,5154.87,0 93 398 227 234 213 190 251 175 390 18 103 155 83 378 31 304 0,
PFG_MOEA,1080,8,369.23,5154.87,0 48 192 330 238 129 148 260 391 0,
PFG_MOEA,1080,9,369.23,5154.87,0 268 272 30 65 283 326 305 154 204 6 208 205 166 66 271 39 0,272
PFG_MOEA,1080,10,369.23,5154.87,0 124 126 20 64 189 158 220 241 297 62 110 140 286 317 333 180 7 56 217 55 25 367 170 361 209 71 97 33 0,
PFG_MOEA,1080,11,369.23,5154.87,0 15 16 380 369 168 203 338 202 306 370 342 144 176 27 98 78 196 296 347 332 324 147 211 244 223 210 45 348 353 153 278 87 171 75 328 248 258 376 368 290 343 54 46 224 225 232 179 287 10 383 382 41 344 349 243 117 178 82 125 9 47 150 216 360 335 0,47 87 353
PFG_MOEA,1080,12,369.23,5154.87,0 207 307 313 359 365 253 206 187 100 310 104 282 143 79 160 50 60 257 270 379 195 5 309 280 351 237 256 274 49 198 163 138 336 252 236 381 23 128 119 2 89 12 61 0,
PFG_MOEA,1081,1,337.93,5308.22,0 187 206 253 313 359 365 0,
PFG_MOEA,1081,2,337.93,5308.22,0 207 307 198 280 351 256 237 101 53 293 133 331 285 392 95 222 163 138 336 252 236 128 119 2 89 12 61 0,133 222
PFG_MOEA,1081,3,337.93,5308.22,0 323 363 352 194 275 277 102 100 49 274 122 239 276 32 40 295 23 381 90 0,
PFG_MOEA,1081,4,337.93,5308.22,0 22 115 245 396 240 385 288 177 181 358 337 384 111 116 76 113 81 29 131 84 281 118 185 214 0,
PFG_MOEA,1081,5,337.93,5308.22,0 334 26 298 371 219 341 134 186 105 355 325 114 389 162 159 74 279 91 24 212 375 284 14 184 318 70 292 263 8 373 169 108 72 52 130 44 386 362 201 312 0,284
PFG_MOEA,1081,6,337.93,5308.22,0 399 172 182 397 36 11 92 86 141 266 303 357 319 199 228 267 366 289 231 34 58 68 161 235 35 249 88 135 233 156 94 230 57 127 109 59 137 136 273 77 151 218 197 388 261 106 173 302 107 164 67 294 226 19 13 80 38 0,
PFG_MOEA,1081,7,337.93,5308.22,0 374 350 311 4 314 193 340 299 321 269 120 142 37 51 145 123 146 121 322 339 132 174 320 364 393 3 229 308 356 264 259 246 42 1 255 247 152 191 112 329 300 165 200 221 242 96 0,132 264 340 393
PFG_MOEA,1081,8,337.93,5308.22,0 28 250 262 400 395 345 377 394 188 301 372 21 167 291 139 149 157 63 316 387 327 17 43 85 215 73 254 183 354 69 265 346 315 99 175 251 190 0,
PFG_MOEA,1081,9,337.93,5308.22,0 304 192 330 238 129 378 83 155 103 18 390 213 234 227 398 140 110 241 62 297 65 283 326 305 154 204 6 208 205 166 66 93 30 272 268 39 271 391 260 148 48 31 0,65 391
PFG_MOEA,1081,10,337.93,5308.22,0 33 71 225 97 232 209 361 170 367 25 55 217 56 7 317 286 333 180 220 158 189 64 20 126 124 224 10 287 179 0,
PFG_MOEA,1081,11,337.93,5308.22,0 15 168 203 369 16 380 335 360 216 150 9 47 125 309 5 195 379 270 210 45 348 353 153 278 87 171 75 328 248 54 46 383 382 344 349 243 117 178 82 41 0,82 87 195 353
PFG_MOEA,1081,12,337.93,5308.22,0 338 202 306 370 342 144 176 27 98 78 196 296 347 332 147 324 211 244 223 104 310 282 143 79 160 50 60 257 258 376 368 290 343 0,290
PFG_MOEA,1082,1,319.42,5478.6,0 222 0,
PFG_MOEA,1082,2,319.42,5478.6,0 95 101 323 363 352 102 277 275 194 53 293 133 331 285 392 115 245 396 240 385 288 177 181 358 337 384 111 116 76 113 81 29 325 131 84 355 114 389 279 74 159 162 371 219 341 22 134 186 105 298 334 26 281 0,105
PFG_MOEA,1082,3,319.42,5478.6,0 118 91 284 184 14 375 212 24 0,375
PFG_MOEA,1082,4,319.42,5478.6,0 399 397 36 11 92 199 86 141 266 319 357 303 289 366 267 228 8 263 292 70 318 373 169 108 72 52 130 44 386 362 201 312 67 164 107 302 173 106 261 388 197 218 151 77 273 136 182 172 0,86 197 318 362
PFG_MOEA,1082,5,319.42,5478.6,0 38 80 13 19 226 57 127 109 59 137 123 145 51 132 142 120 269 321 299 37 340 193 314 4 350 311 156 233 135 88 249 35 235 161 68 58 34 231 94 230 374 0,
PFG_MOEA,1082,6,319.42,5478.6,0 96 242 200 191 112 165 322 339 174 393 3 229 364 320 294 121 146 300 329 152 221 0,200 393
PFG_MOEA,1082,7,319.42,5478.6,0 93 85 247 28 246 259 308 264 356 345 377 395 400 42 250 255 1 262 63 157 291 167 21 372 301 188 394 139 149 316 387 327 17 43 73 215 254 183 354 69 265 346 315 99 390 175 251 190 18 213 234 227 398 0,
PFG_MOEA,1082,8,319.42,5478.6,0 304 31 48 330 192 129 238 148 260 391 271 66 166 205 208 6 204 154 305 326 283 65 62 297 241 158 189 220 110 140 103 155 83 378 124 126 20 64 30 272 268 39 0,62 205 220 391
PFG_MOEA,1082,9,319.42,5478.6,0 7 180 333 286 317 56 217 55 0,
PFG_MOEA,1082,10,319.42,5478.6,0 15 16 380 369 168 203 338 202 306 370 342 144 176 27 98 78 196 296 347 332 324 147 211 244 223 210 45 348 353 153 278 87 171 75 328 248 258 376 368 290 343 54 46 209 361 170 367 25 232 179 224 225 97 71 33 0,16 353 370
PFG_MOEA,1082,11,319.42,5478.6,0 365 253 206 61 89 2 119 128 216 336 138 163 150 47 125 9 100 282 310 104 143 79 160 50 60 257 270 379 195 5 309 280 351 237 256 287 10 383 382 344 349 243 117 178 82 41 0,47 138 178 206 243
PFG_MOEA,1082,12,319.42,5478.6,0 335 187 359 313 360 207 307 198 49 274 122 239 276 32 40 295 23 381 236 252 90 12 214 185 0,
PFG_MOEA,1083,1,312.87,5623.42,0 216 98 370 342 144 176 27 78 196 296 347 332 147 324 211 244 223 104 310 282 79 160 50 379 195 5 309 143 150 47 9 125 0,
PFG_MOEA,1083,2,312.87,5623.42,0 117 243 344 349 343 290 368 376 258 248 328 75 348 353 171 87 278 153 45 210 257 60 270 237 256 274 49 198 222 138 336 239 276 32 177 181 358 337 384 111 116 76 23 381 90 12 0,290 336 353
PFG_MOEA,1083,3,312.87,5623.42,0 22 118 185 214 2 119 128 236 252 40 295 122 392 285 331 133 293 53 101 352 363 323 194 275 277 102 100 351 280 95 163 61 89 207 307 313 359 253 365 0,307
PFG_MOEA,1083,4,312.87,5623.42,0 206 187 0,
PFG_MOEA,1083,5,312.87,5623.42,0 281 26 334 298 219 371 341 134 186 105 115 245 396 240 385 288 113 81 29 325 355 131 84 114 389 162 159 74 279 91 0,341
PFG_MOEA,1083,6,312.87,5623.42,0 80 13 19 226 57 127 109 59 137 136 273 77 151 218 197 388 261 106 173 302 107 164 67 312 201 362 386 44 130 52 72 108 169 373 8 263 292 70 318 184 14 284 375 212 24 303 357 319 182 172 38 0,318 362
PFG_MOEA,1083,7,312.87,5623.42,0 266 141 86 199 228 267 366 289 231 34 58 68 161 235 35 249 88 135 233 156 94 230 374 92 0,
PFG_MOEA,1083,8,312.87,5623.42,0 399 397 36 11 350 311 4 314 193 340 299 321 269 120 142 37 51 123 145 132 339 322 121 146 294 174 320 364 393 3 229 308 356 264 259 246 42 300 329 112 191 165 200 221 242 96 0,51 145 174 264 329
PFG_MOEA,1083,9,312.87,5623.42,0 152 247 28 250 345 377 395 400 394 188 301 372 167 21 139 291 262 1 255 0,
PFG_MOEA,1083,10,312.87,5623.42,0 85 215 73 43 17 327 387 316 149 157 63 354 183 254 69 265 346 315 99 175 251 190 390 18 103 155 83 378 0,175 390
PFG_MOEA,1083,11,312.87,5623.42,0 304 31 48 192 330 129 238 148 260 383 10 224 391 271 39 46 93 398 227 234 213 179 232 225 97 71 33 382 0,
PFG_MOEA,1083,12,312.87,5623.42,0 209 361 170 367 25 55 217 56 7 124 126 20 64 189 158 220 180 333 317 286 140 110 241 62 297 65 283 326 305 154 204 6 208 205 166 66 30 272 268 54 287 178 82 41 335 360 380 369 203 338 202 306 168 15 16 0,7 166 203 361
PFG_MOEA,1084,1,759.34,4800.0,0 219 341 105 389 114 84 131 355 325 29 81 113 76 116 111 384 337 358 181 177 288 385 240 396 245 115 392 285 331 133 293 53 163 150 9 125 47 216 89 61 206 253 365 0,245
PFG_MOEA,1084,2,759.34,4800.0,0 22 134 186 162 159 279 74 284 184 318 70 292 263 8 373 169 108 14 375 212 24 91 0,318
PFG_MOEA,1084,3,759.34,4800.0,0 304 31 48 148 260 224 71 33 129 238 330 192 200 165 112 191 152 127 57 109 59 137 273 136 247 17 43 85 215 73 254 69 354 183 327 387 157 149 188 394 316 63 262 1 255 250 28 42 400 395 377 345 356 264 259 246 308 229 197 218 151 77 107 164 67 302 388 3 106 173 261 320 364 393 312 201 362 329 300 123 51 145 322 121 146 294 174 339 132 120 142 37 269 321 299 340 233 135 88 249 35 161 235 68 58 34 386 231 289 366 267 228 44 130 52 72 303 357 319 266 141 86 92 199 156 94 230 311 374 11 36 397 350 4 314 193 182 172 13 19 226 221 242 96 80 38 0,33 106 174 200 303 311 394
PFG_MOEA,1084,4,759.34,4800.0,0 378 83 155 103 18 190 251 175 99 315 346 372 301 167 21 139 291 265 390 234 0,
PFG_MOEA,1084,5,759.34,4800.0,0 179 391 271 39 30 272 268 46 54 93 398 227 213 232 0,391
PFG_MOEA,1084,6,759.34,4800.0,0 225 0,
PFG_MOEA,1084,7,759.34,4800.0,0 97 209 361 170 367 0,
PFG_MOEA,1084,8,759.34,4800.0,0 399 15 168 203 338 202 306 370 342 144 176 27 98 78 196 369 380 16 41 82 178 117 243 344 349 66 343 290 368 376 258 248 328 75 348 353 45 210 278 153 171 87 6 208 205 166 158 189 220 241 62 297 65 283 204 154 305 326 110 140 180 333 317 286 25 55 217 56 7 124 126 20 64 287 10 383 382 0,62 66 205 220 342
PFG_MOEA,1084,9,759.34,4800.0,0 2 119 128 295 40 32 276 239 122 296 332 347 138 336 222 95 101 194 147 324 275 323 363 352 277 102 223 244 211 104 310 100 282 143 79 160 50 60 257 270 379 195 5 309 280 351 237 256 274 49 198 252 236 0,
PFG_MOEA,1084,10,759.34,4800.0,0 381 23 90 12 207 307 0,
PFG_MOEA,1084,11,759.34,4800.0,0 335 187 359 313 360 214 0,
PFG_MOEA,1084,12,759.34,4800.0,0 185 118 281 26 334 298 371 0,
PFG_MOEA,1085,1,314.81,5596.11,0 12 90 128 236 252 336 276 138 222 198 49 274 256 237 351 280 309 5 290 343 313 207 0,222
PFG_MOEA,1085,2,314.81,5596.11,0 91 292 263 8 373 169 108 14 375 212 24 371 219 341 298 334 26 281 118 185 214 295 40 32 239 122 95 101 352 363 323 194 275 277 102 100 23 381 119 2 307 359 187 148 48 31 304 0,23
PFG_MOEA,1085,3,314.81,5596.11,0 260 224 71 33 127 152 191 112 165 200 129 238 330 192 0,33
PFG_MOEA,1085,4,314.81,5596.11,0 57 67 302 173 106 3 388 164 107 77 151 218 197 229 308 246 259 264 356 345 377 395 400 42 28 250 255 1 262 63 316 394 188 149 157 387 327 183 354 69 254 73 215 85 43 17 247 136 273 137 59 109 0,
PFG_MOEA,1085,5,314.81,5596.11,0 329 300 362 123 51 145 322 121 146 201 261 320 364 393 312 294 174 339 132 206 253 365 360 335 0,362 393
PFG_MOEA,1085,6,314.81,5596.11,0 61 358 181 177 288 385 240 396 245 115 392 285 331 133 293 53 163 150 9 125 47 216 89 0,
PFG_MOEA,1085,7,314.81,5596.11,0 80 13 19 226 35 161 235 58 34 386 231 289 366 267 228 44 130 52 72 318 70 184 284 74 279 159 162 389 114 355 325 384 337 111 116 76 113 81 29 131 84 105 186 134 22 0,
PFG_MOEA,1085,8,314.81,5596.11,0 38 96 242 221 172 182 397 350 311 4 314 193 230 94 156 374 36 11 92 319 357 303 266 141 86 199 68 135 88 249 233 340 299 321 269 120 142 37 301 21 139 291 167 372 346 315 99 175 251 0,182
PFG_MOEA,1085,9,314.81,5596.11,0 97 225 232 179 391 271 158 241 62 297 65 283 204 154 305 326 110 140 286 317 333 180 220 126 124 7 56 217 55 25 367 170 361 209 227 234 213 190 390 265 18 103 155 83 378 398 93 54 46 268 272 30 39 0,65 154
PFG_MOEA,1085,10,314.81,5596.11,0 399 15 16 380 41 82 178 117 243 344 349 20 189 64 166 205 208 6 87 171 153 278 210 353 258 376 368 66 287 10 383 382 0,243
PFG_MOEA,1085,11,314.81,5596.11,0 369 338 203 168 0,
PFG_MOEA,1085,12,314.81,5596.11,0 202 306 370 342 144 176 27 98 78 196 296 347 332 324 147 211 244 223 104 310 282 143 79 160 50 60 257 270 379 195 45 348 75 328 248 0,370
PFG_MOEA,1086,1,411.21,4974.5,0 12 90 381 23 32 276 239 336 138 222 198 49 274 256 237 351 280 252 236 128 119 2 0,23
PFG_MOEA,1086,2,411.21,4974.5,0 22 118 185 214 295 40 122 392 285 331 133 293 53 101 352 363 323 194 275 277 102 100 95 163 61 89 207 307 313 359 365 253 206 187 0,22 100
PFG_MOEA,1086,3,411.21,4974.5,0 115 0,
PFG_MOEA,1086,4,411.21,4974.5,0 245 396 240 385 288 177 181 358 337 384 111 116 76 113 81 29 325 355 0,
PFG_MOEA,1086,5,411.21,4974.5,0 281 26 334 298 341 134 186 131 84 114 389 105 219 371 162 159 74 279 91 24 212 375 284 14 184 318 70 292 263 8 373 169 108 72 52 130 44 386 362 201 312 67 164 107 302 173 106 261 388 197 218 151 77 273 136 137 59 109 127 57 226 19 13 80 0,77 106 284
PFG_MOEA,1086,6,411.21,4974.5,0 38 172 182 319 303 357 266 141 86 199 228 267 366 289 231 34 58 68 161 235 35 249 88 135 233 156 94 230 374 92 11 36 397 350 311 4 314 193 340 299 321 269 120 142 37 51 123 145 132 339 322 121 146 294 174 320 364 393 3 229 308 356 264 259 246 42 300 329 112 221 242 96 0,51 174 229 246 299
PFG_MOEA,1086,7,411.21,4974.5,0 399 200 165 191 152 247 255 1 262 250 28 345 377 395 400 394 188 301 372 21 167 291 139 149 157 63 316 387 327 17 43 85 215 73 254 183 354 69 265 346 315 99 175 251 190 390 18 103 155 83 378 213 234 227 398 93 224 179 232 225 97 71 33 260 148 238 129 330 192 48 31 304 0,93
PFG_MOEA,1086,8,411.21,4974.5,0 382 383 10 391 271 39 46 54 268 272 30 66 166 205 208 6 204 154 305 326 283 65 297 62 241 110 140 286 317 333 180 220 158 189 64 20 126 124 7 56 217 55 25 367 170 361 209 287 0,55 62 66 220
PFG_MOEA,1086,9,411.21,4974.5,0 380 0,
PFG_MOEA,1086,10,411.21,4974.5,0 16 369 15 0,
PFG_MOEA,1086,11,411.21,4974.5,0 168 203 178 82 41 0,178
PFG_MOEA,1086,12,411.21,4974.5,0 335 360 338 202 306 370 342 144 176 27 98 78 196 296 347 332 216 47 125 9 150 147 324 211 244 223 104 310 282 143 309 5 195 379 79 160 50 60 270 257 210 45 153 278 87 171 353 348 75 328 248 258 376 368 290 343 349 344 243 117 0,
PFG_MOEA,1087,1,312.55,5795.78,0 336 138 239 122 296 347 332 324 275 277 104 211 244 223 102 352 363 323 194 147 101 95 222 0,122 211 222 277
PFG_MOEA,1087,2,312.55,5795.78,0 335 360 207 307 313 359 187 100 310 282 143 79 160 50 60 257 270 379 195 5 309 280 351 237 256 274 49 198 252 236 381 23 90 12 214 185 118 281 26 334 298 371 72 52 130 44 386 80 0,5 307
PFG_MOEA,1087,3,312.55,5795.78,0 13 19 226 57 127 109 59 137 136 273 77 151 218 197 388 261 106 173 302 107 164 67 312 201 362 123 51 145 294 174 339 132 142 120 269 321 299 0,174
PFG_MOEA,1087,4,312.55,5795.78,0 340 233 135 88 249 35 235 161 68 58 34 231 289 366 267 228 141 266 303 357 319 86 199 156 94 0,303
PFG_MOEA,1087,5,312.55,5795.78,0 38 172 182 397 36 11 92 374 230 311 350 4 314 193 37 322 121 146 320 364 393 3 229 308 356 264 259 246 42 300 329 112 191 152 221 242 96 0,42 264
PFG_MOEA,1087,6,312.55,5795.78,0 200 165 129 0,
PFG_MOEA,1087,7,312.55,5795.78,0 304 330 395 400 394 188 301 372 21 167 291 139 149 157 63 316 387 17 43 33 71 224 260 0,
PFG_MOEA,1087,8,312.55,5795.78,0 399 247 28 250 345 377 262 1 255 327 254 73 215 85 93 179 232 225 97 148 238 192 48 31 0,93
PFG_MOEA,1087,9,312.55,5795.78,0 378 69 183 354 265 346 315 99 175 251 190 390 18 103 155 83 234 213 227 398 209 361 170 367 25 55 217 56 7 180 333 317 286 140 110 62 297 65 283 326 305 154 204 6 208 241 220 158 189 64 20 126 124 0,175
PFG_MOEA,1087,10,312.55,5795.78,0 287 382 383 10 268 272 30 66 166 205 271 39 391 53 293 133 331 285 392 115 245 396 240 385 288 177 181 358 337 384 111 116 76 113 81 29 325 355 131 84 114 389 105 341 219 0,
PFG_MOEA,1087,11,312.55,5795.78,0 91 24 212 375 14 108 169 373 8 263 292 70 318 184 284 74 279 159 162 22 134 186 89 216 47 125 9 150 163 61 365 253 206 46 54 0,
PFG_MOEA,1087,12,312.55,5795.78,0 41 82 178 117 243 344 349 343 290 368 376 258 248 328 75 171 87 153 278 210 45 353 348 2 119 128 295 40 32 276 196 78 98 27 176 144 342 370 306 202 338 203 168 369 380 16 15 0,16 87 203
PFG_MOEA,1088,1,389.39,5146.42,0 163 78 53 293 133 331 285 392 98 115 245 27 396 240 385 288 177 181 358 337 384 111 116 76 113 81 29 325 355 131 84 114 389 91 279 74 159 162 371 219 298 341 22 134 186 105 118 185 0,
PFG_MOEA,1088,2,389.39,5146.42,0 281 26 334 24 212 375 284 14 184 318 70 292 263 8 373 169 108 72 52 130 44 386 51 145 123 362 201 294 312 67 164 107 302 173 106 261 388 197 218 151 77 273 136 137 59 109 127 57 226 19 13 80 0,
PFG_MOEA,1088,3,389.39,5146.42,0 142 339 174 132 120 269 321 299 340 233 135 88 249 35 235 161 68 58 34 231 289 366 267 228 141 266 303 357 319 86 199 156 94 230 374 92 11 36 397 350 311 4 314 193 0,88
PFG_MOEA,1088,4,389.39,5146.42,0 182 172 38 0,
PFG_MOEA,1088,5,389.39,5146.42,0 37 322 121 146 320 364 393 3 229 308 356 264 259 246 42 300 329 112 152 191 165 200 221 242 96 0,152 264 329
PFG_MOEA,1088,6,389.39,5146.42,0 129 33 71 224 260 0,
PFG_MOEA,1088,7,389.39,5146.42,0 399 247 255 1 262 250 28 345 377 395 400 394 188 301 372 21 167 291 139 149 157 63 316 387 17 43 73 254 327 183 354 69 215 85 93 179 232 225 97 148 48 238 330 192 31 304 0,395
PFG_MOEA,1088,8,389.39,5146.42,0 16 15 168 203 369 380 391 271 39 268 272 30 66 166 205 208 6 204 154 305 326 283 65 297 62 241 110 140 286 317 333 180 220 158 189 64 20 126 124 7 56 217 55 25 367 170 361 209 398 227 234 213 190 251 175 99 315 346 265 390 18 103 155 83 378 54 46 287 10 383 382 41 0,7 16 20 103 272
PFG_MOEA,1088,9,389.39,5146.42,0 82 178 117 243 368 376 258 353 153 171 87 278 210 143 237 256 274 49 100 282 310 104 102 277 275 194 323 363 352 101 198 95 222 138 122 276 336 252 236 128 23 381 90 119 2 12 0,
PFG_MOEA,1088,10,389.39,5146.42,0 344 349 351 280 309 5 79 160 50 60 257 270 379 195 45 348 75 328 248 290 343 187 0,
PFG_MOEA,1088,11,389.39,5146.42,0 214 295 40 32 239 370 342 144 176 150 47 9 125 216 89 61 207 307 313 359 206 253 365 360 335 0,176
PFG_MOEA,1088,12,389.39,5146.42,0 338 202 306 196 296 347 332 324 147 211 244 223 0,
PFG_MOEA,1089,1,413.96,4915.5,0 187 206 253 365 359 313 307 207 61 12 89 2 119 128 236 252 336 138 163 222 95 198 351 280 237 256 274 49 100 102 277 275 194 323 363 352 101 53 293 133 331 285 392 122 239 276 32 40 295 23 381 90 113 81 29 76 116 111 384 337 358 181 177 288 385 240 396 245 115 22 118 185 214 0,245 381
PFG_MOEA,1089,2,413.96,4915.5,0 281 84 131 325 355 114 389 186 134 341 298 26 334 0,
PFG_MOEA,1089,3,413.96,4915.5,0 371 219 105 162 159 74 279 91 24 212 375 284 14 184 318 70 292 263 8 373 169 108 72 52 130 44 386 362 201 312 67 164 107 302 173 106 261 388 197 218 151 77 273 136 137 59 0,
PFG_MOEA,1089,4,413.96,4915.5,0 57 127 109 226 0,
PFG_MOEA,1089,5,413.96,4915.5,0 19 0,
PFG_MOEA,1089,6,413.96,4915.5,0 38 303 357 266 141 86 199 228 267 366 289 231 34 58 68 161 235 35 249 88 135 233 319 182 172 13 80 0,88
PFG_MOEA,1089,7,413.96,4915.5,0 399 397 36 11 92 156 94 230 374 350 311 4 314 193 340 299 321 269 120 142 37 51 123 145 132 339 322 121 146 294 174 320 364 393 3 229 308 356 264 259 246 42 300 329 112 191 165 200 221 242 96 0,11 340 374 393
PFG_MOEA,1089,8,413.96,4915.5,0 152 247 255 1 262 250 28 345 377 395 400 394 188 301 372 21 167 291 139 149 157 63 316 387 327 17 43 85 215 73 254 183 354 69 265 346 315 99 175 251 190 390 18 103 155 83 378 213 234 227 398 93 0,1 152 175 227
PFG_MOEA,1089,9,413.96,4915.5,0 304 31 48 192 330 238 129 148 260 391 271 39 268 272 30 66 166 205 208 6 204 154 305 326 283 65 297 62 241 110 140 286 317 333 180 220 158 189 64 20 126 124 7 56 217 55 25 367 170 361 209 71 33 97 225 232 179 224 0,55 391
PFG_MOEA,1089,10,413.96,4915.5,0 287 10 383 382 0,
PFG_MOEA,1089,11,413.96,4915.5,0 16 15 168 203 369 380 82 178 117 243 349 344 54 46 41 0,
PFG_MOEA,1089,12,413.96,4915.5,0 335 360 216 150 9 47 125 309 5 343 290 368 376 258 248 328 75 171 87 278 153 353 348 45 210 195 379 270 257 60 50 160 79 143 282 310 104 223 244 211 324 147 332 347 296 196 78 98 27 176 144 342 370 306 202 338 0,
PFG_MOEA,1090,1,320.55,5348.04,0 80 13 172 182 397 36 11 92 233 135 88 249 35 235 161 68 58 34 231 289 319 399 0,
PFG_MOEA,1090,2,320.55,5348.04,0 374 230 94 156 311 350 4 314 193 340 299 321 269 120 142 132 339 174 320 364 308 229 3 393 294 146 121 322 123 145 51 37 0,393
PFG_MOEA,1090,3,320.55,5348.04,0 96 242 221 200 165 112 329 300 191 152 247 255 1 262 42 250 28 246 259 264 356 345 377 395 400 394 188 301 372 21 167 291 139 149 157 63 316 387 327 17 43 85 215 73 254 183 354 69 265 346 315 99 175 251 190 0,215
PFG_MOEA,1090,4,320.55,5348.04,0 304 31 192 330 238 129 398 227 234 213 18 390 286 140 110 241 93 260 148 48 0,
PFG_MOEA,1090,5,320.55,5348.04,0 317 333 0,
PFG_MOEA,1090,6,320.55,5348.04,0 33 71 209 361 170 367 25 55 217 56 7 180 220 158 189 64 20 126 124 224 10 383 382 16 203 168 15 0,25
PFG_MOEA,1090,7,320.55,5348.04,0 380 369 335 360 216 150 9 47 125 309 5 195 379 270 210 45 348 353 153 278 87 171 75 328 248 258 376 368 290 343 54 46 344 349 243 117 178 82 41 0,
PFG_MOEA,1090,8,320.55,5348.04,0 338 202 306 370 342 144 176 27 98 78 196 296 347 332 147 324 211 244 223 104 310 282 143 79 160 50 60 257 6 204 154 305 326 283 62 297 65 208 205 166 66 30 272 268 0,66
PFG_MOEA,1090,9,320.55,5348.04,0 187 206 253 365 359 313 307 207 61 12 89 2 119 128 236 252 336 138 163 222 95 198 351 256 237 280 391 271 39 378 83 155 103 232 179 287 225 97 0,138 307
PFG_MOEA,1090,10,320.55,5348.04,0 22 389 114 84 131 325 355 29 81 113 76 116 111 384 337 358 181 177 288 385 240 396 245 115 392 285 331 133 293 53 101 352 363 323 194 275 277 102 100 49 274 122 239 276 32 40 295 23 381 90 214 185 281 118 0,323 331
PFG_MOEA,1090,11,320.55,5348.04,0 334 298 26 105 186 134 341 219 371 24 212 375 14 184 318 70 292 263 8 373 169 284 74 279 91 159 162 0,134
PFG_MOEA,1090,12,320.55,5348.04,0 38 19 226 57 127 109 59 137 136 273 77 151 218 197 388 261 106 173 302 107 164 67 312 201 362 366 267 228 386 44 130 52 72 108 303 357 266 141 86 199 0,106 386
PFG_MOEA,1091,1,270.73,5843.94,0 335 187 309 5 195 379 270 257 60 50 160 79 143 280 351 237 256 274 49 198 252 236 381 23 90 12 207 307 0,
PFG_MOEA,1091,2,270.73,5843.94,0 61 313 359 206 253 365 360 214 185 118 281 26 334 298 371 22 134 186 162 159 292 263 8 373 318 70 184 284 74 279 0,134 284 313 318
PFG_MOEA,1091,3,270.73,5843.94,0 91 169 108 14 375 212 24 192 330 238 129 200 165 112 191 152 127 57 109 59 137 273 136 247 17 43 85 215 33 71 224 260 148 48 31 304 0,33 200
PFG_MOEA,1091,4,270.73,5843.94,0 73 254 69 354 183 327 387 157 149 188 394 316 63 262 1 255 250 28 42 400 395 377 345 356 264 259 246 308 229 197 218 151 77 107 164 67 302 388 3 106 173 261 320 364 0,
PFG_MOEA,1091,5,270.73,5843.94,0 329 300 362 123 51 145 322 121 146 201 312 393 294 174 339 132 120 142 0,145 174
PFG_MOEA,1091,6,270.73,5843.94,0 37 269 321 299 340 219 341 105 84 131 29 81 113 76 116 111 181 358 337 384 325 355 114 389 0,341
PFG_MOEA,1091,7,270.73,5843.94,0 89 216 47 125 9 150 163 53 293 133 331 285 392 115 245 396 240 385 288 177 34 58 235 135 233 88 249 35 161 68 0,133 240
PFG_MOEA,1091,8,270.73,5843.94,0 172 182 193 314 4 350 397 36 11 374 311 230 94 156 199 92 86 319 266 141 289 231 386 366 267 228 44 130 52 72 303 357 13 19 226 221 242 96 0,141 386
PFG_MOEA,1091,9,270.73,5843.94,0 38 80 378 83 291 139 21 167 301 372 346 315 265 390 99 175 251 190 18 103 155 234 227 398 93 54 46 268 272 30 39 271 391 179 0,
PFG_MOEA,1091,10,270.73,5843.94,0 97 225 232 209 361 213 170 367 328 248 258 376 368 290 343 66 349 344 243 117 178 82 41 16 380 369 196 78 98 27 176 144 342 370 306 202 338 203 168 15 399 0,82 176 225
PFG_MOEA,1091,11,270.73,5843.94,0 287 64 166 205 75 348 353 45 210 278 153 171 87 6 208 158 189 220 241 62 297 65 283 204 154 305 326 110 140 180 333 317 286 25 55 217 56 7 124 126 20 10 0,65 126
PFG_MOEA,1091,12,270.73,5843.94,0 2 119 128 295 40 32 276 239 122 296 332 347 138 336 222 95 101 194 147 324 275 323 363 352 277 102 223 244 211 104 310 100 282 383 382 0,2
PFG_MOEA,1092,1,369.23,5154.87,0 90 295 40 32 276 239 122 222 95 101 323 363 352 102 277 275 194 53 293 133 331 285 392 115 245 396 240 385 288 177 181 358 337 384 111 116 76 113 81 29 325 131 84 355 114 389 279 74 159 162 371 219 341 22 134 186 105 298 334 26 281 118 185 214 0,40 240 245 331
PFG_MOEA,1092,2,369.23,5154.87,0 91 24 212 375 284 14 184 318 70 292 263 8 373 169 108 72 52 130 44 386 0,318
PFG_MOEA,1092,3,369.23,5154.87,0 362 201 312 67 164 107 302 173 106 261 388 197 218 151 77 273 136 0,106
PFG_MOEA,1092,4,369.23,5154.87,0 399 172 182 397 36 11 92 86 141 266 303 357 319 199 228 267 366 289 231 34 58 68 161 235 35 249 88 135 233 156 94 230 374 350 311 4 314 193 340 299 321 269 120 142 37 51 145 123 137 59 109 127 57 226 19 13 80 38 0,340
PFG_MOEA,1092,5,369.23,5154.87,0 132 339 322 0,
PFG_MOEA,1092,6,369.23,5154.87,0 96 242 221 200 165 112 191 152 329 300 121 146 294 174 320 364 393 3 229 308 259 246 264 356 345 377 395 400 42 250 28 247 255 1 262 63 157 291 167 21 372 301 188 394 139 149 316 387 327 17 43 85 215 73 254 183 354 69 265 346 315 99 0,1 200 393
PFG_MOEA,1092,7,369.23,5154.87,0 93 398 227 234 213 190 251 175 390 18 103 155 83 378 31 304 0,
PFG_MOEA,1092,8,369.23,5154.87,0 48 192 330 238 129 148 260 391 0,
PFG_MOEA,1092,9,369.23,5154.87,0 268 272 30 65 283 326 305 154 204 6 208 205 166 66 271 39 0,272
PFG_MOEA,1092,10,369.23,5154.87,0 124 126 20 64 189 158 220 241 297 62 110 140 286 317 333 180 7 56 217 55 25 367 170 361 209 71 97 33 0,
PFG_MOEA,1092,11,369.23,5154.87,0 15 16 380 369 168 203 338 202 306 370 342 144 176 27 98 78 196 296 347 332 324 147 211 244 223 210 45 348 353 153 278 87 171 75 328 248 258 376 368 290 343 54 46 224 225 232 179 287 10 383 382 41 344 349 243 117 178 82 125 9 47 150 216 360 335 0,47 87 353
PFG_MOEA,1092,12,369.23,5154.87,0 207 307 313 359 365 253 206 187 100 310 104 282 143 79 160 50 60 257 270 379 195 5 309 280 351 237 256 274 49 198 163 138 336 252 236 381 23 128 119 2 89 12 61 0,
PFG_MOEA,1093,1,337.93,5308.22,0 187 206 253 313 359 365 0,
PFG_MOEA,1093,2,337.93,5308.22,0 207 307 198 280 351 256 237 101 53 293 133 331 285 392 95 222 163 138 336 252 236 128 119 2 89 12 61 0,133 222
PFG_MOEA,1093,3,337.93,5308.22,0 323 363 352 194 275 277 102 100 49 274 122 239 276 32 40 295 23 381 90 0,
PFG_MOEA,1093,4,337.93,5308.22,0 22 115 245 396 240 385 288 177 181 358 337 384 111 116 76 113 81 29 131 84 281 118 185 214 0,
PFG_MOEA,1093,5,337.93,5308.22,0 334 26 298 371 219 341 134 186 105 355 325 114 389 162 159 74 279 91 24 212 375 284 14 184 318 70 292 263 8 373 169 108 72 52 130 44 386 362 201 312 0,284
PFG_MOEA,1093,6,337.93,5308.22,0 399 172 182 397 36 11 92 86 141 266 303 357 319 199 228 267 366 289 231 34 58 68 161 235 35 249 88 135 233 156 94 230 57 127 109 59 137 136 273 77 151 218 197 388 261 106 173 302 107 164 67 294 226 19 13 80 38 0,
PFG_MOEA,1093,7,337.93,5308.22,0 374 350 311 4 314 193 340 299 321 269 120 142 37 51 145 123 146 121 322 339 132 174 320 364 393 3 229 308 356 264 259 246 42 1 255 247 152 191 112 329 300 165 200 221 242 96 0,132 264 340 393
PFG_MOEA,1093,8,337.93,5308.22,0 28 250 262 400 395 345 377 394 188 301 372 21 167 291 139 149 157 63 316 387 327 17 43 85 215 73 254 183 354 69 265 346 315 99 175 251 190 0,
PFG_MOEA,1093,9,337.93,5308.22,0 304 192 330 238 129 378 83 155 103 18 390 213 234 227 398 140 110 241 62 297 65 283 326 305 154 204 6 208 205 166 66 93 30 272 268 39 271 391 260 148 48 31 0,65 391
PFG_MOEA,1093,10,337.93,5308.22,0 33 71 225 97 232 209 361 170 367 25 55 217 56 7 317 286 333 180 220 158 189 64 20 126 124 224 10 287 179 0,
PFG_MOEA,1093,11,337.93,5308.22,0 15 168 203 369 16 380 335 360 216 150 9 47 125 309 5 195 379 270 210 45 348 353 153 278 87 171 75 328 248 54 46 383 382 344 349 243 117 178 82 41 0,82 87 195 353
PFG_MOEA,1093,12,337.93,5308.22,0 338 202 306 370 342 144 176 27 98 78 196 296 347 332 147 324 211 244 223 104 310 282 143 79 160 50 60 257 258 376 368 290 343 0,290
PFG_MOEA,1094,1,319.42,5478.6,0 222 0,
PFG_MOEA,1094,2,319.42,5478.6,0 95 101 323 363 352 102 277 275 194 53 293 133 331 285 392 115 245 396 240 385 288 177 181 358 337 384 111 116 76 113 81 29 325 131 84 355 114 389 279 74 159 162 371 219 341 22 134 186 105 298 334 26 281 0,105
PFG_MOEA,1094,3,319.42,5478.6,0 118 91 284 184 14 375 212 24 0,375
PFG_MOEA,1094,4,319.42,5478.6,0 399 397 36 11 92 199 86 141 266 319 357 303 289 366 267 228 8 263 292 70 318 373 169 108 72 52 130 44 386 362 201 312 67 164 107 302 173 106 261 388 197 218 151 77 273 136 182 172 0,86 197 318 362
PFG_MOEA,1094,5,319.42,5478.6,0 38 80 13 19 226 57 127 109 59 137 123 145 51 132 142 120 269 321 299 37 340 193 314 4 350 311 156 233 135 88 249 35 235 161 68 58 34 231 94 230 374 0,
PFG_MOEA,1094,6,319.42,5478.6,0 96 242 200 191 112 165 322 339 174 393 3 229 364 320 294 121 146 300 329 152 221 0,200 393
PFG_MOEA,1094,7,319.42,5478.6,0 93 85 247 28 246 259 308 264 356 345 377 395 400 42 250 255 1 262 63 157 291 167 21 372 301 188 394 139 149 316 387 327 17 43 73 215 254 183 354 69 265 346 315 99 390 175 251 190 18 213 234 227 398 0,
PFG_MOEA,1094,8,319.42,5478.6,0 304 31 48 330 192 129 238 148 260 391 271 66 166 205 208 6 204 154 305 326 283 65 62 297 241 158 189 220 110 140 103 155 83 378 124 126 20 64 30 272 268 39 0,62 205 220 391
PFG_MOEA,1094,9,319.42,5478.6,0 7 180 333 286 317 56 217 55 0,
PFG_MOEA,1094,10,319.42,5478.6,0 15 16 380 369 168 203 338 202 306 370 342 144 176 27 98 78 196 296 347 332 324 147 211 244 223 210 45 348 353 153 278 87 171 75 328 248 258 376 368 290 343 54 46 209 361 170 367 25 232 179 224 225 97 71 33 0,16 353 370
PFG_MOEA,1094,11,319.42,5478.6,0 365 253 206 61 89 2 119 128 216 336 138 163 150 47 125 9 100 282 310 104 143 79 160 50 60 257 270 379 195 5 309 280 351 237 256 287 10 383 382 344 349 243 117 178 82 41 0,47 138 178 206 243
PFG_MOEA,1094,12,319.42,5478.6,0 335 187 359 313 360 207 307 198 49 274 122 239 276 32 40 295 23 381 236 252 90 12 214 185 0,
PFG_MOEA,1095,1,312.87,5623.42,0 216 98 370 342 144 176 27 78 196 296 347 332 147 324 211 244 223 104 310 282 79 160 50 379 195 5 309 143 150 47 9 125 0,
PFG_MOEA,1095,2,312.87,5623.42,0 117 243 344 349 343 290 368 376 258 248 328 75 348 353 171 87 278 153 45 210 257 60 270 237 256 274 49 198 222 138 336 239 276 32 177 181 358 337 384 111 116 76 23 381 90 12 0,290 336 353
PFG_MOEA,1095,3,312.87,5623.42,0 22 118 185 214 2 119 128 236 252 40 295 122 392 285 331 133 293 53 101 352 363 323 194 275 277 102 100 351 280 95 163 61 89 207 307 313 359 253 365 0,307
PFG_MOEA,1095,4,312.87,5623.42,0 206 187 0,
PFG_MOEA,1095,5,312.87,5623.42,0 281 26 334 298 219 371 341 134 186 105 115 245 396 240 385 288 113 81 29 325 355 131 84 114 389 162 159 74 279 91 0,341
PFG_MOEA,1095,6,312.87,5623.42,0 80 13 19 226 57 127 109 59 137 136 273 77 151 218 197 388 261 106 173 302 107 164 67 312 201 362 386 44 130 52 72 108 169 373 8 263 292 70 318 184 14 284 375 212 24 303 357 319 182 172 38 0,318 362
PFG_MOEA,1095,7,312.87,5623.42,0 266 141 86 199 228 267 366 289 231 34 58 68 161 235 35 249 88 135 233 156 94 230 374 92 0,
PFG_MOEA,1095,8,312.87,5623.42,0 399 397 36 11 350 311 4 314 193 340 299 321 269 120 142 37 51 123 145 132 339 322 121 146 294 174 320 364 393 3 229 308 356 264 259 246 42 300 329 112 191 165 200 221 242 96 0,51 145 174 264 329
PFG_MOEA,1095,9,312.87,5623.42,0 152 247 28 250 345 377 395 400 394 188 301 372 167 21 139 291 262 1 255 0,
PFG_MOEA,1095,10,312.87,5623.42,0 85 215 73 43 17 327 387 316 149 157 63 354 183 254 69 265 346 315 99 175 251 190 390 18 103 155 83 378 0,175 390
PFG_MOEA,1095,11,312.87,5623.42,0 304 31 48 192 330 129 238 148 260 383 10 224 391 271 39 46 93 398 227 234 213 179 232 225 97 71 33 382 0,
PFG_MOEA,1095,12,312.87,5623.42,0 209 361 170 367 25 55 217 56 7 124 126 20 64 189 158 220 180 333 317 286 140 110 241 62 297 65 283 326 305 154 204 6 208 205 166 66 30 272 268 54 287 178 82 41 335 360 380 369 203 338 202 306 168 15 16 0,7 166 203 361
PFG_MOEA,1096,1,759.34,4800.0,0 219 341 105 389 114 84 131 355 325 29 81 113 76 116 111 384 337 358 181 177 288 385 240 396 245 115 392 285 331 133 293 53 163 150 9 125 47 216 89 61 206 253 365 0,245
PFG_MOEA,1096,2,759.34,4800.0,0 22 134 186 162 159 279 74 284 184 318 70 292 263 8 373 169 108 14 375 212 24 91 0,318
PFG_MOEA,1096,3,759.34,4800.0,0 304 31 48 148 260 224 71 33 129 238 330 192 200 165 112 191 152 127 57 109 59 137 273 136 247 17 43 85 215 73 254 69 354 183 327 387 157 149 188 394 316 63 262 1 255 250 28 42 400 395 377 345 356 264 259 246 308 229 197 218 151 77 107 164 67 302 388 3 106 173 261 320 364 393 312 201 362 329 300 123 51 145 322 121 146 294 174 339 132 120 142 37 269 321 299 340 233 135 88 249 35 161 235 68 58 34 386 231 289 366 267 228 44 130 52 72 303 357 319 266 141 86 92 199 156 94 230 311 374 11 36 397 350 4 314 193 182 172 13 19 226 221 242 96 80 38 0,33 106 174 200 303 311 394
PFG_MOEA,1096,4,759.34,4800.0,0 378 83 155 103 18 190 251 175 99 315 346 372 301 167 21 139 291 265 390 234 0,
PFG_MOEA,1096,5,759.34,4800.0,0 179 391 271 39 30 272 268 46 54 93 398 227 213 232 0,391
PFG_MOEA,1096,6,759.34,4800.0,0 225 0,
PFG_MOEA,1096,7,759.34,4800.0,0 97 209 361 170 367 0,
PFG_MOEA,1096,8,759.34,4800.0,0 399 15 168 203 338 202 306 370 342 144 176 27 98 78 196 369 380 16 41 82 178 117 243 344 349 66 343 290 368 376 258 248 328 75 348 353 45 210 278 153 171 87 6 208 205 166 158 189 220 241 62 297 65 283 204 154 305 326 110 140 180 333 317 286 25 55 217 56 7 124 126 20 64 287 10 383 382 0,62 66 205 220 342
PFG_MOEA,1096,9,759.34,4800.0,0 2 119 128 295 40 32 276 239 122 296 332 347 138 336 222 95 101 194 147 324 275 323 363 352 277 102 223 244 211 104 310 100 282 143 79 160 50 60 257 270 379 195 5 309 280 351 237 256 274 49 198 252 236 0,
PFG_MOEA,1096,10,759.34,4800.0,0 381 23 90 12 207 307 0,
PFG_MOEA,1096,11,759.34,4800.0,0 335 187 359 313 360 214 0,
PFG_MOEA,1096,12,759.34,4800.0,0 185 118 281 26 334 298 371 0,
PFG_MOEA,1097,1,314.81,5596.11,0 12 90 128 236 252 336 276 138 222 198 49 274 256 237 351 280 309 5 290 343 313 207 0,222
PFG_MOEA,1097,2,314.81,5596.11,0 91 292 263 8 373 169 108 14 375 212 24 371 219 341 298 334 26 281 118 185 214 295 40 32 239 122 95 101 352 363 323 194 275 277 102 100 23 381 119 2 307 359 187 148 48 31 304 0,23
PFG_MOEA,1097,3,314.81,5596.11,0 260 224 71 33 127 152 191 112 165 200 129 238 330 192 0,33
PFG_MOEA,1097,4,314.81,5596.11,0 57 67 302 173 106 3 388 164 107 77 151 218 197 229 308 246 259 264 356 345 377 395 400 42 28 250 255 1 262 63 316 394 188 149 157 387 327 183 354 69 254 73 215 85 43 17 247 136 273 137 59 109 0,
PFG_MOEA,1097,5,314.81,5596.11,0 329 300 362 123 51 145 322 121 146 201 261 320 364 393 312 294 174 339 132 206 253 365 360 335 0,362 393
PFG_MOEA,1097,6,314.81,5596.11,0 61 358 181 177 288 385 240 396 245 115 392 285 331 133 293 53 163 150 9 125 47 216 89 0,
PFG_MOEA,1097,7,314.81,5596.11,0 80 13 19 226 35 161 235 58 34 386 231 289 366 267 228 44 130 52 72 318 70 184 284 74 279 159 162 389 114 355 325 384 337 111 116 76 113 81 29 131 84 105 186 134 22 0,
PFG_MOEA,1097,8,314.81,5596.11,0 38 96 242 221 172 182 397 350 311 4 314 193 230 94 156 374 36 11 92 319 357 303 266 141 86 199 68 135 88 249 233 340 299 321 269 120 142 37 301 21 139 291 167 372 346 315 99 175 251 0,182
PFG_MOEA,1097,9,314.81,5596.11,0 97 225 232 179 391 271 158 241 62 297 65 283 204 154 305 326 110 140 286 317 333 180 220 126 124 7 56 217 55 25 367 170 361 209 227 234 213 190 390 265 18 103 155 83 378 398 93 54 46 268 272 30 39 0,65 154
PFG_MOEA,1097,10,314.81,5596.11,0 399 15 16 380 41 82 178 117 243 344 349 20 189 64 166 205 208 6 87 171 153 278 210 353 258 376 368 66 287 10 383 382 0,243
PFG_MOEA,1097,11,314.81,5596.11,0 369 338 203 168 0,
PFG_MOEA,1097,12,314.81,5596.11,0 202 306 370 342 144 176 27 98 78 196 296 347 332 324 147 211 244 223 104 310 282 143 79 160 50 60 257 270 379 195 45 348 75 328 248 0,370
PFG_MOEA,1098,1,411.21,4974.5,0 12 90 381 23 32 276 239 336 138 222 198 49 274 256 237 351 280 252 236 128 119 2 0,23
PFG_MOEA,1098,2,411.21,4974.5,0 22 118 185 214 295 40 122 392 285 331 133 293 53 101 352 363 323 194 275 277 102 100 95 163 61 89 207 307 313 359 365 253 206 187 0,22 100
PFG_MOEA,1098,3,411.21,4974.5,0 115 0,
PFG_MOEA,1098,4,411.21,4974.5,0 245 396 240 385 288 177 181 358 337 384 111 116 76 113 81 29 325 355 0,
PFG_MOEA,1098,5,411.21,4974.5,0 281 26 334 298 341 134 186 131 84 114 389 105 219 371 162 159 74 279 91 24 212 375 284 14 184 318 70 292 263 8 373 169 108 72 52 130 44 386 362 201 312 67 164 107 302 173 106 261 388 197 218 151 77 273 136 137 59 109 127 57 226 19 13 80 0,77 106 284
PFG_MOEA,1098,6,411.21,4974.5,0 38 172 182 319 303 357 266 141 86 199 228 267 366 289 231 34 58 68 161 235 35 249 88 135 233 156 94 230 374 92 11 36 397 350 311 4 314 193 340 299 321 269 120 142 37 51 123 145 132 339 322 121 146 294 174 320 364 393 3 229 308 356 264 259 246 42 300 329 112 221 242 96 0,51 174 229 246 299
PFG_MOEA,1098,7,411.21,4974.5,0 399 200 165 191 152 247 255 1 262 250 28 345 377 395 400 394 188 301 372 21 167 291 139 149 157 63 316 387 327 17 43 85 215 73 254 183 354 69 265 346 315 99 175 251 190 390 18 103 155 83 378 213 234 227 398 93 224 179 232 225 97 71 33 260 148 238 129 330 192 48 31 304 0,93
PFG_MOEA,1098,8,411.21,4974.5,0 382 383 10 391 271 39 46 54 268 272 30 66 166 205 208 6 204 154 305 326 283 65 297 62 241 110 140 286 317 333 180 220 158 189 64 20 126 124 7 56 217 55 25 367 170 361 209 287 0,55 62 66 220
PFG_MOEA,1098,9,411.21,4974.5,0 380 0,
PFG_MOEA,1098,10,411.21,4974.5,0 16 369 15 0,
PFG_MOEA,1098,11,411.21,4974.5,0 168 203 178 82 41 0,178
PFG_MOEA,1098,12,411.21,4974.5,0 335 360 338 202 306 370 342 144 176 27 98 78 196 296 347 332 216 47 125 9 150 147 324 211 244 223 104 310 282 143 309 5 195 379 79 160 50 60 270 257 210 45 153 278 87 171 353 348 75 328 248 258 376 368 290 343 349 344 243 117 0,
PFG_MOEA,1099,1,312.55,5795.78,0 336 138 239 122 296 347 332 324 275 277 104 211 244 223 102 352 363 323 194 147 101 95 222 0,122 211 222 277
PFG_MOEA,1099,2,312.55,5795.78,0 335 360 207 307 313 359 187 100 310 282 143 79 160 50 60 257 270 379 195 5 309 280 351 237 256 274 49 198 252 236 381 23 90 12 214 185 118 281 26 334 298 371 72 52 130 44 386 80 0,5 307
PFG_MOEA,1099,3,312.55,5795.78,0 13 19 226 57 127 109 59 137 136 273 77 151 218 197 388 261 106 173 302 107 164 67 312 201 362 123 51 145 294 174 339 132 142 120 269 321 299 0,174
PFG_MOEA,1099,4,312.55,5795.78,0 340 233 135 88 249 35 235 161 68 58 34 231 289 366 267 228 141 266 303 357 319 86 199 156 94 0,303
PFG_MOEA,1099,5,312.55,5795.78,0 38 172 182 397 36 11 92 374 230 311 350 4 314 193 37 322 121 146 320 364 393 3 229 308 356 264 259 246 42 300 329 112 191 152 221 242 96 0,42 264
PFG_MOEA,1099,6,312.55,5795.78,0 200 165 129 0,
PFG_MOEA,1099,7,312.55,5795.78,0 304 330 395 400 394 188 301 372 21 167 291 139 149 157 63 316 387 17 43 33 71 224 260 0,
PFG_MOEA,1099,8,312.55,5795.78,0 399 247 28 250 345 377 262 1 255 327 254 73 215 85 93 179 232 225 97 148 238 192 48 31 0,93
PFG_MOEA,1099,9,312.55,5795.78,0 378 69 183 354 265 346 315 99 175 251 190 390 18 103 155 83 234 213 227 398 209 361 170 367 25 55 217 56 7 180 333 317 286 140 110 62 297 65 283 326 305 154 204 6 208 241 220 158 189 64 20 126 124 0,175
PFG_MOEA,1099,10,312.55,5795.78,0 287 382 383 10 268 272 30 66 166 205 271 39 391 53 293 133 331 285 392 115 245 396 240 385 288 177 181 358 337 384 111 116 76 113 81 29 325 355 131 84 114 389 105 341 219 0,
PFG_MOEA,1099,11,312.55,5795.78,0 91 24 212 375 14 108 169 373 8 263 292 70 318 184 284 74 279 159 162 22 134 186 89 216 47 125 9 150 163 61 365 253 206 46 54 0,
PFG_MOEA,1099,12,312.55,5795.78,0 41 82 178 117 243 344 349 343 290 368 376 258 248 328 75 171 87 153 278 210 45 353 348 2 119 128 295 40 32 276 196 78 98 27 176 144 342 370 306 202 338 203 168 369 380 16 15 0,16 87 203
PFG_MOEA,1100,1,389.39,5146.42,0 163 78 53 293 133 331 285 392 98 115 245 27 396 240 385 288 177 181 358 337 384 111 116 76 113 81 29 325 355 131 84 114 389 91 279 74 159 162 371 219 298 341 22 134 186 105 118 185 0,
PFG_MOEA,1100,2,389.39,5146.42,0 281 26 334 24 212 375 284 14 184 318 70 292 263 8 373 169 108 72 52 130 44 386 51 145 123 362 201 294 312 67 164 107 302 173 106 261 388 197 218 151 77 273 136 137 59 109 127 57 226 19 13 80 0,
PFG_MOEA,1100,3,389.39,5146.42,0 142 339 174 132 120 269 321 299 340 233 135 88 249 35 235 161 68 58 34 231 289 366 267 228 141 266 303 357 319 86 199 156 94 230 374 92 11 36 397 350 311 4 314 193 0,88
PFG_MOEA,1100,4,389.39,5146.42,0 182 172 38 0,
PFG_MOEA,1100,5,389.39,5146.42,0 37 322 121 146 320 364 393 3 229 308 356 264 259 246 42 300 329 112 152 191 165 200 221 242 96 0,152 264 329
PFG_MOEA,1100,6,389.39,5146.42,0 129 33 71 224 260 0,
PFG_MOEA,1100,7,389.39,5146.42,0 399 247 255 1 262 250 28 345 377 395 400 394 188 301 372 21 167 291 139 149 157 63 316 387 17 43 73 254 327 183 354 69 215 85 93 179 232 225 97 148 48 238 330 192 31 304 0,395
PFG_MOEA,1100,8,389.39,5146.42,0 16 15 168 203 369 380 391 271 39 268 272 30 66 166 205 208 6 204 154 305 326 283 65 297 62 241 110 140 286 317 333 180 220 158 189 64 20 126 124 7 56 217 55 25 367 170 361 209 398 227 234 213 190 251 175 99 315 346 265 390 18 103 155 83 378 54 46 287 10 383 382 41 0,7 16 20 103 272
PFG_MOEA,1100,9,389.39,5146.42,0 82 178 117 243 368 376 258 353 153 171 87 278 210 143 237 256 274 49 100 282 310 104 102 277 275 194 323 363 352 101 198 95 222 138 122 276 336 252 236 128 23 381 90 119 2 12 0,
PFG_MOEA,1100,10,389.39,5146.42,0 344 349 351 280 309 5 79 160 50 60 257 270 379 195 45 348 75 328 248 290 343 187 0,
PFG_MOEA,1100,11,389.39,5146.42,0 214 295 40 32 239 370 342 144 176 150 47 9 125 216 89 61 207 307 313 359 206 253 365 360 335 0,176
PFG_MOEA,1100,12,389.39,5146.42,0 338 202 306 196 296 347 332 324 147 211 244 223 0,
PFG_MOEA,1101,1,413.96,4915.5,0 187 206 253 365 359 313 307 207 61 12 89 2 119 128 236 252 336 138 163 222 95 198 351 280 237 256 274 49 100 102 277 275 194 323 363 352 101 53 293 133 331 285 392 122 239 276 32 40 295 23 381 90 113 81 29 76 116 111 384 337 358 181 177 288 385 240 396 245 115 22 118 185 214 0,245 381
PFG_MOEA,1101,2,413.96,4915.5,0 281 84 131 325 355 114 389 186 134 341 298 26 334 0,
PFG_MOEA,1101,3,413.96,4915.5,0 371 219 105 162 159 74 279 91 24 212 375 284 14 184 318 70 292 263 8 373 169 108 72 52 130 44 386 362 201 312 67 164 107 302 173 106 261 388 197 218 151 77 273 136 137 59 0,
PFG_MOEA,1101,4,413.96,4915.5,0 57 127 109 226 0,
PFG_MOEA,1101,5,413.96,4915.5,0 19 0,
PFG_MOEA,1101,6,413.96,4915.5,0 38 303 357 266 141 86 199 228 267 366 289 231 34 58 68 161 235 35 249 88 135 233 319 182 172 13 80 0,88
PFG_MOEA,1101,7,413.96,4915.5,0 399 397 36 11 92 156 94 230 374 350 311 4 314 193 340 299 321 269 120 142 37 51 123 145 132 339 322 121 146 294 174 320 364 393 3 229 308 356 264 259 246 42 300 329 112 191 165 200 221 242 96 0,11 340 374 393
PFG_MOEA,1101,8,413.96,4915.5,0 152 247 255 1 262 250 28 345 377 395 400 394 188 301 372 21 167 291 139 149 157 63 316 387 327 17 43 85 215 73 254 183 354 69 265 346 315 99 175 251 190 390 18 103 155 83 378 213 234 227 398 93 0,1 152 175 227
PFG_MOEA,1101,9,413.96,4915.5,0 304 31 48 192 330 238 129 148 260 391 271 39 268 272 30 66 166 205 208 6 204 154 305 326 283 65 297 62 241 110 140 286 317 333 180 220 158 189 64 20 126 124 7 56 217 55 25 367 170 361 209 71 33 97 225 232 179 224 0,55 391
PFG_MOEA,1101,10,413.96,4915.5,0 287 10 383 382 0,
PFG_MOEA,1101,11,413.96,4915.5,0 16 15 168 203 369 380 82 178 117 243 349 344 54 46 41 0,
PFG_MOEA,1101,12,413.96,4915.5,0 335 360 216 150 9 47 125 309 5 343 290 368 376 258 248 328 75 171 87 278 153 353 348 45 210 195 379 270 257 60 50 160 79 143 282 310 104 223 244 211 324 147 332 347 296 196 78 98 27 176 144 342 370 306 202 338 0,
PFG_MOEA,1102,1,320.55,5348.04,0 80 13 172 182 397 36 11 92 233 135 88 249 35 235 161 68 58 34 231 289 319 399 0,
PFG_MOEA,1102,2,320.55,5348.04,0 374 230 94 156 311 350 4 314 193 340 299 321 269 120 142 132 339 174 320 364 308 229 3 393 294 146 121 322 123 145 51 37 0,393
PFG_MOEA,1102,3,320.55,5348.04,0 96 242 221 200 165 112 329 300 191 152 247 255 1 262 42 250 28 246 259 264 356 345 377 395 400 394 188 301 372 21 167 291 139 149 157 63 316 387 327 17 43 85 215 73 254 183 354 69 265 346 315 99 175 251 190 0,215
PFG_MOEA,1102,4,320.55,5348.04,0 304 31 192 330 238 129 398 227 234 213 18 390 286 140 110 241 93 260 148 48 0,
PFG_MOEA,1102,5,320.55,5348.04,0 317 333 0,
PFG_MOEA,1102,6,320.55,5348.04,0 33 71 209 361 170 367 25 55 217 56 7 180 220 158 189 64 20 126 124 224 10 383 382 16 203 168 15 0,25
PFG_MOEA,1102,7,320.55,5348.04,0 380 369 335 360 216 150 9 47 125 309 5 195 379 270 210 45 348 353 153 278 87 171 75 328 248 258 376 368 290 343 54 46 344 349 243 117 178 82 41 0,
PFG_MOEA,1102,8,320.55,5348.04,0 338 202 306 370 342 144 176 27 98 78 196 296 347 332 147 324 211 244 223 104 310 282 143 79 160 50 60 257 6 204 154 305 326 283 62 297 65 208 205 166 66 30 272 268 0,66
PFG_MOEA,1102,9,320.55,5348.04,0 187 206 253 365 359 313 307 207 61 12 89 2 119 128 236 252 336 138 163 222 95 198 351 256 237 280 391 271 39 378 83 155 103 232 179 287 225 97 0,138 307
PFG_MOEA,1102,10,320.55,5348.04,0 22 389 114 84 131 325 355 29 81 113 76 116 111 384 337 358 181 177 288 385 240 396 245 115 392 285 331 133 293 53 101 352 363 323 194 275 277 102 100 49 274 122 239 276 32 40 295 23 381 90 214 185 281 118 0,323 331
PFG_MOEA,1102,11,320.55,5348.04,0 334 298 26 105 186 134 341 219 371 24 212 375 14 184 318 70 292 263 8 373 169 284 74 279 91 159 162 0,134
PFG_MOEA,1102,12,320.55,5348.04,0 38 19 226 57 127 109 59 137 136 273 77 151 218 197 388 261 106 173 302 107 164 67 312 201 362 366 267 228 386 44 130 52 72 108 303 357 266 141 86 199 0,106 386
PFG_MOEA,1103,1,270.73,5843.94,0 335 187 309 5 195 379 270 257 60 50 160 79 143 280 351 237 256 274 49 198 252 236 381 23 90 12 207 307 0,
PFG_MOEA,1103,2,270.73,5843.94,0 61 313 359 206 253 365 360 214 185 118 281 26 334 298 371 22 134 186 162 159 292 263 8 373 318 70 184 284 74 279 0,134 284 313 318
PFG_MOEA,1103,3,270.73,5843.94,0 91 169 108 14 375 212 24 192 330 238 129 200 165 112 191 152 127 57 109 59 137 273 136 247 17 43 85 215 33 71 224 260 148 48 31 304 0,33 200
PFG_MOEA,1103,4,270.73,5843.94,0 73 254 69 354 183 327 387 157 149 188 394 316 63 262 1 255 250 28 42 400 395 377 345 356 264 259 246 308 229 197 218 151 77 107 164 67 302 388 3 106 173 261 320 364 0,
PFG_MOEA,1103,5,270.73,5843.94,0 329 300 362 123 51 145 322 121 146 201 312 393 294 174 339 132 120 142 0,145 174
PFG_MOEA,1103,6,270.73,5843.94,0 37 269 321 299 340 219 341 105 84 131 29 81 113 76 116 111 181 358 337 384 325 355 114 389 0,341
PFG_MOEA,1103,7,270.73,5843.94,0 89 216 47 125 9 150 163 53 293 133 331 285 392 115 245 396 240 385 288 177 34 58 235 135 233 88 249 35 161 68 0,133 240
PFG_MOEA,1103,8,270.73,5843.94,0 172 182 193 314 4 350 397 36 11 374 311 230 94 156 199 92 86 319 266 141 289 231 386 366 267 228 44 130 52 72 303 357 13 19 226 221 242 96 0,141 386
PFG_MOEA,1103,9,270.73,5843.94,0 38 80 378 83 291 139 21 167 301 372 346 315 265 390 99 175 251 190 18 103 155 234 227 398 93 54 46 268 272 30 39 271 391 179 0,
PFG_MOEA,1103,10,270.73,5843.94,0 97 225 232 209 361 213 170 367 328 248 258 376 368 290 343 66 349 344 243 117 178 82 41 16 380 369 196 78 98 27 176 144 342 370 306 202 338 203 168 15 399 0,82 176 225
PFG_MOEA,1103,11,270.73,5843.94,0 287 64 166 205 75 348 353 45 210 278 153 171 87 6 208 158 189 220 241 62 297 65 283 204 154 305 326 110 140 180 333 317 286 25 55 217 56 7 124 126 20 10 0,65 126
PFG_MOEA,1103,12,270.73,5843.94,0 2 119 128 295 40 32 276 239 122 296 332 347 138 336 222 95 101 194 147 324 275 323 363 352 277 102 223 244 211 104 310 100 282 383 382 0,2
PFG_MOEA,1104,1,369.23,5154.87,0 90 295 40 32 276 239 122 222 95 101 323 363 352 102 277 275 194 53 293 133 331 285 392 115 245 396 240 385 288 177 181 358 337 384 111 116 76 113 81 29 325 131 84 355 114 389 279 74 159 162 371 219 341 22 134 186 105 298 334 26 281 118 185 214 0,40 240 245 331
PFG_MOEA,1104,2,369.23,5154.87,0 91 24 212 375 284 14 184 318 70 292 263 8 373 169 108 72 52 130 44 386 0,318
PFG_MOEA,1104,3,369.23,5154.87,0 362 201 312 67 164 107 302 173 106 261 388 197 218 151 77 273 136 0,106
PFG_MOEA,1104,4,369.23,5154.87,0 399 172 182 397 36 11 92 86 141 266 303 357 319 199 228 267 366 289 231 34 58 68 161 235 35 249 88 135 233 156 94 230 374 350 311 4 314 193 340 299 321 269 120 142 37 51 145 123 137 59 109 127 57 226 19 13 80 38 0,340
PFG_MOEA,1104,5,369.23,5154.87,0 132 339 322 0,
PFG_MOEA,1104,6,369.23,5154.87,0 96 242 221 200 165 112 191 152 329 300 121 146 294 174 320 364 393 3 229 308 259 246 264 356 345 377 395 400 42 250 28 247 255 1 262 63 157 291 167 21 372 301 188 394 139 149 316 387 327 17 43 85 215 73 254 183 354 69 265 346 315 99 0,1 200 393
PFG_MOEA,1104,7,369.23,5154.87,0 93 398 227 234 213 190 251 175 390 18 103 155 83 378 31 304 0,
PFG_MOEA,1104,8,369.23,5154.87,0 48 192 330 238 129 148 260 391 0,
PFG_MOEA,1104,9,369.23,5154.87,0 268 272 30 65 283 326 305 154 204 6 208 205 166 66 271 39 0,272
PFG_MOEA,1104,10,369.23,5154.87,0 124 126 20 64 189 158 220 241 297 62 110 140 286 317 333 180 7 56 217 55 25 367 170 361 209 71 97 33 0,
PFG_MOEA,1104,11,369.23,5154.87,0 15 16 380 369 168 203 338 202 306 370 342 144 176 27 98 78 196 296 347 332 324 147 211 244 223 210 45 348 353 153 278 87 171 75 328 248 258 376 368 290 343 54 46 224 225 232 179 287 10 383 382 41 344 349 243 117 178 82 125 9 47 150 216 360 335 0,47 87 353
PFG_MOEA,1104,12,369.23,5154.87,0 207 307 313 359 365 253 206 187 100 310 104 282 143 79 160 50 60 257 270 379 195 5 309 280 351 237 256 274 49 198 163 138 336 252 236 381 23 128 119 2 89 12 61 0,
PFG_MOEA,1105,1,337.93,5308.22,0 187 206 253 313 359 365 0,
PFG_MOEA,1105,2,337.93,5308.22,0 207 307 198 280 351 256 237 101 53 293 133 331 285 392 95 222 163 138 336 252 236 128 119 2 89 12 61 0,133 222
PFG_MOEA,1105,3,337.93,5308.22,0 323 363 352 194 275 277 102 100 49 274 122 239 276 32 40 295 23 381 90 0,
PFG_MOEA,1105,4,337.93,5308.22,0 22 115 245 396 240 385 288 177 181 358 337 384 111 116 76 113 81 29 131 84 281 118 185 214 0,
PFG_MOEA,1105,5,337.93,5308.22,0 334 26 298 371 219 341 134 186 105 355 325 114 389 162 159 74 279 91 24 212 375 284 14 184 318 70 292 263 8 373 169 108 72 52 130 44 386 362 201 312 0,284
PFG_MOEA,1105,6,337.93,5308.22,0 399 172 182 397 36 11 92 86 141 266 303 357 319 199 228 267 366 289 231 34 58 68 161 235 35 249 88 135 233 156 94 230 57 127 109 59 137 136 273 77 151 218 197 388 261 106 173 302 107 164 67 294 226 19 13 80 38 0,
PFG_MOEA,1105,7,337.93,5308.22,0 374 350 311 4 314 193 340 299 321 269 120 142 37 51 145 123 146 121 322 339 132 174 320 364 393 3 229 308 356 264 259 246 42 1 255 247 152 191 112 329 300 165 200 221 242 96 0,132 264 340 393
PFG_MOEA,1105,8,337.93,5308.22,0 28 250 262 400 395 345 377 394 188 301 372 21 167 291 139 149 157 63 316 387 327 17 43 85 215 73 254 183 354 69 265 346 315 99 175 251 190 0,
PFG_MOEA,1105,9,337.93,5308.22,0 304 192 330 238 129 378 83 155 103 18 390 213 234 227 398 140 110 241 62 297 65 283 326 305 154 204 6 208 205 166 66 93 30 272 268 39 271 391 260 148 48 31 0,65 391
PFG_MOEA,1105,10,337.93,5308.22,0 33 71 225 97 232 209 361 170 367 25 55 217 56 7 317 286 333 180 220 158 189 64 20 126 124 224 10 287 179 0,
PFG_MOEA,1105,11,337.93,5308.22,0 15 168 203 369 16 380 335 360 216 150 9 47 125 309 5 195 379 270 210 45 348 353 153 278 87 171 75 328 248 54 46 383 382 344 349 243 117 178 82 41 0,82 87 195 353
PFG_MOEA,1105,12,337.93,5308.22,0 338 202 306 370 342 144 176 27 98 78 196 296 347 332 147 324 211 244 223 104 310 282 143 79 160 50 60 257 258 376 368 290 343 0,290
PFG_MOEA,1106,1,319.42,5478.6,0 222 0,
PFG_MOEA,1106,2,319.42,5478.6,0 95 101 323 363 352 102 277 275 194 53 293 133 331 285 392 115 245 396 240 385 288 177 181 358 337 384 111 116 76 113 81 29 325 131 84 355 114 389 279 74 159 162 371 219 341 22 134 186 105 298 334 26 281 0,105
PFG_MOEA,1106,3,319.42,5478.6,0 118 91 284 184 14 375 212 24 0,375
PFG_MOEA,1106,4,319.42,5478.6,0 399 397 36 11 92 199 86 141 266 319 357 303 289 366 267 228 8 263 292 70 318 373 169 108 72 52 130 44 386 362 201 312 67 164 107 302 173 106 261 388 197 218 151 77 273 136 182 172 0,86 197 318 362
PFG_MOEA,1106,5,319.42,5478.6,0 38 80 13 19 226 57 127 109 59 137 123 145 51 132 142 120 269 321 299 37 340 193 314 4 350 311 156 233 135 88 249 35 235 161 68 58 34 231 94 230 374 0,
PFG_MOEA,1106,6,319.42,5478.6,0 96 242 200 191 112 165 322 339 174 393 3 229 364 320 294 121 146 300 329 152 221 0,200 393
PFG_MOEA,1106,7,319.42,5478.6,0 93 85 247 28 246 259 308 264 356 345 377 395 400 42 250 255 1 262 63 157 291 167 21 372 301 188 394 139 149 316 387 327 17 43 73 215 254 183 354 69 265 346 315 99 390 175 251 190 18 213 234 227 398 0,
PFG_MOEA,1106,8,319.42,5478.6,0 304 31 48 330 192 129 238 148 260 391 271 66 166 205 208 6 204 154 305 326 283 65 62 297 241 158 189 220 110 140 103 155 83 378 124 126 20 64 30 272 268 39 0,62 205 220 391
PFG_MOEA,1106,9,319.42,5478.6,0 7 180 333 286 317 56 217 55 0,
PFG_MOEA,1106,10,319.42,5478.6,0 15 16 380 369 168 203 338 202 306 370 342 144 176 27 98 78 196 296 347 332 324 147 211 244 223 210 45 348 353 153 278 87 171 75 328 248 258 376 368 290 343 54 46 209 361 170 367 25 232 179 224 225 97 71 33 0,16 353 370
PFG_MOEA,1106,11,319.42,5478.6,0 365 253 206 61 89 2 119 128 216 336 138 163 150 47 125 9 100 282 310 104 143 79 160 50 60 257 270 379 195 5 309 280 351 237 256 287 10 383 382 344 349 243 117 178 82 41 0,47 138 178 206 243
PFG_MOEA,1106,12,319.42,5478.6,0 335 187 359 313 360 207 307 198 49 274 122 239 276 32 40 295 23 381 236 252 90 12 214 185 0,
PFG_MOEA,1107,1,312.87,5623.42,0 216 98 370 342 144 176 27 78 196 296 347 332 147 324 211 244 223 104 310 282 79 160 50 379 195 5 309 143 150 47 9 125 0,
PFG_MOEA,1107,2,312.87,5623.42,0 117 243 344 349 343 290 368 376 258 248 328 75 348 353 171 87 278 153 45 210 257 60 270 237 256 274 49 198 222 138 336 239 276 32 177 181 358 337 384 111 116 76 23 381 90 12 0,290 336 353
PFG_MOEA,1107,3,312.87,5623.42,0 22 118 185 214 2 119 128 236 252 40 295 122 392 285 331 133 293 53 101 352 363 323 194 275 277 102 100 351 280 95 163 61 89 207 307 313 359 253 365 0,307
PFG_MOEA,1107,4,312.87,5623.42,0 206 187 0,
PFG_MOEA,1107,5,312.87,5623.42,0 281 26 334 298 219 371 341 134 186 105 115 245 396 240 385 288 113 81 29 325 355 131 84 114 389 162 159 74 279 91 0,341
PFG_MOEA,1107,6,312.87,5623.42,0 80 13 19 226 57 127 109 59 137 136 273 77 151 218 197 388 261 106 173 302 107 164 67 312 201 362 386 44 130 52 72 108 169 373 8 263 292 70 318 184 14 284 375 212 24 303 357 319 182 172 38 0,318 362
PFG_MOEA,1107,7,312.87,5623.42,0 266 141 86 199 228 267 366 289 231 34 58 68 161 235 35 249 88 135 233 156 94 230 374 92 0,
PFG_MOEA,1107,8,312.87,5623.42,0 399 397 36 11 350 311 4 314 193 340 299 321 269 120 142 37 51 123 145 132 339 322 121 146 294 174 320 364 393 3 229 308 356 264 259 246 42 300 329 112 191 165 200 221 242 96 0,51 145 174 264 329
PFG_MOEA,1107,9,312.87,5623.42,0 152 247 28 250 345 377 395 400 394 188 301 372 167 21 139 291 262 1 255 0,
PFG_MOEA,1107,10,312.87,5623.42,0 85 215 73 43 17 327 387 316 149 157 63 354 183 254 69 265 346 315 99 175 251 190 390 18 103 155 83 378 0,175 390
PFG_MOEA,1107,11,312.87,5623.42,0 304 31 48 192 330 129 238 148 260 383 10 224 391 271 39 46 93 398 227 234 213 179 232 225 97 71 33 382 0,
PFG_MOEA,1107,12,312.87,5623.42,0 209 361 170 367 25 55 217 56 7 124 126 20 64 189 158 220 180 333 317 286 140 110 241 62 297 65 283 326 305 154 204 6 208 205 166 66 30 272 268 54 287 178 82 41 335 360 380 369 203 338 202 306 168 15 16 0,7 166 203 361
PFG_MOEA,1108,1,759.34,4800.0,0 219 341 105 389 114 84 131 355 325 29 81 113 76 116 111 384 337 358 181 177 288 385 240 396 245 115 392 285 331 133 293 53 163 150 9 125 47 216 89 61 206 253 365 0,245
PFG_MOEA,1108,2,759.34,4800.0,0 22 134 186 162 159 279 74 284 184 318 70 292 263 8 373 169 108 14 375 212 24 91 0,318
PFG_MOEA,1108,3,759.34,4800.0,0 304 31 48 148 260 224 71 33 129 238 330 192 200 165 112 191 152 127 57 109 59 137 273 136 247 17 43 85 215 73 254 69 354 183 327 387 157 149 188 394 316 63 262 1 255 250 28 42 400 395 377 345 356 264 259 246 308 229 197 218 151 77 107 164 67 302 388 3 106 173 261 320 364 393 312 201 362 329 300 123 51 145 322 121 146 294 174 339 132 120 142 37 269 321 299 340 233 135 88 249 35 161 235 68 58 34 386 231 289 366 267 228 44 130 52 72 303 357 319 266 141 86 92 199 156 94 230 311 374 11 36 397 350 4 314 193 182 172 13 19 226 221 242 96 80 38 0,33 106 174 200 303 311 394
PFG_MOEA,1108,4,759.34,4800.0,0 378 83 155 103 18 190 251 175 99 315 346 372 301 167 21 139 291 265 390 234 0,
PFG_MOEA,1108,5,759.34,4800.0,0 179 391 271 39 30 272 268 46 54 93 398 227 213 232 0,391
PFG_MOEA,1108,6,759.34,4800.0,0 225 0,
PFG_MOEA,1108,7,759.34,4800.0,0 97 209 361 170 367 0,
PFG_MOEA,1108,8,759.34,4800.0,0 399 15 168 203 338 202 306 370 342 144 176 27 98 78 196 369 380 16 41 82 178 117 243 344 349 66 343 290 368 376 258 248 328 75 348 353 45 210 278 153 171 87 6 208 205 166 158 189 220 241 62 297 65 283 204 154 305 326 110 140 180 333 317 286 25 55 217 56 7 124 126 20 64 287 10 383 382 0,62 66 205 220 342
PFG_MOEA,1108,9,759.34,4800.0,0 2 119 128 295 40 32 276 239 122 296 332 347 138 336 222 95 101 194 147 324 275 323 363 352 277 102 223 244 211 104 310 100 282 143 79 160 50 60 257 270 379 195 5 309 280 351 237 256 274 49 198 252 236 0,
PFG_MOEA,1108,10,759.34,4800.0,0 381 23 90 12 207 307 0,
PFG_MOEA,1108,11,759.34,4800.0,0 335 187 359 313 360 214 0,
PFG_MOEA,1108,12,759.34,4800.0,0 185 118 281 26 334 298 371 0,
PFG_MOEA,1109,1,314.81,5596.11,0 12 90 128 236 252 336 276 138 222 198 49 274 256 237 351 280 309 5 290 343 313 207 0,222
PFG_MOEA,1109,2,314.81,5596.11,0 91 292 263 8 373 169 108 14 375 212 24 371 219 341 298 334 26 281 118 185 214 295 40 32 239 122 95 101 352 363 323 194 275 277 102 100 23 381 119 2 307 359 187 148 48 31 304 0,23
PFG_MOEA,1109,3,314.81,5596.11,0 260 224 71 33 127 152 191 112 165 200 129 238 330 192 0,33
PFG_MOEA,1109,4,314.81,5596.11,0 57 67 302 173 106 3 388 164 107 77 151 218 197 229 308 246 259 264 356 345 377 395 400 42 28 250 255 1 262 63 316 394 188 149 157 387 327 183 354 69 254 73 215 85 43 17 247 136 273 137 59 109 0,
PFG_MOEA,1109,5,314.81,5596.11,0 329 300 362 123 51 145 322 121 146 201 261 320 364 393 312 294 174 339 132 206 253 365 360 335 0,362 393
PFG_MOEA,1109,6,314.81,5596.11,0 61 358 181 177 288 385 240 396 245 115 392 285 331 133 293 53 163 150 9 125 47 216 89 0,
PFG_MOEA,1109,7,314.81,5596.11,0 80 13 19 226 35 161 235 58 34 386 231 289 366 267 228 44 130 52 72 318 70 184 284 74 279 159 162 389 114 355 325 384 337 111 116 76 113 81 29 131 84 105 186 134 22 0,
PFG_MOEA,1109,8,314.81,5596.11,0 38 96 242 221 172 182 397 350 311 4 314 193 230 94 156 374 36 11 92 319 357 303 266 141 86 199 68 135 88 249 233 340 299 321 269 120 142 37 301 21 139 291 167 372 346 315 99 175 251 0,182
PFG_MOEA,1109,9,314.81,5596.11,0 97 225 232 179 391 271 158 241 62 297 65 283 204 154 305 326 110 140 286 317 333 180 220 126 124 7 56 217 55 25 367 170 361 209 227 234 213 190 390 265 18 103 155 83 378 398 93 54 46 268 272 30 39 0,65 154
PFG_MOEA,1109,10,314.81,5596.11,0 399 15 16 380 41 82 178 117 243 344 349 20 189 64 166 205 208 6 87 171 153 278 210 353 258 376 368 66 287 10 383 382 0,243
PFG_MOEA,1109,11,314.81,5596.11,0 369 338 203 168 0,
PFG_MOEA,1109,12,314.81,5596.11,0 202 306 370 342 144 176 27 98 78 196 296 347 332 324 147 211 244 223 104 310 282 143 79 160 50 60 257 270 379 195 45 348 75 328 248 0,370
PFG_MOEA,1110,1,411.21,4974.5,0 12 90 381 23 32 276 239 336 138 222 198 49 274 256 237 351 280 252 236 128 119 2 0,23
PFG_MOEA,1110,2,411.21,4974.5,0 22 118 185 214 295 40 122 392 285 331 133 293 53 101 352 363 323 194 275 277 102 100 95 163 61 89 207 307 313 359 365 253 206 187 0,22 100
PFG_MOEA,1110,3,411.21,4974.5,0 115 0,
PFG_MOEA,1110,4,411.21,4974.5,0 245 396 240 385 288 177 181 358 337 384 111 116 76 113 81 29 325 355 0,
PFG_MOEA,1110,5,411.21,4974.5,0 281 26 334 298 341 134 186 131 84 114 389 105 219 371 162 159 74 279 91 24 212 375 284 14 184 318 70 292 263 8 373 169 108 72 52 130 44 386 362 201 312 67 164 107 302 173 106 261 388 197 218 151 77 273 136 137 59 109 127 57 226 19 13 80 0,77 106 284
PFG_MOEA,1110,6,411.21,4974.5,0 38 172 182 319 303 357 266 141 86 199 228 267 366 289 231 34 58 68 161 235 35 249 88 135 233 156 94 230 374 92 11 36 397 350 311 4 314 193 340 299 321 269 120 142 37 51 123 145 132 339 322 121 146 294 174 320 364 393 3 229 308 356 264 259 246 42 300 329 112 221 242 96 0,51 174 229 246 299
PFG_MOEA,1110,7,411.21,4974.5,0 399 200 165 191 152 247 255 1 262 250 28 345 377 395 400 394 188 301 372 21 167 291 139 149 157 63 316 387 327 17 43 85 215 73 254 183 354 69 265 346 315 99 175 251 190 390 18 103 155 83 378 213 234 227 398 93 224 179 232 225 97 71 33 260 148 238 129 330 192 48 31 304 0,93
PFG_MOEA,1110,8,411.21,4974.5,0 382 383 10 391 271 39 46 54 268 272 30 66 166 205 208 6 204 154 305 326 283 65 297 62 241 110 140 286 317 333 180 220 158 189 64 20 126 124 7 56 217 55 25 367 170 361 209 287 0,55 62 66 220
PFG_MOEA,1110,9,411.21,4974.5,0 380 0,
PFG_MOEA,1110,10,411.21,4974.5,0 16 369 15 0,
PFG_MOEA,1110,11,411.21,4974.5,0 168 203 178 82 41 0,178
PFG_MOEA,1110,12,411.21,4974.5,0 335 360 338 202 306 370 342 144 176 27 98 78 196 296 347 332 216 47 125 9 150 147 324 211 244 223 104 310 282 143 309 5 195 379 79 160 50 60 270 257 210 45 153 278 87 171 353 348 75 328 248 258 376 368 290 343 349 344 243 117 0,
PFG_MOEA,1111,1,312.55,5795.78,0 336 138 239 122 296 347 332 324 275 277 104 211 244 223 102 352 363 323 194 147 101 95 222 0,122 211 222 277
PFG_MOEA,1111,2,312.55,5795.78,0 335 360 207 307 313 359 187 100 310 282 143 79 160 50 60 257 270 379 195 5 309 280 351 237 256 274 49 198 252 236 381 23 90 12 214 185 118 281 26 334 298 371 72 52 130 44 386 80 0,5 307
PFG_MOEA,1111,3,312.55,5795.78,0 13 19 226 57 127 109 59 137 136 273 77 151 218 197 388 261 106 173 302 107 164 67 312 201 362 123 51 145 294 174 339 132 142 120 269 321 299 0,174
PFG_MOEA,1111,4,312.55,5795.78,0 340 233 135 88 249 35 235 161 68 58 34 231 289 366 267 228 141 266 303 357 319 86 199 156 94 0,303
PFG_MOEA,1111,5,312.55,5795.78,0 38 172 182 397 36 11 92 374 230 311 350 4 314 193 37 322 121 146 320 364 393 3 229 308 356 264 259 246 42 300 329 112 191 152 221 242 96 0,42 264
PFG_MOEA,1111,6,312.55,5795.78,0 200 165 129 0,
PFG_MOEA,1111,7,312.55,5795.78,0 304 330 395 400 394 188 301 372 21 167 291 139 149 157 63 316 387 17 43 33 71 224 260 0,
PFG_MOEA,1111,8,312.55,5795.78,0 399 247 28 250 345 377 262 1 255 327 254 73 215 85 93 179 232 225 97 148 238 192 48 31 0,93
PFG_MOEA,1111,9,312.55,5795.78,0 378 69 183 354 265 346 315 99 175 251 190 390 18 103 155 83 234 213 227 398 209 361 170 367 25 55 217 56 7 180 333 317 286 140 110 62 297 65 283 326 305 154 204 6 208 241 220 158 189 64 20 126 124 0,175
PFG_MOEA,1111,10,312.55,5795.78,0 287 382 383 10 268 272 30 66 166 205 271 39 391 53 293 133 331 285 392 115 245 396 240 385 288 177 181 358 337 384 111 116 76 113 81 29 325 355 131 84 114 389 105 341 219 0,
PFG_MOEA,1111,11,312.55,5795.78,0 91 24 212 375 14 108 169 373 8 263 292 70 318 184 284 74 279 159 162 22 134 186 89 216 47 125 9 150 163 61 365 253 206 46 54 0,
PFG_MOEA,1111,12,312.55,5795.78,0 41 82 178 117 243 344 349 343 290 368 376 258 248 328 75 171 87 153 278 210 45 353 348 2 119 128 295 40 32 276 196 78 98 27 176 144 342 370 306 202 338 203 168 369 380 16 15 0,16 87 203
PFG_MOEA,1112,1,389.39,5146.42,0 163 78 53 293 133 331 285 392 98 115 245 27 396 240 385 288 177 181 358 337 384 111 116 76 113 81 29 325 355 131 84 114 389 91 279 74 159 162 371 219 298 341 22 134 186 105 118 185 0,
PFG_MOEA,1112,2,389.39,5146.42,0 281 26 334 24 212 375 284 14 184 318 70 292 263 8 373 169 108 72 52 130 44 386 51 145 123 362 201 294 312 67 164 107 302 173 106 261 388 197 218 151 77 273 136 137 59 109 127 57 226 19 13 80 0,
PFG_MOEA,1112,3,389.39,5146.42,0 142 339 174 132 120 269 321 299 340 233 135 88 249 35 235 161 68 58 34 231 289 366 267 228 141 266 303 357 319 86 199 156 94 230 374 92 11 36 397 350 311 4 314 193 0,88
PFG_MOEA,1112,4,389.39,5146.42,0 182 172 38 0,
PFG_MOEA,1112,5,389.39,5146.42,0 37 322 121 146 320 364 393 3 229 308 356 264 259 246 42 300 329 112 152 191 165 200 221 242 96 0,152 264 329
PFG_MOEA,1112,6,389.39,5146.42,0 129 33 71 224 260 0,
PFG_MOEA,1112,7,389.39,5146.42,0 399 247 255 1 262 250 28 345 377 395 400 394 188 301 372 21 167 291 139 149 157 63 316 387 17 43 73 254 327 183 354 69 215 85 93 179 232 225 97 148 48 238 330 192 31 304 0,395
PFG_MOEA,1112,8,389.39,5146.42,0 16 15 168 203 369 380 391 271 39 268 272 30 66 166 205 208 6 204 154 305 326 283 65 297 62 241 110 140 286 317 333 180 220 158 189 64 20 126 124 7 56 217 55 25 367 170 361 209 398 227 234 213 190 251 175 99 315 346 265 390 18 103 155 83 378 54 46 287 10 383 382 41 0,7 16 20 103 272
PFG_MOEA,1112,9,389.39,5146.42,0 82 178 117 243 368 376 258 353 153 171 87 278 210 143 237 256 274 49 100 282 310 104 102 277 275 194 323 363 352 101 198 95 222 138 122 276 336 252 236 128 23 381 90 119 2 12 0,
PFG_MOEA,1112,10,389.39,5146.42,0 344 349 351 280 309 5 79 160 50 60 257 270 379 195 45 348 75 328 248 290 343 187 0,
PFG_MOEA,1112,11,389.39,5146.42,0 214 295 40 32 239 370 342 144 176 150 47 9 125 216 89 61 207 307 313 359 206 253 365 360 335 0,176
PFG_MOEA,1112,12,389.39,5146.42,0 338 202 306 196 296 347 332 324 147 211 244 223 0,
PFG_MOEA,1113,1,413.96,4915.5,0 187 206 253 365 359 313 307 207 61 12 89 2 119 128 236 252 336 138 163 222 95 198 351 280 237 256 274 49 100 102 277 275 194 323 363 352 101 53 293 133 331 285 392 122 239 276 32 40 295 23 381 90 113 81 29 76 116 111 384 337 358 181 177 288 385 240 396 245 115 22 118 185 214 0,245 381
PFG_MOEA,1113,2,413.96,4915.5,0 281 84 131 325 355 114 389 186 134 341 298 26 334 0,
PFG_MOEA,1113,3,413.96,4915.5,0 371 219 105 162 159 74 279 91 24 212 375 284 14 184 318 70 292 263 8 373 169 108 72 52 130 44 386 362 201 312 67 164 107 302 173 106 261 388 197 218 151 77 273 136 137 59 0,
PFG_MOEA,1113,4,413.96,4915.5,0 57 127 109 226 0,
PFG_MOEA,1113,5,413.96,4915.5,0 19 0,
PFG_MOEA,1113,6,413.96,4915.5,0 38 303 357 266 141 86 199 228 267 366 289 231 34 58 68 161 235 35 249 88 135 233 319 182 172 13 80 0,88
PFG_MOEA,1113,7,413.96,4915.5,0 399 397 36 11 92 156 94 230 374 350 311 4 314 193 340 299 321 269 120 142 37 51 123 145 132 339 322 121 146 294 174 320 364 393 3 229 308 356 264 259 246 42 300 329 112 191 165 200 221 242 96 0,11 340 374 393
PFG_MOEA,1113,8,413.96,4915.5,0 152 247 255 1 262 250 28 345 377 395 400 394 188 301 372 21 167 291 139 149 157 63 316 387 327 17 43 85 215 73 254 183 354 69 265 346 315 99 175 251 190 390 18 103 155 83 378 213 234 227 398 93 0,1 152 175 227
PFG_MOEA,1113,9,413.96,4915.5,0 304 31 48 192 330 238 129 148 260 391 271 39 268 272 30 66 166 205 208 6 204 154 305 326 283 65 297 62 241 110 140 286 317 333 180 220 158 189 64 20 126 124 7 56 217 55 25 367 170 361 209 71 33 97 225 232 179 224 0,55 391
PFG_MOEA,1113,10,413.96,4915.5,0 287 10 383 382 0,
PFG_MOEA,1113,11,413.96,4915.5,0 16 15 168 203 369 380 82 178 117 243 349 344 54 46 41 0,
PFG_MOEA,1113,12,413.96,4915.5,0 335 360 216 150 9 47 125 309 5 343 290 368 376 258 248 328 75 171 87 278 153 353 348 45 210 195 379 270 257 60 50 160 79 143 282 310 104 223 244 211 324 147 332 347 296 196 78 98 27 176 144 342 370 306 202 338 0,
PFG_MOEA,1114,1,320.55,5348.04,0 80 13 172 182 397 36 11 92 233 135 88 249 35 235 161 68 58 34 231 289 319 399 0,
PFG_MOEA,1114,2,320.55,5348.04,0 374 230 94 156 311 350 4 314 193 340 299 321 269 120 142 132 339 174 320 364 308 229 3 393 294 146 121 322 123 145 51 37 0,393
PFG_MOEA,1114,3,320.55,5348.04,0 96 242 221 200 165 112 329 300 191 152 247 255 1 262 42 250 28 246 259 264 356 345 377 395 400 394 188 301 372 21 167 291 139 149 157 63 316 387 327 17 43 85 215 73 254 183 354 69 265 346 315 99 175 251 190 0,215
PFG_MOEA,1114,4,320.55,5348.04,0 304 31 192 330 238 129 398 227 234 213 18 390 286 140 110 241 93 260 148 48 0,
PFG_MOEA,1114,5,320.55,5348.04,0 317 333 0,
PFG_MOEA,1114,6,320.55,5348.04,0 33 71 209 361 170 367 25 55 217 56 7 180 220 158 189 64 20 126 124 224 10 383 382 16 203 168 15 0,25
PFG_MOEA,1114,7,320.55,5348.04,0 380 369 335 360 216 150 9 47 125 309 5 195 379 270 210 45 348 353 153 278 87 171 75 328 248 258 376 368 290 343 54 46 344 349 243 117 178 82 41 0,
PFG_MOEA,1114,8,320.55,5348.04,0 338 202 306 370 342 144 176 27 98 78 196 296 347 332 147 324 211 244 223 104 310 282 143 79 160 50 60 257 6 204 154 305 326 283 62 297 65 208 205 166 66 30 272 268 0,66
PFG_MOEA,1114,9,320.55,5348.04,0 187 206 253 365 359 313 307 207 61 12 89 2 119 128 236 252 336 138 163 222 95 198 351 256 237 280 391 271 39 378 83 155 103 232 179 287 225 97 0,138 307
PFG_MOEA,1114,10,320.55,5348.04,0 22 389 114 84 131 325 355 29 81 113 76 116 111 384 337 358 181 177 288 385 240 396 245 115 392 285 331 133 293 53 101 352 363 323 194 275 277 102 100 49 274 122 239 276 32 40 295 23 381 90 214 185 281 118 0,323 331
PFG_MOEA,1114,11,320.55,5348.04,0 334 298 26 105 186 134 341 219 371 24 212 375 14 184 318 70 292 263 8 373 169 284 74 279 91 159 162 0,134
PFG_MOEA,1114,12,320.55,5348.04,0 38 19 226 57 127 109 59 137 136 273 77 151 218 197 388 261 106 173 302 107 164 67 312 201 362 366 267 228 386 44 130 52 72 108 303 357 266 141 86 199 0,106 386
PFG_MOEA,1115,1,270.73,5843.94,0 335 187 309 5 195 379 270 257 60 50 160 79 143 280 351 237 256 274 49 198 252 236 381 23 90 12 207 307 0,
PFG_MOEA,1115,2,270.73,5843.94,0 61 313 359 206 253 365 360 214 185 118 281 26 334 298 371 22 134 186 162 159 292 263 8 373 318 70 184 284 74 279 0,134 284 313 318
PFG_MOEA,1115,3,270.73,5843.94,0 91 169 108 14 375 212 24 192 330 238 129 200 165 112 191 152 127 57 109 59 137 273 136 247 17 43 85 215 33 71 224 260 148 48 31 304 0,33 200
PFG_MOEA,1115,4,270.73,5843.94,0 73 254 69 354 183 327 387 157 149 188 394 316 63 262 1 255 250 28 42 400 395 377 345 356 264 259 246 308 229 197 218 151 77 107 164 67 302 388 3 106 173 261 320 364 0,
PFG_MOEA,1115,5,270.73,5843.94,0 329 300 362 123 51 145 322 121 146 201 312 393 294 174 339 132 120 142 0,145 174
PFG_MOEA,1115,6,270.73,5843.94,0 37 269 321 299 340 219 341 105 84 131 29 81 113 76 116 111 181 358 337 384 325 355 114 389 0,341
PFG_MOEA,1115,7,270.73,5843.94,0 89 216 47 125 9 150 163 53 293 133 331 285 392 115 245 396 240 385 288 177 34 58 235 135 233 88 249 35 161 68 0,133 240
PFG_MOEA,1115,8,270.73,5843.94,0 172 182 193 314 4 350 397 36 11 374 311 230 94 156 199 92 86 319 266 141 289 231 386 366 267 228 44 130 52 72 303 357 13 19 226 221 242 96 0,141 386
PFG_MOEA,1115,9,270.73,5843.94,0 38 80 378 83 291 139 21 167 301 372 346 315 265 390 99 175 251 190 18 103 155 234 227 398 93 54 46 268 272 30 39 271 391 179 0,
PFG_MOEA,1115,10,270.73,5843.94,0 97 225 232 209 361 213 170 367 328 248 258 376 368 290 343 66 349 344 243 117 178 82 41 16 380 369 196 78 98 27 176 144 342 370 306 202 338 203 168 15 399 0,82 176 225
PFG_MOEA,1115,11,270.73,5843.94,0 287 64 166 205 75 348 353 45 210 278 153 171 87 6 208 158 189 220 241 62 297 65 283 204 154 305 326 110 140 180 333 317 286 25 55 217 56 7 124 126 20 10 0,65 126
PFG_MOEA,1115,12,270.73,5843.94,0 2 119 128 295 40 32 276 239 122 296 332 347 138 336 222 95 101 194 147 324 275 323 363 352 277 102 223 244 211 104 310 100 282 383 382 0,2
PFG_MOEA,1116,1,369.23,5154.87,0 90 295 40 32 276 239 122 222 95 101 323 363 352 102 277 275 194 53 293 133 331 285 392 115 245 396 240 385 288 177 181 358 337 384 111 116 76 113 81 29 325 131 84 355 114 389 279 74 159 162 371 219 341 22 134 186 105 298 334 26 281 118 185 214 0,40 240 245 331
PFG_MOEA,1116,2,369.23,5154.87,0 91 24 212 375 284 14 184 318 70 292 263 8 373 169 108 72 52 130 44 386 0,318
PFG_MOEA,1116,3,369.23,5154.87,0 362 201 312 67 164 107 302 173 106 261 388 197 218 151 77 273 136 0,106
PFG_MOEA,1116,4,369.23,5154.87,0 399 172 182 397 36 11 92 86 141 266 303 357 319 199 228 267 366 289 231 34 58 68 161 235 35 249 88 135 233 156 94 230 374 350 311 4 314 193 340 299 321 269 120 142 37 51 145 123 137 59 109 127 57 226 19 13 80 38 0,340
PFG_MOEA,1116,5,369.23,5154.87,0 132 339 322 0,
PFG_MOEA,1116,6,369.23,5154.87,0 96 242 221 200 165 112 191 152 329 300 121 146 294 174 320 364 393 3 229 308 259 246 264 356 345 377 395 400 42 250 28 247 255 1 262 63 157 291 167 21 372 301 188 394 139 149 316 387 327 17 43 85 215 73 254 183 354 69 265 346 315 99 0,1 200 393
PFG_MOEA,1116,7,369.23,5154.87,0 93 398 227 234 213 190 251 175 390 18 103 155 83 378 31 304 0,
PFG_MOEA,1116,8,369.23,5154.87,0 48 192 330 238 129 148 260 391 0,
PFG_MOEA,1116,9,369.23,5154.87,0 268 272 30 65 283 326 305 154 204 6 208 205 166 66 271 39 0,272
PFG_MOEA,1116,10,369.23,5154.87,0 124 126 20 64 189 158 220 241 297 62 110 140 286 317 333 180 7 56 217 55 25 367 170 361 209 71 97 33 0,
PFG_MOEA,1116,11,369.23,5154.87,0 15 16 380 369 168 203 338 202 306 370 342 144 176 27 98 78 196 296 347 332 324 147 211 244 223 210 45 348 353 153 278 87 171 75 328 248 258 376 368 290 343 54 46 224 225 232 179 287 10 383 382 41 344 349 243 117 178 82 125 9 47 150 216 360 335 0,47 87 353
PFG_MOEA,1116,12,369.23,5154.87,0 207 307 313 359 365 253 206 187 100 310 104 282 143 79 160 50 60 257 270 379 195 5 309 280 351 237 256 274 49 198 163 138 336 252 236 381 23 128 119 2 89 12 61 0,
PFG_MOEA,1117,1,337.93,5308.22,0 187 206 253 313 359 365 0,
PFG_MOEA,1117,2,337.93,5308.22,0 207 307 198 280 351 256 237 101 53 293 133 331 285 392 95 222 163 138 336 252 236 128 119 2 89 12 61 0,133 222
PFG_MOEA,1117,3,337.93,5308.22,0 323 363 352 194 275 277 102 100 49 274 122 239 276 32 40 295 23 381 90 0,
PFG_MOEA,1117,4,337.93,5308.22,0 22 115 245 396 240 385 288 177 181 358 337 384 111 116 76 113 81 29 131 84 281 118 185 214 0,
PFG_MOEA,1117,5,337.93,5308.22,0 334 26 298 371 219 341 134 186 105 355 325 114 389 162 159 74 279 91 24 212 375 284 14 184 318 70 292 263 8 373 169 108 72 52 130 44 386 362 201 312 0,284
PFG_MOEA,1117,6,337.93,5308.22,0 399 172 182 397 36 11 92 86 141 266 303 357 319 199 228 267 366 289 231 34 58 68 161 235 35 249 88 135 233 156 94 230 57 127 109 59 137 136 273 77 151 218 197 388 261 106 173 302 107 164 67 294 226 19 13 80 38 0,
PFG_MOEA,1117,7,337.93,5308.22,0 374 350 311 4 314 193 340 299 321 269 120 142 37 51 145 123 146 121 322 339 132 174 320 364 393 3 229 308 356 264 259 246 42 1 255 247 152 191 112 329 300 165 200 221 242 96 0,132 264 340 393
PFG_MOEA,1117,8,337.93,5308.22,0 28 250 262 400 395 345 377 394 188 301 372 21 167 291 139 149 157 63 316 387 327 17 43 85 215 73 254 183 354 69 265 346 315 99 175 251 190 0,
PFG_MOEA,1117,9,337.93,5308.22,0 304 192 330 238 129 378 83 155 103 18 390 213 234 227 398 140 110 241 62 297 65 283 326 305 154 204 6 208 205 166 66 93 30 272 268 39 271 391 260 148 48 31 0,65 391
PFG_MOEA,1117,10,337.93,5308.22,0 33 71 225 97 232 209 361 170 367 25 55 217 56 7 317 286 333 180 220 158 189 64 20 126 124 224 10 287 179 0,
PFG_MOEA,1117,11,337.93,5308.22,0 15 168 203 369 16 380 335 360 216 150 9 47 125 309 5 195 379 270 210 45 348 353 153 278 87 171 75 328 248 54 46 383 382 344 349 243 117 178 82 41 0,82 87 195 353
PFG_MOEA,1117,12,337.93,5308.22,0 338 202 306 370 342 144 176 27 98 78 196 296 347 332 147 324 211 244 223 104 310 282 143 79 160 50 60 257 258 376 368 290 343 0,290
PFG_MOEA,1118,1,319.42,5478.6,0 222 0,
PFG_MOEA,1118,2,319.42,5478.6,0 95 101 323 363 352 102 277 275 194 53 293 133 331 285 392 115 245 396 240 385 288 177 181 358 337 384 111 116 76 113 81 29 325 131 84 355 114 389 279 74 159 162 371 219 341 22 134 186 105 298 334 26 281 0,105
PFG_MOEA,1118,3,319.42,5478.6,0 118 91 284 184 14 375 212 24 0,375
PFG_MOEA,1118,4,319.42,5478.6,0 399 397 36 11 92 199 86 141 266 319 357 303 289 366 267 228 8 263 292 70 318 373 169 108 72 52 130 44 386 362 201 312 67 164 107 302 173 106 261 388 197 218 151 77 273 136 182 172 0,86 197 318 362
PFG_MOEA,1118,5,319.42,5478.6,0 38 80 13 19 226 57 127 109 59 137 123 145 51 132 142 120 269 321 299 37 340 193 314 4 350 311 156 233 135 88 249 35 235 161 68 58 34 231 94 230 374 0,
PFG_MOEA,1118,6,319.42,5478.6,0 96 242 200 191 112 165 322 339 174 393 3 229 364 320 294 121 146 300 329 152 221 0,200 393
PFG_MOEA,1118,7,319.42,5478.6,0 93 85 247 28 246 259 308 264 356 345 377 395 400 42 250 255 1 262 63 157 291 167 21 372 301 188 394 139 149 316 387 327 17 43 73 215 254 183 354 69 265 346 315 99 390 175 251 190 18 213 234 227 398 0,
PFG_MOEA,1118,8,319.42,5478.6,0 304 31 48 330 192 129 238 148 260 391 271 66 166 205 208 6 204 154 305 326 283 65 62 297 241 158 189 220 110 140 103 155 83 378 124 126 20 64 30 272 268 39 0,62 205 220 391
PFG_MOEA,1118,9,319.42,5478.6,0 7 180 333 286 317 56 217 55 0,
PFG_MOEA,1118,10,319.42,5478.6,0 15 16 380 369 168 203 338 202 306 370 342 144 176 27 98 78 196 296 347 332 324 147 211 244 223 210 45 348 353 153 278 87 171 75 328 248 258 376 368 290 343 54 46 209 361 170 367 25 232 179 224 225 97 71 33 0,16 353 370
PFG_MOEA,1118,11,319.42,5478.6,0 365 253 206 61 89 2 119 128 216 336 138 163 150 47 125 9 100 282 310 104 143 79 160 50 60 257 270 379 195 5 309 280 351 237 256 287 10 383 382 344 349 243 117 178 82 41 0,47 138 178 206 243
PFG_MOEA,1118,12,319.42,5478.6,0 335 187 359 313 360 207 307 198 49 274 122 239 276 32 40 295 23 381 236 252 90 12 214 185 0,
PFG_MOEA,1119,1,312.87,5623.42,0 216 98 370 342 144 176 27 78 196 296 347 332 147 324 211 244 223 104 310 282 79 160 50 379 195 5 309 143 150 47 9 125 0,
PFG_MOEA,1119,2,312.87,5623.42,0 117 243 344 349 343 290 368 376 258 248 328 75 348 353 171 87 278 153 45 210 257 60 270 237 256 274 49 198 222 138 336 239 276 32 177 181 358 337 384 111 116 76 23 381 90 12 0,290 336 353
PFG_MOEA,1119,3,312.87,5623.42,0 22 118 185 214 2 119 128 236 252 40 295 122 392 285 331 133 293 53 101 352 363 323 194 275 277 102 100 351 280 95 163 61 89 207 307 313 359 253 365 0,307
PFG_MOEA,1119,4,312.87,5623.42,0 206 187 0,
PFG_MOEA,1119,5,312.87,5623.42,0 281 26 334 298 219 371 341 134 186 105 115 245 396 240 385 288 113 81 29 325 355 131 84 114 389 162 159 74 279 91 0,341
PFG_MOEA,1119,6,312.87,5623.42,0 80 13 19 226 57 127 109 59 137 136 273 77 151 218 197 388 261 106 173 302 107 164 67 312 201 362 386 44 130 52 72 108 169 373 8 263 292 70 318 184 14 284 375 212 24 303 357 319 182 172 38 0,318 362
PFG_MOEA,1119,7,312.87,5623.42,0 266 141 86 199 228 267 366 289 231 34 58 68 161 235 35 249 88 135 233 156 94 230 374 92 0,
PFG_MOEA,1119,8,312.87,5623.42,0 399 397 36 11 350 311 4 314 193 340 299 321 269 120 142 37 51 123 145 132 339 322 121 146 294 174 320 364 393 3 229 308 356 264 259 246 42 300 329 112 191 165 200 221 242 96 0,51 145 174 264 329
PFG_MOEA,1119,9,312.87,5623.42,0 152 247 28 250 345 377 395 400 394 188 301 372 167 21 139 291 262 1 255 0,
PFG_MOEA,1119,10,312.87,5623.42,0 85 215 73 43 17 327 387 316 149 157 63 354 183 254 69 265 346 315 99 175 251 190 390 18 103 155 83 378 0,175 390
PFG_MOEA,1119,11,312.87,5623.42,0 304 31 48 192 330 129 238 148 260 383 10 224 391 271 39 46 93 398 227 234 213 179 232 225 97 71 33 382 0,
PFG_MOEA,1119,12,312.87,5623.42,0 209 361 170 367 25 55 217 56 7 124 126 20 64 189 158 220 180 333 317 286 140 110 241 62 297 65 283 326 305 154 204 6 208 205 166 66 30 272 268 54 287 178 82 41 335 360 380 369 203 338 202 306 168 15 16 0,7 166 203 361
PFG_MOEA,1120,1,759.34,4800.0,0 219 341 105 389 114 84 131 355 325 29 81 113 76 116 111 384 337 358 181 177 288 385 240 396 245 115 392 285 331 133 293 53 163 150 9 125 47 216 89 61 206 253 365 0,245
PFG_MOEA,1120,2,759.34,4800.0,0 22 134 186 162 159 279 74 284 184 318 70 292 263 8 373 169 108 14 375 212 24 91 0,318
PFG_MOEA,1120,3,759.34,4800.0,0 304 31 48 148 260 224 71 33 129 238 330 192 200 165 112 191 152 127 57 109 59 137 273 136 247 17 43 85 215 73 254 69 354 183 327 387 157 149 188 394 316 63 262 1 255 250 28 42 400 395 377 345 356 264 259 246 308 229 197 218 151 77 107 164 67 302 388 3 106 173 261 320 364 393 312 201 362 329 300 123 51 145 322 121 146 294 174 339 132 120 142 37 269 321 299 340 233 135 88 249 35 161 235 68 58 34 386 231 289 366 267 228 44 130 52 72 303 357 319 266 141 86 92 199 156 94 230 311 374 11 36 397 350 4 314 193 182 172 13 19 226 221 242 96 80 38 0,33 106 174 200 303 311 394
PFG_MOEA,1120,4,759.34,4800.0,0 378 83 155 103 18 190 251 175 99 315 346 372 301 167 21 139 291 265 390 234 0,
PFG_MOEA,1120,5,759.34,4800.0,0 179 391 271 39 30 272 268 46 54 93 398 227 213 232 0,391
PFG_MOEA,1120,6,759.34,4800.0,0 225 0,
PFG_MOEA,1120,7,759.34,4800.0,0 97 209 361 170 367 0,
PFG_MOEA,1120,8,759.34,4800.0,0 399 15 168 203 338 202 306 370 342 144 176 27 98 78 196 369 380 16 41 82 178 117 243 344 349 66 343 290 368 376 258 248 328 75 348 353 45 210 278 153 171 87 6 208 205 166 158 189 220 241 62 297 65 283 204 154 305 326 110 140 180 333 317 286 25 55 217 56 7 124 126 20 64 287 10 383 382 0,62 66 205 220 342
PFG_MOEA,1120,9,759.34,4800.0,0 2 119 128 295 40 32 276 239 122 296 332 347 138 336 222 95 101 194 147 324 275 323 363 352 277 102 223 244 211 104 310 100 282 143 79 160 50 60 257 270 379 195 5 309 280 351 237 256 274 49 198 252 236 0,
PFG_MOEA,1120,10,759.34,4800.0,0 381 23 90 12 207 307 0,
PFG_MOEA,1120,11,759.34,4800.0,0 335 187 359 313 360 214 0,
PFG_MOEA,1120,12,759.34,4800.0,0 185 118 281 26 334 298 371 0,
PFG_MOEA,1121,1,314.81,5596.11,0 12 90 128 236 252 336 276 138 222 198 49 274 256 237 351 280 309 5 290 343 313 207 0,222
PFG_MOEA,1121,2,314.81,5596.11,0 91 292 263 8 373 169 108 14 375 212 24 371 219 341 298 334 26 281 118 185 214 295 40 32 239 122 95 101 352 363 323 194 275 277 102 100 23 381 119 2 307 359 187 148 48 31 304 0,23
PFG_MOEA,1121,3,314.81,5596.11,0 260 224 71 33 127 152 191 112 165 200 129 238 330 192 0,33
PFG_MOEA,1121,4,314.81,5596.11,0 57 67 302 173 106 3 388 164 107 77 151 218 197 229 308 246 259 264 356 345 377 395 400 42 28 250 255 1 262 63 316 394 188 149 157 387 327 183 354 69 254 73 215 85 43 17 247 136 273 137 59 109 0,
PFG_MOEA,1121,5,314.81,5596.11,0 329 300 362 123 51 145 322 121 146 201 261 320 364 393 312 294 174 339 132 206 253 365 360 335 0,362 393
PFG_MOEA,1121,6,314.81,5596.11,0 61 358 181 177 288 385 240 396 245 115 392 285 331 133 293 53 163 150 9 125 47 216 89 0,
PFG_MOEA,1121,7,314.81,5596.11,0 80 13 19 226 35 161 235 58 34 386 231 289 366 267 228 44 130 52 72 318 70 184 284 74 279 159 162 389 114 355 325 384 337 111 116 76 113 81 29 131 84 105 186 134 22 0,
PFG_MOEA,1121,8,314.81,5596.11,0 38 96 242 221 172 182 397 350 311 4 314 193 230 94 156 374 36 11 92 319 357 303 266 141 86 199 68 135 88 249 233 340 299 321 269 120 142 37 301 21 139 291 167 372 346 315 99 175 251 0,182
PFG_MOEA,1121,9,314.81,5596.11,0 97 225 232 179 391 271 158 241 62 297 65 283 204 154 305 326 110 140 286 317 333 180 220 126 124 7 56 217 55 25 367 170 361 209 227 234 213 190 390 265 18 103 155 83 378 398 93 54 46 268 272 30 39 0,65 154
PFG_MOEA,1121,10,314.81,5596.11,0 399 15 16 380 41 82 178 117 243 344 349 20 189 64 166 205 208 6 87 171 153 278 210 353 258 376 368 66 287 10 383 382 0,243
PFG_MOEA,1121,11,314.81,5596.11,0 369 338 203 168 0,
PFG_MOEA,1121,12,314.81,5596.11,0 202 306 370 342 144 176 27 98 78 196 296 347 332 324 147 211 244 223 104 310 282 143 79 160 50 60 257 270 379 195 45 348 75 328 248 0,370
PFG_MOEA,1122,1,411.21,4974.5,0 12 90 381 23 32 276 239 336 138 222 198 49 274 256 237 351 280 252 236 128 119 2 0,23
PFG_MOEA,1122,2,411.21,4974.5,0 22 118 185 214 295 40 122 392 285 331 133 293 53 101 352 363 323 194 275 277 102 100 95 163 61 89 207 307 313 359 365 253 206 187 0,22 100
PFG_MOEA,1122,3,411.21,4974.5,0 115 0,
PFG_MOEA,1122,4,411.21,4974.5,0 245 396 240 385 288 177 181 358 337 384 111 116 76 113 81 29 325 355 0,
PFG_MOEA,1122,5,411.21,4974.5,0 281 26 334 298 341 134 186 131 84 114 389 105 219 371 162 159 74 279 91 24 212 375 284 14 184 318 70 292 263 8 373 169 108 72 52 130 44 386 362 201 312 67 164 107 302 173 106 261 388 197 218 151 77 273 136 137 59 109 127 57 226 19 13 80 0,77 106 284
PFG_MOEA,1122,6,411.21,4974.5,0 38 172 182 319 303 357 266 141 86 199 228 267 366 289 231 34 58 68 161 235 35 249 88 135 233 156 94 230 374 92 11 36 397 350 311 4 314 193 340 299 321 269 120 142 37 51 123 145 132 339 322 121 146 294 174 320 364 393 3 229 308 356 264 259 246 42 300 329 112 221 242 96 0,51 174 229 246 299
PFG_MOEA,1122,7,411.21,4974.5,0 399 200 165 191 152 247 255 1 262 250 28 345 377 395 400 394 188 301 372 21 167 291 139 149 157 63 316 387 327 17 43 85 215 73 254 183 354 69 265 346 315 99 175 251 190 390 18 103 155 83 378 213 234 227 398 93 224 179 232 225 97 71 33 260 148 238 129 330 192 48 31 304 0,93
PFG_MOEA,1122,8,411.21,4974.5,0 382 383 10 391 271 39 46 54 268 272 30 66 166 205 208 6 204 154 305 326 283 65 297 62 241 110 140 286 317 333 180 220 158 189 64 20 126 124 7 56 217 55 25 367 170 361 209 287 0,55 62 66 220
PFG_MOEA,1122,9,411.21,4974.5,0 380 0,
PFG_MOEA,1122,10,411.21,4974.5,0 16 369 15 0,
PFG_MOEA,1122,11,411.21,4974.5,0 168 203 178 82 41 0,178
PFG_MOEA,1122,12,411.21,4974.5,0 335 360 338 202 306 370 342 144 176 27 98 78 196 296 347 332 216 47 125 9 150 147 324 211 244 223 104 310 282 143 309 5 195 379 79 160 50 60 270 257 210 45 153 278 87 171 353 348 75 328 248 258 376 368 290 343 349 344 243 117 0,
PFG_MOEA,1123,1,312.55,5795.78,0 336 138 239 122 296 347 332 324 275 277 104 211 244 223 102 352 363 323 194 147 101 95 222 0,122 211 222 277
PFG_MOEA,1123,2,312.55,5795.78,0 335 360 207 307 313 359 187 100 310 282 143 79 160 50 60 257 270 379 195 5 309 280 351 237 256 274 49 198 252 236 381 23 90 12 214 185 118 281 26 334 298 371 72 52 130 44 386 80 0,5 307
PFG_MOEA,1123,3,312.55,5795.78,0 13 19 226 57 127 109 59 137 136 273 77 151 218 197 388 261 106 173 302 107 164 67 312 201 362 123 51 145 294 174 339 132 142 120 269 321 299 0,174
PFG_MOEA,1123,4,312.55,5795.78,0 340 233 135 88 249 35 235 161 68 58 34 231 289 366 267 228 141 266 303 357 319 86 199 156 94 0,303
PFG_MOEA,1123,5,312.55,5795.78,0 38 172 182 397 36 11 92 374 230 311 350 4 314 193 37 322 121 146 320 364 393 3 229 308 356 264 259 246 42 300 329 112 191 152 221 242 96 0,42 264
PFG_MOEA,1123,6,312.55,5795.78,0 200 165 129 0,
PFG_MOEA,1123,7,312.55,5795.78,0 304 330 395 400 394 188 301 372 21 167 291 139 149 157 63 316 387 17 43 33 71 224 260 0,
PFG_MOEA,1123,8,312.55,5795.78,0 399 247 28 250 345 377 262 1 255 327 254 73 215 85 93 179 232 225 97 148 238 192 48 31 0,93
PFG_MOEA,1123,9,312.55,5795.78,0 378 69 183 354 265 346 315 99 175 251 190 390 18 103 155 83 234 213 227 398 209 361 170 367 25 55 217 56 7 180 333 317 286 140 110 62 297 65 283 326 305 154 204 6 208 241 220 158 189 64 20 126 124 0,175
PFG_MOEA,1123,10,312.55,5795.78,0 287 382 383 10 268 272 30 66 166 205 271 39 391 53 293 133 331 285 392 115 245 396 240 385 288 177 181 358 337 384 111 116 76 113 81 29 325 355 131 84 114 389 105 341 219 0,
PFG_MOEA,1123,11,312.55,5795.78,0 91 24 212 375 14 108 169 373 8 263 292 70 318 184 284 74 279 159 162 22 134 186 89 216 47 125 9 150 163 61 365 253 206 46 54 0,
PFG_MOEA,1123,12,312.55,5795.78,0 41 82 178 117 243 344 349 343 290 368 376 258 248 328 75 171 87 153 278 210 45 353 348 2 119 128 295 40 32 276 196 78 98 27 176 144 342 370 306 202 338 203 168 369 380 16 15 0,16 87 203
PFG_MOEA,1124,1,389.39,5146.42,0 163 78 53 293 133 331 285 392 98 115 245 27 396 240 385 288 177 181 358 337 384 111 116 76 113 81 29 325 355 131 84 114 389 91 279 74 159 162 371 219 298 341 22 134 186 105 118 185 0,
PFG_MOEA,1124,2,389.39,5146.42,0 281 26 334 24 212 375 284 14 184 318 70 292 263 8 373 169 108 72 52 130 44 386 51 145 123 362 201 294 312 67 164 107 302 173 106 261 388 197 218 151 77 273 136 137 59 109 127 57 226 19 13 80 0,
PFG_MOEA,1124,3,389.39,5146.42,0 142 339 174 132 120 269 321 299 340 233 135 88 249 35 235 161 68 58 34 231 289 366 267 228 141 266 303 357 319 86 199 156 94 230 374 92 11 36 397 350 311 4 314 193 0,88
PFG_MOEA,1124,4,389.39,5146.42,0 182 172 38 0,
PFG_MOEA,1124,5,389.39,5146.42,0 37 322 121 146 320 364 393 3 229 308 356 264 259 246 42 300 329 112 152 191 165 200 221 242 96 0,152 264 329
PFG_MOEA,1124,6,389.39,5146.42,0 129 33 71 224 260 0,
PFG_MOEA,1124,7,389.39,5146.42,0 399 247 255 1 262 250 28 345 377 395 400 394 188 301 372 21 167 291 139 149 157 63 316 387 17 43 73 254 327 183 354 69 215 85 93 179 232 225 97 148 48 238 330 192 31 304 0,395
PFG_MOEA,1124,8,389.39,5146.42,0 16 15 168 203 369 380 391 271 39 268 272 30 66 166 205 208 6 204 154 305 326 283 65 297 62 241 110 140 286 317 333 180 220 158 189 64 20 126 124 7 56 217 55 25 367 170 361 209 398 227 234 213 190 251 175 99 315 346 265 390 18 103 155 83 378 54 46 287 10 383 382 41 0,7 16 20 103 272
PFG_MOEA,1124,9,389.39,5146.42,0 82 178 117 243 368 376 258 353 153 171 87 278 210 143 237 256 274 49 100 282 310 104 102 277 275 194 323 363 352 101 198 95 222 138 122 276 336 252 236 128 23 381 90 119 2 12 0,
PFG_MOEA,1124,10,389.39,5146.42,0 344 349 351 280 309 5 79 160 50 60 257 270 379 195 45 348 75 328 248 290 343 187 0,
PFG_MOEA,1124,11,389.39,5146.42,0 214 295 40 32 239 370 342 144 176 150 47 9 125 216 89 61 207 307 313 359 206 253 365 360 335 0,176
PFG_MOEA,1124,12,389.39,5146.42,0 338 202 306 196 296 347 332 324 147 211 244 223 0,
PFG_MOEA,1125,1,413.96,4915.5,0 187 206 253 365 359 313 307 207 61 12 89 2 119 128 236 252 336 138 163 222 95 198 351 280 237 256 274 49 100 102 277 275 194 323 363 352 101 53 293 133 331 285 392 122 239 276 32 40 295 23 381 90 113 81 29 76 116 111 384 337 358 181 177 288 385 240 396 245 115 22 118 185 214 0,245 381
PFG_MOEA,1125,2,413.96,4915.5,0 281 84 131 325 355 114 389 186 134 341 298 26 334 0,
PFG_MOEA,1125,3,413.96,4915.5,0 371 219 105 162 159 74 279 91 24 212 375 284 14 184 318 70 292 263 8 373 169 108 72 52 130 44 386 362 201 312 67 164 107 302 173 106 261 388 197 218 151 77 273 136 137 59 0,
PFG_MOEA,1125,4,413.96,4915.5,0 57 127 109 226 0,
PFG_MOEA,1125,5,413.96,4915.5,0 19 0,
PFG_MOEA,1125,6,413.96,4915.5,0 38 303 357 266 141 86 199 228 267 366 289 231 34 58 68 161 235 35 249 88 135 233 319 182 172 13 80 0,88
PFG_MOEA,1125,7,413.96,4915.5,0 399 397 36 11 92 156 94 230 374 350 311 4 314 193 340 299 321 269 120 142 37 51 123 145 132 339 322 121 146 294 174 320 364 393 3 229 308 356 264 259 246 42 300 329 112 191 165 200 221 242 96 0,11 340 374 393
PFG_MOEA,1125,8,413.96,4915.5,0 152 247 255 1 262 250 28 345 377 395 400 394 188 301 372 21 167 291 139 149 157 63 316 387 327 17 43 85 215 73 254 183 354 69 265 346 315 99 175 251 190 390 18 103 155 83 378 213 234 227 398 93 0,1 152 175 227
PFG_MOEA,1125,9,413.96,4915.5,0 304 31 48 192 330 238 129 148 260 391 271 39 268 272 30 66 166 205 208 6 204 154 305 326 283 65 297 62 241 110 140 286 317 333 180 220 158 189 64 20 126 124 7 56 217 55 25 367 170 361 209 71 33 97 225 232 179 224 0,55 391
PFG_MOEA,1125,10,413.96,4915.5,0 287 10 383 382 0,
PFG_MOEA,1125,11,413.96,4915.5,0 16 15 168 203 369 380 82 178 117 243 349 344 54 46 41 0,
PFG_MOEA,1125,12,413.96,4915.5,0 335 360 216 150 9 47 125 309 5 343 290 368 376 258 248 328 75 171 87 278 153 353 348 45 210 195 379 270 257 60 50 160 79 143 282 310 104 223 244 211 324 147 332 347 296 196 78 98 27 176 144 342 370 306 202 338 0,
PFG_MOEA,1126,1,320.55,5348.04,0 80 13 172 182 397 36 11 92 233 135 88 249 35 235 161 68 58 34 231 289 319 399 0,
PFG_MOEA,1126,2,320.55,5348.04,0 374 230 94 156 311 350 4 314 193 340 299 321 269 120 142 132 339 174 320 364 308 229 3 393 294 146 121 322 123 145 51 37 0,393
PFG_MOEA,1126,3,320.55,5348.04,0 96 242 221 200 165 112 329 300 191 152 247 255 1 262 42 250 28 246 259 264 356 345 377 395 400 394 188 301 372 21 167 291 139 149 157 63 316 387 327 17 43 85 215 73 254 183 354 69 265 346 315 99 175 251 190 0,215
PFG_MOEA,1126,4,320.55,5348.04,0 304 31 192 330 238 129 398 227 234 213 18 390 286 140 110 241 93 260 148 48 0,
PFG_MOEA,1126,5,320.55,5348.04,0 317 333 0,
PFG_MOEA,1126,6,320.55,5348.04,0 33 71 209 361 170 367 25 55 217 56 7 180 220 158 189 64 20 126 124 224 10 383 382 16 203 168 15 0,25
PFG_MOEA,1126,7,320.55,5348.04,0 380 369 335 360 216 150 9 47 125 309 5 195 379 270 210 45 348 353 153 278 87 171 75 328 248 258 376 368 290 343 54 46 344 349 243 117 178 82 41 0,
PFG_MOEA,1126,8,320.55,5348.04,0 338 202 306 370 342 144 176 27 98 78 196 296 347 332 147 324 211 244 223 104 310 282 143 79 160 50 60 257 6 204 154 305 326 283 62 297 65 208 205 166 66 30 272 268 0,66
PFG_MOEA,1126,9,320.55,5348.04,0 187 206 253 365 359 313 307 207 61 12 89 2 119 128 236 252 336 138 163 222 95 198 351 256 237 280 391 271 39 378 83 155 103 232 179 287 225 97 0,138 307
PFG_MOEA,1126,10,320.55,5348.04,0 22 389 114 84 131 325 355 29 81 113 76 116 111 384 337 358 181 177 288 385 240 396 245 115 392 285 331 133 293 53 101 352 363 323 194 275 277 102 100 49 274 122 239 276 32 40 295 23 381 90 214 185 281 118 0,323 331
PFG_MOEA,1126,11,320.55,5348.04,0 334 298 26 105 186 134 341 219 371 24 212 375 14 184 318 70 292 263 8 373 169 284 74 279 91 159 162 0,134
PFG_MOEA,1126,12,320.55,5348.04,0 38 19 226 57 127 109 59 137 136 273 77 151 218 197 388 261 106 173 302 107 164 67 312 201 362 366 267 228 386 44 130 52 72 108 303 357 266 141 86 199 0,106 386
PFG_MOEA,1127,1,270.73,5843.94,0 335 187 309 5 195 379 270 257 60 50 160 79 143 280 351 237 256 274 49 198 252 236 381 23 90 12 207 307 0,
PFG_MOEA,1127,2,270.73,5843.94,0 61 313 359 206 253 365 360 214 185 118 281 26 334 298 371 22 134 186 162 159 292 263 8 373 318 70 184 284 74 279 0,134 284 313 318
PFG_MOEA,1127,3,270.73,5843.94,0 91 169 108 14 375 212 24 192 330 238 129 200 165 112 191 152 127 57 109 59 137 273 136 247 17 43 85 215 33 71 224 260 148 48 31 304 0,33 200
PFG_MOEA,1127,4,270.73,5843.94,0 73 254 69 354 183 327 387 157 149 188 394 316 63 262 1 255 250 28 42 400 395 377 345 356 264 259 246 308 229 197 218 151 77 107 164 67 302 388 3 106 173 261 320 364 0,
PFG_MOEA,1127,5,270.73,5843.94,0 329 300 362 123 51 145 322 121 146 201 312 393 294 174 339 132 120 142 0,145 174
PFG_MOEA,1127,6,270.73,5843.94,0 37 269 321 299 340 219 341 105 84 131 29 81 113 76 116 111 181 358 337 384 325 355 114 389 0,341
PFG_MOEA,1127,7,270.73,5843.94,0 89 216 47 125 9 150 163 53 293 133 331 285 392 115 245 396 240 385 288 177 34 58 235 135 233 88 249 35 161 68 0,133 240
PFG_MOEA,1127,8,270.73,5843.94,0 172 182 193 314 4 350 397 36 11 374 311 230 94 156 199 92 86 319 266 141 289 231 386 366 267 228 44 130 52 72 303 357 13 19 226 221 242 96 0,141 386
PFG_MOEA,1127,9,270.73,5843.94,0 38 80 378 83 291 139 21 167 301 372 346 315 265 390 99 175 251 190 18 103 155 234 227 398 93 54 46 268 272 30 39 271 391 179 0,
PFG_MOEA,1127,10,270.73,5843.94,0 97 225 232 209 361 213 170 367 328 248 258 376 368 290 343 66 349 344 243 117 178 82 41 16 380 369 196 78 98 27 176 144 342 370 306 202 338 203 168 15 399 0,82 176 225
PFG_MOEA,1127,11,270.73,5843.94,0 287 64 166 205 75 348 353 45 210 278 153 171 87 6 208 158 189 220 241 62 297 65 283 204 154 305 326 110 140 180 333 317 286 25 55 217 56 7 124 126 20 10 0,65 126
PFG_MOEA,1127,12,270.73,5843.94,0 2 119 128 295 40 32 276 239 122 296 332 347 138 336 222 95 101 194 147 324 275 323 363 352 277 102 223 244 211 104 310 100 282 383 382 0,2
PFG_MOEA,1128,1,369.23,5154.87,0 90 295 40 32 276 239 122 222 95 101 323 363 352 102 277 275 194 53 293 133 331 285 392 115 245 396 240 385 288 177 181 358 337 384 111 116 76 113 81 29 325 131 84 355 114 389 279 74 159 162 371 219 341 22 134 186 105 298 334 26 281 118 185 214 0,40 240 245 331
PFG_MOEA,1128,2,369.23,5154.87,0 91 24 212 375 284 14 184 318 70 292 263 8 373 169 108 72 52 130 44 386 0,318
PFG_MOEA,1128,3,369.23,5154.87,0 362 201 312 67 164 107 302 173 106 261 388 197 218 151 77 273 136 0,106
PFG_MOEA,1128,4,369.23,5154.87,0 399 172 182 397 36 11 92 86 141 266 303 357 319 199 228 267 366 289 231 34 58 68 161 235 35 249 88 135 233 156 94 230 374 350 311 4 314 193 340 299 321 269 120 142 37 51 145 123 137 59 109 127 57 226 19 13 80 38 0,340
PFG_MOEA,1128,5,369.23,5154.87,0 132 339 322 0,
PFG_MOEA,1128,6,369.23,5154.87,0 96 242 221 200 165 112 191 152 329 300 121 146 294 174 320 364 393 3 229 308 259 246 264 356 345 377 395 400 42 250 28 247 255 1 262 63 157 291 167 21 372 301 188 394 139 149 316 387 327 17 43 85 215 73 254 183 354 69 265 346 315 99 0,1 200 393
PFG_MOEA,1128,7,369.23,5154.87,0 93 398 227 234 213 190 251 175 390 18 103 155 83 378 31 304 0,
PFG_MOEA,1128,8,369.23,5154.87,0 48 192 330 238 129 148 260 391 0,
PFG_MOEA,1128,9,369.23,5154.87,0 268 272 30 65 283 326 305 154 204 6 208 205 166 66 271 39 0,272
PFG_MOEA,1128,10,369.23,5154.87,0 124 126 20 64 189 158 220 241 297 62 110 140 286 317 333 180 7 56 217 55 25 367 170 361 209 71 97 33 0,
PFG_MOEA,1128,11,369.23,5154.87,0 15 16 380 369 168 203 338 202 306 370 342 144 176 27 98 78 196 296 347 332 324 147 211 244 223 210 45 348 353 153 278 87 171 75 328 248 258 376 368 290 343 54 46 224 225 232 179 287 10 383 382 41 344 349 243 117 178 82 125 9 47 150 216 360 335 0,47 87 353
PFG_MOEA,1128,12,369.23,5154.87,0 207 307 313 359 365 253 206 187 100 310 104 282 143 79 160 50 60 257 270 379 195 5 309 280 351 237 256 274 49 198 163 138 336 252 236 381 23 128 119 2 89 12 61 0,
PFG_MOEA,1129,1,337.93,5308.22,0 187 206 253 313 359 365 0,
PFG_MOEA,1129,2,337.93,5308.22,0 207 307 198 280 351 256 237 101 53 293 133 331 285 392 95 222 163 138 336 252 236 128 119 2 89 12 61 0,133 222
PFG_MOEA,1129,3,337.93,5308.22,0 323 363 352 194 275 277 102 100 49 274 122 239 276 32 40 295 23 381 90 0,
PFG_MOEA,1129,4,337.93,5308.22,0 22 115 245 396 240 385 288 177 181 358 337 384 111 116 76 113 81 29 131 84 281 118 185 214 0,
PFG_MOEA,1129,5,337.93,5308.22,0 334 26 298 371 219 341 134 186 105 355 325 114 389 162 159 74 279 91 24 212 375 284 14 184 318 70 292 263 8 373 169 108 72 52 130 44 386 362 201 312 0,284
PFG_MOEA,1129,6,337.93,5308.22,0 399 172 182 397 36 11 92 86 141 266 303 357 319 199 228 267 366 289 231 34 58 68 161 235 35 249 88 135 233 156 94 230 57 127 109 59 137 136 273 77 151 218 197 388 261 106 173 302 107 164 67 294 226 19 13 80 38 0,
PFG_MOEA,1129,7,337.93,5308.22,0 374 350 311 4 314 193 340 299 321 269 120 142 37 51 145 123 146 121 322 339 132 174 320 364 393 3 229 308 356 264 259 246 42 1 255 247 152 191 112 329 300 165 200 221 242 96 0,132 264 340 393
PFG_MOEA,1129,8,337.93,5308.22,0 28 250 262 400 395 345 377 394 188 301 372 21 167 291 139 149 157 63 316 387 327 17 43 85 215 73 254 183 354 69 265 346 315 99 175 251 190 0,
PFG_MOEA,1129,9,337.93,5308.22,0 304 192 330 238 129 378 83 155 103 18 390 213 234 227 398 140 110 241 62 297 65 283 326 305 154 204 6 208 205 166 66 93 30 272 268 39 271 391 260 148 48 31 0,65 391
PFG_MOEA,1129,10,337.93,5308.22,0 33 71 225 97 232 209 361 170 367 25 55 217 56 7 317 286 333 180 220 158 189 64 20 126 124 224 10 287 179 0,
PFG_MOEA,1129,11,337.93,5308.22,0 15 168 203 369 16 380 335 360 216 150 9 47 125 309 5 195 379 270 210 45 348 353 153 278 87 171 75 328 248 54 46 383 382 344 349 243 117 178 82 41 0,82 87 195 353
PFG_MOEA,1129,12,337.93,5308.22,0 338 202 306 370 342 144 176 27 98 78 196 296 347 332 147 324 211 244 223 104 310 282 143 79 160 50 60 257 258 376 368 290 343 0,290
PFG_MOEA,1130,1,319.42,5478.6,0 222 0,
PFG_MOEA,1130,2,319.42,5478.6,0 95 101 323 363 352 102 277 275 194 53 293 133 331 285 392 115 245 396 240 385 288 177 181 358 337 384 111 116 76 113 81 29 325 131 84 355 114 389 279 74 159 162 371 219 341 22 134 186 105 298 334 26 281 0,105
PFG_MOEA,1130,3,319.42,5478.6,0 118 91 284 184 14 375 212 24 0,375
PFG_MOEA,1130,4,319.42,5478.6,0 399 397 36 11 92 199 86 141 266 319 357 303 289 366 267 228 8 263 292 70 318 373 169 108 72 52 130 44 386 362 201 312 67 164 107 302 173 106 261 388 197 218 151 77 273 136 182 172 0,86 197 318 362
PFG_MOEA,1130,5,319.42,5478.6,0 38 80 13 19 226 57 127 109 59 137 123 145 51 132 142 120 269 321 299 37 340 193 314 4 350 311 156 233 135 88 249 35 235 161 68 58 34 231 94 230 374 0,
PFG_MOEA,1130,6,319.42,5478.6,0 96 242 200 191 112 165 322 339 174 393 3 229 364 320 294 121 146 300 329 152 221 0,200 393
PFG_MOEA,1130,7,319.42,5478.6,0 93 85 247 28 246 259 308 264 356 345 377 395 400 42 250 255 1 262 63 157 291 167 21 372 301 188 394 139 149 316 387 327 17 43 73 215 254 183 354 69 265 346 315 99 390 175 251 190 18 213 234 227 398 0,
PFG_MOEA,1130,8,319.42,5478.6,0 304 31 48 330 192 129 238 148 260 391 271 66 166 205 208 6 204 154 305 326 283 65 62 297 241 158 189 220 110 140 103 155 83 378 124 126 20 64 30 272 268 39 0,62 205 220 391
PFG_MOEA,1130,9,319.42,5478.6,0 7 180 333 286 317 56 217 55 0,
PFG_MOEA,1130,10,319.42,5478.6,0 15 16 380 369 168 203 338 202 306 370 342 144 176 27 98 78 196 296 347 332 324 147 211 244 223 210 45 348 353 153 278 87 171 75 328 248 258 376 368 290 343 54 46 209 361 170 367 25 232 179 224 225 97 71 33 0,16 353 370
PFG_MOEA,1130,11,319.42,5478.6,0 365 253 206 61 89 2 119 128 216 336 138 163 150 47 125 9 100 282 310 104 143 79 160 50 60 257 270 379 195 5 309 280 351 237 256 287 10 383 382 344 349 243 117 178 82 41 0,47 138 178 206 243
PFG_MOEA,1130,12,319.42,5478.6,0 335 187 359 313 360 207 307 198 49 274 122 239 276 32 40 295 23 381 236 252 90 12 214 185 0,
PFG_MOEA,1131,1,312.87,5623.42,0 216 98 370 342 144 176 27 78 196 296 347 332 147 324 211 244 223 104 310 282 79 160 50 379 195 5 309 143 150 47 9 125 0,
PFG_MOEA,1131,2,312.87,5623.42,0 117 243 344 349 343 290 368 376 258 248 328 75 348 353 171 87 278 153 45 210 257 60 270 237 256 274 49 198 222 138 336 239 276 32 177 181 358 337 384 111 116 76 23 381 90 12 0,290 336 353
PFG_MOEA,1131,3,312.87,5623.42,0 22 118 185 214 2 119 128 236 252 40 295 122 392 285 331 133 293 53 101 352 363 323 194 275 277 102 100 351 280 95 163 61 89 207 307 313 359 253 365 0,307
PFG_MOEA,1131,4,312.87,5623.42,0 206 187 0,
PFG_MOEA,1131,5,312.87,5623.42,0 281 26 334 298 219 371 341 134 186 105 115 245 396 240 385 288 113 81 29 325 355 131 84 114 389 162 159 74 279 91 0,341
PFG_MOEA,1131,6,312.87,5623.42,0 80 13 19 226 57 127 109 59 137 136 273 77 151 218 197 388 261 106 173 302 107 164 67 312 201 362 386 44 130 52 72 108 169 373 8 263 292 70 318 184 14 284 375 212 24 303 357 319 182 172 38 0,318 362
PFG_MOEA,1131,7,312.87,5623.42,0 266 141 86 199 228 267 366 289 231 34 58 68 161 235 35 249 88 135 233 156 94 230 374 92 0,
PFG_MOEA,1131,8,312.87,5623.42,0 399 397 36 11 350 311 4 314 193 340 299 321 269 120 142 37 51 123 145 132 339 322 121 146 294 174 320 364 393 3 229 308 356 264 259 246 42 300 329 112 191 165 200 221 242 96 0,51 145 174 264 329
PFG_MOEA,1131,9,312.87,5623.42,0 152 247 28 250 345 377 395 400 394 188 301 372 167 21 139 291 262 1 255 0,
PFG_MOEA,1131,10,312.87,5623.42,0 85 215 73 43 17 327 387 316 149 157 63 354 183 254 69 265 346 315 99 175 251 190 390 18 103 155 83 378 0,175 390
PFG_MOEA,1131,11,312.87,5623.42,0 304 31 48 192 330 129 238 148 260 383 10 224 391 271 39 46 93 398 227 234 213 179 232 225 97 71 33 382 0,
PFG_MOEA,1131,12,312.87,5623.42,0 209 361 170 367 25 55 217 56 7 124 126 20 64 189 158 220 180 333 317 286 140 110 241 62 297 65 283 326 305 154 204 6 208 205 166 66 30 272 268 54 287 178 82 41 335 360 380 369 203 338 202 306 168 15 16 0,7 166 203 361
PFG_MOEA,1132,1,759.34,4800.0,0 219 341 105 389 114 84 131 355 325 29 81 113 76 116 111 384 337 358 181 177 288 385 240 396 245 115 392 285 331 133 293 53 163 150 9 125 47 216 89 61 206 253 365 0,245
PFG_MOEA,1132,2,759.34,4800.0,0 22 134 186 162 159 279 74 284 184 318 70 292 263 8 373 169 108 14 375 212 24 91 0,318
PFG_MOEA,1132,3,759.34,4800.0,0 304 31 48 148 260 224 71 33 129 238 330 192 200 165 112 191 152 127 57 109 59 137 273 136 247 17 43 85 215 73 254 69 354 183 327 387 157 149 188 394 316 63 262 1 255 250 28 42 400 395 377 345 356 264 259 246 308 229 197 218 151 77 107 164 67 302 388 3 106 173 261 320 364 393 312 201 362 329 300 123 51 145 322 121 146 294 174 339 132 120 142 37 269 321 299 340 233 135 88 249 35 161 235 68 58 34 386 231 289 366 267 228 44 130 52 72 303 357 319 266 141 86 92 199 156 94 230 311 374 11 36 397 350 4 314 193 182 172 13 19 226 221 242 96 80 38 0,33 106 174 200 303 311 394
PFG_MOEA,1132,4,759.34,4800.0,0 378 83 155 103 18 190 251 175 99 315 346 372 301 167 21 139 291 265 390 234 0,
PFG_MOEA,1132,5,759.34,4800.0,0 179 391 271 39 30 272 268 46 54 93 398 227 213 232 0,391
PFG_MOEA,1132,6,759.34,4800.0,0 225 0,
PFG_MOEA,1132,7,759.34,4800.0,0 97 209 361 170 367 0,
PFG_MOEA,1132,8,759.34,4800.0,0 399 15 168 203 338 202 306 370 342 144 176 27 98 78 196 369 380 16 41 82 178 117 243 344 349 66 343 290 368 376 258 248 328 75 348 353 45 210 278 153 171 87 6 208 205 166 158 189 220 241 62 297 65 283 204 154 305 326 110 140 180 333 317 286 25 55 217 56 7 124 126 20 64 287 10 383 382 0,62 66 205 220 342
PFG_MOEA,1132,9,759.34,4800.0,0 2 119 128 295 40 32 276 239 122 296 332 347 138 336 222 95 101 194 147 324 275 323 363 352 277 102 223 244 211 104 310 100 282 143 79 160 50 60 257 270 379 195 5 309 280 351 237 256 274 49 198 252 236 0,
PFG_MOEA,1132,10,759.34,4800.0,0 381 23 90 12 207 307 0,
PFG_MOEA,1132,11,759.34,4800.0,0 335 187 359 313 360 214 0,
PFG_MOEA,1132,12,759.34,4800.0,0 185 118 281 26 334 298 371 0,
PFG_MOEA,1133,1,314.81,5596.11,0 12 90 128 236 252 336 276 138 222 198 49 274 256 237 351 280 309 5 290 343 313 207 0,222
PFG_MOEA,1133,2,314.81,5596.11,0 91 292 263 8 373 169 108 14 375 212 24 371 219 341 298 334 26 281 118 185 214 295 40 32 239 122 95 101 352 363 323 194 275 277 102 100 23 381 119 2 307 359 187 148 48 31 304 0,23
PFG_MOEA,1133,3,314.81,5596.11,0 260 224 71 33 127 152 191 112 165 200 129 238 330 192 0,33
PFG_MOEA,1133,4,314.81,5596.11,0 57 67 302 173 106 3 388 164 107 77 151 218 197 229 308 246 259 264 356 345 377 395 400 42 28 250 255 1 262 63 316 394 188 149 157 387 327 183 354 69 254 73 215 85 43 17 247 136 273 137 59 109 0,
PFG_MOEA,1133,5,314.81,5596.11,0 329 300 362 123 51 145 322 121 146 201 261 320 364 393 312 294 174 339 132 206 253 365 360 335 0,362 393
PFG_MOEA,1133,6,314.81,5596.11,0 61 358 181 177 288 385 240 396 245 115 392 285 331 133 293 53 163 150 9 125 47 216 89 0,
PFG_MOEA,1133,7,314.81,5596.11,0 80 13 19 226 35 161 235 58 34 386 231 289 366 267 228 44 130 52 72 318 70 184 284 74 279 159 162 389 114 355 325 384 337 111 116 76 113 81 29 131 84 105 186 134 22 0,
PFG_MOEA,1133,8,314.81,5596.11,0 38 96 242 221 172 182 397 350 311 4 314 193 230 94 156 374 36 11 92 319 357 303 266 141 86 199 68 135 88 249 233 340 299 321 269 120 142 37 301 21 139 291 167 372 346 315 99 175 251 0,182
PFG_MOEA,1133,9,314.81,5596.11,0 97 225 232 179 391 271 158 241 62 297 65 283 204 154 305 326 110 140 286 317 333 180 220 126 124 7 56 217 55 25 367 170 361 209 227 234 213 190 390 265 18 103 155 83 378 398 93 54 46 268 272 30 39 0,65 154
PFG_MOEA,1133,10,314.81,5596.11,0 399 15 16 380 41 82 178 117 243 344 349 20 189 64 166 205 208 6 87 171 153 278 210 353 258 376 368 66 287 10 383 382 0,243
PFG_MOEA,1133,11,314.81,5596.11,0 369 338 203 168 0,
PFG_MOEA,1133,12,314.81,5596.11,0 202 306 370 342 144 176 27 98 78 196 296 347 332 324 147 211 244 223 104 310 282 143 79 160 50 60 257 270 379 195 45 348 75 328 248 0,370
PFG_MOEA,1134,1,411.21,4974.5,0 12 90 381 23 32 276 239 336 138 222 198 49 274 256 237 351 280 252 236 128 119 2 0,23
PFG_MOEA,1134,2,411.21,4974.5,0 22 118 185 214 295 40 122 392 285 331 133 293 53 101 352 363 323 194 275 277 102 100 95 163 61 89 207 307 313 359 365 253 206 187 0,22 100
PFG_MOEA,1134,3,411.21,4974.5,0 115 0,
PFG_MOEA,1134,4,411.21,4974.5,0 245 396 240 385 288 177 181 358 337 384 111 116 76 113 81 29 325 355 0,
PFG_MOEA,1134,5,411.21,4974.5,0 281 26 334 298 341 134 186 131 84 114 389 105 219 371 162 159 74 279 91 24 212 375 284 14 184 318 70 292 263 8 373 169 108 72 52 130 44 386 362 201 312 67 164 107 302 173 106 261 388 197 218 151 77 273 136 137 59 109 127 57 226 19 13 80 0,77 106 284
PFG_MOEA,1134,6,411.21,4974.5,0 38 172 182 319 303 357 266 141 86 199 228 267 366 289 231 34 58 68 161 235 35 249 88 135 233 156 94 230 374 92 11 36 397 350 311 4 314 193 340 299 321 269 120 142 37 51 123 145 132 339 322 121 146 294 174 320 364 393 3 229 308 356 264 259 246 42 300 329 112 221 242 96 0,51 174 229 246 299
PFG_MOEA,1134,7,411.21,4974.5,0 399 200 165 191 152 247 255 1 262 250 28 345 377 395 400 394 188 301 372 21 167 291 139 149 157 63 316 387 327 17 43 85 215 73 254 183 354 69 265 346 315 99 175 251 190 390 18 103 155 83 378 213 234 227 398 93 224 179 232 225 97 71 33 260 148 238 129 330 192 48 31 304 0,93
PFG_MOEA,1134,8,411.21,4974.5,0 382 383 10 391 271 39 46 54 268 272 30 66 166 205 208 6 204 154 305 326 283 65 297 62 241 110 140 286 317 333 180 220 158 189 64 20 126 124 7 56 217 55 25 367 170 361 209 287 0,55 62 66 220
PFG_MOEA,1134,9,411.21,4974.5,0 380 0,
PFG_MOEA,1134,10,411.21,4974.5,0 16 369 15 0,
PFG_MOEA,1134,11,411.21,4974.5,0 168 203 178 82 41 0,178
PFG_MOEA,1134,12,411.21,4974.5,0 335 360 338 202 306 370 342 144 176 27 98 78 196 296 347 332 216 47 125 9 150 147 324 211 244 223 104 310 282 143 309 5 195 379 79 160 50 60 270 257 210 45 153 278 87 171 353 348 75 328 248 258 376 368 290 343 349 344 243 117 0,
PFG_MOEA,1135,1,312.55,5795.78,0 336 138 239 122 296 347 332 324 275 277 104 211 244 223 102 352 363 323 194 147 101 95 222 0,122 211 222 277
PFG_MOEA,1135,2,312.55,5795.78,0 335 360 207 307 313 359 187 100 310 282 143 79 160 50 60 257 270 379 195 5 309 280 351 237 256 274 49 198 252 236 381 23 90 12 214 185 118 281 26 334 298 371 72 52 130 44 386 80 0,5 307
PFG_MOEA,1135,3,312.55,5795.78,0 13 19 226 57 127 109 59 137 136 273 77 151 218 197 388 261 106 173 302 107 164 67 312 201 362 123 51 145 294 174 339 132 142 120 269 321 299 0,174
PFG_MOEA,1135,4,312.55,5795.78,0 340 233 135 88 249 35 235 161 68 58 34 231 289 366 267 228 141 266 303 357 319 86 199 156 94 0,303
PFG_MOEA,1135,5,312.55,5795.78,0 38 172 182 397 36 11 92 374 230 311 350 4 314 193 37 322 121 146 320 364 393 3 229 308 356 264 259 246 42 300 329 112 191 152 221 242 96 0,42 264
PFG_MOEA,1135,6,312.55,5795.78,0 200 165 129 0,
PFG_MOEA,1135,7,312.55,5795.78,0 304 330 395 400 394 188 301 372 21 167 291 139 149 157 63 316 387 17 43 33 71 224 260 0,
PFG_MOEA,1135,8,312.55,5795.78,0 399 247 28 250 345 377 262 1 255 327 254 73 215 85 93 179 232 225 97 148 238 192 48 31 0,93
PFG_MOEA,1135,9,312.55,5795.78,0 378 69 183 354 265 346 315 99 175 251 190 390 18 103 155 83 234 213 227 398 209 361 170 367 25 55 217 56 7 180 333 317 286 140 110 62 297 65 283 326 305 154 204 6 208 241 220 158 189 64 20 126 124 0,175
PFG_MOEA,1135,10,312.55,5795.78,0 287 382 383 10 268 272 30 66 166 205 271 39 391 53 293 133 331 285 392 115 245 396 240 385 288 177 181 358 337 384 111 116 76 113 81 29 325 355 131 84 114 389 105 341 219 0,
PFG_MOEA,1135,11,312.55,5795.78,0 91 24 212 375 14 108 169 373 8 263 292 70 318 184 284 74 279 159 162 22 134 186 89 216 47 125 9 150 163 61 365 253 206 46 54 0,
PFG_MOEA,1135,12,312.55,5795.78,0 41 82 178 117 243 344 349 343 290 368 376 258 248 328 75 171 87 153 278 210 45 353 348 2 119 128 295 40 32 276 196 78 98 27 176 144 342 370 306 202 338 203 168 369 380 16 15 0,16 87 203
PFG_MOEA,1136,1,389.39,5146.42,0 163 78 53 293 133 331 285 392 98 115 245 27 396 240 385 288 177 181 358 337 384 111 116 76 113 81 29 325 355 131 84 114 389 91 279 74 159 162 371 219 298 341 22 134 186 105 118 185 0,
PFG_MOEA,1136,2,389.39,5146.42,0 281 26 334 24 212 375 284 14 184 318 70 292 263 8 373 169 108 72 52 130 44 386 51 145 123 362 201 294 312 67 164 107 302 173 106 261 388 197 218 151 77 273 136 137 59 109 127 57 226 19 13 80 0,
PFG_MOEA,1136,3,389.39,5146.42,0 142 339 174 132 120 269 321 299 340 233 135 88 249 35 235 161 68 58 34 231 289 366 267 228 141 266 303 357 319 86 199 156 94 230 374 92 11 36 397 350 311 4 314 193 0,88
PFG_MOEA,1136,4,389.39,5146.42,0 182 172 38 0,
PFG_MOEA,1136,5,389.39,5146.42,0 37 322 121 146 320 364 393 3 229 308 356 264 259 246 42 300 329 112 152 191 165 200 221 242 96 0,152 264 329
PFG_MOEA,1136,6,389.39,5146.42,0 129 33 71 224 260 0,
PFG_MOEA,1136,7,389.39,5146.42,0 399 247 255 1 262 250 28 345 377 395 400 394 188 301 372 21 167 291 139 149 157 63 316 387 17 43 73 254 327 183 354 69 215 85 93 179 232 225 97 148 48 238 330 192 31 304 0,395
PFG_MOEA,1136,8,389.39,5146.42,0 16 15 168 203 369 380 391 271 39 268 272 30 66 166 205 208 6 204 154 305 326 283 65 297 62 241 110 140 286 317 333 180 220 158 189 64 20 126 124 7 56 217 55 25 367 170 361 209 398 227 234 213 190 251 175 99 315 346 265 390 18 103 155 83 378 54 46 287 10 383 382 41 0,7 16 20 103 272
PFG_MOEA,1136,9,389.39,5146.42,0 82 178 117 243 368 376 258 353 153 171 87 278 210 143 237 256 274 49 100 282 310 104 102 277 275 194 323 363 352 101 198 95 222 138 122 276 336 252 236 128 23 381 90 119 2 12 0,
PFG_MOEA,1136,10,389.39,5146.42,0 344 349 351 280 309 5 79 160 50 60 257 270 379 195 45 348 75 328 248 290 343 187 0,
PFG_MOEA,1136,11,389.39,5146.42,0 214 295 40 32 239 370 342 144 176 150 47 9 125 216 89 61 207 307 313 359 206 253 365 360 335 0,176
PFG_MOEA,1136,12,389.39,5146.42,0 338 202 306 196 296 347 332 324 147 211 244 223 0,
PFG_MOEA,1137,1,413.96,4915.5,0 187 206 253 365 359 313 307 207 61 12 89 2 119 128 236 252 336 138 163 222 95 198 351 280 237 256 274 49 100 102 277 275 194 323 363 352 101 53 293 133 331 285 392 122 239 276 32 40 295 23 381 90 113 81 29 76 116 111 384 337 358 181 177 288 385 240 396 245 115 22 118 185 214 0,245 381
PFG_MOEA,1137,2,413.96,4915.5,0 281 84 131 325 355 114 389 186 134 341 298 26 334 0,
PFG_MOEA,1137,3,413.96,4915.5,0 371 219 105 162 159 74 279 91 24 212 375 284 14 184 318 70 292 263 8 373 169 108 72 52 130 44 386 362 201 312 67 164 107 302 173 106 261 388 197 218 151 77 273 136 137 59 0,
PFG_MOEA,1137,4,413.96,4915.5,0 57 127 109 226 0,
PFG_MOEA,1137,5,413.96,4915.5,0 19 0,
PFG_MOEA,1137,6,413.96,4915.5,0 38 303 357 266 141 86 199 228 267 366 289 231 34 58 68 161 235 35 249 88 135 233 319 182 172 13 80 0,88
PFG_MOEA,1137,7,413.96,4915.5,0 399 397 36 11 92 156 94 230 374 350 311 4 314 193 340 299 321 269 120 142 37 51 123 145 132 339 322 121 146 294 174 320 364 393 3 229 308 356 264 259 246 42 300 329 112 191 165 200 221 242 96 0,11 340 374 393
PFG_MOEA,1137,8,413.96,4915.5,0 152 247 255 1 262 250 28 345 377 395 400 394 188 301 372 21 167 291 139 149 157 63 316 387 327 17 43 85 215 73 254 183 354 69 265 346 315 99 175 251 190 390 18 103 155 83 378 213 234 227 398 93 0,1 152 175 227
PFG_MOEA,1137,9,413.96,4915.5,0 304 31 48 192 330 238 129 148 260 391 271 39 268 272 30 66 166 205 208 6 204 154 305 326 283 65 297 62 241 110 140 286 317 333 180 220 158 189 64 20 126 124 7 56 217 55 25 367 170 361 209 71 33 97 225 232 179 224 0,55 391
PFG_MOEA,1137,10,413.96,4915.5,0 287 10 383 382 0,
PFG_MOEA,1137,11,413.96,4915.5,0 16 15 168 203 369 380 82 178 117 243 349 344 54 46 41 0,
PFG_MOEA,1137,12,413.96,4915.5,0 335 360 216 150 9 47 125 309 5 343 290 368 376 258 248 328 75 171 87 278 153 353 348 45 210 195 379 270 257 60 50 160 79 143 282 310 104 223 244 211 324 147 332 347 296 196 78 98 27 176 144 342 370 306 202 338 0,
PFG_MOEA,1138,1,320.55,5348.04,0 80 13 172 182 397 36 11 92 233 135 88 249 35 235 161 68 58 34 231 289 319 399 0,
PFG_MOEA,1138,2,320.55,5348.04,0 374 230 94 156 311 350 4 314 193 340 299 321 269 120 142 132 339 174 320 364 308 229 3 393 294 146 121 322 123 145 51 37 0,393
PFG_MOEA,1138,3,320.55,5348.04,0 96 242 221 200 165 112 329 300 191 152 247 255 1 262 42 250 28 246 259 264 356 345 377 395 400 394 188 301 372 21 167 291 139 149 157 63 316 387 327 17 43 85 215 73 254 183 354 69 265 346 315 99 175 251 190 0,215
PFG_MOEA,1138,4,320.55,5348.04,0 304 31 192 330 238 129 398 227 234 213 18 390 286 140 110 241 93 260 148 48 0,
PFG_MOEA,1138,5,320.55,5348.04,0 317 333 0,
PFG_MOEA,1138,6,320.55,5348.04,0 33 71 209 361 170 367 25 55 217 56 7 180 220 158 189 64 20 126 124 224 10 383 382 16 203 168 15 0,25
PFG_MOEA,1138,7,320.55,5348.04,0 380 369 335 360 216 150 9 47 125 309 5 195 379 270 210 45 348 353 153 278 87 171 75 328 248 258 376 368 290 343 54 46 344 349 243 117 178 82 41 0,
PFG_MOEA,1138,8,320.55,5348.04,0 338 202 306 370 342 144 176 27 98 78 196 296 347 332 147 324 211 244 223 104 310 282 143 79 160 50 60 257 6 204 154 305 326 283 62 297 65 208 205 166 66 30 272 268 0,66
PFG_MOEA,1138,9,320.55,5348.04,0 187 206 253 365 359 313 307 207 61 12 89 2 119 128 236 252 336 138 163 222 95 198 351 256 237 280 391 271 39 378 83 155 103 232 179 287 225 97 0,138 307
PFG_MOEA,1138,10,320.55,5348.04,0 22 389 114 84 131 325 355 29 81 113 76 116 111 384 337 358 181 177 288 385 240 396 245 115 392 285 331 133 293 53 101 352 363 323 194 275 277 102 100 49 274 122 239 276 32 40 295 23 381 90 214 185 281 118 0,323 331
PFG_MOEA,1138,11,320.55,5348.04,0 334 298 26 105 186 134 341 219 371 24 212 375 14 184 318 70 292 263 8 373 169 284 74 279 91 159 162 0,134
PFG_MOEA,1138,12,320.55,5348.04,0 38 19 226 57 127 109 59 137 136 273 77 151 218 197 388 261 106 173 302 107 164 67 312 201 362 366 267 228 386 44 130 52 72 108 303 357 266 141 86 199 0,106 386
PFG_MOEA,1139,1,270.73,5843.94,0 335 187 309 5 195 379 270 257 60 50 160 79 143 280 351 237 256 274 49 198 252 236 381 23 90 12 207 307 0,
PFG_MOEA,1139,2,270.73,5843.94,0 61 313 359 206 253 365 360 214 185 118 281 26 334 298 371 22 134 186 162 159 292 263 8 373 318 70 184 284 74 279 0,134 284 313 318
PFG_MOEA,1139,3,270.73,5843.94,0 91 169 108 14 375 212 24 192 330 238 129 200 165 112 191 152 127 57 109 59 137 273 136 247 17 43 85 215 33 71 224 260 148 48 31 304 0,33 200
PFG_MOEA,1139,4,270.73,5843.94,0 73 254 69 354 183 327 387 157 149 188 394 316 63 262 1 255 250 28 42 400 395 377 345 356 264 259 246 308 229 197 218 151 77 107 164 67 302 388 3 106 173 261 320 364 0,
PFG_MOEA,1139,5,270.73,5843.94,0 329 300 362 123 51 145 322 121 146 201 312 393 294 174 339 132 120 142 0,145 174
PFG_MOEA,1139,6,270.73,5843.94,0 37 269 321 299 340 219 341 105 84 131 29 81 113 76 116 111 181 358 337 384 325 355 114 389 0,341
PFG_MOEA,1139,7,270.73,5843.94,0 89 216 47 125 9 150 163 53 293 133 331 285 392 115 245 396 240 385 288 177 34 58 235 135 233 88 249 35 161 68 0,133 240
PFG_MOEA,1139,8,270.73,5843.94,0 172 182 193 314 4 350 397 36 11 374 311 230 94 156 199 92 86 319 266 141 289 231 386 366 267 228 44 130 52 72 303 357 13 19 226 221 242 96 0,141 386
PFG_MOEA,1139,9,270.73,5843.94,0 38 80 378 83 291 139 21 167 301 372 346 315 265 390 99 175 251 190 18 103 155 234 227 398 93 54 46 268 272 30 39 271 391 179 0,
PFG_MOEA,1139,10,270.73,5843.94,0 97 225 232 209 361 213 170 367 328 248 258 376 368 290 343 66 349 344 243 117 178 82 41 16 380 369 196 78 98 27 176 144 342 370 306 202 338 203 168 15 399 0,82 176 225
PFG_MOEA,1139,11,270.73,5843.94,0 287 64 166 205 75 348 353 45 210 278 153 171 87 6 208 158 189 220 241 62 297 65 283 204 154 305 326 110 140 180 333 317 286 25 55 217 56 7 124 126 20 10 0,65 126
PFG_MOEA,1139,12,270.73,5843.94,0 2 119 128 295 40 32 276 239 122 296 332 347 138 336 222 95 101 194 147 324 275 323 363 352 277 102 223 244 211 104 310 100 282 383 382 0,2
PFG_MOEA,1140,1,369.23,5154.87,0 90 295 40 32 276 239 122 222 95 101 323 363 352 102 277 275 194 53 293 133 331 285 392 115 245 396 240 385 288 177 181 358 337 384 111 116 76 113 81 29 325 131 84 355 114 389 279 74 159 162 371 219 341 22 134 186 105 298 334 26 281 118 185 214 0,40 240 245 331
PFG_MOEA,1140,2,369.23,5154.87,0 91 24 212 375 284 14 184 318 70 292 263 8 373 169 108 72 52 130 44 386 0,318
PFG_MOEA,1140,3,369.23,5154.87,0 362 201 312 67 164 107 302 173 106 261 388 197 218 151 77 273 136 0,106
PFG_MOEA,1140,4,369.23,5154.87,0 399 172 182 397 36 11 92 86 141 266 303 357 319 199 228 267 366 289 231 34 58 68 161 235 35 249 88 135 233 156 94 230 374 350 311 4 314 193 340 299 321 269 120 142 37 51 145 123 137 59 109 127 57 226 19 13 80 38 0,340
PFG_MOEA,1140,5,369.23,5154.87,0 132 339 322 0,
PFG_MOEA,1140,6,369.23,5154.87,0 96 242 221 200 165 112 191 152 329 300 121 146 294 174 320 364 393 3 229 308 259 246 264 356 345 377 395 400 42 250 28 247 255 1 262 63 157 291 167 21 372 301 188 394 139 149 316 387 327 17 43 85 215 73 254 183 354 69 265 346 315 99 0,1 200 393
PFG_MOEA,1140,7,369.23,5154.87,0 93 398 227 234 213 190 251 175 390 18 103 155 83 378 31 304 0,
PFG_MOEA,1140,8,369.23,5154.87,0 48 192 330 238 129 148 260 391 0,
PFG_MOEA,1140,9,369.23,5154.87,0 268 272 30 65 283 326 305 154 204 6 208 205 166 66 271 39 0,272
PFG_MOEA,1140,10,369.23,5154.87,0 124 126 20 64 189 158 220 241 297 62 110 140 286 317 333 180 7 56 217 55 25 367 170 361 209 71 97 33 0,
PFG_MOEA,1140,11,369.23,5154.87,0 15 16 380 369 168 203 338 202 306 370 342 144 176 27 98 78 196 296 347 332 324 147 211 244 223 210 45 348 353 153 278 87 171 75 328 248 258 376 368 290 343 54 46 224 225 232 179 287 10 383 382 41 344 349 243 117 178 82 125 9 47 150 216 360 335 0,47 87 353
PFG_MOEA,1140,12,369.23,5154.87,0 207 307 313 359 365 253 206 187 100 310 104 282 143 79 160 50 60 257 270 379 195 5 309 280 351 237 256 274 49 198 163 138 336 252 236 381 23 128 119 2 89 12 61 0,
PFG_MOEA,1141,1,337.93,5308.22,0 187 206 253 313 359 365 0,
PFG_MOEA,1141,2,337.93,5308.22,0 207 307 198 280 351 256 237 101 53 293 133 331 285 392 95 222 163 138 336 252 236 128 119 2 89 12 61 0,133 222
PFG_MOEA,1141,3,337.93,5308.22,0 323 363 352 194 275 277 102 100 49 274 122 239 276 32 40 295 23 381 90 0,
PFG_MOEA,1141,4,337.93,5308.22,0 22 115 245 396 240 385 288 177 181 358 337 384 111 116 76 113 81 29 131 84 281 118 185 214 0,
PFG_MOEA,1141,5,337.93,5308.22,0 334 26 298 371 219 341 134 186 105 355 325 114 389 162 159 74 279 91 24 212 375 284 14 184 318 70 292 263 8 373 169 108 72 52 130 44 386 362 201 312 0,284
PFG_MOEA,1141,6,337.93,5308.22,0 399 172 182 397 36 11 92 86 141 266 303 357 319 199 228 267 366 289 231 34 58 68 161 235 35 249 88 135 233 156 94 230 57 127 109 59 137 136 273 77 151 218 197 388 261 106 173 302 107 164 67 294 226 19 13 80 38 0,
PFG_MOEA,1141,7,337.93,5308.22,0 374 350 311 4 314 193 340 299 321 269 120 142 37 51 145 123 146 121 322 339 132 174 320 364 393 3 229 308 356 264 259 246 42 1 255 247 152 191 112 329 300 165 200 221 242 96 0,132 264 340 393
PFG_MOEA,1141,8,337.93,5308.22,0 28 250 262 400 395 345 377 394 188 301 372 21 167 291 139 149 157 63 316 387 327 17 43 85 215 73 254 183 354 69 265 346 315 99 175 251 190 0,
PFG_MOEA,1141,9,337.93,5308.22,0 304 192 330 238 129 378 83 155 103 18 390 213 234 227 398 140 110 241 62 297 65 283 326 305 154 204 6 208 205 166 66 93 30 272 268 39 271 391 260 148 48 31 0,65 391
PFG_MOEA,1141,10,337.93,5308.22,0 33 71 225 97 232 209 361 170 367 25 55 217 56 7 317 286 333 180 220 158 189 64 20 126 124 224 10 287 179 0,
PFG_MOEA,1141,11,337.93,5308.22,0 15 168 203 369 16 380 335 360 216 150 9 47 125 309 5 195 379 270 210 45 348 353 153 278 87 171 75 328 248 54 46 383 382 344 349 243 117 178 82 41 0,82 87 195 353
PFG_MOEA,1141,12,337.93,5308.22,0 338 202 306 370 342 144 176 27 98 78 196 296 347 332 147 324 211 244 223 104 310 282 143 79 160 50 60 257 258 376 368 290 343 0,290
PFG_MOEA,1142,1,319.42,5478.6,0 222 0,
PFG_MOEA,1142,2,319.42,5478.6,0 95 101 323 363 352 102 277 275 194 53 293 133 331 285 392 115 245 396 240 385 288 177 181 358 337 384 111 116 76 113 81 29 325 131 84 355 114 389 279 74 159 162 371 219 341 22 134 186 105 298 334 26 281 0,105
PFG_MOEA,1142,3,319.42,5478.6,0 118 91 284 184 14 375 212 24 0,375
PFG_MOEA,1142,4,319.42,5478.6,0 399 397 36 11 92 199 86 141 266 319 357 303 289 366 267 228 8 263 292 70 318 373 169 108 72 52 130 44 386 362 201 312 67 164 107 302 173 106 261 388 197 218 151 77 273 136 182 172 0,86 197 318 362
PFG_MOEA,1142,5,319.42,5478.6,0 38 80 13 19 226 57 127 109 59 137 123 145 51 132 142 120 269 321 299 37 340 193 314 4 350 311 156 233 135 88 249 35 235 161 68 58 34 231 94 230 374 0,
PFG_MOEA,1142,6,319.42,5478.6,0 96 242 200 191 112 165 322 339 174 393 3 229 364 320 294 121 146 300 329 152 221 0,200 393
PFG_MOEA,1142,7,319.42,5478.6,0 93 85 247 28 246 259 308 264 356 345 377 395 400 42 250 255 1 262 63 157 291 167 21 372 301 188 394 139 149 316 387 327 17 43 73 215 254 183 354 69 265 346 315 99 390 175 251 190 18 213 234 227 398 0,
PFG_MOEA,1142,8,319.42,5478.6,0 304 31 48 330 192 129 238 148 260 391 271 66 166 205 208 6 204 154 305 326 283 65 62 297 241 158 189 220 110 140 103 155 83 378 124 126 20 64 30 272 268 39 0,62 205 220 391
PFG_MOEA,1142,9,319.42,5478.6,0 7 180 333 286 317 56 217 55 0,
PFG_MOEA,1142,10,319.42,5478.6,0 15 16 380 369 168 203 338 202 306 370 342 144 176 27 98 78 196 296 347 332 324 147 211 244 223 210 45 348 353 153 278 87 171 75 328 248 258 376 368 290 343 54 46 209 361 170 367 25 232 179 224 225 97 71 33 0,16 353 370
PFG_MOEA,1142,11,319.42,5478.6,0 365 253 206 61 89 2 119 128 216 336 138 163 150 47 125 9 100 282 310 104 143 79 160 50 60 257 270 379 195 5 309 280 351 237 256 287 10 383 382 344 349 243 117 178 82 41 0,47 138 178 206 243
PFG_MOEA,1142,12,319.42,5478.6,0 335 187 359 313 360 207 307 198 49 274 122 239 276 32 40 295 23 381 236 252 90 12 214 185 0,
PFG_MOEA,1143,1,312.87,5623.42,0 216 98 370 342 144 176 27 78 196 296 347 332 147 324 211 244 223 104 310 282 79 160 50 379 195 5 309 143 150 47 9 125 0,
PFG_MOEA,1143,2,312.87,5623.42,0 117 243 344 349 343 290 368 376 258 248 328 75 348 353 171 87 278 153 45 210 257 60 270 237 256 274 49 198 222 138 336 239 276 32 177 181 358 337 384 111 116 76 23 381 90 12 0,290 336 353
PFG_MOEA,1143,3,312.87,5623.42,0 22 118 185 214 2 119 128 236 252 40 295 122 392 285 331 133 293 53 101 352 363 323 194 275 277 102 100 351 280 95 163 61 89 207 307 313 359 253 365 0,307
PFG_MOEA,1143,4,312.87,5623.42,0 206 187 0,
PFG_MOEA,1143,5,312.87,5623.42,0 281 26 334 298 219 371 341 134 186 105 115 245 396 240 385 288 113 81 29 325 355 131 84 114 389 162 159 74 279 91 0,341
PFG_MOEA,1143,6,312.87,5623.42,0 80 13 19 226 57 127 109 59 137 136 273 77 151 218 197 388 261 106 173 302 107 164 67 312 201 362 386 44 130 52 72 108 169 373 8 263 292 70 318 184 14 284 375 212 24 303 357 319 182 172 38 0,318 362
PFG_MOEA,1143,7,312.87,5623.42,0 266 141 86 199 228 267 366 289 231 34 58 68 161 235 35 249 88 135 233 156 94 230 374 92 0,
PFG_MOEA,1143,8,312.87,5623.42,0 399 397 36 11 350 311 4 314 193 340 299 321 269 120 142 37 51 123 145 132 339 322 121 146 294 174 320 364 393 3 229 308 356 264 259 246 42 300 329 112 191 165 200 221 242 96 0,51 145 174 264 329
PFG_MOEA,1143,9,312.87,5623.42,0 152 247 28 250 345 377 395 400 394 188 301 372 167 21 139 291 262 1 255 0,
PFG_MOEA,1143,10,312.87,5623.42,0 85 215 73 43 17 327 387 316 149 157 63 354 183 254 69 265 346 315 99 175 251 190 390 18 103 155 83 378 0,175 390
PFG_MOEA,1143,11,312.87,5623.42,0 304 31 48 192 330 129 238 148 260 383 10 224 391 271 39 46 93 398 227 234 213 179 232 225 97 71 33 382 0,
PFG_MOEA,1143,12,312.87,5623.42,0 209 361 170 367 25 55 217 56 7 124 126 20 64 189 158 220 180 333 317 286 140 110 241 62 297 65 283 326 305 154 204 6 208 205 166 66 30 272 268 54 287 178 82 41 335 360 380 369 203 338 202 306 168 15 16 0,7 166 203 361
PFG_MOEA,1144,1,759.34,4800.0,0 219 341 105 389 114 84 131 355 325 29 81 113 76 116 111 384 337 358 181 177 288 385 240 396 245 115 392 285 331 133 293 53 163 150 9 125 47 216 89 61 206 253 365 0,245
PFG_MOEA,1144,2,759.34,4800.0,0 22 134 186 162 159 279 74 284 184 318 70 292 263 8 373 169 108 14 375 212 24 91 0,318
PFG_MOEA,1144,3,759.34,4800.0,0 304 31 48 148 260 224 71 33 129 238 330 192 200 165 112 191 152 127 57 109 59 137 273 136 247 17 43 85 215 73 254 69 354 183 327 387 157 149 188 394 316 63 262 1 255 250 28 42 400 395 377 345 356 264 259 246 308 229 197 218 151 77 107 164 67 302 388 3 106 173 261 320 364 393 312 201 362 329 300 123 51 145 322 121 146 294 174 339 132 120 142 37 269 321 299 340 233 135 88 249 35 161 235 68 58 34 386 231 289 366 267 228 44 130 52 72 303 357 319 266 141 86 92 199 156 94 230 311 374 11 36 397 350 4 314 193 182 172 13 19 226 221 242 96 80 38 0,33 106 174 200 303 311 394
PFG_MOEA,1144,4,759.34,4800.0,0 378 83 155 103 18 190 251 175 99 315 346 372 301 167 21 139 291 265 390 234 0,
PFG_MOEA,1144,5,759.34,4800.0,0 179 391 271 39 30 272 268 46 54 93 398 227 213 232 0,391
PFG_MOEA,1144,6,759.34,4800.0,0 225 0,
PFG_MOEA,1144,7,759.34,4800.0,0 97 209 361 170 367 0,
PFG_MOEA,1144,8,759.34,4800.0,0 399 15 168 203 338 202 306 370 342 144 176 27 98 78 196 369 380 16 41 82 178 117 243 344 349 66 343 290 368 376 258 248 328 75 348 353 45 210 278 153 171 87 6 208 205 166 158 189 220 241 62 297 65 283 204 154 305 326 110 140 180 333 317 286 25 55 217 56 7 124 126 20 64 287 10 383 382 0,62 66 205 220 342
PFG_MOEA,1144,9,759.34,4800.0,0 2 119 128 295 40 32 276 239 122 296 332 347 138 336 222 95 101 194 147 324 275 323 363 352 277 102 223 244 211 104 310 100 282 143 79 160 50 60 257 270 379 195 5 309 280 351 237 256 274 49 198 252 236 0,
PFG_MOEA,1144,10,759.34,4800.0,0 381 23 90 12 207 307 0,
PFG_MOEA,1144,11,759.34,4800.0,0 335 187 359 313 360 214 0,
PFG_MOEA,1144,12,759.34,4800.0,0 185 118 281 26 334 298 371 0,
PFG_MOEA,1145,1,314.81,5596.11,0 12 90 128 236 252 336 276 138 222 198 49 274 256 237 351 280 309 5 290 343 313 207 0,222
PFG_MOEA,1145,2,314.81,5596.11,0 91 292 263 8 373 169 108 14 375 212 24 371 219 341 298 334 26 281 118 185 214 295 40 32 239 122 95 101 352 363 323 194 275 277 102 100 23 381 119 2 307 359 187 148 48 31 304 0,23
PFG_MOEA,1145,3,314.81,5596.11,0 260 224 71 33 127 152 191 112 165 200 129 238 330 192 0,33
PFG_MOEA,1145,4,314.81,5596.11,0 57 67 302 173 106 3 388 164 107 77 151 218 197 229 308 246 259 264 356 345 377 395 400 42 28 250 255 1 262 63 316 394 188 149 157 387 327 183 354 69 254 73 215 85 43 17 247 136 273 137 59 109 0,
PFG_MOEA,1145,5,314.81,5596.11,0 329 300 362 123 51 145 322 121 146 201 261 320 364 393 312 294 174 339 132 206 253 365 360 335 0,362 393
PFG_MOEA,1145,6,314.81,5596.11,0 61 358 181 177 288 385 240 396 245 115 392 285 331 133 293 53 163 150 9 125 47 216 89 0,
PFG_MOEA,1145,7,314.81,5596.11,0 80 13 19 226 35 161 235 58 34 386 231 289 366 267 228 44 130 52 72 318 70 184 284 74 279 159 162 389 114 355 325 384 337 111 116 76 113 81 29 131 84 105 186 134 22 0,
PFG_MOEA,1145,8,314.81,5596.11,0 38 96 242 221 172 182 397 350 311 4 314 193 230 94 156 374 36 11 92 319 357 303 266 141 86 199 68 135 88 249 233 340 299 321 269 120 142 37 301 21 139 291 167 372 346 315 99 175 251 0,182
PFG_MOEA,1145,9,314.81,5596.11,0 97 225 232 179 391 271 158 241 62 297 65 283 204 154 305 326 110 140 286 317 333 180 220 126 124 7 56 217 55 25 367 170 361 209 227 234 213 190 390 265 18 103 155 83 378 398 93 54 46 268 272 30 39 0,65 154
PFG_MOEA,1145,10,314.81,5596.11,0 399 15 16 380 41 82 178 117 243 344 349 20 189 64 166 205 208 6 87 171 153 278 210 353 258 376 368 66 287 10 383 382 0,243
PFG_MOEA,1145,11,314.81,5596.11,0 369 338 203 168 0,
PFG_MOEA,1145,12,314.81,5596.11,0 202 306 370 342 144 176 27 98 78 196 296 347 332 324 147 211 244 223 104 310 282 143 79 160 50 60 257 270 379 195 45 348 75 328 248 0,370
PFG_MOEA,1146,1,411.21,4974.5,0 12 90 381 23 32 276 239 336 138 222 198 49 274 256 237 351 280 252 236 128 119 2 0,23
PFG_MOEA,1146,2,411.21,4974.5,0 22 118 185 214 295 40 122 392 285 331 133 293 53 101 352 363 323 194 275 277 102 100 95 163 61 89 207 307 313 359 365 253 206 187 0,22 100
PFG_MOEA,1146,3,411.21,4974.5,0 115 0,
PFG_MOEA,1146,4,411.21,4974.5,0 245 396 240 385 288 177 181 358 337 384 111 116 76 113 81 29 325 355 0,
PFG_MOEA,1146,5,411.21,4974.5,0 281 26 334 298 341 134 186 131 84 114 389 105 219 371 162 159 74 279 91 24 212 375 284 14 184 318 70 292 263 8 373 169 108 72 52 130 44 386 362 201 312 67 164 107 302 173 106 261 388 197 218 151 77 273 136 137 59 109 127 57 226 19 13 80 0,77 106 284
PFG_MOEA,1146,6,411.21,4974.5,0 38 172 182 319 303 357 266 141 86 199 228 267 366 289 231 34 58 68 161 235 35 249 88 135 233 156 94 230 374 92 11 36 397 350 311 4 314 193 340 299 321 269 120 142 37 51 123 145 132 339 322 121 146 294 174 320 364 393 3 229 308 356 264 259 246 42 300 329 112 221 242 96 0,51 174 229 246 299
PFG_MOEA,1146,7,411.21,4974.5,0 399 200 165 191 152 247 255 1 262 250 28 345 377 395 400 394 188 301 372 21 167 291 139 149 157 63 316 387 327 17 43 85 215 73 254 183 354 69 265 346 315 99 175 251 190 390 18 103 155 83 378 213 234 227 398 93 224 179 232 225 97 71 33 260 148 238 129 330 192 48 31 304 0,93
PFG_MOEA,1146,8,411.21,4974.5,0 382 383 10 391 271 39 46 54 268 272 30 66 166 205 208 6 204 154 305 326 283 65 297 62 241 110 140 286 317 333 180 220 158 189 64 20 126 124 7 56 217 55 25 367 170 361 209 287 0,55 62 66 220
PFG_MOEA,1146,9,411.21,4974.5,0 380 0,
PFG_MOEA,1146,10,411.21,4974.5,0 16 369 15 0,
PFG_MOEA,1146,11,411.21,4974.5,0 168 203 178 82 41 0,178
PFG_MOEA,1146,12,411.21,4974.5,0 335 360 338 202 306 370 342 144 176 27 98 78 196 296 347 332 216 47 125 9 150 147 324 211 244 223 104 310 282 143 309 5 195 379 79 160 50 60 270 257 210 45 153 278 87 171 353 348 75 328 248 258 376 368 290 343 349 344 243 117 0,
PFG_MOEA,1147,1,312.55,5795.78,0 336 138 239 122 296 347 332 324 275 277 104 211 244 223 102 352 363 323 194 147 101 95 222 0,122 211 222 277
PFG_MOEA,1147,2,312.55,5795.78,0 335 360 207 307 313 359 187 100 310 282 143 79 160 50 60 257 270 379 195 5 309 280 351 237 256 274 49 198 252 236 381 23 90 12 214 185 118 281 26 334 298 371 72 52 130 44 386 80 0,5 307
PFG_MOEA,1147,3,312.55,5795.78,0 13 19 226 57 127 109 59 137 136 273 77 151 218 197 388 261 106 173 302 107 164 67 312 201 362 123 51 145 294 174 339 132 142 120 269 321 299 0,174
PFG_MOEA,1147,4,312.55,5795.78,0 340 233 135 88 249 35 235 161 68 58 34 231 289 366 267 228 141 266 303 357 319 86 199 156 94 0,303
PFG_MOEA,1147,5,312.55,5795.78,0 38 172 182 397 36 11 92 374 230 311 350 4 314 193 37 322 121 146 320 364 393 3 229 308 356 264 259 246 42 300 329 112 191 152 221 242 96 0,42 264
PFG_MOEA,1147,6,312.55,5795.78,0 200 165 129 0,
PFG_MOEA,1147,7,312.55,5795.78,0 304 330 395 400 394 188 301 372 21 167 291 139 149 157 63 316 387 17 43 33 71 224 260 0,
PFG_MOEA,1147,8,312.55,5795.78,0 399 247 28 250 345 377 262 1 255 327 254 73 215 85 93 179 232 225 97 148 238 192 48 31 0,93
PFG_MOEA,1147,9,312.55,5795.78,0 378 69 183 354 265 346 315 99 175 251 190 390 18 103 155 83 234 213 227 398 209 361 170 367 25 55 217 56 7 180 333 317 286 140 110 62 297 65 283 326 305 154 204 6 208 241 220 158 189 64 20 126 124 0,175
PFG_MOEA,1147,10,312.55,5795.78,0 287 382 383 10 268 272 30 66 166 205 271 39 391 53 293 133 331 285 392 115 245 396 240 385 288 177 181 358 337 384 111 116 76 113 81 29 325 355 131 84 114 389 105 341 219 0,
PFG_MOEA,1147,11,312.55,5795.78,0 91 24 212 375 14 108 169 373 8 263 292 70 318 184 284 74 279 159 162 22 134 186 89 216 47 125 9 150 163 61 365 253 206 46 54 0,
PFG_MOEA,1147,12,312.55,5795.78,0 41 82 178 117 243 344 349 343 290 368 376 258 248 328 75 171 87 153 278 210 45 353 348 2 119 128 295 40 32 276 196 78 98 27 176 144 342 370 306 202 338 203 168 369 380 16 15 0,16 87 203
PFG_MOEA,1148,1,389.39,5146.42,0 163 78 53 293 133 331 285 392 98 115 245 27 396 240 385 288 177 181 358 337 384 111 116 76 113 81 29 325 355 131 84 114 389 91 279 74 159 162 371 219 298 341 22 134 186 105 118 185 0,
PFG_MOEA,1148,2,389.39,5146.42,0 281 26 334 24 212 375 284 14 184 318 70 292 263 8 373 169 108 72 52 130 44 386 51 145 123 362 201 294 312 67 164 107 302 173 106 261 388 197 218 151 77 273 136 137 59 109 127 57 226 19 13 80 0,
PFG_MOEA,1148,3,389.39,5146.42,0 142 339 174 132 120 269 321 299 340 233 135 88 249 35 235 161 68 58 34 231 289 366 267 228 141 266 303 357 319 86 199 156 94 230 374 92 11 36 397 350 311 4 314 193 0,88
PFG_MOEA,1148,4,389.39,5146.42,0 182 172 38 0,
PFG_MOEA,1148,5,389.39,5146.42,0 37 322 121 146 320 364 393 3 229 308 356 264 259 246 42 300 329 112 152 191 165 200 221 242 96 0,152 264 329
PFG_MOEA,1148,6,389.39,5146.42,0 129 33 71 224 260 0,
PFG_MOEA,1148,7,389.39,5146.42,0 399 247 255 1 262 250 28 345 377 395 400 394 188 301 372 21 167 291 139 149 157 63 316 387 17 43 73 254 327 183 354 69 215 85 93 179 232 225 97 148 48 238 330 192 31 304 0,395
PFG_MOEA,1148,8,389.39,5146.42,0 16 15 168 203 369 380 391 271 39 268 272 30 66 166 205 208 6 204 154 305 326 283 65 297 62 241 110 140 286 317 333 180 220 158 189 64 20 126 124 7 56 217 55 25 367 170 361 209 398 227 234 213 190 251 175 99 315 346 265 390 18 103 155 83 378 54 46 287 10 383 382 41 0,7 16 20 103 272
PFG_MOEA,1148,9,389.39,5146.42,0 82 178 117 243 368 376 258 353 153 171 87 278 210 143 237 256 274 49 100 282 310 104 102 277 275 194 323 363 352 101 198 95 222 138 122 276 336 252 236 128 23 381 90 119 2 12 0,
PFG_MOEA,1148,10,389.39,5146.42,0 344 349 351 280 309 5 79 160 50 60 257 270 379 195 45 348 75 328 248 290 343 187 0,
PFG_MOEA,1148,11,389.39,5146.42,0 214 295 40 32 239 370 342 144 176 150 47 9 125 216 89 61 207 307 313 359 206 253 365 360 335 0,176
PFG_MOEA,1148,12,389.39,5146.42,0 338 202 306 196 296 347 332 324 147 211 244 223 0,
PFG_MOEA,1149,1,413.96,4915.5,0 187 206 253 365 359 313 307 207 61 12 89 2 119 128 236 252 336 138 163 222 95 198 351 280 237 256 274 49 100 102 277 275 194 323 363 352 101 53 293 133 331 285 392 122 239 276 32 40 295 23 381 90 113 81 29 76 116 111 384 337 358 181 177 288 385 240 396 245 115 22 118 185 214 0,245 381
PFG_MOEA,1149,2,413.96,4915.5,0 281 84 131 325 355 114 389 186 134 341 298 26 334 0,
PFG_MOEA,1149,3,413.96,4915.5,0 371 219 105 162 159 74 279 91 24 212 375 284 14 184 318 70 292 263 8 373 169 108 72 52 130 44 386 362 201 312 67 164 107 302 173 106 261 388 197 218 151 77 273 136 137 59 0,
PFG_MOEA,1149,4,413.96,4915.5,0 57 127 109 226 0,
PFG_MOEA,1149,5,413.96,4915.5,0 19 0,
PFG_MOEA,1149,6,413.96,4915.5,0 38 303 357 266 141 86 199 228 267 366 289 231 34 58 68 161 235 35 249 88 135 233 319 182 172 13 80 0,88
PFG_MOEA,1149,7,413.96,4915.5,0 399 397 36 11 92 156 94 230 374 350 311 4 314 193 340 299 321 269 120 142 37 51 123 145 132 339 322 121 146 294 174 320 364 393 3 229 308 356 264 259 246 42 300 329 112 191 165 200 221 242 96 0,11 340 374 393
PFG_MOEA,1149,8,413.96,4915.5,0 152 247 255 1 262 250 28 345 377 395 400 394 188 301 372 21 167 291 139 149 157 63 316 387 327 17 43 85 215 73 254 183 354 69 265 346 315 99 175 251 190 390 18 103 155 83 378 213 234 227 398 93 0,1 152 175 227
PFG_MOEA,1149,9,413.96,4915.5,0 304 31 48 192 330 238 129 148 260 391 271 39 268 272 30 66 166 205 208 6 204 154 305 326 283 65 297 62 241 110 140 286 317 333 180 220 158 189 64 20 126 124 7 56 217 55 25 367 170 361 209 71 33 97 225 232 179 224 0,55 391
PFG_MOEA,1149,10,413.96,4915.5,0 287 10 383 382 0,
PFG_MOEA,1149,11,413.96,4915.5,0 16 15 168 203 369 380 82 178 117 243 349 344 54 46 41 0,
PFG_MOEA,1149,12,413.96,4915.5,0 335 360 216 150 9 47 125 309 5 343 290 368 376 258 248 328 75 171 87 278 153 353 348 45 210 195 379 270 257 60 50 160 79 143 282 310 104 223 244 211 324 147 332 347 296 196 78 98 27 176 144 342 370 306 202 338 0,
PFG_MOEA,1150,1,320.55,5348.04,0 80 13 172 182 397 36 11 92 233 135 88 249 35 235 161 68 58 34 231 289 319 399 0,
PFG_MOEA,1150,2,320.55,5348.04,0 374 230 94 156 311 350 4 314 193 340 299 321 269 120 142 132 339 174 320 364 308 229 3 393 294 146 121 322 123 145 51 37 0,393
PFG_MOEA,1150,3,320.55,5348.04,0 96 242 221 200 165 112 329 300 191 152 247 255 1 262 42 250 28 246 259 264 356 345 377 395 400 394 188 301 372 21 167 291 139 149 157 63 316 387 327 17 43 85 215 73 254 183 354 69 265 346 315 99 175 251 190 0,215
PFG_MOEA,1150,4,320.55,5348.04,0 304 31 192 330 238 129 398 227 234 213 18 390 286 140 110 241 93 260 148 48 0,
PFG_MOEA,1150,5,320.55,5348.04,0 317 333 0,
PFG_MOEA,1150,6,320.55,5348.04,0 33 71 209 361 170 367 25 55 217 56 7 180 220 158 189 64 20 126 124 224 10 383 382 16 203 168 15 0,25
PFG_MOEA,1150,7,320.55,5348.04,0 380 369 335 360 216 150 9 47 125 309 5 195 379 270 210 45 348 353 153 278 87 171 75 328 248 258 376 368 290 343 54 46 344 349 243 117 178 82 41 0,
PFG_MOEA,1150,8,320.55,5348.04,0 338 202 306 370 342 144 176 27 98 78 196 296 347 332 147 324 211 244 223 104 310 282 143 79 160 50 60 257 6 204 154 305 326 283 62 297 65 208 205 166 66 30 272 268 0,66
PFG_MOEA,1150,9,320.55,5348.04,0 187 206 253 365 359 313 307 207 61 12 89 2 119 128 236 252 336 138 163 222 95 198 351 256 237 280 391 271 39 378 83 155 103 232 179 287 225 97 0,138 307
PFG_MOEA,1150,10,320.55,5348.04,0 22 389 114 84 131 325 355 29 81 113 76 116 111 384 337 358 181 177 288 385 240 396 245 115 392 285 331 133 293 53 101 352 363 323 194 275 277 102 100 49 274 122 239 276 32 40 295 23 381 90 214 185 281 118 0,323 331
PFG_MOEA,1150,11,320.55,5348.04,0 334 298 26 105 186 134 341 219 371 24 212 375 14 184 318 70 292 263 8 373 169 284 74 279 91 159 162 0,134
PFG_MOEA,1150,12,320.55,5348.04,0 38 19 226 57 127 109 59 137 136 273 77 151 218 197 388 261 106 173 302 107 164 67 312 201 362 366 267 228 386 44 130 52 72 108 303 357 266 141 86 199 0,106 386
PFG_MOEA,1151,1,270.73,5843.94,0 335 187 309 5 195 379 270 257 60 50 160 79 143 280 351 237 256 274 49 198 252 236 381 23 90 12 207 307 0,
PFG_MOEA,1151,2,270.73,5843.94,0 61 313 359 206 253 365 360 214 185 118 281 26 334 298 371 22 134 186 162 159 292 263 8 373 318 70 184 284 74 279 0,134 284 313 318
PFG_MOEA,1151,3,270.73,5843.94,0 91 169 108 14 375 212 24 192 330 238 129 200 165 112 191 152 127 57 109 59 137 273 136 247 17 43 85 215 33 71 224 260 148 48 31 304 0,33 200
PFG_MOEA,1151,4,270.73,5843.94,0 73 254 69 354 183 327 387 157 149 188 394 316 63 262 1 255 250 28 42 400 395 377 345 356 264 259 246 308 229 197 218 151 77 107 164 67 302 388 3 106 173 261 320 364 0,
PFG_MOEA,1151,5,270.73,5843.94,0 329 300 362 123 51 145 322 121 146 201 312 393 294 174 339 132 120 142 0,145 174
PFG_MOEA,1151,6,270.73,5843.94,0 37 269 321 299 340 219 341 105 84 131 29 81 113 76 116 111 181 358 337 384 325 355 114 389 0,341
PFG_MOEA,1151,7,270.73,5843.94,0 89 216 47 125 9 150 163 53 293 133 331 285 392 115 245 396 240 385 288 177 34 58 235 135 233 88 249 35 161 68 0,133 240
PFG_MOEA,1151,8,270.73,5843.94,0 172 182 193 314 4 350 397 36 11 374 311 230 94 156 199 92 86 319 266 141 289 231 386 366 267 228 44 130 52 72 303 357 13 19 226 221 242 96 0,141 386
PFG_MOEA,1151,9,270.73,5843.94,0 38 80 378 83 291 139 21 167 301 372 346 315 265 390 99 175 251 190 18 103 155 234 227 398 93 54 46 268 272 30 39 271 391 179 0,
PFG_MOEA,1151,10,270.73,5843.94,0 97 225 232 209 361 213 170 367 328 248 258 376 368 290 343 66 349 344 243 117 178 82 41 16 380 369 196 78 98 27 176 144 342 370 306 202 338 203 168 15 399 0,82 176 225
PFG_MOEA,1151,11,270.73,5843.94,0 287 64 166 205 75 348 353 45 210 278 153 171 87 6 208 158 189 220 241 62 297 65 283 204 154 305 326 110 140 180 333 317 286 25 55 217 56 7 124 126 20 10 0,65 126
PFG_MOEA,1151,12,270.73,5843.94,0 2 119 128 295 40 32 276 239 122 296 332 347 138 336 222 95 101 194 147 324 275 323 363 352 277 102 223 244 211 104 310 100 282 383 382 0,2
PFG_MOEA,1152,1,369.23,5154.87,0 90 295 40 32 276 239 122 222 95 101 323 363 352 102 277 275 194 53 293 133 331 285 392 115 245 396 240 385 288 177 181 358 337 384 111 116 76 113 81 29 325 131 84 355 114 389 279 74 159 162 371 219 341 22 134 186 105 298 334 26 281 118 185 214 0,40 240 245 331
PFG_MOEA,1152,2,369.23,5154.87,0 91 24 212 375 284 14 184 318 70 292 263 8 373 169 108 72 52 130 44 386 0,318
PFG_MOEA,1152,3,369.23,5154.87,0 362 201 312 67 164 107 302 173 106 261 388 197 218 151 77 273 136 0,106
PFG_MOEA,1152,4,369.23,5154.87,0 399 172 182 397 36 11 92 86 141 266 303 357 319 199 228 267 366 289 231 34 58 68 161 235 35 249 88 135 233 156 94 230 374 350 311 4 314 193 340 299 321 269 120 142 37 51 145 123 137 59 109 127 57 226 19 13 80 38 0,340
PFG_MOEA,1152,5,369.23,5154.87,0 132 339 322 0,
PFG_MOEA,1152,6,369.23,5154.87,0 96 242 221 200 165 112 191 152 329 300 121 146 294 174 320 364 393 3 229 308 259 246 264 356 345 377 395 400 42 250 28 247 255 1 262 63 157 291 167 21 372 301 188 394 139 149 316 387 327 17 43 85 215 73 254 183 354 69 265 346 315 99 0,1 200 393
PFG_MOEA,1152,7,369.23,5154.87,0 93 398 227 234 213 190 251 175 390 18 103 155 83 378 31 304 0,
PFG_MOEA,1152,8,369.23,5154.87,0 48 192 330 238 129 148 260 391 0,
PFG_MOEA,1152,9,369.23,5154.87,0 268 272 30 65 283 326 305 154 204 6 208 205 166 66 271 39 0,272
PFG_MOEA,1152,10,369.23,5154.87,0 124 126 20 64 189 158 220 241 297 62 110 140 286 317 333 180 7 56 217 55 25 367 170 361 209 71 97 33 0,
PFG_MOEA,1152,11,369.23,5154.87,0 15 16 380 369 168 203 338 202 306 370 342 144 176 27 98 78 196 296 347 332 324 147 211 244 223 210 45 348 353 153 278 87 171 75 328 248 258 376 368 290 343 54 46 224 225 232 179 287 10 383 382 41 344 349 243 117 178 82 125 9 47 150 216 360 335 0,47 87 353
PFG_MOEA,1152,12,369.23,5154.87,0 207 307 313 359 365 253 206 187 100 310 104 282 143 79 160 50 60 257 270 379 195 5 309 280 351 237 256 274 49 198 163 138 336 252 236 381 23 128 119 2 89 12 61 0,
PFG_MOEA,1153,1,337.93,5308.22,0 187 206 253 313 359 365 0,
PFG_MOEA,1153,2,337.93,5308.22,0 207 307 198 280 351 256 237 101 53 293 133 331 285 392 95 222 163 138 336 252 236 128 119 2 89 12 61 0,133 222
PFG_MOEA,1153,3,337.93,5308.22,0 323 363 352 194 275 277 102 100 49 274 122 239 276 32 40 295 23 381 90 0,
PFG_MOEA,1153,4,337.93,5308.22,0 22 115 245 396 240 385 288 177 181 358 337 384 111 116 76 113 81 29 131 84 281 118 185 214 0,
PFG_MOEA,1153,5,337.93,5308.22,0 334 26 298 371 219 341 134 186 105 355 325 114 389 162 159 74 279 91 24 212 375 284 14 184 318 70 292 263 8 373 169 108 72 52 130 44 386 362 201 312 0,284
PFG_MOEA,1153,6,337.93,5308.22,0 399 172 182 397 36 11 92 86 141 266 303 357 319 199 228 267 366 289 231 34 58 68 161 235 35 249 88 135 233 156 94 230 57 127 109 59 137 136 273 77 151 218 197 388 261 106 173 302 107 164 67 294 226 19 13 80 38 0,
PFG_MOEA,1153,7,337.93,5308.22,0 374 350 311 4 314 193 340 299 321 269 120 142 37 51 145 123 146 121 322 339 132 174 320 364 393 3 229 308 356 264 259 246 42 1 255 247 152 191 112 329 300 165 200 221 242 96 0,132 264 340 393
PFG_MOEA,1153,8,337.93,5308.22,0 28 250 262 400 395 345 377 394 188 301 372 21 167 291 139 149 157 63 316 387 327 17 43 85 215 73 254 183 354 69 265 346 315 99 175 251 190 0,
PFG_MOEA,1153,9,337.93,5308.22,0 304 192 330 238 129 378 83 155 103 18 390 213 234 227 398 140 110 241 62 297 65 283 326 305 154 204 6 208 205 166 66 93 30 272 268 39 271 391 260 148 48 31 0,65 391
PFG_MOEA,1153,10,337.93,5308.22,0 33 71 225 97 232 209 361 170 367 25 55 217 56 7 317 286 333 180 220 158 189 64 20 126 124 224 10 287 179 0,
PFG_MOEA,1153,11,337.93,5308.22,0 15 168 203 369 16 380 335 360 216 150 9 47 125 309 5 195 379 270 210 45 348 353 153 278 87 171 75 328 248 54 46 383 382 344 349 243 117 178 82 41 0,82 87 195 353
PFG_MOEA,1153,12,337.93,5308.22,0 338 202 306 370 342 144 176 27 98 78 196 296 347 332 147 324 211 244 223 104 310 282 143 79 160 50 60 257 258 376 368 290 343 0,290
PFG_MOEA,1154,1,319.42,5478.6,0 222 0,
PFG_MOEA,1154,2,319.42,5478.6,0 95 101 323 363 352 102 277 275 194 53 293 133 331 285 392 115 245 396 240 385 288 177 181 358 337 384 111 116 76 113 81 29 325 131 84 355 114 389 279 74 159 162 371 219 341 22 134 186 105 298 334 26 281 0,105
PFG_MOEA,1154,3,319.42,5478.6,0 118 91 284 184 14 375 212 24 0,375
PFG_MOEA,1154,4,319.42,5478.6,0 399 397 36 11 92 199 86 141 266 319 357 303 289 366 267 228 8 263 292 70 318 373 169 108 72 52 130 44 386 362 201 312 67 164 107 302 173 106 261 388 197 218 151 77 273 136 182 172 0,86 197 318 362
PFG_MOEA,1154,5,319.42,5478.6,0 38 80 13 19 226 57 127 109 59 137 123 145 51 132 142 120 269 321 299 37 340 193 314 4 350 311 156 233 135 88 249 35 235 161 68 58 34 231 94 230 374 0,
PFG_MOEA,1154,6,319.42,5478.6,0 96 242 200 191 112 165 322 339 174 393 3 229 364 320 294 121 146 300 329 152 221 0,200 393
PFG_MOEA,1154,7,319.42,5478.6,0 93 85 247 28 246 259 308 264 356 345 377 395 400 42 250 255 1 262 63 157 291 167 21 372 301 188 394 139 149 316 387 327 17 43 73 215 254 183 354 69 265 346 315 99 390 175 251 190 18 213 234 227 398 0,
PFG_MOEA,1154,8,319.42,5478.6,0 304 31 48 330 192 129 238 148 260 391 271 66 166 205 208 6 204 154 305 326 283 65 62 297 241 158 189 220 110 140 103 155 83 378 124 126 20 64 30 272 268 39 0,62 205 220 391
PFG_MOEA,1154,9,319.42,5478.6,0 7 180 333 286 317 56 217 55 0,
PFG_MOEA,1154,10,319.42,5478.6,0 15 16 380 369 168 203 338 202 306 370 342 144 176 27 98 78 196 296 347 332 324 147 211 244 223 210 45 348 353 153 278 87 171 75 328 248 258 376 368 290 343 54 46 209 361 170 367 25 232 179 224 225 97 71 33 0,16 353 370
PFG_MOEA,1154,11,319.42,5478.6,0 365 253 206 61 89 2 119 128 216 336 138 163 150 47 125 9 100 282 310 104 143 79 160 50 60 257 270 379 195 5 309 280 351 237 256 287 10 383 382 344 349 243 117 178 82 41 0,47 138 178 206 243
PFG_MOEA,1154,12,319.42,5478.6,0 335 187 359 313 360 207 307 198 49 274 122 239 276 32 40 295 23 381 236 252 90 12 214 185 0,
PFG_MOEA,1155,1,312.87,5623.42,0 216 98 370 342 144 176 27 78 196 296 347 332 147 324 211 244 223 104 310 282 79 160 50 379 195 5 309 143 150 47 9 125 0,
PFG_MOEA,1155,2,312.87,5623.42,0 117 243 344 349 343 290 368 376 258 248 328 75 348 353 171 87 278 153 45 210 257 60 270 237 256 274 49 198 222 138 336 239 276 32 177 181 358 337 384 111 116 76 23 381 90 12 0,290 336 353
PFG_MOEA,1155,3,312.87,5623.42,0 22 118 185 214 2 119 128 236 252 40 295 122 392 285 331 133 293 53 101 352 363 323 194 275 277 102 100 351 280 95 163 61 89 207 307 313 359 253 365 0,307
PFG_MOEA,1155,4,312.87,5623.42,0 206 187 0,
PFG_MOEA,1155,5,312.87,5623.42,0 281 26 334 298 219 371 341 134 186 105 115 245 396 240 385 288 113 81 29 325 355 131 84 114 389 162 159 74 279 91 0,341
PFG_MOEA,1155,6,312.87,5623.42,0 80 13 19 226 57 127 109 59 137 136 273 77 151 218 197 388 261 106 173 302 107 164 67 312 201 362 386 44 130 52 72 108 169 373 8 263 292 70 318 184 14 284 375 212 24 303 357 319 182 172 38 0,318 362
PFG_MOEA,1155,7,312.87,5623.42,0 266 141 86 199 228 267 366 289 231 34 58 68 161 235 35 249 88 135 233 156 94 230 374 92 0,
PFG_MOEA,1155,8,312.87,5623.42,0 399 397 36 11 350 311 4 314 193 340 299 321 269 120 142 37 51 123 145 132 339 322 121 146 294 174 320 364 393 3 229 308 356 264 259 246 42 300 329 112 191 165 200 221 242 96 0,51 145 174 264 329
PFG_MOEA,1155,9,312.87,5623.42,0 152 247 28 250 345 377 395 400 394 188 301 372 167 21 139 291 262 1 255 0,
PFG_MOEA,1155,10,312.87,5623.42,0 85 215 73 43 17 327 387 316 149 157 63 354 183 254 69 265 346 315 99 175 251 190 390 18 103 155 83 378 0,175 390
PFG_MOEA,1155,11,312.87,5623.42,0 304 31 48 192 330 129 238 148 260 383 10 224 391 271 39 46 93 398 227 234 213 179 232 225 97 71 33 382 0,
PFG_MOEA,1155,12,312.87,5623.42,0 209 361 170 367 25 55 217 56 7 124 126 20 64 189 158 220 180 333 317 286 140 110 241 62 297 65 283 326 305 154 204 6 208 205 166 66 30 272 268 54 287 178 82 41 335 360 380 369 203 338 202 306 168 15 16 0,7 166 203 361
PFG_MOEA,1156,1,759.34,4800.0,0 219 341 105 389 114 84 131 355 325 29 81 113 76 116 111 384 337 358 181 177 288 385 240 396 245 115 392 285 331 133 293 53 163 150 9 125 47 216 89 61 206 253 365 0,245
PFG_MOEA,1156,2,759.34,4800.0,0 22 134 186 162 159 279 74 284 184 318 70 292 263 8 373 169 108 14 375 212 24 91 0,318
PFG_MOEA,1156,3,759.34,4800.0,0 304 31 48 148 260 224 71 33 129 238 330 192 200 165 112 191 152 127 57 109 59 137 273 136 247 17 43 85 215 73 254 69 354 183 327 387 157 149 188 394 316 63 262 1 255 250 28 42 400 395 377 345 356 264 259 246 308 229 197 218 151 77 107 164 67 302 388 3 106 173 261 320 364 393 312 201 362 329 300 123 51 145 322 121 146 294 174 339 132 120 142 37 269 321 299 340 233 135 88 249 35 161 235 68 58 34 386 231 289 366 267 228 44 130 52 72 303 357 319 266 141 86 92 199 156 94 230 311 374 11 36 397 350 4 314 193 182 172 13 19 226 221 242 96 80 38 0,33 106 174 200 303 311 394
PFG_MOEA,1156,4,759.34,4800.0,0 378 83 155 103 18 190 251 175 99 315 346 372 301 167 21 139 291 265 390 234 0,
PFG_MOEA,1156,5,759.34,4800.0,0 179 391 271 39 30 272 268 46 54 93 398 227 213 232 0,391
PFG_MOEA,1156,6,759.34,4800.0,0 225 0,
PFG_MOEA,1156,7,759.34,4800.0,0 97 209 361 170 367 0,
PFG_MOEA,1156,8,759.34,4800.0,0 399 15 168 203 338 202 306 370 342 144 176 27 98 78 196 369 380 16 41 82 178 117 243 344 349 66 343 290 368 376 258 248 328 75 348 353 45 210 278 153 171 87 6 208 205 166 158 189 220 241 62 297 65 283 204 154 305 326 110 140 180 333 317 286 25 55 217 56 7 124 126 20 64 287 10 383 382 0,62 66 205 220 342
PFG_MOEA,1156,9,759.34,4800.0,0 2 119 128 295 40 32 276 239 122 296 332 347 138 336 222 95 101 194 147 324 275 323 363 352 277 102 223 244 211 104 310 100 282 143 79 160 50 60 257 270 379 195 5 309 280 351 237 256 274 49 198 252 236 0,
PFG_MOEA,1156,10,759.34,4800.0,0 381 23 90 12 207 307 0,
PFG_MOEA,1156,11,759.34,4800.0,0 335 187 359 313 360 214 0,
PFG_MOEA,1156,12,759.34,4800.0,0 185 118 281 26 334 298 371 0,
PFG_MOEA,1157,1,314.81,5596.11,0 12 90 128 236 252 336 276 138 222 198 49 274 256 237 351 280 309 5 290 343 313 207 0,222
PFG_MOEA,1157,2,314.81,5596.11,0 91 292 263 8 373 169 108 14 375 212 24 371 219 341 298 334 26 281 118 185 214 295 40 32 239 122 95 101 352 363 323 194 275 277 102 100 23 381 119 2 307 359 187 148 48 31 304 0,23
PFG_MOEA,1157,3,314.81,5596.11,0 260 224 71 33 127 152 191 112 165 200 129 238 330 192 0,33
PFG_MOEA,1157,4,314.81,5596.11,0 57 67 302 173 106 3 388 164 107 77 151 218 197 229 308 246 259 264 356 345 377 395 400 42 28 250 255 1 262 63 316 394 188 149 157 387 327 183 354 69 254 73 215 85 43 17 247 136 273 137 59 109 0,
PFG_MOEA,1157,5,314.81,5596.11,0 329 300 362 123 51 145 322 121 146 201 261 320 364 393 312 294 174 339 132 206 253 365 360 335 0,362 393
PFG_MOEA,1157,6,314.81,5596.11,0 61 358 181 177 288 385 240 396 245 115 392 285 331 133 293 53 163 150 9 125 47 216 89 0,
PFG_MOEA,1157,7,314.81,5596.11,0 80 13 19 226 35 161 235 58 34 386 231 289 366 267 228 44 130 52 72 318 70 184 284 74 279 159 162 389 114 355 325 384 337 111 116 76 113 81 29 131 84 105 186 134 22 0,
PFG_MOEA,1157,8,314.81,5596.11,0 38 96 242 221 172 182 397 350 311 4 314 193 230 94 156 374 36 11 92 319 357 303 266 141 86 199 68 135 88 249 233 340 299 321 269 120 142 37 301 21 139 291 167 372 346 315 99 175 251 0,182
PFG_MOEA,1157,9,314.81,5596.11,0 97 225 232 179 391 271 158 241 62 297 65 283 204 154 305 326 110 140 286 317 333 180 220 126 124 7 56 217 55 25 367 170 361 209 227 234 213 190 390 265 18 103 155 83 378 398 93 54 46 268 272 30 39 0,65 154
PFG_MOEA,1157,10,314.81,5596.11,0 399 15 16 380 41 82 178 117 243 344 349 20 189 64 166 205 208 6 87 171 153 278 210 353 258 376 368 66 287 10 383 382 0,243
PFG_MOEA,1157,11,314.81,5596.11,0 369 338 203 168 0,
PFG_MOEA,1157,12,314.81,5596.11,0 202 306 370 342 144 176 27 98 78 196 296 347 332 324 147 211 244 223 104 310 282 143 79 160 50 60 257 270 379 195 45 348 75 328 248 0,370
PFG_MOEA,1158,1,411.21,4974.5,0 12 90 381 23 32 276 239 336 138 222 198 49 274 256 237 351 280 252 236 128 119 2 0,23
PFG_MOEA,1158,2,411.21,4974.5,0 22 118 185 214 295 40 122 392 285 331 133 293 53 101 352 363 323 194 275 277 102 100 95 163 61 89 207 307 313 359 365 253 206 187 0,22 100
PFG_MOEA,1158,3,411.21,4974.5,0 115 0,
PFG_MOEA,1158,4,411.21,4974.5,0 245 396 240 385 288 177 181 358 337 384 111 116 76 113 81 29 325 355 0,
PFG_MOEA,1158,5,411.21,4974.5,0 281 26 334 298 341 134 186 131 84 114 389 105 219 371 162 159 74 279 91 24 212 375 284 14 184 318 70 292 263 8 373 169 108 72 52 130 44 386 362 201 312 67 164 107 302 173 106 261 388 197 218 151 77 273 136 137 59 109 127 57 226 19 13 80 0,77 106 284
PFG_MOEA,1158,6,411.21,4974.5,0 38 172 182 319 303 357 266 141 86 199 228 267 366 289 231 34 58 68 161 235 35 249 88 135 233 156 94 230 374 92 11 36 397 350 311 4 314 193 340 299 321 269 120 142 37 51 123 145 132 339 322 121 146 294 174 320 364 393 3 229 308 356 264 259 246 42 300 329 112 221 242 96 0,51 174 229 246 299
PFG_MOEA,1158,7,411.21,4974.5,0 399 200 165 191 152 247 255 1 262 250 28 345 377 395 400 394 188 301 372 21 167 291 139 149 157 63 316 387 327 17 43 85 215 73 254 183 354 69 265 346 315 99 175 251 190 390 18 103 155 83 378 213 234 227 398 93 224 179 232 225 97 71 33 260 148 238 129 330 192 48 31 304 0,93
PFG_MOEA,1158,8,411.21,4974.5,0 382 383 10 391 271 39 46 54 268 272 30 66 166 205 208 6 204 154 305 326 283 65 297 62 241 110 140 286 317 333 180 220 158 189 64 20 126 124 7 56 217 55 25 367 170 361 209 287 0,55 62 66 220
PFG_MOEA,1158,9,411.21,4974.5,0 380 0,
PFG_MOEA,1158,10,411.21,4974.5,0 16 369 15 0,
PFG_MOEA,1158,11,411.21,4974.5,0 168 203 178 82 41 0,178
PFG_MOEA,1158,12,411.21,4974.5,0 335 360 338 202 306 370 342 144 176 27 98 78 196 296 347 332 216 47 125 9 150 147 324 211 244 223 104 310 282 143 309 5 195 379 79 160 50 60 270 257 210 45 153 278 87 171 353 348 75 328 248 258 376 368 290 343 349 344 243 117 0,
PFG_MOEA,1159,1,312.55,5795.78,0 336 138 239 122 296 347 332 324 275 277 104 211 244 223 102 352 363 323 194 147 101 95 222 0,122 211 222 277
PFG_MOEA,1159,2,312.55,5795.78,0 335 360 207 307 313 359 187 100 310 282 143 79 160 50 60 257 270 379 195 5 309 280 351 237 256 274 49 198 252 236 381 23 90 12 214 185 118 281 26 334 298 371 72 52 130 44 386 80 0,5 307
PFG_MOEA,1159,3,312.55,5795.78,0 13 19 226 57 127 109 59 137 136 273 77 151 218 197 388 261 106 173 302 107 164 67 312 201 362 123 51 145 294 174 339 132 142 120 269 321 299 0,174
PFG_MOEA,1159,4,312.55,5795.78,0 340 233 135 88 249 35 235 161 68 58 34 231 289 366 267 228 141 266 303 357 319 86 199 156 94 0,303
PFG_MOEA,1159,5,312.55,5795.78,0 38 172 182 397 36 11 92 374 230 311 350 4 314 193 37 322 121 146 320 364 393 3 229 308 356 264 259 246 42 300 329 112 191 152 221 242 96 0,42 264
PFG_MOEA,1159,6,312.55,5795.78,0 200 165 129 0,
PFG_MOEA,1159,7,312.55,5795.78,0 304 330 395 400 394 188 301 372 21 167 291 139 149 157 63 316 387 17 43 33 71 224 260 0,
PFG_MOEA,1159,8,312.55,5795.78,0 399 247 28 250 345 377 262 1 255 327 254 73 215 85 93 179 232 225 97 148 238 192 48 31 0,93
PFG_MOEA,1159,9,312.55,5795.78,0 378 69 183 354 265 346 315 99 175 251 190 390 18 103 155 83 234 213 227 398 209 361 170 367 25 55 217 56 7 180 333 317 286 140 110 62 297 65 283 326 305 154 204 6 208 241 220 158 189 64 20 126 124 0,175
PFG_MOEA,1159,10,312.55,5795.78,0 287 382 383 10 268 272 30 66 166 205 271 39 391 53 293 133 331 285 392 115 245 396 240 385 288 177 181 358 337 384 111 116 76 113 81 29 325 355 131 84 114 389 105 341 219 0,
PFG_MOEA,1159,11,312.55,5795.78,0 91 24 212 375 14 108 169 373 8 263 292 70 318 184 284 74 279 159 162 22 134 186 89 216 47 125 9 150 163 61 365 253 206 46 54 0,
PFG_MOEA,1159,12,312.55,5795.78,0 41 82 178 117 243 344 349 343 290 368 376 258 248 328 75 171 87 153 278 210 45 353 348 2 119 128 295 40 32 276 196 78 98 27 176 144 342 370 306 202 338 203 168 369 380 16 15 0,16 87 203
PFG_MOEA,1160,1,389.39,5146.42,0 163 78 53 293 133 331 285 392 98 115 245 27 396 240 385 288 177 181 358 337 384 111 116 76 113 81 29 325 355 131 84 114 389 91 279 74 159 162 371 219 298 341 22 134 186 105 118 185 0,
PFG_MOEA,1160,2,389.39,5146.42,0 281 26 334 24 212 375 284 14 184 318 70 292 263 8 373 169 108 72 52 130 44 386 51 145 123 362 201 294 312 67 164 107 302 173 106 261 388 197 218 151 77 273 136 137 59 109 127 57 226 19 13 80 0,
PFG_MOEA,1160,3,389.39,5146.42,0 142 339 174 132 120 269 321 299 340 233 135 88 249 35 235 161 68 58 34 231 289 366 267 228 141 266 303 357 319 86 199 156 94 230 374 92 11 36 397 350 311 4 314 193 0,88
PFG_MOEA,1160,4,389.39,5146.42,0 182 172 38 0,
PFG_MOEA,1160,5,389.39,5146.42,0 37 322 121 146 320 364 393 3 229 308 356 264 259 246 42 300 329 112 152 191 165 200 221 242 96 0,152 264 329
PFG_MOEA,1160,6,389.39,5146.42,0 129 33 71 224 260 0,
PFG_MOEA,1160,7,389.39,5146.42,0 399 247 255 1 262 250 28 345 377 395 400 394 188 301 372 21 167 291 139 149 157 63 316 387 17 43 73 254 327 183 354 69 215 85 93 179 232 225 97 148 48 238 330 192 31 304 0,395
PFG_MOEA,1160,8,389.39,5146.42,0 16 15 168 203 369 380 391 271 39 268 272 30 66 166 205 208 6 204 154 305 326 283 65 297 62 241 110 140 286 317 333 180 220 158 189 64 20 126 124 7 56 217 55 25 367 170 361 209 398 227 234 213 190 251 175 99 315 346 265 390 18 103 155 83 378 54 46 287 10 383 382 41 0,7 16 20 103 272
PFG_MOEA,1160,9,389.39,5146.42,0 82 178 117 243 368 376 258 353 153 171 87 278 210 143 237 256 274 49 100 282 310 104 102 277 275 194 323 363 352 101 198 95 222 138 122 276 336 252 236 128 23 381 90 119 2 12 0,
PFG_MOEA,1160,10,389.39,5146.42,0 344 349 351 280 309 5 79 160 50 60 257 270 379 195 45 348 75 328 248 290 343 187 0,
PFG_MOEA,1160,11,389.39,5146.42,0 214 295 40 32 239 370 342 144 176 150 47 9 125 216 89 61 207 307 313 359 206 253 365 360 335 0,176
PFG_MOEA,1160,12,389.39,5146.42,0 338 202 306 196 296 347 332 324 147 211 244 223 0,
PFG_MOEA,1161,1,413.96,4915.5,0 187 206 253 365 359 313 307 207 61 12 89 2 119 128 236 252 336 138 163 222 95 198 351 280 237 256 274 49 100 102 277 275 194 323 363 352 101 53 293 133 331 285 392 122 239 276 32 40 295 23 381 90 113 81 29 76 116 111 384 337 358 181 177 288 385 240 396 245 115 22 118 185 214 0,245 381
PFG_MOEA,1161,2,413.96,4915.5,0 281 84 131 325 355 114 389 186 134 341 298 26 334 0,
PFG_MOEA,1161,3,413.96,4915.5,0 371 219 105 162 159 74 279 91 24 212 375 284 14 184 318 70 292 263 8 373 169 108 72 52 130 44 386 362 201 312 67 164 107 302 173 106 261 388 197 218 151 77 273 136 137 59 0,
PFG_MOEA,1161,4,413.96,4915.5,0 57 127 109 226 0,
PFG_MOEA,1161,5,413.96,4915.5,0 19 0,
PFG_MOEA,1161,6,413.96,4915.5,0 38 303 357 266 141 86 199 228 267 366 289 231 34 58 68 161 235 35 249 88 135 233 319 182 172 13 80 0,88
PFG_MOEA,1161,7,413.96,4915.5,0 399 397 36 11 92 156 94 230 374 350 311 4 314 193 340 299 321 269 120 142 37 51 123 145 132 339 322 121 146 294 174 320 364 393 3 229 308 356 264 259 246 42 300 329 112 191 165 200 221 242 96 0,11 340 374 393
PFG_MOEA,1161,8,413.96,4915.5,0 152 247 255 1 262 250 28 345 377 395 400 394 188 301 372 21 167 291 139 149 157 63 316 387 327 17 43 85 215 73 254 183 354 69 265 346 315 99 175 251 190 390 18 103 155 83 378 213 234 227 398 93 0,1 152 175 227
PFG_MOEA,1161,9,413.96,4915.5,0 304 31 48 192 330 238 129 148 260 391 271 39 268 272 30 66 166 205 208 6 204 154 305 326 283 65 297 62 241 110 140 286 317 333 180 220 158 189 64 20 126 124 7 56 217 55 25 367 170 361 209 71 33 97 225 232 179 224 0,55 391
PFG_MOEA,1161,10,413.96,4915.5,0 287 10 383 382 0,
PFG_MOEA,1161,11,413.96,4915.5,0 16 15 168 203 369 380 82 178 117 243 349 344 54 46 41 0,
PFG_MOEA,1161,12,413.96,4915.5,0 335 360 216 150 9 47 125 309 5 343 290 368 376 258 248 328 75 171 87 278 153 353 348 45 210 195 379 270 257 60 50 160 79 143 282 310 104 223 244 211 324 147 332 347 296 196 78 98 27 176 144 342 370 306 202 338 0,
PFG_MOEA,1162,1,320.55,5348.04,0 80 13 172 182 397 36 11 92 233 135 88 249 35 235 161 68 58 34 231 289 319 399 0,
PFG_MOEA,1162,2,320.55,5348.04,0 374 230 94 156 311 350 4 314 193 340 299 321 269 120 142 132 339 174 320 364 308 229 3 393 294 146 121 322 123 145 51 37 0,393
PFG_MOEA,1162,3,320.55,5348.04,0 96 242 221 200 165 112 329 300 191 152 247 255 1 262 42 250 28 246 259 264 356 345 377 395 400 394 188 301 372 21 167 291 139 149 157 63 316 387 327 17 43 85 215 73 254 183 354 69 265 346 315 99 175 251 190 0,215
PFG_MOEA,1162,4,320.55,5348.04,0 304 31 192 330 238 129 398 227 234 213 18 390 286 140 110 241 93 260 148 48 0,
PFG_MOEA,1162,5,320.55,5348.04,0 317 333 0,
PFG_MOEA,1162,6,320.55,5348.04,0 33 71 209 361 170 367 25 55 217 56 7 180 220 158 189 64 20 126 124 224 10 383 382 16 203 168 15 0,25
PFG_MOEA,1162,7,320.55,5348.04,0 380 369 335 360 216 150 9 47 125 309 5 195 379 270 210 45 348 353 153 278 87 171 75 328 248 258 376 368 290 343 54 46 344 349 243 117 178 82 41 0,
PFG_MOEA,1162,8,320.55,5348.04,0 338 202 306 370 342 144 176 27 98 78 196 296 347 332 147 324 211 244 223 104 310 282 143 79 160 50 60 257 6 204 154 305 326 283 62 297 65 208 205 166 66 30 272 268 0,66
PFG_MOEA,1162,9,320.55,5348.04,0 187 206 253 365 359 313 307 207 61 12 89 2 119 128 236 252 336 138 163 222 95 198 351 256 237 280 391 271 39 378 83 155 103 232 179 287 225 97 0,138 307
PFG_MOEA,1162,10,320.55,5348.04,0 22 389 114 84 131 325 355 29 81 113 76 116 111 384 337 358 181 177 288 385 240 396 245 115 392 285 331 133 293 53 101 352 363 323 194 275 277 102 100 49 274 122 239 276 32 40 295 23 381 90 214 185 281 118 0,323 331
PFG_MOEA,1162,11,320.55,5348.04,0 334 298 26 105 186 134 341 219 371 24 212 375 14 184 318 70 292 263 8 373 169 284 74 279 91 159 162 0,134
PFG_MOEA,1162,12,320.55,5348.04,0 38 19 226 57 127 109 59 137 136 273 77 151 218 197 388 261 106 173 302 107 164 67 312 201 362 366 267 228 386 44 130 52 72 108 303 357 266 141 86 199 0,106 386
PFG_MOEA,1163,1,270.73,5843.94,0 335 187 309 5 195 379 270 257 60 50 160 79 143 280 351 237 256 274 49 198 252 236 381 23 90 12 207 307 0,
PFG_MOEA,1163,2,270.73,5843.94,0 61 313 359 206 253 365 360 214 185 118 281 26 334 298 371 22 134 186 162 159 292 263 8 373 318 70 184 284 74 279 0,134 284 313 318
PFG_MOEA,1163,3,270.73,5843.94,0 91 169 108 14 375 212 24 192 330 238 129 200 165 112 191 152 127 57 109 59 137 273 136 247 17 43 85 215 33 71 224 260 148 48 31 304 0,33 200
PFG_MOEA,1163,4,270.73,5843.94,0 73 254 69 354 183 327 387 157 149 188 394 316 63 262 1 255 250 28 42 400 395 377 345 356 264 259 246 308 229 197 218 151 77 107 164 67 302 388 3 106 173 261 320 364 0,
PFG_MOEA,1163,5,270.73,5843.94,0 329 300 362 123 51 145 322 121 146 201 312 393 294 174 339 132 120 142 0,145 174
PFG_MOEA,1163,6,270.73,5843.94,0 37 269 321 299 340 219 341 105 84 131 29 81 113 76 116 111 181 358 337 384 325 355 114 389 0,341
PFG_MOEA,1163,7,270.73,5843.94,0 89 216 47 125 9 150 163 53 293 133 331 285 392 115 245 396 240 385 288 177 34 58 235 135 233 88 249 35 161 68 0,133 240
PFG_MOEA,1163,8,270.73,5843.94,0 172 182 193 314 4 350 397 36 11 374 311 230 94 156 199 92 86 319 266 141 289 231 386 366 267 228 44 130 52 72 303 357 13 19 226 221 242 96 0,141 386
PFG_MOEA,1163,9,270.73,5843.94,0 38 80 378 83 291 139 21 167 301 372 346 315 265 390 99 175 251 190 18 103 155 234 227 398 93 54 46 268 272 30 39 271 391 179 0,
PFG_MOEA,1163,10,270.73,5843.94,0 97 225 232 209 361 213 170 367 328 248 258 376 368 290 343 66 349 344 243 117 178 82 41 16 380 369 196 78 98 27 176 144 342 370 306 202 338 203 168 15 399 0,82 176 225
PFG_MOEA,1163,11,270.73,5843.94,0 287 64 166 205 75 348 353 45 210 278 153 171 87 6 208 158 189 220 241 62 297 65 283 204 154 305 326 110 140 180 333 317 286 25 55 217 56 7 124 126 20 10 0,65 126
PFG_MOEA,1163,12,270.73,5843.94,0 2 119 128 295 40 32 276 239 122 296 332 347 138 336 222 95 101 194 147 324 275 323 363 352 277 102 223 244 211 104 310 100 282 383 382 0,2
PFG_MOEA,1164,1,369.23,5154.87,0 90 295 40 32 276 239 122 222 95 101 323 363 352 102 277 275 194 53 293 133 331 285 392 115 245 396 240 385 288 177 181 358 337 384 111 116 76 113 81 29 325 131 84 355 114 389 279 74 159 162 371 219 341 22 134 186 105 298 334 26 281 118 185 214 0,40 240 245 331
PFG_MOEA,1164,2,369.23,5154.87,0 91 24 212 375 284 14 184 318 70 292 263 8 373 169 108 72 52 130 44 386 0,318
PFG_MOEA,1164,3,369.23,5154.87,0 362 201 312 67 164 107 302 173 106 261 388 197 218 151 77 273 136 0,106
PFG_MOEA,1164,4,369.23,5154.87,0 399 172 182 397 36 11 92 86 141 266 303 357 319 199 228 267 366 289 231 34 58 68 161 235 35 249 88 135 233 156 94 230 374 350 311 4 314 193 340 299 321 269 120 142 37 51 145 123 137 59 109 127 57 226 19 13 80 38 0,340
PFG_MOEA,1164,5,369.23,5154.87,0 132 339 322 0,
PFG_MOEA,1164,6,369.23,5154.87,0 96 242 221 200 165 112 191 152 329 300 121 146 294 174 320 364 393 3 229 308 259 246 264 356 345 377 395 400 42 250 28 247 255 1 262 63 157 291 167 21 372 301 188 394 139 149 316 387 327 17 43 85 215 73 254 183 354 69 265 346 315 99 0,1 200 393
PFG_MOEA,1164,7,369.23,5154.87,0 93 398 227 234 213 190 251 175 390 18 103 155 83 378 31 304 0,
PFG_MOEA,1164,8,369.23,5154.87,0 48 192 330 238 129 148 260 391 0,
PFG_MOEA,1164,9,369.23,5154.87,0 268 272 30 65 283 326 305 154 204 6 208 205 166 66 271 39 0,272
PFG_MOEA,1164,10,369.23,5154.87,0 124 126 20 64 189 158 220 241 297 62 110 140 286 317 333 180 7 56 217 55 25 367 170 361 209 71 97 33 0,
PFG_MOEA,1164,11,369.23,5154.87,0 15 16 380 369 168 203 338 202 306 370 342 144 176 27 98 78 196 296 347 332 324 147 211 244 223 210 45 348 353 153 278 87 171 75 328 248 258 376 368 290 343 54 46 224 225 232 179 287 10 383 382 41 344 349 243 117 178 82 125 9 47 150 216 360 335 0,47 87 353
PFG_MOEA,1164,12,369.23,5154.87,0 207 307 313 359 365 253 206 187 100 310 104 282 143 79 160 50 60 257 270 379 195 5 309 280 351 237 256 274 49 198 163 138 336 252 236 381 23 128 119 2 89 12 61 0,
PFG_MOEA,1165,1,337.93,5308.22,0 187 206 253 313 359 365 0,
PFG_MOEA,1165,2,337.93,5308.22,0 207 307 198 280 351 256 237 101 53 293 133 331 285 392 95 222 163 138 336 252 236 128 119 2 89 12 61 0,133 222
PFG_MOEA,1165,3,337.93,5308.22,0 323 363 352 194 275 277 102 100 49 274 122 239 276 32 40 295 23 381 90 0,
PFG_MOEA,1165,4,337.93,5308.22,0 22 115 245 396 240 385 288 177 181 358 337 384 111 116 76 113 81 29 131 84 281 118 185 214 0,
PFG_MOEA,1165,5,337.93,5308.22,0 334 26 298 371 219 341 134 186 105 355 325 114 389 162 159 74 279 91 24 212 375 284 14 184 318 70 292 263 8 373 169 108 72 52 130 44 386 362 201 312 0,284
PFG_MOEA,1165,6,337.93,5308.22,0 399 172 182 397 36 11 92 86 141 266 303 357 319 199 228 267 366 289 231 34 58 68 161 235 35 249 88 135 233 156 94 230 57 127 109 59 137 136 273 77 151 218 197 388 261 106 173 302 107 164 67 294 226 19 13 80 38 0,
PFG_MOEA,1165,7,337.93,5308.22,0 374 350 311 4 314 193 340 299 321 269 120 142 37 51 145 123 146 121 322 339 132 174 320 364 393 3 229 308 356 264 259 246 42 1 255 247 152 191 112 329 300 165 200 221 242 96 0,132 264 340 393
PFG_MOEA,1165,8,337.93,5308.22,0 28 250 262 400 395 345 377 394 188 301 372 21 167 291 139 149 157 63 316 387 327 17 43 85 215 73 254 183 354 69 265 346 315 99 175 251 190 0,
PFG_MOEA,1165,9,337.93,5308.22,0 304 192 330 238 129 378 83 155 103 18 390 213 234 227 398 140 110 241 62 297 65 283 326 305 154 204 6 208 205 166 66 93 30 272 268 39 271 391 260 148 48 31 0,65 391
PFG_MOEA,1165,10,337.93,5308.22,0 33 71 225 97 232 209 361 170 367 25 55 217 56 7 317 286 333 180 220 158 189 64 20 126 124 224 10 287 179 0,
PFG_MOEA,1165,11,337.93,5308.22,0 15 168 203 369 16 380 335 360 216 150 9 47 125 309 5 195 379 270 210 45 348 353 153 278 87 171 75 328 248 54 46 383 382 344 349 243 117 178 82 41 0,82 87 195 353
PFG_MOEA,1165,12,337.93,5308.22,0 338 202 306 370 342 144 176 27 98 78 196 296 347 332 147 324 211 244 223 104 310 282 143 79 160 50 60 257 258 376 368 290 343 0,290
PFG_MOEA,1166,1,319.42,5478.6,0 222 0,
PFG_MOEA,1166,2,319.42,5478.6,0 95 101 323 363 352 102 277 275 194 53 293 133 331 285 392 115 245 396 240 385 288 177 181 358 337 384 111 116 76 113 81 29 325 131 84 355 114 389 279 74 159 162 371 219 341 22 134 186 105 298 334 26 281 0,105
PFG_MOEA,1166,3,319.42,5478.6,0 118 91 284 184 14 375 212 24 0,375
PFG_MOEA,1166,4,319.42,5478.6,0 399 397 36 11 92 199 86 141 266 319 357 303 289 366 267 228 8 263 292 70 318 373 169 108 72 52 130 44 386 362 201 312 67 164 107 302 173 106 261 388 197 218 151 77 273 136 182 172 0,86 197 318 362
PFG_MOEA,1166,5,319.42,5478.6,0 38 80 13 19 226 57 127 109 59 137 123 145 51 132 142 120 269 321 299 37 340 193 314 4 350 311 156 233 135 88 249 35 235 161 68 58 34 231 94 230 374 0,
PFG_MOEA,1166,6,319.42,5478.6,0 96 242 200 191 112 165 322 339 174 393 3 229 364 320 294 121 146 300 329 152 221 0,200 393
PFG_MOEA,1166,7,319.42,5478.6,0 93 85 247 28 246 259 308 264 356 345 377 395 400 42 250 255 1 262 63 157 291 167 21 372 301 188 394 139 149 316 387 327 17 43 73 215 254 183 354 69 265 346 315 99 390 175 251 190 18 213 234 227 398 0,
PFG_MOEA,1166,8,319.42,5478.6,0 304 31 48 330 192 129 238 148 260 391 271 66 166 205 208 6 204 154 305 326 283 65 62 297 241 158 189 220 110 140 103 155 83 378 124 126 20 64 30 272 268 39 0,62 205 220 391
PFG_MOEA,1166,9,319.42,5478.6,0 7 180 333 286 317 56 217 55 0,
PFG_MOEA,1166,10,319.42,5478.6,0 15 16 380 369 168 203 338 202 306 370 342 144 176 27 98 78 196 296 347 332 324 147 211 244 223 210 45 348 353 153 278 87 171 75 328 248 258 376 368 290 343 54 46 209 361 170 367 25 232 179 224 225 97 71 33 0,16 353 370
PFG_MOEA,1166,11,319.42,5478.6,0 365 253 206 61 89 2 119 128 216 336 138 163 150 47 125 9 100 282 310 104 143 79 160 50 60 257 270 379 195 5 309 280 351 237 256 287 10 383 382 344 349 243 117 178 82 41 0,47 138 178 206 243
PFG_MOEA,1166,12,319.42,5478.6,0 335 187 359 313 360 207 307 198 49 274 122 239 276 32 40 295 23 381 236 252 90 12 214 185 0,
PFG_MOEA,1167,1,312.87,5623.42,0 216 98 370 342 144 176 27 78 196 296 347 332 147 324 211 244 223 104 310 282 79 160 50 379 195 5 309 143 150 47 9 125 0,
PFG_MOEA,1167,2,312.87,5623.42,0 117 243 344 349 343 290 368 376 258 248 328 75 348 353 171 87 278 153 45 210 257 60 270 237 256 274 49 198 222 138 336 239 276 32 177 181 358 337 384 111 116 76 23 381 90 12 0,290 336 353
PFG_MOEA,1167,3,312.87,5623.42,0 22 118 185 214 2 119 128 236 252 40 295 122 392 285 331 133 293 53 101 352 363 323 194 275 277 102 100 351 280 95 163 61 89 207 307 313 359 253 365 0,307
PFG_MOEA,1167,4,312.87,5623.42,0 206 187 0,
PFG_MOEA,1167,5,312.87,5623.42,0 281 26 334 298 219 371 341 134 186 105 115 245 396 240 385 288 113 81 29 325 355 131 84 114 389 162 159 74 279 91 0,341
PFG_MOEA,1167,6,312.87,5623.42,0 80 13 19 226 57 127 109 59 137 136 273 77 151 218 197 388 261 106 173 302 107 164 67 312 201 362 386 44 130 52 72 108 169 373 8 263 292 70 318 184 14 284 375 212 24 303 357 319 182 172 38 0,318 362
PFG_MOEA,1167,7,312.87,5623.42,0 266 141 86 199 228 267 366 289 231 34 58 68 161 235 35 249 88 135 233 156 94 230 374 92 0,
PFG_MOEA,1167,8,312.87,5623.42,0 399 397 36 11 350 311 4 314 193 340 299 321 269 120 142 37 51 123 145 132 339 322 121 146 294 174 320 364 393 3 229 308 356 264 259 246 42 300 329 112 191 165 200 221 242 96 0,51 145 174 264 329
PFG_MOEA,1167,9,312.87,5623.42,0 152 247 28 250 345 377 395 400 394 188 301 372 167 21 139 291 262 1 255 0,
PFG_MOEA,1167,10,312.87,5623.42,0 85 215 73 43 17 327 387 316 149 157 63 354 183 254 69 265 346 315 99 175 251 190 390 18 103 155 83 378 0,175 390
PFG_MOEA,1167,11,312.87,5623.42,0 304 31 48 192 330 129 238 148 260 383 10 224 391 271 39 46 93 398 227 234 213 179 232 225 97 71 33 382 0,
PFG_MOEA,1167,12,312.87,5623.42,0 209 361 170 367 25 55 217 56 7 124 126 20 64 189 158 220 180 333 317 286 140 110 241 62 297 65 283 326 305 154 204 6 208 205 166 66 30 272 268 54 287 178 82 41 335 360 380 369 203 338 202 306 168 15 16 0,7 166 203 361
PFG_MOEA,1168,1,759.34,4800.0,0 219 341 105 389 114 84 131 355 325 29 81 113 76 116 111 384 337 358 181 177 288 385 240 396 245 115 392 285 331 133 293 53 163 150 9 125 47 216 89 61 206 253 365 0,245
PFG_MOEA,1168,2,759.34,4800.0,0 22 134 186 162 159 279 74 284 184 318 70 292 263 8 373 169 108 14 375 212 24 91 0,318
PFG_MOEA,1168,3,759.34,4800.0,0 304 31 48 148 260 224 71 33 129 238 330 192 200 165 112 191 152 127 57 109 59 137 273 136 247 17 43 85 215 73 254 69 354 183 327 387 157 149 188 394 316 63 262 1 255 250 28 42 400 395 377 345 356 264 259 246 308 229 197 218 151 77 107 164 67 302 388 3 106 173 261 320 364 393 312 201 362 329 300 123 51 145 322 121 146 294 174 339 132 120 142 37 269 321 299 340 233 135 88 249 35 161 235 68 58 34 386 231 289 366 267 228 44 130 52 72 303 357 319 266 141 86 92 199 156 94 230 311 374 11 36 397 350 4 314 193 182 172 13 19 226 221 242 96 80 38 0,33 106 174 200 303 311 394
PFG_MOEA,1168,4,759.34,4800.0,0 378 83 155 103 18 190 251 175 99 315 346 372 301 167 21 139 291 265 390 234 0,
PFG_MOEA,1168,5,759.34,4800.0,0 179 391 271 39 30 272 268 46 54 93 398 227 213 232 0,391
PFG_MOEA,1168,6,759.34,4800.0,0 225 0,
PFG_MOEA,1168,7,759.34,4800.0,0 97 209 361 170 367 0,
PFG_MOEA,1168,8,759.34,4800.0,0 399 15 168 203 338 202 306 370 342 144 176 27 98 78 196 369 380 16 41 82 178 117 243 344 349 66 343 290 368 376 258 248 328 75 348 353 45 210 278 153 171 87 6 208 205 166 158 189 220 241 62 297 65 283 204 154 305 326 110 140 180 333 317 286 25 55 217 56 7 124 126 20 64 287 10 383 382 0,62 66 205 220 342
PFG_MOEA,1168,9,759.34,4800.0,0 2 119 128 295 40 32 276 239 122 296 332 347 138 336 222 95 101 194 147 324 275 323 363 352 277 102 223 244 211 104 310 100 282 143 79 160 50 60 257 270 379 195 5 309 280 351 237 256 274 49 198 252 236 0,
PFG_MOEA,1168,10,759.34,4800.0,0 381 23 90 12 207 307 0,
PFG_MOEA,1168,11,759.34,4800.0,0 335 187 359 313 360 214 0,
PFG_MOEA,1168,12,759.34,4800.0,0 185 118 281 26 334 298 371 0,
PFG_MOEA,1169,1,314.81,5596.11,0 12 90 128 236 252 336 276 138 222 198 49 274 256 237 351 280 309 5 290 343 313 207 0,222
PFG_MOEA,1169,2,314.81,5596.11,0 91 292 263 8 373 169 108 14 375 212 24 371 219 341 298 334 26 281 118 185 214 295 40 32 239 122 95 101 352 363 323 194 275 277 102 100 23 381 119 2 307 359 187 148 48 31 304 0,23
PFG_MOEA,1169,3,314.81,5596.11,0 260 224 71 33 127 152 191 112 165 200 129 238 330 192 0,33
PFG_MOEA,1169,4,314.81,5596.11,0 57 67 302 173 106 3 388 164 107 77 151 218 197 229 308 246 259 264 356 345 377 395 400 42 28 250 255 1 262 63 316 394 188 149 157 387 327 183 354 69 254 73 215 85 43 17 247 136 273 137 59 109 0,
PFG_MOEA,1169,5,314.81,5596.11,0 329 300 362 123 51 145 322 121 146 201 261 320 364 393 312 294 174 339 132 206 253 365 360 335 0,362 393
PFG_MOEA,1169,6,314.81,5596.11,0 61 358 181 177 288 385 240 396 245 115 392 285 331 133 293 53 163 150 9 125 47 216 89 0,
PFG_MOEA,1169,7,314.81,5596.11,0 80 13 19 226 35 161 235 58 34 386 231 289 366 267 228 44 130 52 72 318 70 184 284 74 279 159 162 389 114 355 325 384 337 111 116 76 113 81 29 131 84 105 186 134 22 0,
PFG_MOEA,1169,8,314.81,5596.11,0 38 96 242 221 172 182 397 350 311 4 314 193 230 94 156 374 36 11 92 319 357 303 266 141 86 199 68 135 88 249 233 340 299 321 269 120 142 37 301 21 139 291 167 372 346 315 99 175 251 0,182
PFG_MOEA,1169,9,314.81,5596.11,0 97 225 232 179 391 271 158 241 62 297 65 283 204 154 305 326 110 140 286 317 333 180 220 126 124 7 56 217 55 25 367 170 361 209 227 234 213 190 390 265 18 103 155 83 378 398 93 54 46 268 272 30 39 0,65 154
PFG_MOEA,1169,10,314.81,5596.11,0 399 15 16 380 41 82 178 117 243 344 349 20 189 64 166 205 208 6 87 171 153 278 210 353 258 376 368 66 287 10 383 382 0,243
PFG_MOEA,1169,11,314.81,5596.11,0 369 338 203 168 0,
PFG_MOEA,1169,12,314.81,5596.11,0 202 306 370 342 144 176 27 98 78 196 296 347 332 324 147 211 244 223 104 310 282 143 79 160 50 60 257 270 379 195 45 348 75 328 248 0,370
PFG_MOEA,1170,1,411.21,4974.5,0 12 90 381 23 32 276 239 336 138 222 198 49 274 256 237 351 280 252 236 128 119 2 0,23
PFG_MOEA,1170,2,411.21,4974.5,0 22 118 185 214 295 40 122 392 285 331 133 293 53 101 352 363 323 194 275 277 102 100 95 163 61 89 207 307 313 359 365 253 206 187 0,22 100
PFG_MOEA,1170,3,411.21,4974.5,0 115 0,
PFG_MOEA,1170,4,411.21,4974.5,0 245 396 240 385 288 177 181 358 337 384 111 116 76 113 81 29 325 355 0,
PFG_MOEA,1170,5,411.21,4974.5,0 281 26 334 298 341 134 186 131 84 114 389 105 219 371 162 159 74 279 91 24 212 375 284 14 184 318 70 292 263 8 373 169 108 72 52 130 44 386 362 201 312 67 164 107 302 173 106 261 388 197 218 151 77 273 136 137 59 109 127 57 226 19 13 80 0,77 106 284
PFG_MOEA,1170,6,411.21,4974.5,0 38 172 182 319 303 357 266 141 86 199 228 267 366 289 231 34 58 68 161 235 35 249 88 135 233 156 94 230 374 92 11 36 397 350 311 4 314 193 340 299 321 269 120 142 37 51 123 145 132 339 322 121 146 294 174 320 364 393 3 229 308 356 264 259 246 42 300 329 112 221 242 96 0,51 174 229 246 299
PFG_MOEA,1170,7,411.21,4974.5,0 399 200 165 191 152 247 255 1 262 250 28 345 377 395 400 394 188 301 372 21 167 291 139 149 157 63 316 387 327 17 43 85 215 73 254 183 354 69 265 346 315 99 175 251 190 390 18 103 155 83 378 213 234 227 398 93 224 179 232 225 97 71 33 260 148 238 129 330 192 48 31 304 0,93
PFG_MOEA,1170,8,411.21,4974.5,0 382 383 10 391 271 39 46 54 268 272 30 66 166 205 208 6 204 154 305 326 283 65 297 62 241 110 140 286 317 333 180 220 158 189 64 20 126 124 7 56 217 55 25 367 170 361 209 287 0,55 62 66 220
PFG_MOEA,1170,9,411.21,4974.5,0 380 0,
PFG_MOEA,1170,10,411.21,4974.5,0 16 369 15 0,
PFG_MOEA,1170,11,411.21,4974.5,0 168 203 178 82 41 0,178
PFG_MOEA,1170,12,411.21,4974.5,0 335 360 338 202 306 370 342 144 176 27 98 78 196 296 347 332 216 47 125 9 150 147 324 211 244 223 104 310 282 143 309 5 195 379 79 160 50 60 270 257 210 45 153 278 87 171 353 348 75 328 248 258 376 368 290 343 349 344 243 117 0,
PFG_MOEA,1171,1,312.55,5795.78,0 336 138 239 122 296 347 332 324 275 277 104 211 244 223 102 352 363 323 194 147 101 95 222 0,122 211 222 277
PFG_MOEA,1171,2,312.55,5795.78,0 335 360 207 307 313 359 187 100 310 282 143 79 160 50 60 257 270 379 195 5 309 280 351 237 256 274 49 198 252 236 381 23 90 12 214 185 118 281 26 334 298 371 72 52 130 44 386 80 0,5 307
PFG_MOEA,1171,3,312.55,5795.78,0 13 19 226 57 127 109 59 137 136 273 77 151 218 197 388 261 106 173 302 107 164 67 312 201 362 123 51 145 294 174 339 132 142 120 269 321 299 0,174
PFG_MOEA,1171,4,312.55,5795.78,0 340 233 135 88 249 35 235 161 68 58 34 231 289 366 267 228 141 266 303 357 319 86 199 156 94 0,303
PFG_MOEA,1171,5,312.55,5795.78,0 38 172 182 397 36 11 92 374 230 311 350 4 314 193 37 322 121 146 320 364 393 3 229 308 356 264 259 246 42 300 329 112 191 152 221 242 96 0,42 264
PFG_MOEA,1171,6,312.55,5795.78,0 200 165 129 0,
PFG_MOEA,1171,7,312.55,5795.78,0 304 330 395 400 394 188 301 372 21 167 291 139 149 157 63 316 387 17 43 33 71 224 260 0,
PFG_MOEA,1171,8,312.55,5795.78,0 399 247 28 250 345 377 262 1 255 327 254 73 215 85 93 179 232 225 97 148 238 192 48 31 0,93
PFG_MOEA,1171,9,312.55,5795.78,0 378 69 183 354 265 346 315 99 175 251 190 390 18 103 155 83 234 213 227 398 209 361 170 367 25 55 217 56 7 180 333 317 286 140 110 62 297 65 283 326 305 154 204 6 208 241 220 158 189 64 20 126 124 0,175
PFG_MOEA,1171,10,312.55,5795.78,0 287 382 383 10 268 272 30 66 166 205 271 39 391 53 293 133 331 285 392 115 245 396 240 385 288 177 181 358 337 384 111 116 76 113 81 29 325 355 131 84 114 389 105 341 219 0,
PFG_MOEA,1171,11,312.55,5795.78,0 91 24 212 375 14 108 169 373 8 263 292 70 318 184 284 74 279 159 162 22 134 186 89 216 47 125 9 150 163 61 365 253 206 46 54 0,
PFG_MOEA,1171,12,312.55,5795.78,0 41 82 178 117 243 344 349 343 290 368 376 258 248 328 75 171 87 153 278 210 45 353 348 2 119 128 295 40 32 276 196 78 98 27 176 144 342 370 306 202 338 203 168 369 380 16 15 0,16 87 203
PFG_MOEA,1172,1,389.39,5146.42,0 163 78 53 293 133 331 285 392 98 115 245 27 396 240 385 288 177 181 358 337 384 111 116 76 113 81 29 325 355 131 84 114 389 91 279 74 159 162 371 219 298 341 22 134 186 105 118 185 0,
PFG_MOEA,1172,2,389.39,5146.42,0 281 26 334 24 212 375 284 14 184 318 70 292 263 8 373 169 108 72 52 130 44 386 51 145 123 362 201 294 312 67 164 107 302 173 106 261 388 197 218 151 77 273 136 137 59 109 127 57 226 19 13 80 0,
PFG_MOEA,1172,3,389.39,5146.42,0 142 339 174 132 120 269 321 299 340 233 135 88 249 35 235 161 68 58 34 231 289 366 267 228 141 266 303 357 319 86 199 156 94 230 374 92 11 36 397 350 311 4 314 193 0,88
PFG_MOEA,1172,4,389.39,5146.42,0 182 172 38 0,
PFG_MOEA,1172,5,389.39,5146.42,0 37 322 121 146 320 364 393 3 229 308 356 264 259 246 42 300 329 112 152 191 165 200 221 242 96 0,152 264 329
PFG_MOEA,1172,6,389.39,5146.42,0 129 33 71 224 260 0,
PFG_MOEA,1172,7,389.39,5146.42,0 399 247 255 1 262 250 28 345 377 395 400 394 188 301 372 21 167 291 139 149 157 63 316 387 17 43 73 254 327 183 354 69 215 85 93 179 232 225 97 148 48 238 330 192 31 304 0,395
PFG_MOEA,1172,8,389.39,5146.42,0 16 15 168 203 369 380 391 271 39 268 272 30 66 166 205 208 6 204 154 305 326 283 65 297 62 241 110 140 286 317 333 180 220 158 189 64 20 126 124 7 56 217 55 25 367 170 361 209 398 227 234 213 190 251 175 99 315 346 265 390 18 103 155 83 378 54 46 287 10 383 382 41 0,7 16 20 103 272
PFG_MOEA,1172,9,389.39,5146.42,0 82 178 117 243 368 376 258 353 153 171 87 278 210 143 237 256 274 49 100 282 310 104 102 277 275 194 323 363 352 101 198 95 222 138 122 276 336 252 236 128 23 381 90 119 2 12 0,
PFG_MOEA,1172,10,389.39,5146.42,0 344 349 351 280 309 5 79 160 50 60 257 270 379 195 45 348 75 328 248 290 343 187 0,
PFG_MOEA,1172,11,389.39,5146.42,0 214 295 40 32 239 370 342 144 176 150 47 9 125 216 89 61 207 307 313 359 206 253 365 360 335 0,176
PFG_MOEA,1172,12,389.39,5146.42,0 338 202 306 196 296 347 332 324 147 211 244 223 0,
PFG_MOEA,1173,1,413.96,4915.5,0 187 206 253 365 359 313 307 207 61 12 89 2 119 128 236 252 336 138 163 222 95 198 351 280 237 256 274 49 100 102 277 275 194 323 363 352 101 53 293 133 331 285 392 122 239 276 32 40 295 23 381 90 113 81 29 76 116 111 384 337 358 181 177 288 385 240 396 245 115 22 118 185 214 0,245 381
PFG_MOEA,1173,2,413.96,4915.5,0 281 84 131 325 355 114 389 186 134 341 298 26 334 0,
PFG_MOEA,1173,3,413.96,4915.5,0 371 219 105 162 159 74 279 91 24 212 375 284 14 184 318 70 292 263 8 373 169 108 72 52 130 44 386 362 201 312 67 164 107 302 173 106 261 388 197 218 151 77 273 136 137 59 0,
PFG_MOEA,1173,4,413.96,4915.5,0 57 127 109 226 0,
PFG_MOEA,1173,5,413.96,4915.5,0 19 0,
PFG_MOEA,1173,6,413.96,4915.5,0 38 303 357 266 141 86 199 228 267 366 289 231 34 58 68 161 235 35 249 88 135 233 319 182 172 13 80 0,88
PFG_MOEA,1173,7,413.96,4915.5,0 399 397 36 11 92 156 94 230 374 350 311 4 314 193 340 299 321 269 120 142 37 51 123 145 132 339 322 121 146 294 174 320 364 393 3 229 308 356 264 259 246 42 300 329 112 191 165 200 221 242 96 0,11 340 374 393
PFG_MOEA,1173,8,413.96,4915.5,0 152 247 255 1 262 250 28 345 377 395 400 394 188 301 372 21 167 291 139 149 157 63 316 387 327 17 43 85 215 73 254 183 354 69 265 346 315 99 175 251 190 390 18 103 155 83 378 213 234 227 398 93 0,1 152 175 227
PFG_MOEA,1173,9,413.96,4915.5,0 304 31 48 192 330 238 129 148 260 391 271 39 268 272 30 66 166 205 208 6 204 154 305 326 283 65 297 62 241 110 140 286 317 333 180 220 158 189 64 20 126 124 7 56 217 55 25 367 170 361 209 71 33 97 225 232 179 224 0,55 391
PFG_MOEA,1173,10,413.96,4915.5,0 287 10 383 382 0,
PFG_MOEA,1173,11,413.96,4915.5,0 16 15 168 203 369 380 82 178 117 243 349 344 54 46 41 0,
PFG_MOEA,1173,12,413.96,4915.5,0 335 360 216 150 9 47 125 309 5 343 290 368 376 258 248 328 75 171 87 278 153 353 348 45 210 195 379 270 257 60 50 160 79 143 282 310 104 223 244 211 324 147 332 347 296 196 78 98 27 176 144 342 370 306 202 338 0,
PFG_MOEA,1174,1,320.55,5348.04,0 80 13 172 182 397 36 11 92 233 135 88 249 35 235 161 68 58 34 231 289 319 399 0,
PFG_MOEA,1174,2,320.55,5348.04,0 374 230 94 156 311 350 4 314 193 340 299 321 269 120 142 132 339 174 320 364 308 229 3 393 294 146 121 322 123 145 51 37 0,393
PFG_MOEA,1174,3,320.55,5348.04,0 96 242 221 200 165 112 329 300 191 152 247 255 1 262 42 250 28 246 259 264 356 345 377 395 400 394 188 301 372 21 167 291 139 149 157 63 316 387 327 17 43 85 215 73 254 183 354 69 265 346 315 99 175 251 190 0,215
PFG_MOEA,1174,4,320.55,5348.04,0 304 31 192 330 238 129 398 227 234 213 18 390 286 140 110 241 93 260 148 48 0,
PFG_MOEA,1174,5,320.55,5348.04,0 317 333 0,
PFG_MOEA,1174,6,320.55,5348.04,0 33 71 209 361 170 367 25 55 217 56 7 180 220 158 189 64 20 126 124 224 10 383 382 16 203 168 15 0,25
PFG_MOEA,1174,7,320.55,5348.04,0 380 369 335 360 216 150 9 47 125 309 5 195 379 270 210 45 348 353 153 278 87 171 75 328 248 258 376 368 290 343 54 46 344 349 243 117 178 82 41 0,
PFG_MOEA,1174,8,320.55,5348.04,0 338 202 306 370 342 144 176 27 98 78 196 296 347 332 147 324 211 244 223 104 310 282 143 79 160 50 60 257 6 204 154 305 326 283 62 297 65 208 205 166 66 30 272 268 0,66
PFG_MOEA,1174,9,320.55,5348.04,0 187 206 253 365 359 313 307 207 61 12 89 2 119 128 236 252 336 138 163 222 95 198 351 256 237 280 391 271 39 378 83 155 103 232 179 287 225 97 0,138 307
PFG_MOEA,1174,10,320.55,5348.04,0 22 389 114 84 131 325 355 29 81 113 76 116 111 384 337 358 181 177 288 385 240 396 245 115 392 285 331 133 293 53 101 352 363 323 194 275 277 102 100 49 274 122 239 276 32 40 295 23 381 90 214 185 281 118 0,323 331
PFG_MOEA,1174,11,320.55,5348.04,0 334 298 26 105 186 134 341 219 371 24 212 375 14 184 318 70 292 263 8 373 169 284 74 279 91 159 162 0,134
PFG_MOEA,1174,12,320.55,5348.04,0 38 19 226 57 127 109 59 137 136 273 77 151 218 197 388 261 106 173 302 107 164 67 312 201 362 366 267 228 386 44 130 52 72 108 303 357 266 141 86 199 0,106 386
PFG_MOEA,1175,1,270.73,5843.94,0 335 187 309 5 195 379 270 257 60 50 160 79 143 280 351 237 256 274 49 198 252 236 381 23 90 12 207 307 0,
PFG_MOEA,1175,2,270.73,5843.94,0 61 313 359 206 253 365 360 214 185 118 281 26 334 298 371 22 134 186 162 159 292 263 8 373 318 70 184 284 74 279 0,134 284 313 318
PFG_MOEA,1175,3,270.73,5843.94,0 91 169 108 14 375 212 24 192 330 238 129 200 165 112 191 152 127 57 109 59 137 273 136 247 17 43 85 215 33 71 224 260 148 48 31 304 0,33 200
PFG_MOEA,1175,4,270.73,5843.94,0 73 254 69 354 183 327 387 157 149 188 394 316 63 262 1 255 250 28 42 400 395 377 345 356 264 259 246 308 229 197 218 151 77 107 164 67 302 388 3 106 173 261 320 364 0,
PFG_MOEA,1175,5,270.73,5843.94,0 329 300 362 123 51 145 322 121 146 201 312 393 294 174 339 132 120 142 0,145 174
PFG_MOEA,1175,6,270.73,5843.94,0 37 269 321 299 340 219 341 105 84 131 29 81 113 76 116 111 181 358 337 384 325 355 114 389 0,341
PFG_MOEA,1175,7,270.73,5843.94,0 89 216 47 125 9 150 163 53 293 133 331 285 392 115 245 396 240 385 288 177 34 58 235 135 233 88 249 35 161 68 0,133 240
PFG_MOEA,1175,8,270.73,5843.94,0 172 182 193 314 4 350 397 36 11 374 311 230 94 156 199 92 86 319 266 141 289 231 386 366 267 228 44 130 52 72 303 357 13 19 226 221 242 96 0,141 386
PFG_MOEA,1175,9,270.73,5843.94,0 38 80 378 83 291 139 21 167 301 372 346 315 265 390 99 175 251 190 18 103 155 234 227 398 93 54 46 268 272 30 39 271 391 179 0,
PFG_MOEA,1175,10,270.73,5843.94,0 97 225 232 209 361 213 170 367 328 248 258 376 368 290 343 66 349 344 243 117 178 82 41 16 380 369 196 78 98 27 176 144 342 370 306 202 338 203 168 15 399 0,82 176 225
PFG_MOEA,1175,11,270.73,5843.94,0 287 64 166 205 75 348 353 45 210 278 153 171 87 6 208 158 189 220 241 62 297 65 283 204 154 305 326 110 140 180 333 317 286 25 55 217 56 7 124 126 20 10 0,65 126
PFG_MOEA,1175,12,270.73,5843.94,0 2 119 128 295 40 32 276 239 122 296 332 347 138 336 222 95 101 194 147 324 275 323 363 352 277 102 223 244 211 104 310 100 282 383 382 0,2
PFG_MOEA,1176,1,369.23,5154.87,0 90 295 40 32 276 239 122 222 95 101 323 363 352 102 277 275 194 53 293 133 331 285 392 115 245 396 240 385 288 177 181 358 337 384 111 116 76 113 81 29 325 131 84 355 114 389 279 74 159 162 371 219 341 22 134 186 105 298 334 26 281 118 185 214 0,40 240 245 331
PFG_MOEA,1176,2,369.23,5154.87,0 91 24 212 375 284 14 184 318 70 292 263 8 373 169 108 72 52 130 44 386 0,318
PFG_MOEA,1176,3,369.23,5154.87,0 362 201 312 67 164 107 302 173 106 261 388 197 218 151 77 273 136 0,106
PFG_MOEA,1176,4,369.23,5154.87,0 399 172 182 397 36 11 92 86 141 266 303 357 319 199 228 267 366 289 231 34 58 68 161 235 35 249 88 135 233 156 94 230 374 350 311 4 314 193 340 299 321 269 120 142 37 51 145 123 137 59 109 127 57 226 19 13 80 38 0,340
PFG_MOEA,1176,5,369.23,5154.87,0 132 339 322 0,
PFG_MOEA,1176,6,369.23,5154.87,0 96 242 221 200 165 112 191 152 329 300 121 146 294 174 320 364 393 3 229 308 259 246 264 356 345 377 395 400 42 250 28 247 255 1 262 63 157 291 167 21 372 301 188 394 139 149 316 387 327 17 43 85 215 73 254 183 354 69 265 346 315 99 0,1 200 393
PFG_MOEA,1176,7,369.23,5154.87,0 93 398 227 234 213 190 251 175 390 18 103 155 83 378 31 304 0,
PFG_MOEA,1176,8,369.23,5154.87,0 48 192 330 238 129 148 260 391 0,
PFG_MOEA,1176,9,369.23,5154.87,0 268 272 30 65 283 326 305 154 204 6 208 205 166 66 271 39 0,272
PFG_MOEA,1176,10,369.23,5154.87,0 124 126 20 64 189 158 220 241 297 62 110 140 286 317 333 180 7 56 217 55 25 367 170 361 209 71 97 33 0,
PFG_MOEA,1176,11,369.23,5154.87,0 15 16 380 369 168 203 338 202 306 370 342 144 176 27 98 78 196 296 347 332 324 147 211 244 223 210 45 348 353 153 278 87 171 75 328 248 258 376 368 290 343 54 46 224 225 232 179 287 10 383 382 41 344 349 243 117 178 82 125 9 47 150 216 360 335 0,47 87 353
PFG_MOEA,1176,12,369.23,5154.87,0 207 307 313 359 365 253 206 187 100 310 104 282 143 79 160 50 60 257 270 379 195 5 309 280 351 237 256 274 49 198 163 138 336 252 236 381 23 128 119 2 89 12 61 0,
PFG_MOEA,1177,1,337.93,5308.22,0 187 206 253 313 359 365 0,
PFG_MOEA,1177,2,337.93,5308.22,0 207 307 198 280 351 256 237 101 53 293 133 331 285 392 95 222 163 138 336 252 236 128 119 2 89 12 61 0,133 222
PFG_MOEA,1177,3,337.93,5308.22,0 323 363 352 194 275 277 102 100 49 274 122 239 276 32 40 295 23 381 90 0,
PFG_MOEA,1177,4,337.93,5308.22,0 22 115 245 396 240 385 288 177 181 358 337 384 111 116 76 113 81 29 131 84 281 118 185 214 0,
PFG_MOEA,1177,5,337.93,5308.22,0 334 26 298 371 219 341 134 186 105 355 325 114 389 162 159 74 279 91 24 212 375 284 14 184 318 70 292 263 8 373 169 108 72 52 130 44 386 362 201 312 0,284
PFG_MOEA,1177,6,337.93,5308.22,0 399 172 182 397 36 11 92 86 141 266 303 357 319 199 228 267 366 289 231 34 58 68 161 235 35 249 88 135 233 156 94 230 57 127 109 59 137 136 273 77 151 218 197 388 261 106 173 302 107 164 67 294 226 19 13 80 38 0,
PFG_MOEA,1177,7,337.93,5308.22,0 374 350 311 4 314 193 340 299 321 269 120 142 37 51 145 123 146 121 322 339 132 174 320 364 393 3 229 308 356 264 259 246 42 1 255 247 152 191 112 329 300 165 200 221 242 96 0,132 264 340 393
PFG_MOEA,1177,8,337.93,5308.22,0 28 250 262 400 395 345 377 394 188 301 372 21 167 291 139 149 157 63 316 387 327 17 43 85 215 73 254 183 354 69 265 346 315 99 175 251 190 0,
PFG_MOEA,1177,9,337.93,5308.22,0 304 192 330 238 129 378 83 155 103 18 390 213 234 227 398 140 110 241 62 297 65 283 326 305 154 204 6 208 205 166 66 93 30 272 268 39 271 391 260 148 48 31 0,65 391
PFG_MOEA,1177,10,337.93,5308.22,0 33 71 225 97 232 209 361 170 367 25 55 217 56 7 317 286 333 180 220 158 189 64 20 126 124 224 10 287 179 0,
PFG_MOEA,1177,11,337.93,5308.22,0 15 168 203 369 16 380 335 360 216 150 9 47 125 309 5 195 379 270 210 45 348 353 153 278 87 171 75 328 248 54 46 383 382 344 349 243 117 178 82 41 0,82 87 195 353
PFG_MOEA,1177,12,337.93,5308.22,0 338 202 306 370 342 144 176 27 98 78 196 296 347 332 147 324 211 244 223 104 310 282 143 79 160 50 60 257 258 376 368 290 343 0,290
PFG_MOEA,1178,1,319.42,5478.6,0 222 0,
PFG_MOEA,1178,2,319.42,5478.6,0 95 101 323 363 352 102 277 275 194 53 293 133 331 285 392 115 245 396 240 385 288 177 181 358 337 384 111 116 76 113 81 29 325 131 84 355 114 389 279 74 159 162 371 219 341 22 134 186 105 298 334 26 281 0,105
PFG_MOEA,1178,3,319.42,5478.6,0 118 91 284 184 14 375 212 24 0,375
PFG_MOEA,1178,4,319.42,5478.6,0 399 397 36 11 92 199 86 141 266 319 357 303 289 366 267 228 8 263 292 70 318 373 169 108 72 52 130 44 386 362 201 312 67 164 107 302 173 106 261 388 197 218 151 77 273 136 182 172 0,86 197 318 362
PFG_MOEA,1178,5,319.42,5478.6,0 38 80 13 19 226 57 127 109 59 137 123 145 51 132 142 120 269 321 299 37 340 193 314 4 350 311 156 233 135 88 249 35 235 161 68 58 34 231 94 230 374 0,
PFG_MOEA,1178,6,319.42,5478.6,0 96 242 200 191 112 165 322 339 174 393 3 229 364 320 294 121 146 300 329 152 221 0,200 393
PFG_MOEA,1178,7,319.42,5478.6,0 93 85 247 28 246 259 308 264 356 345 377 395 400 42 250 255 1 262 63 157 291 167 21 372 301 188 394 139 149 316 387 327 17 43 73 215 254 183 354 69 265 346 315 99 390 175 251 190 18 213 234 227 398 0,
PFG_MOEA,1178,8,319.42,5478.6,0 304 31 48 330 192 129 238 148 260 391 271 66 166 205 208 6 204 154 305 326 283 65 62 297 241 158 189 220 110 140 103 155 83 378 124 126 20 64 30 272 268 39 0,62 205 220 391
PFG_MOEA,1178,9,319.42,5478.6,0 7 180 333 286 317 56 217 55 0,
PFG_MOEA,1178,10,319.42,5478.6,0 15 16 380 369 168 203 338 202 306 370 342 144 176 27 98 78 196 296 347 332 324 147 211 244 223 210 45 348 353 153 278 87 171 75 328 248 258 376 368 290 343 54 46 209 361 170 367 25 232 179 224 225 97 71 33 0,16 353 370
PFG_MOEA,1178,11,319.42,5478.6,0 365 253 206 61 89 2 119 128 216 336 138 163 150 47 125 9 100 282 310 104 143 79 160 50 60 257 270 379 195 5 309 280 351 237 256 287 10 383 382 344 349 243 117 178 82 41 0,47 138 178 206 243
PFG_MOEA,1178,12,319.42,5478.6,0 335 187 359 313 360 207 307 198 49 274 122 239 276 32 40 295 23 381 236 252 90 12 214 185 0,
PFG_MOEA,1179,1,312.87,5623.42,0 216 98 370 342 144 176 27 78 196 296 347 332 147 324 211 244 223 104 310 282 79 160 50 379 195 5 309 143 150 47 9 125 0,
PFG_MOEA,1179,2,312.87,5623.42,0 117 243 344 349 343 290 368 376 258 248 328 75 348 353 171 87 278 153 45 210 257 60 270 237 256 274 49 198 222 138 336 239 276 32 177 181 358 337 384 111 116 76 23 381 90 12 0,290 336 353
PFG_MOEA,1179,3,312.87,5623.42,0 22 118 185 214 2 119 128 236 252 40 295 122 392 285 331 133 293 53 101 352 363 323 194 275 277 102 100 351 280 95 163 61 89 207 307 313 359 253 365 0,307
PFG_MOEA,1179,4,312.87,5623.42,0 206 187 0,
PFG_MOEA,1179,5,312.87,5623.42,0 281 26 334 298 219 371 341 134 186 105 115 245 396 240 385 288 113 81 29 325 355 131 84 114 389 162 159 74 279 91 0,341
PFG_MOEA,1179,6,312.87,5623.42,0 80 13 19 226 57 127 109 59 137 136 273 77 151 218 197 388 261 106 173 302 107 164 67 312 201 362 386 44 130 52 72 108 169 373 8 263 292 70 318 184 14 284 375 212 24 303 357 319 182 172 38 0,318 362
PFG_MOEA,1179,7,312.87,5623.42,0 266 141 86 199 228 267 366 289 231 34 58 68 161 235 35 249 88 135 233 156 94 230 374 92 0,
PFG_MOEA,1179,8,312.87,5623.42,0 399 397 36 11 350 311 4 314 193 340 299 321 269 120 142 37 51 123 145 132 339 322 121 146 294 174 320 364 393 3 229 308 356 264 259 246 42 300 329 112 191 165 200 221 242 96 0,51 145 174 264 329
PFG_MOEA,1179,9,312.87,5623.42,0 152 247 28 250 345 377 395 400 394 188 301 372 167 21 139 291 262 1 255 0,
PFG_MOEA,1179,10,312.87,5623.42,0 85 215 73 43 17 327 387 316 149 157 63 354 183 254 69 265 346 315 99 175 251 190 390 18 103 155 83 378 0,175 390
PFG_MOEA,1179,11,312.87,5623.42,0 304 31 48 192 330 129 238 148 260 383 10 224 391 271 39 46 93 398 227 234 213 179 232 225 97 71 33 382 0,
PFG_MOEA,1179,12,312.87,5623.42,0 209 361 170 367 25 55 217 56 7 124 126 20 64 189 158 220 180 333 317 286 140 110 241 62 297 65 283 326 305 154 204 6 208 205 166 66 30 272 268 54 287 178 82 41 335 360 380 369 203 338 202 306 168 15 16 0,7 166 203 361
PFG_MOEA,1180,1,759.34,4800.0,0 219 341 105 389 114 84 131 355 325 29 81 113 76 116 111 384 337 358 181 177 288 385 240 396 245 115 392 285 331 133 293 53 163 150 9 125 47 216 89 61 206 253 365 0,245
PFG_MOEA,1180,2,759.34,4800.0,0 22 134 186 162 159 279 74 284 184 318 70 292 263 8 373 169 108 14 375 212 24 91 0,318
PFG_MOEA,1180,3,759.34,4800.0,0 304 31 48 148 260 224 71 33 129 238 330 192 200 165 112 191 152 127 57 109 59 137 273 136 247 17 43 85 215 73 254 69 354 183 327 387 157 149 188 394 316 63 262 1 255 250 28 42 400 395 377 345 356 264 259 246 308 229 197 218 151 77 107 164 67 302 388 3 106 173 261 320 364 393 312 201 362 329 300 123 51 145 322 121 146 294 174 339 132 120 142 37 269 321 299 340 233 135 88 249 35 161 235 68 58 34 386 231 289 366 267 228 44 130 52 72 303 357 319 266 141 86 92 199 156 94 230 311 374 11 36 397 350 4 314 193 182 172 13 19 226 221 242 96 80 38 0,33 106 174 200 303 311 394
PFG_MOEA,1180,4,759.34,4800.0,0 378 83 155 103 18 190 251 175 99 315 346 372 301 167 21 139 291 265 390 234 0,
PFG_MOEA,1180,5,759.34,4800.0,0 179 391 271 39 30 272 268 46 54 93 398 227 213 232 0,391
PFG_MOEA,1180,6,759.34,4800.0,0 225 0,
PFG_MOEA,1180,7,759.34,4800.0,0 97 209 361 170 367 0,
PFG_MOEA,1180,8,759.34,4800.0,0 399 15 168 203 338 202 306 370 342 144 176 27 98 78 196 369 380 16 41 82 178 117 243 344 349 66 343 290 368 376 258 248 328 75 348 353 45 210 278 153 171 87 6 208 205 166 158 189 220 241 62 297 65 283 204 154 305 326 110 140 180 333 317 286 25 55 217 56 7 124 126 20 64 287 10 383 382 0,62 66 205 220 342
PFG_MOEA,1180,9,759.34,4800.0,0 2 119 128 295 40 32 276 239 122 296 332 347 138 336 222 95 101 194 147 324 275 323 363 352 277 102 223 244 211 104 310 100 282 143 79 160 50 60 257 270 379 195 5 309 280 351 237 256 274 49 198 252 236 0,
PFG_MOEA,1180,10,759.34,4800.0,0 381 23 90 12 207 307 0,
PFG_MOEA,1180,11,759.34,4800.0,0 335 187 359 313 360 214 0,
PFG_MOEA,1180,12,759.34,4800.0,0 185 118 281 26 334 298 371 0,
PFG_MOEA,1181,1,314.81,5596.11,0 12 90 128 236 252 336 276 138 222 198 49 274 256 237 351 280 309 5 290 343 313 207 0,222
PFG_MOEA,1181,2,314.81,5596.11,0 91 292 263 8 373 169 108 14 375 212 24 371 219 341 298 334 26 281 118 185 214 295 40 32 239 122 95 101 352 363 323 194 275 277 102 100 23 381 119 2 307 359 187 148 48 31 304 0,23
PFG_MOEA,1181,3,314.81,5596.11,0 260 224 71 33 127 152 191 112 165 200 129 238 330 192 0,33
PFG_MOEA,1181,4,314.81,5596.11,0 57 67 302 173 106 3 388 164 107 77 151 218 197 229 308 246 259 264 356 345 377 395 400 42 28 250 255 1 262 63 316 394 188 149 157 387 327 183 354 69 254 73 215 85 43 17 247 136 273 137 59 109 0,
PFG_MOEA,1181,5,314.81,5596.11,0 329 300 362 123 51 145 322 121 146 201 261 320 364 393 312 294 174 339 132 206 253 365 360 335 0,362 393
PFG_MOEA,1181,6,314.81,5596.11,0 61 358 181 177 288 385 240 396 245 115 392 285 331 133 293 53 163 150 9 125 47 216 89 0,
PFG_MOEA,1181,7,314.81,5596.11,0 80 13 19 226 35 161 235 58 34 386 231 289 366 267 228 44 130 52 72 318 70 184 284 74 279 159 162 389 114 355 325 384 337 111 116 76 113 81 29 131 84 105 186 134 22 0,
PFG_MOEA,1181,8,314.81,5596.11,0 38 96 242 221 172 182 397 350 311 4 314 193 230 94 156 374 36 11 92 319 357 303 266 141 86 199 68 135 88 249 233 340 299 321 269 120 142 37 301 21 139 291 167 372 346 315 99 175 251 0,182
PFG_MOEA,1181,9,314.81,5596.11,0 97 225 232 179 391 271 158 241 62 297 65 283 204 154 305 326 110 140 286 317 333 180 220 126 124 7 56 217 55 25 367 170 361 209 227 234 213 190 390 265 18 103 155 83 378 398 93 54 46 268 272 30 39 0,65 154
PFG_MOEA,1181,10,314.81,5596.11,0 399 15 16 380 41 82 178 117 243 344 349 20 189 64 166 205 208 6 87 171 153 278 210 353 258 376 368 66 287 10 383 382 0,243
PFG_MOEA,1181,11,314.81,5596.11,0 369 338 203 168 0,
PFG_MOEA,1181,12,314.81,5596.11,0 202 306 370 342 144 176 27 98 78 196 296 347 332 324 147 211 244 223 104 310 282 143 79 160 50 60 257 270 379 195 45 348 75 328 248 0,370
PFG_MOEA,1182,1,411.21,4974.5,0 12 90 381 23 32 276 239 336 138 222 198 49 274 256 237 351 280 252 236 128 119 2 0,23
PFG_MOEA,1182,2,411.21,4974.5,0 22 118 185 214 295 40 122 392 285 331 133 293 53 101 352 363 323 194 275 277 102 100 95 163 61 89 207 307 313 359 365 253 206 187 0,22 100
PFG_MOEA,1182,3,411.21,4974.5,0 115 0,
PFG_MOEA,1182,4,411.21,4974.5,0 245 396 240 385 288 177 181 358 337 384 111 116 76 113 81 29 325 355 0,
PFG_MOEA,1182,5,411.21,4974.5,0 281 26 334 298 341 134 186 131 84 114 389 105 219 371 162 159 74 279 91 24 212 375 284 14 184 318 70 292 263 8 373 169 108 72 52 130 44 386 362 201 312 67 164 107 302 173 106 261 388 197 218 151 77 273 136 137 59 109 127 57 226 19 13 80 0,77 106 284
PFG_MOEA,1182,6,411.21,4974.5,0 38 172 182 319 303 357 266 141 86 199 228 267 366 289 231 34 58 68 161 235 35 249 88 135 233 156 94 230 374 92 11 36 397 350 311 4 314 193 340 299 321 269 120 142 37 51 123 145 132 339 322 121 146 294 174 320 364 393 3 229 308 356 264 259 246 42 300 329 112 221 242 96 0,51 174 229 246 299
PFG_MOEA,1182,7,411.21,4974.5,0 399 200 165 191 152 247 255 1 262 250 28 345 377 395 400 394 188 301 372 21 167 291 139 149 157 63 316 387 327 17 43 85 215 73 254 183 354 69 265 346 315 99 175 251 190 390 18 103 155 83 378 213 234 227 398 93 224 179 232 225 97 71 33 260 148 238 129 330 192 48 31 304 0,93
PFG_MOEA,1182,8,411.21,4974.5,0 382 383 10 391 271 39 46 54 268 272 30 66 166 205 208 6 204 154 305 326 283 65 297 62 241 110 140 286 317 333 180 220 158 189 64 20 126 124 7 56 217 55 25 367 170 361 209 287 0,55 62 66 220
PFG_MOEA,1182,9,411.21,4974.5,0 380 0,
PFG_MOEA,1182,10,411.21,4974.5,0 16 369 15 0,
PFG_MOEA,1182,11,411.21,4974.5,0 168 203 178 82 41 0,178
PFG_MOEA,1182,12,411.21,4974.5,0 335 360 338 202 306 370 342 144 176 27 98 78 196 296 347 332 216 47 125 9 150 147 324 211 244 223 104 310 282 143 309 5 195 379 79 160 50 60 270 257 210 45 153 278 87 171 353 348 75 328 248 258 376 368 290 343 349 344 243 117 0,
PFG_MOEA,1183,1,312.55,5795.78,0 336 138 239 122 296 347 332 324 275 277 104 211 244 223 102 352 363 323 194 147 101 95 222 0,122 211 222 277
PFG_MOEA,1183,2,312.55,5795.78,0 335 360 207 307 313 359 187 100 310 282 143 79 160 50 60 257 270 379 195 5 309 280 351 237 256 274 49 198 252 236 381 23 90 12 214 185 118 281 26 334 298 371 72 52 130 44 386 80 0,5 307
PFG_MOEA,1183,3,312.55,5795.78,0 13 19 226 57 127 109 59 137 136 273 77 151 218 197 388 261 106 173 302 107 164 67 312 201 362 123 51 145 294 174 339 132 142 120 269 321 299 0,174
PFG_MOEA,1183,4,312.55,5795.78,0 340 233 135 88 249 35 235 161 68 58 34 231 289 366 267 228 141 266 303 357 319 86 199 156 94 0,303
PFG_MOEA,1183,5,312.55,5795.78,0 38 172 182 397 36 11 92 374 230 311 350 4 314 193 37 322 121 146 320 364 393 3 229 308 356 264 259 246 42 300 329 112 191 152 221 242 96 0,42 264
PFG_MOEA,1183,6,312.55,5795.78,0 200 165 129 0,
PFG_MOEA,1183,7,312.55,5795.78,0 304 330 395 400 394 188 301 372 21 167 291 139 149 157 63 316 387 17 43 33 71 224 260 0,
PFG_MOEA,1183,8,312.55,5795.78,0 399 247 28 250 345 377 262 1 255 327 254 73 215 85 93 179 232 225 97 148 238 192 48 31 0,93
PFG_MOEA,1183,9,312.55,5795.78,0 378 69 183 354 265 346 315 99 175 251 190 390 18 103 155 83 234 213 227 398 209 361 170 367 25 55 217 56 7 180 333 317 286 140 110 62 297 65 283 326 305 154 204 6 208 241 220 158 189 64 20 126 124 0,175
PFG_MOEA,1183,10,312.55,5795.78,0 287 382 383 10 268 272 30 66 166 205 271 39 391 53 293 133 331 285 392 115 245 396 240 385 288 177 181 358 337 384 111 116 76 113 81 29 325 355 131 84 114 389 105 341 219 0,
PFG_MOEA,1183,11,312.55,5795.78,0 91 24 212 375 14 108 169 373 8 263 292 70 318 184 284 74 279 159 162 22 134 186 89 216 47 125 9 150 163 61 365 253 206 46 54 0,
PFG_MOEA,1183,12,312.55,5795.78,0 41 82 178 117 243 344 349 343 290 368 376 258 248 328 75 171 87 153 278 210 45 353 348 2 119 128 295 40 32 276 196 78 98 27 176 144 342 370 306 202 338 203 168 369 380 16 15 0,16 87 203
PFG_MOEA,1184,1,389.39,5146.42,0 163 78 53 293 133 331 285 392 98 115 245 27 396 240 385 288 177 181 358 337 384 111 116 76 113 81 29 325 355 131 84 114 389 91 279 74 159 162 371 219 298 341 22 134 186 105 118 185 0,
PFG_MOEA,1184,2,389.39,5146.42,0 281 26 334 24 212 375 284 14 184 318 70 292 263 8 373 169 108 72 52 130 44 386 51 145 123 362 201 294 312 67 164 107 302 173 106 261 388 197 218 151 77 273 136 137 59 109 127 57 226 19 13 80 0,
PFG_MOEA,1184,3,389.39,5146.42,0 142 339 174 132 120 269 321 299 340 233 135 88 249 35 235 161 68 58 34 231 289 366 267 228 141 266 303 357 319 86 199 156 94 230 374 92 11 36 397 350 311 4 314 193 0,88
PFG_MOEA,1184,4,389.39,5146.42,0 182 172 38 0,
PFG_MOEA,1184,5,389.39,5146.42,0 37 322 121 146 320 364 393 3 229 308 356 264 259 246 42 300 329 112 152 191 165 200 221 242 96 0,152 264 329
PFG_MOEA,1184,6,389.39,5146.42,0 129 33 71 224 260 0,
PFG_MOEA,1184,7,389.39,5146.42,0 399 247 255 1 262 250 28 345 377 395 400 394 188 301 372 21 167 291 139 149 157 63 316 387 17 43 73 254 327 183 354 69 215 85 93 179 232 225 97 148 48 238 330 192 31 304 0,395
PFG_MOEA,1184,8,389.39,5146.42,0 16 15 168 203 369 380 391 271 39 268 272 30 66 166 205 208 6 204 154 305 326 283 65 297 62 241 110 140 286 317 333 180 220 158 189 64 20 126 124 7 56 217 55 25 367 170 361 209 398 227 234 213 190 251 175 99 315 346 265 390 18 103 155 83 378 54 46 287 10 383 382 41 0,7 16 20 103 272
PFG_MOEA,1184,9,389.39,5146.42,0 82 178 117 243 368 376 258 353 153 171 87 278 210 143 237 256 274 49 100 282 310 104 102 277 275 194 323 363 352 101 198 95 222 138 122 276 336 252 236 128 23 381 90 119 2 12 0,
PFG_MOEA,1184,10,389.39,5146.42,0 344 349 351 280 309 5 79 160 50 60 257 270 379 195 45 348 75 328 248 290 343 187 0,
PFG_MOEA,1184,11,389.39,5146.42,0 214 295 40 32 239 370 342 144 176 150 47 9 125 216 89 61 207 307 313 359 206 253 365 360 335 0,176
PFG_MOEA,1184,12,389.39,5146.42,0 338 202 306 196 296 347 332 324 147 211 244 223 0,
PFG_MOEA,1185,1,413.96,4915.5,0 187 206 253 365 359 313 307 207 61 12 89 2 119 128 236 252 336 138 163 222 95 198 351 280 237 256 274 49 100 102 277 275 194 323 363 352 101 53 293 133 331 285 392 122 239 276 32 40 295 23 381 90 113 81 29 76 116 111 384 337 358 181 177 288 385 240 396 245 115 22 118 185 214 0,245 381
PFG_MOEA,1185,2,413.96,4915.5,0 281 84 131 325 355 114 389 186 134 341 298 26 334 0,
PFG_MOEA,1185,3,413.96,4915.5,0 371 219 105 162 159 74 279 91 24 212 375 284 14 184 318 70 292 263 8 373 169 108 72 52 130 44 386 362 201 312 67 164 107 302 173 106 261 388 197 218 151 77 273 136 137 59 0,
PFG_MOEA,1185,4,413.96,4915.5,0 57 127 109 226 0,
PFG_MOEA,1185,5,413.96,4915.5,0 19 0,
PFG_MOEA,1185,6,413.96,4915.5,0 38 303 357 266 141 86 199 228 267 366 289 231 34 58 68 161 235 35 249 88 135 233 319 182 172 13 80 0,88
PFG_MOEA,1185,7,413.96,4915.5,0 399 397 36 11 92 156 94 230 374 350 311 4 314 193 340 299 321 269 120 142 37 51 123 145 132 339 322 121 146 294 174 320 364 393 3 229 308 356 264 259 246 42 300 329 112 191 165 200 221 242 96 0,11 340 374 393
PFG_MOEA,1185,8,413.96,4915.5,0 152 247 255 1 262 250 28 345 377 395 400 394 188 301 372 21 167 291 139 149 157 63 316 387 327 17 43 85 215 73 254 183 354 69 265 346 315 99 175 251 190 390 18 103 155 83 378 213 234 227 398 93 0,1 152 175 227
PFG_MOEA,1185,9,413.96,4915.5,0 304 31 48 192 330 238 129 148 260 391 271 39 268 272 30 66 166 205 208 6 204 154 305 326 283 65 297 62 241 110 140 286 317 333 180 220 158 189 64 20 126 124 7 56 217 55 25 367 170 361 209 71 33 97 225 232 179 224 0,55 391
PFG_MOEA,1185,10,413.96,4915.5,0 287 10 383 382 0,
PFG_MOEA,1185,11,413.96,4915.5,0 16 15 168 203 369 380 82 178 117 243 349 344 54 46 41 0,
PFG_MOEA,1185,12,413.96,4915.5,0 335 360 216 150 9 47 125 309 5 343 290 368 376 258 248 328 75 171 87 278 153 353 348 45 210 195 379 270 257 60 50 160 79 143 282 310 104 223 244 211 324 147 332 347 296 196 78 98 27 176 144 342 370 306 202 338 0,
PFG_MOEA,1186,1,320.55,5348.04,0 80 13 172 182 397 36 11 92 233 135 88 249 35 235 161 68 58 34 231 289 319 399 0,
PFG_MOEA,1186,2,320.55,5348.04,0 374 230 94 156 311 350 4 314 193 340 299 321 269 120 142 132 339 174 320 364 308 229 3 393 294 146 121 322 123 145 51 37 0,393
PFG_MOEA,1186,3,320.55,5348.04,0 96 242 221 200 165 112 329 300 191 152 247 255 1 262 42 250 28 246 259 264 356 345 377 395 400 394 188 301 372 21 167 291 139 149 157 63 316 387 327 17 43 85 215 73 254 183 354 69 265 346 315 99 175 251 190 0,215
PFG_MOEA,1186,4,320.55,5348.04,0 304 31 192 330 238 129 398 227 234 213 18 390 286 140 110 241 93 260 148 48 0,
PFG_MOEA,1186,5,320.55,5348.04,0 317 333 0,
PFG_MOEA,1186,6,320.55,5348.04,0 33 71 209 361 170 367 25 55 217 56 7 180 220 158 189 64 20 126 124 224 10 383 382 16 203 168 15 0,25
PFG_MOEA,1186,7,320.55,5348.04,0 380 369 335 360 216 150 9 47 125 309 5 195 379 270 210 45 348 353 153 278 87 171 75 328 248 258 376 368 290 343 54 46 344 349 243 117 178 82 41 0,
PFG_MOEA,1186,8,320.55,5348.04,0 338 202 306 370 342 144 176 27 98 78 196 296 347 332 147 324 211 244 223 104 310 282 143 79 160 50 60 257 6 204 154 305 326 283 62 297 65 208 205 166 66 30 272 268 0,66
PFG_MOEA,1186,9,320.55,5348.04,0 187 206 253 365 359 313 307 207 61 12 89 2 119 128 236 252 336 138 163 222 95 198 351 256 237 280 391 271 39 378 83 155 103 232 179 287 225 97 0,138 307
PFG_MOEA,1186,10,320.55,5348.04,0 22 389 114 84 131 325 355 29 81 113 76 116 111 384 337 358 181 177 288 385 240 396 245 115 392 285 331 133 293 53 101 352 363 323 194 275 277 102 100 49 274 122 239 276 32 40 295 23 381 90 214 185 281 118 0,323 331
PFG_MOEA,1186,11,320.55,5348.04,0 334 298 26 105 186 134 341 219 371 24 212 375 14 184 318 70 292 263 8 373 169 284 74 279 91 159 162 0,134
PFG_MOEA,1186,12,320.55,5348.04,0 38 19 226 57 127 109 59 137 136 273 77 151 218 197 388 261 106 173 302 107 164 67 312 201 362 366 267 228 386 44 130 52 72 108 303 357 266 141 86 199 0,106 386
PFG_MOEA,1187,1,270.73,5843.94,0 335 187 309 5 195 379 270 257 60 50 160 79 143 280 351 237 256 274 49 198 252 236 381 23 90 12 207 307 0,
PFG_MOEA,1187,2,270.73,5843.94,0 61 313 359 206 253 365 360 214 185 118 281 26 334 298 371 22 134 186 162 159 292 263 8 373 318 70 184 284 74 279 0,134 284 313 318
PFG_MOEA,1187,3,270.73,5843.94,0 91 169 108 14 375 212 24 192 330 238 129 200 165 112 191 152 127 57 109 59 137 273 136 247 17 43 85 215 33 71 224 260 148 48 31 304 0,33 200
PFG_MOEA,1187,4,270.73,5843.94,0 73 254 69 354 183 327 387 157 149 188 394 316 63 262 1 255 250 28 42 400 395 377 345 356 264 259 246 308 229 197 218 151 77 107 164 67 302 388 3 106 173 261 320 364 0,
PFG_MOEA,1187,5,270.73,5843.94,0 329 300 362 123 51 145 322 121 146 201 312 393 294 174 339 132 120 142 0,145 174
PFG_MOEA,1187,6,270.73,5843.94,0 37 269 321 299 340 219 341 105 84 131 29 81 113 76 116 111 181 358 337 384 325 355 114 389 0,341
PFG_MOEA,1187,7,270.73,5843.94,0 89 216 47 125 9 150 163 53 293 133 331 285 392 115 245 396 240 385 288 177 34 58 235 135 233 88 249 35 161 68 0,133 240
PFG_MOEA,1187,8,270.73,5843.94,0 172 182 193 314 4 350 397 36 11 374 311 230 94 156 199 92 86 319 266 141 289 231 386 366 267 228 44 130 52 72 303 357 13 19 226 221 242 96 0,141 386
PFG_MOEA,1187,9,270.73,5843.94,0 38 80 378 83 291 139 21 167 301 372 346 315 265 390 99 175 251 190 18 103 155 234 227 398 93 54 46 268 272 30 39 271 391 179 0,
PFG_MOEA,1187,10,270.73,5843.94,0 97 225 232 209 361 213 170 367 328 248 258 376 368 290 343 66 349 344 243 117 178 82 41 16 380 369 196 78 98 27 176 144 342 370 306 202 338 203 168 15 399 0,82 176 225
PFG_MOEA,1187,11,270.73,5843.94,0 287 64 166 205 75 348 353 45 210 278 153 171 87 6 208 158 189 220 241 62 297 65 283 204 154 305 326 110 140 180 333 317 286 25 55 217 56 7 124 126 20 10 0,65 126
PFG_MOEA,1187,12,270.73,5843.94,0 2 119 128 295 40 32 276 239 122 296 332 347 138 336 222 95 101 194 147 324 275 323 363 352 277 102 223 244 211 104 310 100 282 383 382 0,2
PFG_MOEA,1188,1,369.23,5154.87,0 90 295 40 32 276 239 122 222 95 101 323 363 352 102 277 275 194 53 293 133 331 285 392 115 245 396 240 385 288 177 181 358 337 384 111 116 76 113 81 29 325 131 84 355 114 389 279 74 159 162 371 219 341 22 134 186 105 298 334 26 281 118 185 214 0,40 240 245 331
PFG_MOEA,1188,2,369.23,5154.87,0 91 24 212 375 284 14 184 318 70 292 263 8 373 169 108 72 52 130 44 386 0,318
PFG_MOEA,1188,3,369.23,5154.87,0 362 201 312 67 164 107 302 173 106 261 388 197 218 151 77 273 136 0,106
PFG_MOEA,1188,4,369.23,5154.87,0 399 172 182 397 36 11 92 86 141 266 303 357 319 199 228 267 366 289 231 34 58 68 161 235 35 249 88 135 233 156 94 230 374 350 311 4 314 193 340 299 321 269 120 142 37 51 145 123 137 59 109 127 57 226 19 13 80 38 0,340
PFG_MOEA,1188,5,369.23,5154.87,0 132 339 322 0,
PFG_MOEA,1188,6,369.23,5154.87,0 96 242 221 200 165 112 191 152 329 300 121 146 294 174 320 364 393 3 229 308 259 246 264 356 345 377 395 400 42 250 28 247 255 1 262 63 157 291 167 21 372 301 188 394 139 149 316 387 327 17 43 85 215 73 254 183 354 69 265 346 315 99 0,1 200 393
PFG_MOEA,1188,7,369.23,5154.87,0 93 398 227 234 213 190 251 175 390 18 103 155 83 378 31 304 0,
PFG_MOEA,1188,8,369.23,5154.87,0 48 192 330 238 129 148 260 391 0,
PFG_MOEA,1188,9,369.23,5154.87,0 268 272 30 65 283 326 305 154 204 6 208 205 166 66 271 39 0,272
PFG_MOEA,1188,10,369.23,5154.87,0 124 126 20 64 189 158 220 241 297 62 110 140 286 317 333 180 7 56 217 55 25 367 170 361 209 71 97 33 0,
PFG_MOEA,1188,11,369.23,5154.87,0 15 16 380 369 168 203 338 202 306 370 342 144 176 27 98 78 196 296 347 332 324 147 211 244 223 210 45 348 353 153 278 87 171 75 328 248 258 376 368 290 343 54 46 224 225 232 179 287 10 383 382 41 344 349 243 117 178 82 125 9 47 150 216 360 335 0,47 87 353
PFG_MOEA,1188,12,369.23,5154.87,0 207 307 313 359 365 253 206 187 100 310 104 282 143 79 160 50 60 257 270 379 195 5 309 280 351 237 256 274 49 198 163 138 336 252 236 381 23 128 119 2 89 12 61 0,
PFG_MOEA,1189,1,337.93,5308.22,0 187 206 253 313 359 365 0,
PFG_MOEA,1189,2,337.93,5308.22,0 207 307 198 280 351 256 237 101 53 293 133 331 285 392 95 222 163 138 336 252 236 128 119 2 89 12 61 0,133 222
PFG_MOEA,1189,3,337.93,5308.22,0 323 363 352 194 275 277 102 100 49 274 122 239 276 32 40 295 23 381 90 0,
PFG_MOEA,1189,4,337.93,5308.22,0 22 115 245 396 240 385 288 177 181 358 337 384 111 116 76 113 81 29 131 84 281 118 185 214 0,
PFG_MOEA,1189,5,337.93,5308.22,0 334 26 298 371 219 341 134 186 105 355 325 114 389 162 159 74 279 91 24 212 375 284 14 184 318 70 292 263 8 373 169 108 72 52 130 44 386 362 201 312 0,284
PFG_MOEA,1189,6,337.93,5308.22,0 399 172 182 397 36 11 92 86 141 266 303 357 319 199 228 267 366 289 231 34 58 68 161 235 35 249 88 135 233 156 94 230 57 127 109 59 137 136 273 77 151 218 197 388 261 106 173 302 107 164 67 294 226 19 13 80 38 0,
PFG_MOEA,1189,7,337.93,5308.22,0 374 350 311 4 314 193 340 299 321 269 120 142 37 51 145 123 146 121 322 339 132 174 320 364 393 3 229 308 356 264 259 246 42 1 255 247 152 191 112 329 300 165 200 221 242 96 0,132 264 340 393
PFG_MOEA,1189,8,337.93,5308.22,0 28 250 262 400 395 345 377 394 188 301 372 21 167 291 139 149 157 63 316 387 327 17 43 85 215 73 254 183 354 69 265 346 315 99 175 251 190 0,
PFG_MOEA,1189,9,337.93,5308.22,0 304 192 330 238 129 378 83 155 103 18 390 213 234 227 398 140 110 241 62 297 65 283 326 305 154 204 6 208 205 166 66 93 30 272 268 39 271 391 260 148 48 31 0,65 391
PFG_MOEA,1189,10,337.93,5308.22,0 33 71 225 97 232 209 361 170 367 25 55 217 56 7 317 286 333 180 220 158 189 64 20 126 124 224 10 287 179 0,
PFG_MOEA,1189,11,337.93,5308.22,0 15 168 203 369 16 380 335 360 216 150 9 47 125 309 5 195 379 270 210 45 348 353 153 278 87 171 75 328 248 54 46 383 382 344 349 243 117 178 82 41 0,82 87 195 353
PFG_MOEA,1189,12,337.93,5308.22,0 338 202 306 370 342 144 176 27 98 78 196 296 347 332 147 324 211 244 223 104 310 282 143 79 160 50 60 257 258 376 368 290 343 0,290
PFG_MOEA,1190,1,319.42,5478.6,0 222 0,
PFG_MOEA,1190,2,319.42,5478.6,0 95 101 323 363 352 102 277 275 194 53 293 133 331 285 392 115 245 396 240 385 288 177 181 358 337 384 111 116 76 113 81 29 325 131 84 355 114 389 279 74 159 162 371 219 341 22 134 186 105 298 334 26 281 0,105
PFG_MOEA,1190,3,319.42,5478.6,0 118 91 284 184 14 375 212 24 0,375
PFG_MOEA,1190,4,319.42,5478.6,0 399 397 36 11 92 199 86 141 266 319 357 303 289 366 267 228 8 263 292 70 318 373 169 108 72 52 130 44 386 362 201 312 67 164 107 302 173 106 261 388 197 218 151 77 273 136 182 172 0,86 197 318 362
PFG_MOEA,1190,5,319.42,5478.6,0 38 80 13 19 226 57 127 109 59 137 123 145 51 132 142 120 269 321 299 37 340 193 314 4 350 311 156 233 135 88 249 35 235 161 68 58 34 231 94 230 374 0,
PFG_MOEA,1190,6,319.42,5478.6,0 96 242 200 191 112 165 322 339 174 393 3 229 364 320 294 121 146 300 329 152 221 0,200 393
PFG_MOEA,1190,7,319.42,5478.6,0 93 85 247 28 246 259 308 264 356 345 377 395 400 42 250 255 1 262 63 157 291 167 21 372 301 188 394 139 149 316 387 327 17 43 73 215 254 183 354 69 265 346 315 99 390 175 251 190 18 213 234 227 398 0,
PFG_MOEA,1190,8,319.42,5478.6,0 304 31 48 330 192 129 238 148 260 391 271 66 166 205 208 6 204 154 305 326 283 65 62 297 241 158 189 220 110 140 103 155 83 378 124 126 20 64 30 272 268 39 0,62 205 220 391
PFG_MOEA,1190,9,319.42,5478.6,0 7 180 333 286 317 56 217 55 0,
PFG_MOEA,1190,10,319.42,5478.6,0 15 16 380 369 168 203 338 202 306 370 342 144 176 27 98 78 196 296 347 332 324 147 211 244 223 210 45 348 353 153 278 87 171 75 328 248 258 376 368 290 343 54 46 209 361 170 367 25 232 179 224 225 97 71 33 0,16 353 370
PFG_MOEA,1190,11,319.42,5478.6,0 365 253 206 61 89 2 119 128 216 336 138 163 150 47 125 9 100 282 310 104 143 79 160 50 60 257 270 379 195 5 309 280 351 237 256 287 10 383 382 344 349 243 117 178 82 41 0,47 138 178 206 243
PFG_MOEA,1190,12,319.42,5478.6,0 335 187 359 313 360 207 307 198 49 274 122 239 276 32 40 295 23 381 236 252 90 12 214 185 0,
PFG_MOEA,1191,1,312.87,5623.42,0 216 98 370 342 144 176 27 78 196 296 347 332 147 324 211 244 223 104 310 282 79 160 50 379 195 5 309 143 150 47 9 125 0,
PFG_MOEA,1191,2,312.87,5623.42,0 117 243 344 349 343 290 368 376 258 248 328 75 348 353 171 87 278 153 45 210 257 60 270 237 256 274 49 198 222 138 336 239 276 32 177 181 358 337 384 111 116 76 23 381 90 12 0,290 336 353
PFG_MOEA,1191,3,312.87,5623.42,0 22 118 185 214 2 119 128 236 252 40 295 122 392 285 331 133 293 53 101 352 363 323 194 275 277 102 100 351 280 95 163 61 89 207 307 313 359 253 365 0,307
PFG_MOEA,1191,4,312.87,5623.42,0 206 187 0,
PFG_MOEA,1191,5,312.87,5623.42,0 281 26 334 298 219 371 341 134 186 105 115 245 396 240 385 288 113 81 29 325 355 131 84 114 389 162 159 74 279 91 0,341
PFG_MOEA,1191,6,312.87,5623.42,0 80 13 19 226 57 127 109 59 137 136 273 77 151 218 197 388 261 106 173 302 107 164 67 312 201 362 386 44 130 52 72 108 169 373 8 263 292 70 318 184 14 284 375 212 24 303 357 319 182 172 38 0,318 362
PFG_MOEA,1191,7,312.87,5623.42,0 266 141 86 199 228 267 366 289 231 34 58 68 161 235 35 249 88 135 233 156 94 230 374 92 0,
PFG_MOEA,1191,8,312.87,5623.42,0 399 397 36 11 350 311 4 314 193 340 299 321 269 120 142 37 51 123 145 132 339 322 121 146 294 174 320 364 393 3 229 308 356 264 259 246 42 300 329 112 191 165 200 221 242 96 0,51 145 174 264 329
PFG_MOEA,1191,9,312.87,5623.42,0 152 247 28 250 345 377 395 400 394 188 301 372 167 21 139 291 262 1 255 0,
PFG_MOEA,1191,10,312.87,5623.42,0 85 215 73 43 17 327 387 316 149 157 63 354 183 254 69 265 346 315 99 175 251 190 390 18 103 155 83 378 0,175 390
PFG_MOEA,1191,11,312.87,5623.42,0 304 31 48 192 330 129 238 148 260 383 10 224 391 271 39 46 93 398 227 234 213 179 232 225 97 71 33 382 0,
PFG_MOEA,1191,12,312.87,5623.42,0 209 361 170 367 25 55 217 56 7 124 126 20 64 189 158 220 180 333 317 286 140 110 241 62 297 65 283 326 305 154 204 6 208 205 166 66 30 272 268 54 287 178 82 41 335 360 380 369 203 338 202 306 168 15 16 0,7 166 203 361
PFG_MOEA,1192,1,759.34,4800.0,0 219 341 105 389 114 84 131 355 325 29 81 113 76 116 111 384 337 358 181 177 288 385 240 396 245 115 392 285 331 133 293 53 163 150 9 125 47 216 89 61 206 253 365 0,245
PFG_MOEA,1192,2,759.34,4800.0,0 22 134 186 162 159 279 74 284 184 318 70 292 263 8 373 169 108 14 375 212 24 91 0,318
PFG_MOEA,1192,3,759.34,4800.0,0 304 31 48 148 260 224 71 33 129 238 330 192 200 165 112 191 152 127 57 109 59 137 273 136 247 17 43 85 215 73 254 69 354 183 327 387 157 149 188 394 316 63 262 1 255 250 28 42 400 395 377 345 356 264 259 246 308 229 197 218 151 77 107 164 67 302 388 3 106 173 261 320 364 393 312 201 362 329 300 123 51 145 322 121 146 294 174 339 132 120 142 37 269 321 299 340 233 135 88 249 35 161 235 68 58 34 386 231 289 366 267 228 44 130 52 72 303 357 319 266 141 86 92 199 156 94 230 311 374 11 36 397 350 4 314 193 182 172 13 19 226 221 242 96 80 38 0,33 106 174 200 303 311 394
PFG_MOEA,1192,4,759.34,4800.0,0 378 83 155 103 18 190 251 175 99 315 346 372 301 167 21 139 291 265 390 234 0,
PFG_MOEA,1192,5,759.34,4800.0,0 179 391 271 39 30 272 268 46 54 93 398 227 213 232 0,391
PFG_MOEA,1192,6,759.34,4800.0,0 225 0,
PFG_MOEA,1192,7,759.34,4800.0,0 97 209 361 170 367 0,
PFG_MOEA,1192,8,759.34,4800.0,0 399 15 168 203 338 202 306 370 342 144 176 27 98 78 196 369 380 16 41 82 178 117 243 344 349 66 343 290 368 376 258 248 328 75 348 353 45 210 278 153 171 87 6 208 205 166 158 189 220 241 62 297 65 283 204 154 305 326 110 140 180 333 317 286 25 55 217 56 7 124 126 20 64 287 10 383 382 0,62 66 205 220 342
PFG_MOEA,1192,9,759.34,4800.0,0 2 119 128 295 40 32 276 239 122 296 332 347 138 336 222 95 101 194 147 324 275 323 363 352 277 102 223 244 211 104 310 100 282 143 79 160 50 60 257 270 379 195 5 309 280 351 237 256 274 49 198 252 236 0,
PFG_MOEA,1192,10,759.34,4800.0,0 381 23 90 12 207 307 0,
PFG_MOEA,1192,11,759.34,4800.0,0 335 187 359 313 360 214 0,
PFG_MOEA,1192,12,759.34,4800.0,0 185 118 281 26 334 298 371 0,
PFG_MOEA,1193,1,314.81,5596.11,0 12 90 128 236 252 336 276 138 222 198 49 274 256 237 351 280 309 5 290 343 313 207 0,222
PFG_MOEA,1193,2,314.81,5596.11,0 91 292 263 8 373 169 108 14 375 212 24 371 219 341 298 334 26 281 118 185 214 295 40 32 239 122 95 101 352 363 323 194 275 277 102 100 23 381 119 2 307 359 187 148 48 31 304 0,23
PFG_MOEA,1193,3,314.81,5596.11,0 260 224 71 33 127 152 191 112 165 200 129 238 330 192 0,33
PFG_MOEA,1193,4,314.81,5596.11,0 57 67 302 173 106 3 388 164 107 77 151 218 197 229 308 246 259 264 356 345 377 395 400 42 28 250 255 1 262 63 316 394 188 149 157 387 327 183 354 69 254 73 215 85 43 17 247 136 273 137 59 109 0,
PFG_MOEA,1193,5,314.81,5596.11,0 329 300 362 123 51 145 322 121 146 201 261 320 364 393 312 294 174 339 132 206 253 365 360 335 0,362 393
PFG_MOEA,1193,6,314.81,5596.11,0 61 358 181 177 288 385 240 396 245 115 392 285 331 133 293 53 163 150 9 125 47 216 89 0,
PFG_MOEA,1193,7,314.81,5596.11,0 80 13 19 226 35 161 235 58 34 386 231 289 366 267 228 44 130 52 72 318 70 184 284 74 279 159 162 389 114 355 325 384 337 111 116 76 113 81 29 131 84 105 186 134 22 0,
PFG_MOEA,1193,8,314.81,5596.11,0 38 96 242 221 172 182 397 350 311 4 314 193 230 94 156 374 36 11 92 319 357 303 266 141 86 199 68 135 88 249 233 340 299 321 269 120 142 37 301 21 139 291 167 372 346 315 99 175 251 0,182
PFG_MOEA,1193,9,314.81,5596.11,0 97 225 232 179 391 271 158 241 62 297 65 283 204 154 305 326 110 140 286 317 333 180 220 126 124 7 56 217 55 25 367 170 361 209 227 234 213 190 390 265 18 103 155 83 378 398 93 54 46 268 272 30 39 0,65 154
PFG_MOEA,1193,10,314.81,5596.11,0 399 15 16 380 41 82 178 117 243 344 349 20 189 64 166 205 208 6 87 171 153 278 210 353 258 376 368 66 287 10 383 382 0,243
PFG_MOEA,1193,11,314.81,5596.11,0 369 338 203 168 0,
PFG_MOEA,1193,12,314.81,5596.11,0 202 306 370 342 144 176 27 98 78 196 296 347 332 324 147 211 244 223 104 310 282 143 79 160 50 60 257 270 379 195 45 348 75 328 248 0,370
PFG_MOEA,1194,1,411.21,4974.5,0 12 90 381 23 32 276 239 336 138 222 198 49 274 256 237 351 280 252 236 128 119 2 0,23
PFG_MOEA,1194,2,411.21,4974.5,0 22 118 185 214 295 40 122 392 285 331 133 293 53 101 352 363 323 194 275 277 102 100 95 163 61 89 207 307 313 359 365 253 206 187 0,22 100
PFG_MOEA,1194,3,411.21,4974.5,0 115 0,
PFG_MOEA,1194,4,411.21,4974.5,0 245 396 240 385 288 177 181 358 337 384 111 116 76 113 81 29 325 355 0,
PFG_MOEA,1194,5,411.21,4974.5,0 281 26 334 298 341 134 186 131 84 114 389 105 219 371 162 159 74 279 91 24 212 375 284 14 184 318 70 292 263 8 373 169 108 72 52 130 44 386 362 201 312 67 164 107 302 173 106 261 388 197 218 151 77 273 136 137 59 109 127 57 226 19 13 80 0,77 106 284
PFG_MOEA,1194,6,411.21,4974.5,0 38 172 182 319 303 357 266 141 86 199 228 267 366 289 231 34 58 68 161 235 35 249 88 135 233 156 94 230 374 92 11 36 397 350 311 4 314 193 340 299 321 269 120 142 37 51 123 145 132 339 322 121 146 294 174 320 364 393 3 229 308 356 264 259 246 42 300 329 112 221 242 96 0,51 174 229 246 299
PFG_MOEA,1194,7,411.21,4974.5,0 399 200 165 191 152 247 255 1 262 250 28 345 377 395 400 394 188 301 372 21 167 291 139 149 157 63 316 387 327 17 43 85 215 73 254 183 354 69 265 346 315 99 175 251 190 390 18 103 155 83 378 213 234 227 398 93 224 179 232 225 97 71 33 260 148 238 129 330 192 48 31 304 0,93
PFG_MOEA,1194,8,411.21,4974.5,0 382 383 10 391 271 39 46 54 268 272 30 66 166 205 208 6 204 154 305 326 283 65 297 62 241 110 140 286 317 333 180 220 158 189 64 20 126 124 7 56 217 55 25 367 170 361 209 287 0,55 62 66 220
PFG_MOEA,1194,9,411.21,4974.5,0 380 0,
PFG_MOEA,1194,10,411.21,4974.5,0 16 369 15 0,
PFG_MOEA,1194,11,411.21,4974.5,0 168 203 178 82 41 0,178
PFG_MOEA,1194,12,411.21,4974.5,0 335 360 338 202 306 370 342 144 176 27 98 78 196 296 347 332 216 47 125 9 150 147 324 211 244 223 104 310 282 143 309 5 195 379 79 160 50 60 270 257 210 45 153 278 87 171 353 348 75 328 248 258 376 368 290 343 349 344 243 117 0,
PFG_MOEA,1195,1,312.55,5795.78,0 336 138 239 122 296 347 332 324 275 277 104 211 244 223 102 352 363 323 194 147 101 95 222 0,122 211 222 277
PFG_MOEA,1195,2,312.55,5795.78,0 335 360 207 307 313 359 187 100 310 282 143 79 160 50 60 257 270 379 195 5 309 280 351 237 256 274 49 198 252 236 381 23 90 12 214 185 118 281 26 334 298 371 72 52 130 44 386 80 0,5 307
PFG_MOEA,1195,3,312.55,5795.78,0 13 19 226 57 127 109 59 137 136 273 77 151 218 197 388 261 106 173 302 107 164 67 312 201 362 123 51 145 294 174 339 132 142 120 269 321 299 0,174
PFG_MOEA,1195,4,312.55,5795.78,0 340 233 135 88 249 35 235 161 68 58 34 231 289 366 267 228 141 266 303 357 319 86 199 156 94 0,303
PFG_MOEA,1195,5,312.55,5795.78,0 38 172 182 397 36 11 92 374 230 311 350 4 314 193 37 322 121 146 320 364 393 3 229 308 356 264 259 246 42 300 329 112 191 152 221 242 96 0,42 264
PFG_MOEA,1195,6,312.55,5795.78,0 200 165 129 0,
PFG_MOEA,1195,7,312.55,5795.78,0 304 330 395 400 394 188 301 372 21 167 291 139 149 157 63 316 387 17 43 33 71 224 260 0,
PFG_MOEA,1195,8,312.55,5795.78,0 399 247 28 250 345 377 262 1 255 327 254 73 215 85 93 179 232 225 97 148 238 192 48 31 0,93
PFG_MOEA,1195,9,312.55,5795.78,0 378 69 183 354 265 346 315 99 175 251 190 390 18 103 155 83 234 213 227 398 209 361 170 367 25 55 217 56 7 180 333 317 286 140 110 62 297 65 283 326 305 154 204 6 208 241 220 158 189 64 20 126 124 0,175
PFG_MOEA,1195,10,312.55,5795.78,0 287 382 383 10 268 272 30 66 166 205 271 39 391 53 293 133 331 285 392 115 245 396 240 385 288 177 181 358 337 384 111 116 76 113 81 29 325 355 131 84 114 389 105 341 219 0,
PFG_MOEA,1195,11,312.55,5795.78,0 91 24 212 375 14 108 169 373 8 263 292 70 318 184 284 74 279 159 162 22 134 186 89 216 47 125 9 150 163 61 365 253 206 46 54 0,
PFG_MOEA,1195,12,312.55,5795.78,0 41 82 178 117 243 344 349 343 290 368 376 258 248 328 75 171 87 153 278 210 45 353 348 2 119 128 295 40 32 276 196 78 98 27 176 144 342 370 306 202 338 203 168 369 380 16 15 0,16 87 203
PFG_MOEA,1196,1,389.39,5146.42,0 163 78 53 293 133 331 285 392 98 115 245 27 396 240 385 288 177 181 358 337 384 111 116 76 113 81 29 325 355 131 84 114 389 91 279 74 159 162 371 219 298 341 22 134 186 105 118 185 0,
PFG_MOEA,1196,2,389.39,5146.42,0 281 26 334 24 212 375 284 14 184 318 70 292 263 8 373 169 108 72 52 130 44 386 51 145 123 362 201 294 312 67 164 107 302 173 106 261 388 197 218 151 77 273 136 137 59 109 127 57 226 19 13 80 0,
PFG_MOEA,1196,3,389.39,5146.42,0 142 339 174 132 120 269 321 299 340 233 135 88 249 35 235 161 68 58 34 231 289 366 267 228 141 266 303 357 319 86 199 156 94 230 374 92 11 36 397 350 311 4 314 193 0,88
PFG_MOEA,1196,4,389.39,5146.42,0 182 172 38 0,
PFG_MOEA,1196,5,389.39,5146.42,0 37 322 121 146 320 364 393 3 229 308 356 264 259 246 42 300 329 112 152 191 165 200 221 242 96 0,152 264 329
PFG_MOEA,1196,6,389.39,5146.42,0 129 33 71 224 260 0,
PFG_MOEA,1196,7,389.39,5146.42,0 399 247 255 1 262 250 28 345 377 395 400 394 188 301 372 21 167 291 139 149 157 63 316 387 17 43 73 254 327 183 354 69 215 85 93 179 232 225 97 148 48 238 330 192 31 304 0,395
PFG_MOEA,1196,8,389.39,5146.42,0 16 15 168 203 369 380 391 271 39 268 272 30 66 166 205 208 6 204 154 305 326 283 65 297 62 241 110 140 286 317 333 180 220 158 189 64 20 126 124 7 56 217 55 25 367 170 361 209 398 227 234 213 190 251 175 99 315 346 265 390 18 103 155 83 378 54 46 287 10 383 382 41 0,7 16 20 103 272
PFG_MOEA,1196,9,389.39,5146.42,0 82 178 117 243 368 376 258 353 153 171 87 278 210 143 237 256 274 49 100 282 310 104 102 277 275 194 323 363 352 101 198 95 222 138 122 276 336 252 236 128 23 381 90 119 2 12 0,
PFG_MOEA,1196,10,389.39,5146.42,0 344 349 351 280 309 5 79 160 50 60 257 270 379 195 45 348 75 328 248 290 343 187 0,
PFG_MOEA,1196,11,389.39,5146.42,0 214 295 40 32 239 370 342 144 176 150 47 9 125 216 89 61 207 307 313 359 206 253 365 360 335 0,176
PFG_MOEA,1196,12,389.39,5146.42,0 338 202 306 196 296 347 332 324 147 211 244 223 0,
PFG_MOEA,1197,1,413.96,4915.5,0 187 206 253 365 359 313 307 207 61 12 89 2 119 128 236 252 336 138 163 222 95 198 351 280 237 256 274 49 100 102 277 275 194 323 363 352 101 53 293 133 331 285 392 122 239 276 32 40 295 23 381 90 113 81 29 76 116 111 384 337 358 181 177 288 385 240 396 245 115 22 118 185 214 0,245 381
PFG_MOEA,1197,2,413.96,4915.5,0 281 84 131 325 355 114 389 186 134 341 298 26 334 0,
PFG_MOEA,1197,3,413.96,4915.5,0 371 219 105 162 159 74 279 91 24 212 375 284 14 184 318 70 292 263 8 373 169 108 72 52 130 44 386 362 201 312 67 164 107 302 173 106 261 388 197 218 151 77 273 136 137 59 0,
PFG_MOEA,1197,4,413.96,4915.5,0 57 127 109 226 0,
PFG_MOEA,1197,5,413.96,4915.5,0 19 0,
PFG_MOEA,1197,6,413.96,4915.5,0 38 303 357 266 141 86 199 228 267 366 289 231 34 58 68 161 235 35 249 88 135 233 319 182 172 13 80 0,88
PFG_MOEA,1197,7,413.96,4915.5,0 399 397 36 11 92 156 94 230 374 350 311 4 314 193 340 299 321 269 120 142 37 51 123 145 132 339 322 121 146 294 174 320 364 393 3 229 308 356 264 259 246 42 300 329 112 191 165 200 221 242 96 0,11 340 374 393
PFG_MOEA,1197,8,413.96,4915.5,0 152 247 255 1 262 250 28 345 377 395 400 394 188 301 372 21 167 291 139 149 157 63 316 387 327 17 43 85 215 73 254 183 354 69 265 346 315 99 175 251 190 390 18 103 155 83 378 213 234 227 398 93 0,1 152 175 227
PFG_MOEA,1197,9,413.96,4915.5,0 304 31 48 192 330 238 129 148 260 391 271 39 268 272 30 66 166 205 208 6 204 154 305 326 283 65 297 62 241 110 140 286 317 333 180 220 158 189 64 20 126 124 7 56 217 55 25 367 170 361 209 71 33 97 225 232 179 224 0,55 391
PFG_MOEA,1197,10,413.96,4915.5,0 287 10 383 382 0,
PFG_MOEA,1197,11,413.96,4915.5,0 16 15 168 203 369 380 82 178 117 243 349 344 54 46 41 0,
PFG_MOEA,1197,12,413.96,4915.5,0 335 360 216 150 9 47 125 309 5 343 290 368 376 258 248 328 75 171 87 278 153 353 348 45 210 195 379 270 257 60 50 160 79 143 282 310 104 223 244 211 324 147 332 347 296 196 78 98 27 176 144 342 370 306 202 338 0,
PFG_MOEA,1198,1,320.55,5348.04,0 80 13 172 182 397 36 11 92 233 135 88 249 35 235 161 68 58 34 231 289 319 399 0,
PFG_MOEA,1198,2,320.55,5348.04,0 374 230 94 156 311 350 4 314 193 340 299 321 269 120 142 132 339 174 320 364 308 229 3 393 294 146 121 322 123 145 51 37 0,393
PFG_MOEA,1198,3,320.55,5348.04,0 96 242 221 200 165 112 329 300 191 152 247 255 1 262 42 250 28 246 259 264 356 345 377 395 400 394 188 301 372 21 167 291 139 149 157 63 316 387 327 17 43 85 215 73 254 183 354 69 265 346 315 99 175 251 190 0,215
PFG_MOEA,1198,4,320.55,5348.04,0 304 31 192 330 238 129 398 227 234 213 18 390 286 140 110 241 93 260 148 48 0,
PFG_MOEA,1198,5,320.55,5348.04,0 317 333 0,
PFG_MOEA,1198,6,320.55,5348.04,0 33 71 209 361 170 367 25 55 217 56 7 180 220 158 189 64 20 126 124 224 10 383 382 16 203 168 15 0,25
PFG_MOEA,1198,7,320.55,5348.04,0 380 369 335 360 216 150 9 47 125 309 5 195 379 270 210 45 348 353 153 278 87 171 75 328 248 258 376 368 290 343 54 46 344 349 243 117 178 82 41 0,
PFG_MOEA,1198,8,320.55,5348.04,0 338 202 306 370 342 144 176 27 98 78 196 296 347 332 147 324 211 244 223 104 310 282 143 79 160 50 60 257 6 204 154 305 326 283 62 297 65 208 205 166 66 30 272 268 0,66
PFG_MOEA,1198,9,320.55,5348.04,0 187 206 253 365 359 313 307 207 61 12 89 2 119 128 236 252 336 138 163 222 95 198 351 256 237 280 391 271 39 378 83 155 103 232 179 287 225 97 0,138 307
PFG_MOEA,1198,10,320.55,5348.04,0 22 389 114 84 131 325 355 29 81 113 76 116 111 384 337 358 181 177 288 385 240 396 245 115 392 285 331 133 293 53 101 352 363 323 194 275 277 102 100 49 274 122 239 276 32 40 295 23 381 90 214 185 281 118 0,323 331
PFG_MOEA,1198,11,320.55,5348.04,0 334 298 26 105 186 134 341 219 371 24 212 375 14 184 318 70 292 263 8 373 169 284 74 279 91 159 162 0,134
PFG_MOEA,1198,12,320.55,5348.04,0 38 19 226 57 127 109 59 137 136 273 77 151 218 197 388 261 106 173 302 107 164 67 312 201 362 366 267 228 386 44 130 52 72 108 303 357 266 141 86 199 0,106 386
PFG_MOEA,1199,1,270.73,5843.94,0 335 187 309 5 195 379 270 257 60 50 160 79 143 280 351 237 256 274 49 198 252 236 381 23 90 12 207 307 0,
PFG_MOEA,1199,2,270.73,5843.94,0 61 313 359 206 253 365 360 214 185 118 281 26 334 298 371 22 134 186 162 159 292 263 8 373 318 70 184 284 74 279 0,134 284 313 318
PFG_MOEA,1199,3,270.73,5843.94,0 91 169 108 14 375 212 24 192 330 238 129 200 165 112 191 152 127 57 109 59 137 273 136 247 17 43 85 215 33 71 224 260 148 48 31 304 0,33 200
PFG_MOEA,1199,4,270.73,5843.94,0 73 254 69 354 183 327 387 157 149 188 394 316 63 262 1 255 250 28 42 400 395 377 345 356 264 259 246 308 229 197 218 151 77 107 164 67 302 388 3 106 173 261 320 364 0,
PFG_MOEA,1199,5,270.73,5843.94,0 329 300 362 123 51 145 322 121 146 201 312 393 294 174 339 132 120 142 0,145 174
PFG_MOEA,1199,6,270.73,5843.94,0 37 269 321 299 340 219 341 105 84 131 29 81 113 76 116 111 181 358 337 384 325 355 114 389 0,341
PFG_MOEA,1199,7,270.73,5843.94,0 89 216 47 125 9 150 163 53 293 133 331 285 392 115 245 396 240 385 288 177 34 58 235 135 233 88 249 35 161 68 0,133 240
PFG_MOEA,1199,8,270.73,5843.94,0 172 182 193 314 4 350 397 36 11 374 311 230 94 156 199 92 86 319 266 141 289 231 386 366 267 228 44 130 52 72 303 357 13 19 226 221 242 96 0,141 386
PFG_MOEA,1199,9,270.73,5843.94,0 38 80 378 83 291 139 21 167 301 372 346 315 265 390 99 175 251 190 18 103 155 234 227 398 93 54 46 268 272 30 39 271 391 179 0,
PFG_MOEA,1199,10,270.73,5843.94,0 97 225 232 209 361 213 170 367 328 248 258 376 368 290 343 66 349 344 243 117 178 82 41 16 380 369 196 78 98 27 176 144 342 370 306 202 338 203 168 15 399 0,82 176 225
PFG_MOEA,1199,11,270.73,5843.94,0 287 64 166 205 75 348 353 45 210 278 153 171 87 6 208 158 189 220 241 62 297 65 283 204 154 305 326 110 140 180 333 317 286 25 55 217 56 7 124 126 20 10 0,65 126
PFG_MOEA,1199,12,270.73,5843.94,0 2 119 128 295 40 32 276 239 122 296 332 347 138 336 222 95 101 194 147 324 275 323 363 352 277 102 223 244 211 104 310 100 282 383 382 0,2
PFG_MOEA,1200,1,369.23,5154.87,0 90 295 40 32 276 239 122 222 95 101 323 363 352 102 277 275 194 53 293 133 331 285 392 115 245 396 240 385 288 177 181 358 337 384 111 116 76 113 81 29 325 131 84 355 114 389 279 74 159 162 371 219 341 22 134 186 105 298 334 26 281 118 185 214 0,40 240 245 331
PFG_MOEA,1200,2,369.23,5154.87,0 91 24 212 375 284 14 184 318 70 292 263 8 373 169 108 72 52 130 44 386 0,318
PFG_MOEA,1200,3,369.23,5154.87,0 362 201 312 67 164 107 302 173 106 261 388 197 218 151 77 273 136 0,106
PFG_MOEA,1200,4,369.23,5154.87,0 399 172 182 397 36 11 92 86 141 266 303 357 319 199 228 267 366 289 231 34 58 68 161 235 35 249 88 135 233 156 94 230 374 350 311 4 314 193 340 299 321 269 120 142 37 51 145 123 137 59 109 127 57 226 19 13 80 38 0,340
PFG_MOEA,1200,5,369.23,5154.87,0 132 339 322 0,
PFG_MOEA,1200,6,369.23,5154.87,0 96 242 221 200 165 112 191 152 329 300 121 146 294 174 320 364 393 3 229 308 259 246 264 356 345 377 395 400 42 250 28 247 255 1 262 63 157 291 167 21 372 301 188 394 139 149 316 387 327 17 43 85 215 73 254 183 354 69 265 346 315 99 0,1 200 393
PFG_MOEA,1200,7,369.23,5154.87,0 93 398 227 234 213 190 251 175 390 18 103 155 83 378 31 304 0,
PFG_MOEA,1200,8,369.23,5154.87,0 48 192 330 238 129 148 260 391 0,
PFG_MOEA,1200,9,369.23,5154.87,0 268 272 30 65 283 326 305 154 204 6 208 205 166 66 271 39 0,272
PFG_MOEA,1200,10,369.23,5154.87,0 124 126 20 64 189 158 220 241 297 62 110 140 286 317 333 180 7 56 217 55 25 367 170 361 209 71 97 33 0,
PFG_MOEA,1200,11,369.23,5154.87,0 15 16 380 369 168 203 338 202 306 370 342 144 176 27 98 78 196 296 347 332 324 147 211 244 223 210 45 348 353 153 278 87 171 75 328 248 258 376 368 290 343 54 46 224 225 232 179 287 10 383 382 41 344 349 243 117 178 82 125 9 47 150 216 360 335 0,47 87 353
PFG_MOEA,1200,12,369.23,5154.87,0 207 307 313 359 365 253 206 187 100 310 104 282 143 79 160 50 60 257 270 379 195 5 309 280 351 237 256 274 49 198 163 138 336 252 236 381 23 128 119 2 89 12 61 0,
PFG_MOEA,1201,1,337.93,5308.22,0 187 206 253 313 359 365 0,
PFG_MOEA,1201,2,337.93,5308.22,0 207 307 198 280 351 256 237 101 53 293 133 331 285 392 95 222 163 138 336 252 236 128 119 2 89 12 61 0,133 222
PFG_MOEA,1201,3,337.93,5308.22,0 323 363 352 194 275 277 102 100 49 274 122 239 276 32 40 295 23 381 90 0,
PFG_MOEA,1201,4,337.93,5308.22,0 22 115 245 396 240 385 288 177 181 358 337 384 111 116 76 113 81 29 131 84 281 118 185 214 0,
PFG_MOEA,1201,5,337.93,5308.22,0 334 26 298 371 219 341 134 186 105 355 325 114 389 162 159 74 279 91 24 212 375 284 14 184 318 70 292 263 8 373 169 108 72 52 130 44 386 362 201 312 0,284
PFG_MOEA,1201,6,337.93,5308.22,0 399 172 182 397 36 11 92 86 141 266 303 357 319 199 228 267 366 289 231 34 58 68 161 235 35 249 88 135 233 156 94 230 57 127 109 59 137 136 273 77 151 218 197 388 261 106 173 302 107 164 67 294 226 19 13 80 38 0,
PFG_MOEA,1201,7,337.93,5308.22,0 374 350 311 4 314 193 340 299 321 269 120 142 37 51 145 123 146 121 322 339 132 174 320 364 393 3 229 308 356 264 259 246 42 1 255 247 152 191 112 329 300 165 200 221 242 96 0,132 264 340 393
PFG_MOEA,1201,8,337.93,5308.22,0 28 250 262 400 395 345 377 394 188 301 372 21 167 291 139 149 157 63 316 387 327 17 43 85 215 73 254 183 354 69 265 346 315 99 175 251 190 0,
PFG_MOEA,1201,9,337.93,5308.22,0 304 192 330 238 129 378 83 155 103 18 390 213 234 227 398 140 110 241 62 297 65 283 326 305 154 204 6 208 205 166 66 93 30 272 268 39 271 391 260 148 48 31 0,65 391
PFG_MOEA,1201,10,337.93,5308.22,0 33 71 225 97 232 209 361 170 367 25 55 217 56 7 317 286 333 180 220 158 189 64 20 126 124 224 10 287 179 0,
PFG_MOEA,1201,11,337.93,5308.22,0 15 168 203 369 16 380 335 360 216 150 9 47 125 309 5 195 379 270 210 45 348 353 153 278 87 171 75 328 248 54 46 383 382 344 349 243 117 178 82 41 0,82 87 195 353
PFG_MOEA,1201,12,337.93,5308.22,0 338 202 306 370 342 144 176 27 98 78 196 296 347 332 147 324 211 244 223 104 310 282 143 79 160 50 60 257 258 376 368 290 343 0,290
PFG_MOEA,1202,1,319.42,5478.6,0 222 0,
PFG_MOEA,1202,2,319.42,5478.6,0 95 101 323 363 352 102 277 275 194 53 293 133 331 285 392 115 245 396 240 385 288 177 181 358 337 384 111 116 76 113 81 29 325 131 84 355 114 389 279 74 159 162 371 219 341 22 134 186 105 298 334 26 281 0,105
PFG_MOEA,1202,3,319.42,5478.6,0 118 91 284 184 14 375 212 24 0,375
PFG_MOEA,1202,4,319.42,5478.6,0 399 397 36 11 92 199 86 141 266 319 357 303 289 366 267 228 8 263 292 70 318 373 169 108 72 52 130 44 386 362 201 312 67 164 107 302 173 106 261 388 197 218 151 77 273 136 182 172 0,86 197 318 362
PFG_MOEA,1202,5,319.42,5478.6,0 38 80 13 19 226 57 127 109 59 137 123 145 51 132 142 120 269 321 299 37 340 193 314 4 350 311 156 233 135 88 249 35 235 161 68 58 34 231 94 230 374 0,
PFG_MOEA,1202,6,319.42,5478.6,0 96 242 200 191 112 165 322 339 174 393 3 229 364 320 294 121 146 300 329 152 221 0,200 393
PFG_MOEA,1202,7,319.42,5478.6,0 93 85 247 28 246 259 308 264 356 345 377 395 400 42 250 255 1 262 63 157 291 167 21 372 301 188 394 139 149 316 387 327 17 43 73 215 254 183 354 69 265 346 315 99 390 175 251 190 18 213 234 227 398 0,
PFG_MOEA,1202,8,319.42,5478.6,0 304 31 48 330 192 129 238 148 260 391 271 66 166 205 208 6 204 154 305 326 283 65 62 297 241 158 189 220 110 140 103 155 83 378 124 126 20 64 30 272 268 39 0,62 205 220 391
PFG_MOEA,1202,9,319.42,5478.6,0 7 180 333 286 317 56 217 55 0,
PFG_MOEA,1202,10,319.42,5478.6,0 15 16 380 369 168 203 338 202 306 370 342 144 176 27 98 78 196 296 347 332 324 147 211 244 223 210 45 348 353 153 278 87 171 75 328 248 258 376 368 290 343 54 46 209 361 170 367 25 232 179 224 225 97 71 33 0,16 353 370
PFG_MOEA,1202,11,319.42,5478.6,0 365 253 206 61 89 2 119 128 216 336 138 163 150 47 125 9 100 282 310 104 143 79 160 50 60 257 270 379 195 5 309 280 351 237 256 287 10 383 382 344 349 243 117 178 82 41 0,47 138 178 206 243
PFG_MOEA,1202,12,319.42,5478.6,0 335 187 359 313 360 207 307 198 49 274 122 239 276 32 40 295 23 381 236 252 90 12 214 185 0,
PFG_MOEA,1203,1,312.87,5623.42,0 216 98 370 342 144 176 27 78 196 296 347 332 147 324 211 244 223 104 310 282 79 160 50 379 195 5 309 143 150 47 9 125 0,
PFG_MOEA,1203,2,312.87,5623.42,0 117 243 344 349 343 290 368 376 258 248 328 75 348 353 171 87 278 153 45 210 257 60 270 237 256 274 49 198 222 138 336 239 276 32 177 181 358 337 384 111 116 76 23 381 90 12 0,290 336 353
PFG_MOEA,1203,3,312.87,5623.42,0 22 118 185 214 2 119 128 236 252 40 295 122 392 285 331 133 293 53 101 352 363 323 194 275 277 102 100 351 280 95 163 61 89 207 307 313 359 253 365 0,307
PFG_MOEA,1203,4,312.87,5623.42,0 206 187 0,
PFG_MOEA,1203,5,312.87,5623.42,0 281 26 334 298 219 371 341 134 186 105 115 245 396 240 385 288 113 81 29 325 355 131 84 114 389 162 159 74 279 91 0,341
PFG_MOEA,1203,6,312.87,5623.42,0 80 13 19 226 57 127 109 59 137 136 273 77 151 218 197 388 261 106 173 302 107 164 67 312 201 362 386 44 130 52 72 108 169 373 8 263 292 70 318 184 14 284 375 212 24 303 357 319 182 172 38 0,318 362
PFG_MOEA,1203,7,312.87,5623.42,0 266 141 86 199 228 267 366 289 231 34 58 68 161 235 35 249 88 135 233 156 94 230 374 92 0,
PFG_MOEA,1203,8,312.87,5623.42,0 399 397 36 11 350 311 4 314 193 340 299 321 269 120 142 37 51 123 145 132 339 322 121 146 294 174 320 364 393 3 229 308 356 264 259 246 42 300 329 112 191 165 200 221 242 96 0,51 145 174 264 329
PFG_MOEA,1203,9,312.87,5623.42,0 152 247 28 250 345 377 395 400 394 188 301 372 167 21 139 291 262 1 255 0,
PFG_MOEA,1203,10,312.87,5623.42,0 85 215 73 43 17 327 387 316 149 157 63 354 183 254 69 265 346 315 99 175 251 190 390 18 103 155 83 378 0,175 390
PFG_MOEA,1203,11,312.87,5623.42,0 304 31 48 192 330 129 238 148 260 383 10 224 391 271 39 46 93 398 227 234 213 179 232 225 97 71 33 382 0,
PFG_MOEA,1203,12,312.87,5623.42,0 209 361 170 367 25 55 217 56 7 124 126 20 64 189 158 220 180 333 317 286 140 110 241 62 297 65 283 326 305 154 204 6 208 205 166 66 30 272 268 54 287 178 82 41 335 360 380 369 203 338 202 306 168 15 16 0,7 166 203 361
PFG_MOEA,1204,1,759.34,4800.0,0 219 341 105 389 114 84 131 355 325 29 81 113 76 116 111 384 337 358 181 177 288 385 240 396 245 115 392 285 331 133 293 53 163 150 9 125 47 216 89 61 206 253 365 0,245
PFG_MOEA,1204,2,759.34,4800.0,0 22 134 186 162 159 279 74 284 184 318 70 292 263 8 373 169 108 14 375 212 24 91 0,318
PFG_MOEA,1204,3,759.34,4800.0,0 304 31 48 148 260 224 71 33 129 238 330 192 200 165 112 191 152 127 57 109 59 137 273 136 247 17 43 85 215 73 254 69 354 183 327 387 157 149 188 394 316 63 262 1 255 250 28 42 400 395 377 345 356 264 259 246 308 229 197 218 151 77 107 164 67 302 388 3 106 173 261 320 364 393 312 201 362 329 300 123 51 145 322 121 146 294 174 339 132 120 142 37 269 321 299 340 233 135 88 249 35 161 235 68 58 34 386 231 289 366 267 228 44 130 52 72 303 357 319 266 141 86 92 199 156 94 230 311 374 11 36 397 350 4 314 193 182 172 13 19 226 221 242 96 80 38 0,33 106 174 200 303 311 394
PFG_MOEA,1204,4,759.34,4800.0,0 378 83 155 103 18 190 251 175 99 315 346 372 301 167 21 139 291 265 390 234 0,
PFG_MOEA,1204,5,759.34,4800.0,0 179 391 271 39 30 272 268 46 54 93 398 227 213 232 0,391
PFG_MOEA,1204,6,759.34,4800.0,0 225 0,
PFG_MOEA,1204,7,759.34,4800.0,0 97 209 361 170 367 0,
PFG_MOEA,1204,8,759.34,4800.0,0 399 15 168 203 338 202 306 370 342 144 176 27 98 78 196 369 380 16 41 82 178 117 243 344 349 66 343 290 368 376 258 248 328 75 348 353 45 210 278 153 171 87 6 208 205 166 158 189 220 241 62 297 65 283 204 154 305 326 110 140 180 333 317 286 25 55 217 56 7 124 126 20 64 287 10 383 382 0,62 66 205 220 342
PFG_MOEA,1204,9,759.34,4800.0,0 2 119 128 295 40 32 276 239 122 296 332 347 138 336 222 95 101 194 147 324 275 323 363 352 277 102 223 244 211 104 310 100 282 143 79 160 50 60 257 270 379 195 5 309 280 351 237 256 274 49 198 252 236 0,
PFG_MOEA,1204,10,759.34,4800.0,0 381 23 90 12 207 307 0,
PFG_MOEA,1204,11,759.34,4800.0,0 335 187 359 313 360 214 0,
PFG_MOEA,1204,12,759.34,4800.0,0 185 118 281 26 334 298 371 0,
PFG_MOEA,1205,1,314.81,5596.11,0 12 90 128 236 252 336 276 138 222 198 49 274 256 237 351 280 309 5 290 343 313 207 0,222
PFG_MOEA,1205,2,314.81,5596.11,0 91 292 263 8 373 169 108 14 375 212 24 371 219 341 298 334 26 281 118 185 214 295 40 32 239 122 95 101 352 363 323 194 275 277 102 100 23 381 119 2 307 359 187 148 48 31 304 0,23
PFG_MOEA,1205,3,314.81,5596.11,0 260 224 71 33 127 152 191 112 165 200 129 238 330 192 0,33
PFG_MOEA,1205,4,314.81,5596.11,0 57 67 302 173 106 3 388 164 107 77 151 218 197 229 308 246 259 264 356 345 377 395 400 42 28 250 255 1 262 63 316 394 188 149 157 387 327 183 354 69 254 73 215 85 43 17 247 136 273 137 59 109 0,
PFG_MOEA,1205,5,314.81,5596.11,0 329 300 362 123 51 145 322 121 146 201 261 320 364 393 312 294 174 339 132 206 253 365 360 335 0,362 393
PFG_MOEA,1205,6,314.81,5596.11,0 61 358 181 177 288 385 240 396 245 115 392 285 331 133 293 53 163 150 9 125 47 216 89 0,
PFG_MOEA,1205,7,314.81,5596.11,0 80 13 19 226 35 161 235 58 34 386 231 289 366 267 228 44 130 52 72 318 70 184 284 74 279 159 162 389 114 355 325 384 337 111 116 76 113 81 29 131 84 105 186 134 22 0,
PFG_MOEA,1205,8,314.81,5596.11,0 38 96 242 221 172 182 397 350 311 4 314 193 230 94 156 374 36 11 92 319 357 303 266 141 86 199 68 135 88 249 233 340 299 321 269 120 142 37 301 21 139 291 167 372 346 315 99 175 251 0,182
PFG_MOEA,1205,9,314.81,5596.11,0 97 225 232 179 391 271 158 241 62 297 65 283 204 154 305 326 110 140 286 317 333 180 220 126 124 7 56 217 55 25 367 170 361 209 227 234 213 190 390 265 18 103 155 83 378 398 93 54 46 268 272 30 39 0,65 154
PFG_MOEA,1205,10,314.81,5596.11,0 399 15 16 380 41 82 178 117 243 344 349 20 189 64 166 205 208 6 87 171 153 278 210 353 258 376 368 66 287 10 383 382 0,243
PFG_MOEA,1205,11,314.81,5596.11,0 369 338 203 168 0,
PFG_MOEA,1205,12,314.81,5596.11,0 202 306 370 342 144 176 27 98 78 196 296 347 332 324 147 211 244 223 104 310 282 143 79 160 50 60 257 270 379 195 45 348 75 328 248 0,370
PFG_MOEA,1206,1,411.21,4974.5,0 12 90 381 23 32 276 239 336 138 222 198 49 274 256 237 351 280 252 236 128 119 2 0,23
PFG_MOEA,1206,2,411.21,4974.5,0 22 118 185 214 295 40 122 392 285 331 133 293 53 101 352 363 323 194 275 277 102 100 95 163 61 89 207 307 313 359 365 253 206 187 0,22 100
PFG_MOEA,1206,3,411.21,4974.5,0 115 0,
PFG_MOEA,1206,4,411.21,4974.5,0 245 396 240 385 288 177 181 358 337 384 111 116 76 113 81 29 325 355 0,
PFG_MOEA,1206,5,411.21,4974.5,0 281 26 334 298 341 134 186 131 84 114 389 105 219 371 162 159 74 279 91 24 212 375 284 14 184 318 70 292 263 8 373 169 108 72 52 130 44 386 362 201 312 67 164 107 302 173 106 261 388 197 218 151 77 273 136 137 59 109 127 57 226 19 13 80 0,77 106 284
PFG_MOEA,1206,6,411.21,4974.5,0 38 172 182 319 303 357 266 141 86 199 228 267 366 289 231 34 58 68 161 235 35 249 88 135 233 156 94 230 374 92 11 36 397 350 311 4 314 193 340 299 321 269 120 142 37 51 123 145 132 339 322 121 146 294 174 320 364 393 3 229 308 356 264 259 246 42 300 329 112 221 242 96 0,51 174 229 246 299
PFG_MOEA,1206,7,411.21,4974.5,0 399 200 165 191 152 247 255 1 262 250 28 345 377 395 400 394 188 301 372 21 167 291 139 149 157 63 316 387 327 17 43 85 215 73 254 183 354 69 265 346 315 99 175 251 190 390 18 103 155 83 378 213 234 227 398 93 224 179 232 225 97 71 33 260 148 238 129 330 192 48 31 304 0,93
PFG_MOEA,1206,8,411.21,4974.5,0 382 383 10 391 271 39 46 54 268 272 30 66 166 205 208 6 204 154 305 326 283 65 297 62 241 110 140 286 317 333 180 220 158 189 64 20 126 124 7 56 217 55 25 367 170 361 209 287 0,55 62 66 220
PFG_MOEA,1206,9,411.21,4974.5,0 380 0,
PFG_MOEA,1206,10,411.21,4974.5,0 16 369 15 0,
PFG_MOEA,1206,11,411.21,4974.5,0 168 203 178 82 41 0,178
PFG_MOEA,1206,12,411.21,4974.5,0 335 360 338 202 306 370 342 144 176 27 98 78 196 296 347 332 216 47 125 9 150 147 324 211 244 223 104 310 282 143 309 5 195 379 79 160 50 60 270 257 210 45 153 278 87 171 353 348 75 328 248 258 376 368 290 343 349 344 243 117 0,
PFG_MOEA,1207,1,312.55,5795.78,0 336 138 239 122 296 347 332 324 275 277 104 211 244 223 102 352 363 323 194 147 101 95 222 0,122 211 222 277
PFG_MOEA,1207,2,312.55,5795.78,0 335 360 207 307 313 359 187 100 310 282 143 79 160 50 60 257 270 379 195 5 309 280 351 237 256 274 49 198 252 236 381 23 90 12 214 185 118 281 26 334 298 371 72 52 130 44 386 80 0,5 307
PFG_MOEA,1207,3,312.55,5795.78,0 13 19 226 57 127 109 59 137 136 273 77 151 218 197 388 261 106 173 302 107 164 67 312 201 362 123 51 145 294 174 339 132 142 120 269 321 299 0,174
PFG_MOEA,1207,4,312.55,5795.78,0 340 233 135 88 249 35 235 161 68 58 34 231 289 366 267 228 141 266 303 357 319 86 199 156 94 0,303
PFG_MOEA,1207,5,312.55,5795.78,0 38 172 182 397 36 11 92 374 230 311 350 4 314 193 37 322 121 146 320 364 393 3 229 308 356 264 259 246 42 300 329 112 191 152 221 242 96 0,42 264
PFG_MOEA,1207,6,312.55,5795.78,0 200 165 129 0,
PFG_MOEA,1207,7,312.55,5795.78,0 304 330 395 400 394 188 301 372 21 167 291 139 149 157 63 316 387 17 43 33 71 224 260 0,
PFG_MOEA,1207,8,312.55,5795.78,0 399 247 28 250 345 377 262 1 255 327 254 73 215 85 93 179 232 225 97 148 238 192 48 31 0,93
PFG_MOEA,1207,9,312.55,5795.78,0 378 69 183 354 265 346 315 99 175 251 190 390 18 103 155 83 234 213 227 398 209 361 170 367 25 55 217 56 7 180 333 317 286 140 110 62 297 65 283 326 305 154 204 6 208 241 220 158 189 64 20 126 124 0,175
PFG_MOEA,1207,10,312.55,5795.78,0 287 382 383 10 268 272 30 66 166 205 271 39 391 53 293 133 331 285 392 115 245 396 240 385 288 177 181 358 337 384 111 116 76 113 81 29 325 355 131 84 114 389 105 341 219 0,
PFG_MOEA,1207,11,312.55,5795.78,0 91 24 212 375 14 108 169 373 8 263 292 70 318 184 284 74 279 159 162 22 134 186 89 216 47 125 9 150 163 61 365 253 206 46 54 0,
PFG_MOEA,1207,12,312.55,5795.78,0 41 82 178 117 243 344 349 343 290 368 376 258 248 328 75 171 87 153 278 210 45 353 348 2 119 128 295 40 32 276 196 78 98 27 176 144 342 370 306 202 338 203 168 369 380 16 15 0,16 87 203
PFG_MOEA,1208,1,389.39,5146.42,0 163 78 53 293 133 331 285 392 98 115 245 27 396 240 385 288 177 181 358 337 384 111 116 76 113 81 29 325 355 131 84 114 389 91 279 74 159 162 371 219 298 341 22 134 186 105 118 185 0,
PFG_MOEA,1208,2,389.39,5146.42,0 281 26 334 24 212 375 284 14 184 318 70 292 263 8 373 169 108 72 52 130 44 386 51 145 123 362 201 294 312 67 164 107 302 173 106 261 388 197 218 151 77 273 136 137 59 109 127 57 226 19 13 80 0,
PFG_MOEA,1208,3,389.39,5146.42,0 142 339 174 132 120 269 321 299 340 233 135 88 249 35 235 161 68 58 34 231 289 366 267 228 141 266 303 357 319 86 199 156 94 230 374 92 11 36 397 350 311 4 314 193 0,88
PFG_MOEA,1208,4,389.39,5146.42,0 182 172 38 0,
PFG_MOEA,1208,5,389.39,5146.42,0 37 322 121 146 320 364 393 3 229 308 356 264 259 246 42 300 329 112 152 191 165 200 221 242 96 0,152 264 329
PFG_MOEA,1208,6,389.39,5146.42,0 129 33 71 224 260 0,
PFG_MOEA,1208,7,389.39,5146.42,0 399 247 255 1 262 250 28 345 377 395 400 394 188 301 372 21 167 291 139 149 157 63 316 387 17 43 73 254 327 183 354 69 215 85 93 179 232 225 97 148 48 238 330 192 31 304 0,395
PFG_MOEA,1208,8,389.39,5146.42,0 16 15 168 203 369 380 391 271 39 268 272 30 66 166 205 208 6 204 154 305 326 283 65 297 62 241 110 140 286 317 333 180 220 158 189 64 20 126 124 7 56 217 55 25 367 170 361 209 398 227 234 213 190 251 175 99 315 346 265 390 18 103 155 83 378 54 46 287 10 383 382 41 0,7 16 20 103 272
PFG_MOEA,1208,9,389.39,5146.42,0 82 178 117 243 368 376 258 353 153 171 87 278 210 143 237 256 274 49 100 282 310 104 102 277 275 194 323 363 352 101 198 95 222 138 122 276 336 252 236 128 23 381 90 119 2 12 0,
PFG_MOEA,1208,10,389.39,5146.42,0 344 349 351 280 309 5 79 160 50 60 257 270 379 195 45 348 75 328 248 290 343 187 0,
PFG_MOEA,1208,11,389.39,5146.42,0 214 295 40 32 239 370 342 144 176 150 47 9 125 216 89 61 207 307 313 359 206 253 365 360 335 0,176
PFG_MOEA,1208,12,389.39,5146.42,0 338 202 306 196 296 347 332 324 147 211 244 223 0,
PFG_MOEA,1209,1,413.96,4915.5,0 187 206 253 365 359 313 307 207 61 12 89 2 119 128 236 252 336 138 163 222 95 198 351 280 237 256 274 49 100 102 277 275 194 323 363 352 101 53 293 133 331 285 392 122 239 276 32 40 295 23 381 90 113 81 29 76 116 111 384 337 358 181 177 288 385 240 396 245 115 22 118 185 214 0,245 381
PFG_MOEA,1209,2,413.96,4915.5,0 281 84 131 325 355 114 389 186 134 341 298 26 334 0,
PFG_MOEA,1209,3,413.96,4915.5,0 371 219 105 162 159 74 279 91 24 212 375 284 14 184 318 70 292 263 8 373 169 108 72 52 130 44 386 362 201 312 67 164 107 302 173 106 261 388 197 218 151 77 273 136 137 59 0,
PFG_MOEA,1209,4,413.96,4915.5,0 57 127 109 226 0,
PFG_MOEA,1209,5,413.96,4915.5,0 19 0,
PFG_MOEA,1209,6,413.96,4915.5,0 38 303 357 266 141 86 199 228 267 366 289 231 34 58 68 161 235 35 249 88 135 233 319 182 172 13 80 0,88
PFG_MOEA,1209,7,413.96,4915.5,0 399 397 36 11 92 156 94 230 374 350 311 4 314 193 340 299 321 269 120 142 37 51 123 145 132 339 322 121 146 294 174 320 364 393 3 229 308 356 264 259 246 42 300 329 112 191 165 200 221 242 96 0,11 340 374 393
PFG_MOEA,1209,8,413.96,4915.5,0 152 247 255 1 262 250 28 345 377 395 400 394 188 301 372 21 167 291 139 149 157 63 316 387 327 17 43 85 215 73 254 183 354 69 265 346 315 99 175 251 190 390 18 103 155 83 378 213 234 227 398 93 0,1 152 175 227
PFG_MOEA,1209,9,413.96,4915.5,0 304 31 48 192 330 238 129 148 260 391 271 39 268 272 30 66 166 205 208 6 204 154 305 326 283 65 297 62 241 110 140 286 317 333 180 220 158 189 64 20 126 124 7 56 217 55 25 367 170 361 209 71 33 97 225 232 179 224 0,55 391
PFG_MOEA,1209,10,413.96,4915.5,0 287 10 383 382 0,
PFG_MOEA,1209,11,413.96,4915.5,0 16 15 168 203 369 380 82 178 117 243 349 344 54 46 41 0,
PFG_MOEA,1209,12,413.96,4915.5,0 335 360 216 150 9 47 125 309 5 343 290 368 376 258 248 328 75 171 87 278 153 353 348 45 210 195 379 270 257 60 50 160 79 143 282 310 104 223 244 211 324 147 332 347 296 196 78 98 27 176 144 342 370 306 202 338 0,
PFG_MOEA,1210,1,320.55,5348.04,0 80 13 172 182 397 36 11 92 233 135 88 249 35 235 161 68 58 34 231 289 319 399 0,
PFG_MOEA,1210,2,320.55,5348.04,0 374 230 94 156 311 350 4 314 193 340 299 321 269 120 142 132 339 174 320 364 308 229 3 393 294 146 121 322 123 145 51 37 0,393
PFG_MOEA,1210,3,320.55,5348.04,0 96 242 221 200 165 112 329 300 191 152 247 255 1 262 42 250 28 246 259 264 356 345 377 395 400 394 188 301 372 21 167 291 139 149 157 63 316 387 327 17 43 85 215 73 254 183 354 69 265 346 315 99 175 251 190 0,215
PFG_MOEA,1210,4,320.55,5348.04,0 304 31 192 330 238 129 398 227 234 213 18 390 286 140 110 241 93 260 148 48 0,
PFG_MOEA,1210,5,320.55,5348.04,0 317 333 0,
PFG_MOEA,1210,6,320.55,5348.04,0 33 71 209 361 170 367 25 55 217 56 7 180 220 158 189 64 20 126 124 224 10 383 382 16 203 168 15 0,25
PFG_MOEA,1210,7,320.55,5348.04,0 380 369 335 360 216 150 9 47 125 309 5 195 379 270 210 45 348 353 153 278 87 171 75 328 248 258 376 368 290 343 54 46 344 349 243 117 178 82 41 0,
PFG_MOEA,1210,8,320.55,5348.04,0 338 202 306 370 342 144 176 27 98 78 196 296 347 332 147 324 211 244 223 104 310 282 143 79 160 50 60 257 6 204 154 305 326 283 62 297 65 208 205 166 66 30 272 268 0,66
PFG_MOEA,1210,9,320.55,5348.04,0 187 206 253 365 359 313 307 207 61 12 89 2 119 128 236 252 336 138 163 222 95 198 351 256 237 280 391 271 39 378 83 155 103 232 179 287 225 97 0,138 307
PFG_MOEA,1210,10,320.55,5348.04,0 22 389 114 84 131 325 355 29 81 113 76 116 111 384 337 358 181 177 288 385 240 396 245 115 392 285 331 133 293 53 101 352 363 323 194 275 277 102 100 49 274 122 239 276 32 40 295 23 381 90 214 185 281 118 0,323 331
PFG_MOEA,1210,11,320.55,5348.04,0 334 298 26 105 186 134 341 219 371 24 212 375 14 184 318 70 292 263 8 373 169 284 74 279 91 159 162 0,134
PFG_MOEA,1210,12,320.55,5348.04,0 38 19 226 57 127 109 59 137 136 273 77 151 218 197 388 261 106 173 302 107 164 67 312 201 362 366 267 228 386 44 130 52 72 108 303 357 266 141 86 199 0,106 386
PFG_MOEA,1211,1,270.73,5843.94,0 335 187 309 5 195 379 270 257 60 50 160 79 143 280 351 237 256 274 49 198 252 236 381 23 90 12 207 307 0,
PFG_MOEA,1211,2,270.73,5843.94,0 61 313 359 206 253 365 360 214 185 118 281 26 334 298 371 22 134 186 162 159 292 263 8 373 318 70 184 284 74 279 0,134 284 313 318
PFG_MOEA,1211,3,270.73,5843.94,0 91 169 108 14 375 212 24 192 330 238 129 200 165 112 191 152 127 57 109 59 137 273 136 247 17 43 85 215 33 71 224 260 148 48 31 304 0,33 200
PFG_MOEA,1211,4,270.73,5843.94,0 73 254 69 354 183 327 387 157 149 188 394 316 63 262 1 255 250 28 42 400 395 377 345 356 264 259 246 308 229 197 218 151 77 107 164 67 302 388 3 106 173 261 320 364 0,
PFG_MOEA,1211,5,270.73,5843.94,0 329 300 362 123 51 145 322 121 146 201 312 393 294 174 339 132 120 142 0,145 174
PFG_MOEA,1211,6,270.73,5843.94,0 37 269 321 299 340 219 341 105 84 131 29 81 113 76 116 111 181 358 337 384 325 355 114 389 0,341
PFG_MOEA,1211,7,270.73,5843.94,0 89 216 47 125 9 150 163 53 293 133 331 285 392 115 245 396 240 385 288 177 34 58 235 135 233 88 249 35 161 68 0,133 240
PFG_MOEA,1211,8,270.73,5843.94,0 172 182 193 314 4 350 397 36 11 374 311 230 94 156 199 92 86 319 266 141 289 231 386 366 267 228 44 130 52 72 303 357 13 19 226 221 242 96 0,141 386
PFG_MOEA,1211,9,270.73,5843.94,0 38 80 378 83 291 139 21 167 301 372 346 315 265 390 99 175 251 190 18 103 155 234 227 398 93 54 46 268 272 30 39 271 391 179 0,
PFG_MOEA,1211,10,270.73,5843.94,0 97 225 232 209 361 213 170 367 328 248 258 376 368 290 343 66 349 344 243 117 178 82 41 16 380 369 196 78 98 27 176 144 342 370 306 202 338 203 168 15 399 0,82 176 225
PFG_MOEA,1211,11,270.73,5843.94,0 287 64 166 205 75 348 353 45 210 278 153 171 87 6 208 158 189 220 241 62 297 65 283 204 154 305 326 110 140 180 333 317 286 25 55 217 56 7 124 126 20 10 0,65 126
PFG_MOEA,1211,12,270.73,5843.94,0 2 119 128 295 40 32 276 239 122 296 332 347 138 336 222 95 101 194 147 324 275 323 363 352 277 102 223 244 211 104 310 100 282 383 382 0,2
PFG_MOEA,1212,1,369.23,5154.87,0 90 295 40 32 276 239 122 222 95 101 323 363 352 102 277 275 194 53 293 133 331 285 392 115 245 396 240 385 288 177 181 358 337 384 111 116 76 113 81 29 325 131 84 355 114 389 279 74 159 162 371 219 341 22 134 186 105 298 334 26 281 118 185 214 0,40 240 245 331
PFG_MOEA,1212,2,369.23,5154.87,0 91 24 212 375 284 14 184 318 70 292 263 8 373 169 108 72 52 130 44 386 0,318
PFG_MOEA,1212,3,369.23,5154.87,0 362 201 312 67 164 107 302 173 106 261 388 197 218 151 77 273 136 0,106
PFG_MOEA,1212,4,369.23,5154.87,0 399 172 182 397 36 11 92 86 141 266 303 357 319 199 228 267 366 289 231 34 58 68 161 235 35 249 88 135 233 156 94 230 374 350 311 4 314 193 340 299 321 269 120 142 37 51 145 123 137 59 109 127 57 226 19 13 80 38 0,340
PFG_MOEA,1212,5,369.23,5154.87,0 132 339 322 0,
PFG_MOEA,1212,6,369.23,5154.87,0 96 242 221 200 165 112 191 152 329 300 121 146 294 174 320 364 393 3 229 308 259 246 264 356 345 377 395 400 42 250 28 247 255 1 262 63 157 291 167 21 372 301 188 394 139 149 316 387 327 17 43 85 215 73 254 183 354 69 265 346 315 99 0,1 200 393
PFG_MOEA,1212,7,369.23,5154.87,0 93 398 227 234 213 190 251 175 390 18 103 155 83 378 31 304 0,
PFG_MOEA,1212,8,369.23,5154.87,0 48 192 330 238 129 148 260 391 0,
PFG_MOEA,1212,9,369.23,5154.87,0 268 272 30 65 283 326 305 154 204 6 208 205 166 66 271 39 0,272
PFG_MOEA,1212,10,369.23,5154.87,0 124 126 20 64 189 158 220 241 297 62 110 140 286 317 333 180 7 56 217 55 25 367 170 361 209 71 97 33 0,
PFG_MOEA,1212,11,369.23,5154.87,0 15 16 380 369 168 203 338 202 306 370 342 144 176 27 98 78 196 296 347 332 324 147 211 244 223 210 45 348 353 153 278 87 171 75 328 248 258 376 368 290 343 54 46 224 225 232 179 287 10 383 382 41 344 349 243 117 178 82 125 9 47 150 216 360 335 0,47 87 353
PFG_MOEA,1212,12,369.23,5154.87,0 207 307 313 359 365 253 206 187 100 310 104 282 143 79 160 50 60 257 270 379 195 5 309 280 351 237 256 274 49 198 163 138 336 252 236 381 23 128 119 2 89 12 61 0,
PFG_MOEA,1213,1,337.93,5308.22,0 187 206 253 313 359 365 0,
PFG_MOEA,1213,2,337.93,5308.22,0 207 307 198 280 351 256 237 101 53 293 133 331 285 392 95 222 163 138 336 252 236 128 119 2 89 12 61 0,133 222
PFG_MOEA,1213,3,337.93,5308.22,0 323 363 352 194 275 277 102 100 49 274 122 239 276 32 40 295 23 381 90 0,
PFG_MOEA,1213,4,337.93,5308.22,0 22 115 245 396 240 385 288 177 181 358 337 384 111 116 76 113 81 29 131 84 281 118 185 214 0,
PFG_MOEA,1213,5,337.93,5308.22,0 334 26 298 371 219 341 134 186 105 355 325 114 389 162 159 74 279 91 24 212 375 284 14 184 318 70 292 263 8 373 169 108 72 52 130 44 386 362 201 312 0,284
PFG_MOEA,1213,6,337.93,5308.22,0 399 172 182 397 36 11 92 86 141 266 303 357 319 199 228 267 366 289 231 34 58 68 161 235 35 249 88 135 233 156 94 230 57 127 109 59 137 136 273 77 151 218 197 388 261 106 173 302 107 164 67 294 226 19 13 80 38 0,
PFG_MOEA,1213,7,337.93,5308.22,0 374 350 311 4 314 193 340 299 321 269 120 142 37 51 145 123 146 121 322 339 132 174 320 364 393 3 229 308 356 264 259 246 42 1 255 247 152 191 112 329 300 165 200 221 242 96 0,132 264 340 393
PFG_MOEA,1213,8,337.93,5308.22,0 28 250 262 400 395 345 377 394 188 301 372 21 167 291 139 149 157 63 316 387 327 17 43 85 215 73 254 183 354 69 265 346 315 99 175 251 190 0,
PFG_MOEA,1213,9,337.93,5308.22,0 304 192 330 238 129 378 83 155 103 18 390 213 234 227 398 140 110 241 62 297 65 283 326 305 154 204 6 208 205 166 66 93 30 272 268 39 271 391 260 148 48 31 0,65 391
PFG_MOEA,1213,10,337.93,5308.22,0 33 71 225 97 232 209 361 170 367 25 55 217 56 7 317 286 333 180 220 158 189 64 20 126 124 224 10 287 179 0,
PFG_MOEA,1213,11,337.93,5308.22,0 15 168 203 369 16 380 335 360 216 150 9 47 125 309 5 195 379 270 210 45 348 353 153 278 87 171 75 328 248 54 46 383 382 344 349 243 117 178 82 41 0,82 87 195 353
PFG_MOEA,1213,12,337.93,5308.22,0 338 202 306 370 342 144 176 27 98 78 196 296 347 332 147 324 211 244 223 104 310 282 143 79 160 50 60 257 258 376 368 290 343 0,290
PFG_MOEA,1214,1,319.42,5478.6,0 222 0,
PFG_MOEA,1214,2,319.42,5478.6,0 95 101 323 363 352 102 277 275 194 53 293 133 331 285 392 115 245 396 240 385 288 177 181 358 337 384 111 116 76 113 81 29 325 131 84 355 114 389 279 74 159 162 371 219 341 22 134 186 105 298 334 26 281 0,105
PFG_MOEA,1214,3,319.42,5478.6,0 118 91 284 184 14 375 212 24 0,375
PFG_MOEA,1214,4,319.42,5478.6,0 399 397 36 11 92 199 86 141 266 319 357 303 289 366 267 228 8 263 292 70 318 373 169 108 72 52 130 44 386 362 201 312 67 164 107 302 173 106 261 388 197 218 151 77 273 136 182 172 0,86 197 318 362
PFG_MOEA,1214,5,319.42,5478.6,0 38 80 13 19 226 57 127 109 59 137 123 145 51 132 142 120 269 321 299 37 340 193 314 4 350 311 156 233 135 88 249 35 235 161 68 58 34 231 94 230 374 0,
PFG_MOEA,1214,6,319.42,5478.6,0 96 242 200 191 112 165 322 339 174 393 3 229 364 320 294 121 146 300 329 152 221 0,200 393
PFG_MOEA,1214,7,319.42,5478.6,0 93 85 247 28 246 259 308 264 356 345 377 395 400 42 250 255 1 262 63 157 291 167 21 372 301 188 394 139 149 316 387 327 17 43 73 215 254 183 354 69 265 346 315 99 390 175 251 190 18 213 234 227 398 0,
PFG_MOEA,1214,8,319.42,5478.6,0 304 31 48 330 192 129 238 148 260 391 271 66 166 205 208 6 204 154 305 326 283 65 62 297 241 158 189 220 110 140 103 155 83 378 124 126 20 64 30 272 268 39 0,62 205 220 391
PFG_MOEA,1214,9,319.42,5478.6,0 7 180 333 286 317 56 217 55 0,
PFG_MOEA,1214,10,319.42,5478.6,0 15 16 380 369 168 203 338 202 306 370 342 144 176 27 98 78 196 296 347 332 324 147 211 244 223 210 45 348 353 153 278 87 171 75 328 248 258 376 368 290 343 54 46 209 361 170 367 25 232 179 224 225 97 71 33 0,16 353 370
PFG_MOEA,1214,11,319.42,5478.6,0 365 253 206 61 89 2 119 128 216 336 138 163 150 47 125 9 100 282 310 104 143 79 160 50 60 257 270 379 195 5 309 280 351 237 256 287 10 383 382 344 349 243 117 178 82 41 0,47 138 178 206 243
PFG_MOEA,1214,12,319.42,5478.6,0 335 187 359 313 360 207 307 198 49 274 122 239 276 32 40 295 23 381 236 252 90 12 214 185 0,
PFG_MOEA,1215,1,312.87,5623.42,0 216 98 370 342 144 176 27 78 196 296 347 332 147 324 211 244 223 104 310 282 79 160 50 379 195 5 309 143 150 47 9 125 0,
PFG_MOEA,1215,2,312.87,5623.42,0 117 243 344 349 343 290 368 376 258 248 328 75 348 353 171 87 278 153 45 210 257 60 270 237 256 274 49 198 222 138 336 239 276 32 177 181 358 337 384 111 116 76 23 381 90 12 0,290 336 353
PFG_MOEA,1215,3,312.87,5623.42,0 22 118 185 214 2 119 128 236 252 40 295 122 392 285 331 133 293 53 101 352 363 323 194 275 277 102 100 351 280 95 163 61 89 207 307 313 359 253 365 0,307
PFG_MOEA,1215,4,312.87,5623.42,0 206 187 0,
PFG_MOEA,1215,5,312.87,5623.42,0 281 26 334 298 219 371 341 134 186 105 115 245 396 240 385 288 113 81 29 325 355 131 84 114 389 162 159 74 279 91 0,341
PFG_MOEA,1215,6,312.87,5623.42,0 80 13 19 226 57 127 109 59 137 136 273 77 151 218 197 388 261 106 173 302 107 164 67 312 201 362 386 44 130 52 72 108 169 373 8 263 292 70 318 184 14 284 375 212 24 303 357 319 182 172 38 0,318 362
PFG_MOEA,1215,7,312.87,5623.42,0 266 141 86 199 228 267 366 289 231 34 58 68 161 235 35 249 88 135 233 156 94 230 374 92 0,
PFG_MOEA,1215,8,312.87,5623.42,0 399 397 36 11 350 311 4 314 193 340 299 321 269 120 142 37 51 123 145 132 339 322 121 146 294 174 320 364 393 3 229 308 356 264 259 246 42 300 329 112 191 165 200 221 242 96 0,51 145 174 264 329
PFG_MOEA,1215,9,312.87,5623.42,0 152 247 28 250 345 377 395 400 394 188 301 372 167 21 139 291 262 1 255 0,
PFG_MOEA,1215,10,312.87,5623.42,0 85 215 73 43 17 327 387 316 149 157 63 354 183 254 69 265 346 315 99 175 251 190 390 18 103 155 83 378 0,175 390
PFG_MOEA,1215,11,312.87,5623.42,0 304 31 48 192 330 129 238 148 260 383 10 224 391 271 39 46 93 398 227 234 213 179 232 225 97 71 33 382 0,
PFG_MOEA,1215,12,312.87,5623.42,0 209 361 170 367 25 55 217 56 7 124 126 20 64 189 158 220 180 333 317 286 140 110 241 62 297 65 283 326 305 154 204 6 208 205 166 66 30 272 268 54 287 178 82 41 335 360 380 369 203 338 202 306 168 15 16 0,7 166 203 361
PFG_MOEA,1216,1,759.34,4800.0,0 219 341 105 389 114 84 131 355 325 29 81 113 76 116 111 384 337 358 181 177 288 385 240 396 245 115 392 285 331 133 293 53 163 150 9 125 47 216 89 61 206 253 365 0,245
PFG_MOEA,1216,2,759.34,4800.0,0 22 134 186 162 159 279 74 284 184 318 70 292 263 8 373 169 108 14 375 212 24 91 0,318
PFG_MOEA,1216,3,759.34,4800.0,0 304 31 48 148 260 224 71 33 129 238 330 192 200 165 112 191 152 127 57 109 59 137 273 136 247 17 43 85 215 73 254 69 354 183 327 387 157 149 188 394 316 63 262 1 255 250 28 42 400 395 377 345 356 264 259 246 308 229 197 218 151 77 107 164 67 302 388 3 106 173 261 320 364 393 312 201 362 329 300 123 51 145 322 121 146 294 174 339 132 120 142 37 269 321 299 340 233 135 88 249 35 161 235 68 58 34 386 231 289 366 267 228 44 130 52 72 303 357 319 266 141 86 92 199 156 94 230 311 374 11 36 397 350 4 314 193 182 172 13 19 226 221 242 96 80 38 0,33 106 174 200 303 311 394
PFG_MOEA,1216,4,759.34,4800.0,0 378 83 155 103 18 190 251 175 99 315 346 372 301 167 21 139 291 265 390 234 0,
PFG_MOEA,1216,5,759.34,4800.0,0 179 391 271 39 30 272 268 46 54 93 398 227 213 232 0,391
PFG_MOEA,1216,6,759.34,4800.0,0 225 0,
PFG_MOEA,1216,7,759.34,4800.0,0 97 209 361 170 367 0,
PFG_MOEA,1216,8,759.34,4800.0,0 399 15 168 203 338 202 306 370 342 144 176 27 98 78 196 369 380 16 41 82 178 117 243 344 349 66 343 290 368 376 258 248 328 75 348 353 45 210 278 153 171 87 6 208 205 166 158 189 220 241 62 297 65 283 204 154 305 326 110 140 180 333 317 286 25 55 217 56 7 124 126 20 64 287 10 383 382 0,62 66 205 220 342
PFG_MOEA,1216,9,759.34,4800.0,0 2 119 128 295 40 32 276 239 122 296 332 347 138 336 222 95 101 194 147 324 275 323 363 352 277 102 223 244 211 104 310 100 282 143 79 160 50 60 257 270 379 195 5 309 280 351 237 256 274 49 198 252 236 0,
PFG_MOEA,1216,10,759.34,4800.0,0 381 23 90 12 207 307 0,
PFG_MOEA,1216,11,759.34,4800.0,0 335 187 359 313 360 214 0,
PFG_MOEA,1216,12,759.34,4800.0,0 185 118 281 26 334 298 371 0,
PFG_MOEA,1217,1,314.81,5596.11,0 12 90 128 236 252 336 276 138 222 198 49 274 256 237 351 280 309 5 290 343 313 207 0,222
PFG_MOEA,1217,2,314.81,5596.11,0 91 292 263 8 373 169 108 14 375 212 24 371 219 341 298 334 26 281 118 185 214 295 40 32 239 122 95 101 352 363 323 194 275 277 102 100 23 381 119 2 307 359 187 148 48 31 304 0,23
PFG_MOEA,1217,3,314.81,5596.11,0 260 224 71 33 127 152 191 112 165 200 129 238 330 192 0,33
PFG_MOEA,1217,4,314.81,5596.11,0 57 67 302 173 106 3 388 164 107 77 151 218 197 229 308 246 259 264 356 345 377 395 400 42 28 250 255 1 262 63 316 394 188 149 157 387 327 183 354 69 254 73 215 85 43 17 247 136 273 137 59 109 0,
PFG_MOEA,1217,5,314.81,5596.11,0 329 300 362 123 51 145 322 121 146 201 261 320 364 393 312 294 174 339 132 206 253 365 360 335 0,362 393
PFG_MOEA,1217,6,314.81,5596.11,0 61 358 181 177 288 385 240 396 245 115 392 285 331 133 293 53 163 150 9 125 47 216 89 0,
PFG_MOEA,1217,7,314.81,5596.11,0 80 13 19 226 35 161 235 58 34 386 231 289 366 267 228 44 130 52 72 318 70 184 284 74 279 159 162 389 114 355 325 384 337 111 116 76 113 81 29 131 84 105 186 134 22 0,
PFG_MOEA,1217,8,314.81,5596.11,0 38 96 242 221 172 182 397 350 311 4 314 193 230 94 156 374 36 11 92 319 357 303 266 141 86 199 68 135 88 249 233 340 299 321 269 120 142 37 301 21 139 291 167 372 346 315 99 175 251 0,182
PFG_MOEA,1217,9,314.81,5596.11,0 97 225 232 179 391 271 158 241 62 297 65 283 204 154 305 326 110 140 286 317 333 180 220 126 124 7 56 217 55 25 367 170 361 209 227 234 213 190 390 265 18 103 155 83 378 398 93 54 46 268 272 30 39 0,65 154
PFG_MOEA,1217,10,314.81,5596.11,0 399 15 16 380 41 82 178 117 243 344 349 20 189 64 166 205 208 6 87 171 153 278 210 353 258 376 368 66 287 10 383 382 0,243
PFG_MOEA,1217,11,314.81,5596.11,0 369 338 203 168 0,
PFG_MOEA,1217,12,314.81,5596.11,0 202 306 370 342 144 176 27 98 78 196 296 347 332 324 147 211 244 223 104 310 282 143 79 160 50 60 257 270 379 195 45 348 75 328 248 0,370
PFG_MOEA,1218,1,411.21,4974.5,0 12 90 381 23 32 276 239 336 138 222 198 49 274 256 237 351 280 252 236 128 119 2 0,23
PFG_MOEA,1218,2,411.21,4974.5,0 22 118 185 214 295 40 122 392 285 331 133 293 53 101 352 363 323 194 275 277 102 100 95 163 61 89 207 307 313 359 365 253 206 187 0,22 100
PFG_MOEA,1218,3,411.21,4974.5,0 115 0,
PFG_MOEA,1218,4,411.21,4974.5,0 245 396 240 385 288 177 181 358 337 384 111 116 76 113 81 29 325 355 0,
PFG_MOEA,1218,5,411.21,4974.5,0 281 26 334 298 341 134 186 131 84 114 389 105 219 371 162 159 74 279 91 24 212 375 284 14 184 318 70 292 263 8 373 169 108 72 52 130 44 386 362 201 312 67 164 107 302 173 106 261 388 197 218 151 77 273 136 137 59 109 127 57 226 19 13 80 0,77 106 284
PFG_MOEA,1218,6,411.21,4974.5,0 38 172 182 319 303 357 266 141 86 199 228 267 366 289 231 34 58 68 161 235 35 249 88 135 233 156 94 230 374 92 11 36 397 350 311 4 314 193 340 299 321 269 120 142 37 51 123 145 132 339 322 121 146 294 174 320 364 393 3 229 308 356 264 259 246 42 300 329 112 221 242 96 0,51 174 229 246 299
PFG_MOEA,1218,7,411.21,4974.5,0 399 200 165 191 152 247 255 1 262 250 28 345 377 395 400 394 188 301 372 21 167 291 139 149 157 63 316 387 327 17 43 85 215 73 254 183 354 69 265 346 315 99 175 251 190 390 18 103 155 83 378 213 234 227 398 93 224 179 232 225 97 71 33 260 148 238 129 330 192 48 31 304 0,93
PFG_MOEA,1218,8,411.21,4974.5,0 382 383 10 391 271 39 46 54 268 272 30 66 166 205 208 6 204 154 305 326 283 65 297 62 241 110 140 286 317 333 180 220 158 189 64 20 126 124 7 56 217 55 25 367 170 361 209 287 0,55 62 66 220
PFG_MOEA,1218,9,411.21,4974.5,0 380 0,
PFG_MOEA,1218,10,411.21,4974.5,0 16 369 15 0,
PFG_MOEA,1218,11,411.21,4974.5,0 168 203 178 82 41 0,178
PFG_MOEA,1218,12,411.21,4974.5,0 335 360 338 202 306 370 342 144 176 27 98 78 196 296 347 332 216 47 125 9 150 147 324 211 244 223 104 310 282 143 309 5 195 379 79 160 50 60 270 257 210 45 153 278 87 171 353 348 75 328 248 258 376 368 290 343 349 344 243 117 0,
PFG_MOEA,1219,1,312.55,5795.78,0 336 138 239 122 296 347 332 324 275 277 104 211 244 223 102 352 363 323 194 147 101 95 222 0,122 211 222 277
PFG_MOEA,1219,2,312.55,5795.78,0 335 360 207 307 313 359 187 100 310 282 143 79 160 50 60 257 270 379 195 5 309 280 351 237 256 274 49 198 252 236 381 23 90 12 214 185 118 281 26 334 298 371 72 52 130 44 386 80 0,5 307
PFG_MOEA,1219,3,312.55,5795.78,0 13 19 226 57 127 109 59 137 136 273 77 151 218 197 388 261 106 173 302 107 164 67 312 201 362 123 51 145 294 174 339 132 142 120 269 321 299 0,174
PFG_MOEA,1219,4,312.55,5795.78,0 340 233 135 88 249 35 235 161 68 58 34 231 289 366 267 228 141 266 303 357 319 86 199 156 94 0,303
PFG_MOEA,1219,5,312.55,5795.78,0 38 172 182 397 36 11 92 374 230 311 350 4 314 193 37 322 121 146 320 364 393 3 229 308 356 264 259 246 42 300 329 112 191 152 221 242 96 0,42 264
PFG_MOEA,1219,6,312.55,5795.78,0 200 165 129 0,
PFG_MOEA,1219,7,312.55,5795.78,0 304 330 395 400 394 188 301 372 21 167 291 139 149 157 63 316 387 17 43 33 71 224 260 0,
PFG_MOEA,1219,8,312.55,5795.78,0 399 247 28 250 345 377 262 1 255 327 254 73 215 85 93 179 232 225 97 148 238 192 48 31 0,93
PFG_MOEA,1219,9,312.55,5795.78,0 378 69 183 354 265 346 315 99 175 251 190 390 18 103 155 83 234 213 227 398 209 361 170 367 25 55 217 56 7 180 333 317 286 140 110 62 297 65 283 326 305 154 204 6 208 241 220 158 189 64 20 126 124 0,175
PFG_MOEA,1219,10,312.55,5795.78,0 287 382 383 10 268 272 30 66 166 205 271 39 391 53 293 133 331 285 392 115 245 396 240 385 288 177 181 358 337 384 111 116 76 113 81 29 325 355 131 84 114 389 105 341 219 0,
PFG_MOEA,1219,11,312.55,5795.78,0 91 24 212 375 14 108 169 373 8 263 292 70 318 184 284 74 279 159 162 22 134 186 89 216 47 125 9 150 163 61 365 253 206 46 54 0,
PFG_MOEA,1219,12,312.55,5795.78,0 41 82 178 117 243 344 349 343 290 368 376 258 248 328 75 171 87 153 278 210 45 353 348 2 119 128 295 40 32 276 196 78 98 27 176 144 342 370 306 202 338 203 168 369 380 16 15 0,16 87 203
PFG_MOEA,1220,1,389.39,5146.42,0 163 78 53 293 133 331 285 392 98 115 245 27 396 240 385 288 177 181 358 337 384 111 116 76 113 81 29 325 355 131 84 114 389 91 279 74 159 162 371 219 298 341 22 134 186 105 118 185 0,
PFG_MOEA,1220,2,389.39,5146.42,0 281 26 334 24 212 375 284 14 184 318 70 292 263 8 373 169 108 72 52 130 44 386 51 145 123 362 201 294 312 67 164 107 302 173 106 261 388 197 218 151 77 273 136 137 59 109 127 57 226 19 13 80 0,
PFG_MOEA,1220,3,389.39,5146.42,0 142 339 174 132 120 269 321 299 340 233 135 88 249 35 235 161 68 58 34 231 289 366 267 228 141 266 303 357 319 86 199 156 94 230 374 92 11 36 397 350 311 4 314 193 0,88
PFG_MOEA,1220,4,389.39,5146.42,0 182 172 38 0,
PFG_MOEA,1220,5,389.39,5146.42,0 37 322 121 146 320 364 393 3 229 308 356 264 259 246 42 300 329 112 152 191 165 200 221 242 96 0,152 264 329
PFG_MOEA,1220,6,389.39,5146.42,0 129 33 71 224 260 0,
PFG_MOEA,1220,7,389.39,5146.42,0 399 247 255 1 262 250 28 345 377 395 400 394 188 301 372 21 167 291 139 149 157 63 316 387 17 43 73 254 327 183 354 69 215 85 93 179 232 225 97 148 48 238 330 192 31 304 0,395
PFG_MOEA,1220,8,389.39,5146.42,0 16 15 168 203 369 380 391 271 39 268 272 30 66 166 205 208 6 204 154 305 326 283 65 297 62 241 110 140 286 317 333 180 220 158 189 64 20 126 124 7 56 217 55 25 367 170 361 209 398 227 234 213 190 251 175 99 315 346 265 390 18 103 155 83 378 54 46 287 10 383 382 41 0,7 16 20 103 272
PFG_MOEA,1220,9,389.39,5146.42,0 82 178 117 243 368 376 258 353 153 171 87 278 210 143 237 256 274 49 100 282 310 104 102 277 275 194 323 363 352 101 198 95 222 138 122 276 336 252 236 128 23 381 90 119 2 12 0,
PFG_MOEA,1220,10,389.39,5146.42,0 344 349 351 280 309 5 79 160 50 60 257 270 379 195 45 348 75 328 248 290 343 187 0,
PFG_MOEA,1220,11,389.39,5146.42,0 214 295 40 32 239 370 342 144 176 150 47 9 125 216 89 61 207 307 313 359 206 253 365 360 335 0,176
PFG_MOEA,1220,12,389.39,5146.42,0 338 202 306 196 296 347 332 324 147 211 244 223 0,
PFG_MOEA,1221,1,413.96,4915.5,0 187 206 253 365 359 313 307 207 61 12 89 2 119 128 236 252 336 138 163 222 95 198 351 280 237 256 274 49 100 102 277 275 194 323 363 352 101 53 293 133 331 285 392 122 239 276 32 40 295 23 381 90 113 81 29 76 116 111 384 337 358 181 177 288 385 240 396 245 115 22 118 185 214 0,245 381
PFG_MOEA,1221,2,413.96,4915.5,0 281 84 131 325 355 114 389 186 134 341 298 26 334 0,
PFG_MOEA,1221,3,413.96,4915.5,0 371 219 105 162 159 74 279 91 24 212 375 284 14 184 318 70 292 263 8 373 169 108 72 52 130 44 386 362 201 312 67 164 107 302 173 106 261 388 197 218 151 77 273 136 137 59 0,
PFG_MOEA,1221,4,413.96,4915.5,0 57 127 109 226 0,
PFG_MOEA,1221,5,413.96,4915.5,0 19 0,
PFG_MOEA,1221,6,413.96,4915.5,0 38 303 357 266 141 86 199 228 267 366 289 231 34 58 68 161 235 35 249 88 135 233 319 182 172 13 80 0,88
PFG_MOEA,1221,7,413.96,4915.5,0 399 397 36 11 92 156 94 230 374 350 311 4 314 193 340 299 321 269 120 142 37 51 123 145 132 339 322 121 146 294 174 320 364 393 3 229 308 356 264 259 246 42 300 329 112 191 165 200 221 242 96 0,11 340 374 393
PFG_MOEA,1221,8,413.96,4915.5,0 152 247 255 1 262 250 28 345 377 395 400 394 188 301 372 21 167 291 139 149 157 63 316 387 327 17 43 85 215 73 254 183 354 69 265 346 315 99 175 251 190 390 18 103 155 83 378 213 234 227 398 93 0,1 152 175 227
PFG_MOEA,1221,9,413.96,4915.5,0 304 31 48 192 330 238 129 148 260 391 271 39 268 272 30 66 166 205 208 6 204 154 305 326 283 65 297 62 241 110 140 286 317 333 180 220 158 189 64 20 126 124 7 56 217 55 25 367 170 361 209 71 33 97 225 232 179 224 0,55 391
PFG_MOEA,1221,10,413.96,4915.5,0 287 10 383 382 0,
PFG_MOEA,1221,11,413.96,4915.5,0 16 15 168 203 369 380 82 178 117 243 349 344 54 46 41 0,
PFG_MOEA,1221,12,413.96,4915.5,0 335 360 216 150 9 47 125 309 5 343 290 368 376 258 248 328 75 171 87 278 153 353 348 45 210 195 379 270 257 60 50 160 79 143 282 310 104 223 244 211 324 147 332 347 296 196 78 98 27 176 144 342 370 306 202 338 0,
PFG_MOEA,1222,1,320.55,5348.04,0 80 13 172 182 397 36 11 92 233 135 88 249 35 235 161 68 58 34 231 289 319 399 0,
PFG_MOEA,1222,2,320.55,5348.04,0 374 230 94 156 311 350 4 314 193 340 299 321 269 120 142 132 339 174 320 364 308 229 3 393 294 146 121 322 123 145 51 37 0,393
PFG_MOEA,1222,3,320.55,5348.04,0 96 242 221 200 165 112 329 300 191 152 247 255 1 262 42 250 28 246 259 264 356 345 377 395 400 394 188 301 372 21 167 291 139 149 157 63 316 387 327 17 43 85 215 73 254 183 354 69 265 346 315 99 175 251 190 0,215
PFG_MOEA,1222,4,320.55,5348.04,0 304 31 192 330 238 129 398 227 234 213 18 390 286 140 110 241 93 260 148 48 0,
PFG_MOEA,1222,5,320.55,5348.04,0 317 333 0,
PFG_MOEA,1222,6,320.55,5348.04,0 33 71 209 361 170 367 25 55 217 56 7 180 220 158 189 64 20 126 124 224 10 383 382 16 203 168 15 0,25
PFG_MOEA,1222,7,320.55,5348.04,0 380 369 335 360 216 150 9 47 125 309 5 195 379 270 210 45 348 353 153 278 87 171 75 328 248 258 376 368 290 343 54 46 344 349 243 117 178 82 41 0,
PFG_MOEA,1222,8,320.55,5348.04,0 338 202 306 370 342 144 176 27 98 78 196 296 347 332 147 324 211 244 223 104 310 282 143 79 160 50 60 257 6 204 154 305 326 283 62 297 65 208 205 166 66 30 272 268 0,66
PFG_MOEA,1222,9,320.55,5348.04,0 187 206 253 365 359 313 307 207 61 12 89 2 119 128 236 252 336 138 163 222 95 198 351 256 237 280 391 271 39 378 83 155 103 232 179 287 225 97 0,138 307
PFG_MOEA,1222,10,320.55,5348.04,0 22 389 114 84 131 325 355 29 81 113 76 116 111 384 337 358 181 177 288 385 240 396 245 115 392 285 331 133 293 53 101 352 363 323 194 275 277 102 100 49 274 122 239 276 32 40 295 23 381 90 214 185 281 118 0,323 331
PFG_MOEA,1222,11,320.55,5348.04,0 334 298 26 105 186 134 341 219 371 24 212 375 14 184 318 70 292 263 8 373 169 284 74 279 91 159 162 0,134
PFG_MOEA,1222,12,320.55,5348.04,0 38 19 226 57 127 109 59 137 136 273 77 151 218 197 388 261 106 173 302 107 164 67 312 201 362 366 267 228 386 44 130 52 72 108 303 357 266 141 86 199 0,106 386
PFG_MOEA,1223,1,270.73,5843.94,0 335 187 309 5 195 379 270 257 60 50 160 79 143 280 351 237 256 274 49 198 252 236 381 23 90 12 207 307 0,
PFG_MOEA,1223,2,270.73,5843.94,0 61 313 359 206 253 365 360 214 185 118 281 26 334 298 371 22 134 186 162 159 292 263 8 373 318 70 184 284 74 279 0,134 284 313 318
PFG_MOEA,1223,3,270.73,5843.94,0 91 169 108 14 375 212 24 192 330 238 129 200 165 112 191 152 127 57 109 59 137 273 136 247 17 43 85 215 33 71 224 260 148 48 31 304 0,33 200
PFG_MOEA,1223,4,270.73,5843.94,0 73 254 69 354 183 327 387 157 149 188 394 316 63 262 1 255 250 28 42 400 395 377 345 356 264 259 246 308 229 197 218 151 77 107 164 67 302 388 3 106 173 261 320 364 0,
PFG_MOEA,1223,5,270.73,5843.94,0 329 300 362 123 51 145 322 121 146 201 312 393 294 174 339 132 120 142 0,145 174
PFG_MOEA,1223,6,270.73,5843.94,0 37 269 321 299 340 219 341 105 84 131 29 81 113 76 116 111 181 358 337 384 325 355 114 389 0,341
PFG_MOEA,1223,7,270.73,5843.94,0 89 216 47 125 9 150 163 53 293 133 331 285 392 115 245 396 240 385 288 177 34 58 235 135 233 88 249 35 161 68 0,133 240
PFG_MOEA,1223,8,270.73,5843.94,0 172 182 193 314 4 350 397 36 11 374 311 230 94 156 199 92 86 319 266 141 289 231 386 366 267 228 44 130 52 72 303 357 13 19 226 221 242 96 0,141 386
PFG_MOEA,1223,9,270.73,5843.94,0 38 80 378 83 291 139 21 167 301 372 346 315 265 390 99 175 251 190 18 103 155 234 227 398 93 54 46 268 272 30 39 271 391 179 0,
PFG_MOEA,1223,10,270.73,5843.94,0 97 225 232 209 361 213 170 367 328 248 258 376 368 290 343 66 349 344 243 117 178 82 41 16 380 369 196 78 98 27 176 144 342 370 306 202 338 203 168 15 399 0,82 176 225
PFG_MOEA,1223,11,270.73,5843.94,0 287 64 166 205 75 348 353 45 210 278 153 171 87 6 208 158 189 220 241 62 297 65 283 204 154 305 326 110 140 180 333 317 286 25 55 217 56 7 124 126 20 10 0,65 126
PFG_MOEA,1223,12,270.73,5843.94,0 2 119 128 295 40 32 276 239 122 296 332 347 138 336 222 95 101 194 147 324 275 323 363 352 277 102 223 244 211 104 310 100 282 383 382 0,2
PFG_MOEA,1224,1,369.23,5154.87,0 90 295 40 32 276 239 122 222 95 101 323 363 352 102 277 275 194 53 293 133 331 285 392 115 245 396 240 385 288 177 181 358 337 384 111 116 76 113 81 29 325 131 84 355 114 389 279 74 159 162 371 219 341 22 134 186 105 298 334 26 281 118 185 214 0,40 240 245 331
PFG_MOEA,1224,2,369.23,5154.87,0 91 24 212 375 284 14 184 318 70 292 263 8 373 169 108 72 52 130 44 386 0,318
PFG_MOEA,1224,3,369.23,5154.87,0 362 201 312 67 164 107 302 173 106 261 388 197 218 151 77 273 136 0,106
PFG_MOEA,1224,4,369.23,5154.87,0 399 172 182 397 36 11 92 86 141 266 303 357 319 199 228 267 366 289 231 34 58 68 161 235 35 249 88 135 233 156 94 230 374 350 311 4 314 193 340 299 321 269 120 142 37 51 145 123 137 59 109 127 57 226 19 13 80 38 0,340
PFG_MOEA,1224,5,369.23,5154.87,0 132 339 322 0,
PFG_MOEA,1224,6,369.23,5154.87,0 96 242 221 200 165 112 191 152 329 300 121 146 294 174 320 364 393 3 229 308 259 246 264 356 345 377 395 400 42 250 28 247 255 1 262 63 157 291 167 21 372 301 188 394 139 149 316 387 327 17 43 85 215 73 254 183 354 69 265 346 315 99 0,1 200 393
PFG_MOEA,1224,7,369.23,5154.87,0 93 398 227 234 213 190 251 175 390 18 103 155 83 378 31 304 0,
PFG_MOEA,1224,8,369.23,5154.87,0 48 192 330 238 129 148 260 391 0,
PFG_MOEA,1224,9,369.23,5154.87,0 268 272 30 65 283 326 305 154 204 6 208 205 166 66 271 39 0,272
PFG_MOEA,1224,10,369.23,5154.87,0 124 126 20 64 189 158 220 241 297 62 110 140 286 317 333 180 7 56 217 55 25 367 170 361 209 71 97 33 0,
PFG_MOEA,1224,11,369.23,5154.87,0 15 16 380 369 168 203 338 202 306 370 342 144 176 27 98 78 196 296 347 332 324 147 211 244 223 210 45 348 353 153 278 87 171 75 328 248 258 376 368 290 343 54 46 224 225 232 179 287 10 383 382 41 344 349 243 117 178 82 125 9 47 150 216 360 335 0,47 87 353
PFG_MOEA,1224,12,369.23,5154.87,0 207 307 313 359 365 253 206 187 100 310 104 282 143 79 160 50 60 257 270 379 195 5 309 280 351 237 256 274 49 198 163 138 336 252 236 381 23 128 119 2 89 12 61 0,
PFG_MOEA,1225,1,337.93,5308.22,0 187 206 253 313 359 365 0,
PFG_MOEA,1225,2,337.93,5308.22,0 207 307 198 280 351 256 237 101 53 293 133 331 285 392 95 222 163 138 336 252 236 128 119 2 89 12 61 0,133 222
PFG_MOEA,1225,3,337.93,5308.22,0 323 363 352 194 275 277 102 100 49 274 122 239 276 32 40 295 23 381 90 0,
PFG_MOEA,1225,4,337.93,5308.22,0 22 115 245 396 240 385 288 177 181 358 337 384 111 116 76 113 81 29 131 84 281 118 185 214 0,
PFG_MOEA,1225,5,337.93,5308.22,0 334 26 298 371 219 341 134 186 105 355 325 114 389 162 159 74 279 91 24 212 375 284 14 184 318 70 292 263 8 373 169 108 72 52 130 44 386 362 201 312 0,284
PFG_MOEA,1225,6,337.93,5308.22,0 399 172 182 397 36 11 92 86 141 266 303 357 319 199 228 267 366 289 231 34 58 68 161 235 35 249 88 135 233 156 94 230 57 127 109 59 137 136 273 77 151 218 197 388 261 106 173 302 107 164 67 294 226 19 13 80 38 0,
PFG_MOEA,1225,7,337.93,5308.22,0 374 350 311 4 314 193 340 299 321 269 120 142 37 51 145 123 146 121 322 339 132 174 320 364 393 3 229 308 356 264 259 246 42 1 255 247 152 191 112 329 300 165 200 221 242 96 0,132 264 340 393
PFG_MOEA,1225,8,337.93,5308.22,0 28 250 262 400 395 345 377 394 188 301 372 21 167 291 139 149 157 63 316 387 327 17 43 85 215 73 254 183 354 69 265 346 315 99 175 251 190 0,
PFG_MOEA,1225,9,337.93,5308.22,0 304 192 330 238 129 378 83 155 103 18 390 213 234 227 398 140 110 241 62 297 65 283 326 305 154 204 6 208 205 166 66 93 30 272 268 39 271 391 260 148 48 31 0,65 391
PFG_MOEA,1225,10,337.93,5308.22,0 33 71 225 97 232 209 361 170 367 25 55 217 56 7 317 286 333 180 220 158 189 64 20 126 124 224 10 287 179 0,
PFG_MOEA,1225,11,337.93,5308.22,0 15 168 203 369 16 380 335 360 216 150 9 47 125 309 5 195 379 270 210 45 348 353 153 278 87 171 75 328 248 54 46 383 382 344 349 243 117 178 82 41 0,82 87 195 353
PFG_MOEA,1225,12,337.93,5308.22,0 338 202 306 370 342 144 176 27 98 78 196 296 347 332 147 324 211 244 223 104 310 282 143 79 160 50 60 257 258 376 368 290 343 0,290
PFG_MOEA,1226,1,319.42,5478.6,0 222 0,
PFG_MOEA,1226,2,319.42,5478.6,0 95 101 323 363 352 102 277 275 194 53 293 133 331 285 392 115 245 396 240 385 288 177 181 358 337 384 111 116 76 113 81 29 325 131 84 355 114 389 279 74 159 162 371 219 341 22 134 186 105 298 334 26 281 0,105
PFG_MOEA,1226,3,319.42,5478.6,0 118 91 284 184 14 375 212 24 0,375
PFG_MOEA,1226,4,319.42,5478.6,0 399 397 36 11 92 199 86 141 266 319 357 303 289 366 267 228 8 263 292 70 318 373 169 108 72 52 130 44 386 362 201 312 67 164 107 302 173 106 261 388 197 218 151 77 273 136 182 172 0,86 197 318 362
PFG_MOEA,1226,5,319.42,5478.6,0 38 80 13 19 226 57 127 109 59 137 123 145 51 132 142 120 269 321 299 37 340 193 314 4 350 311 156 233 135 88 249 35 235 161 68 58 34 231 94 230 374 0,
PFG_MOEA,1226,6,319.42,5478.6,0 96 242 200 191 112 165 322 339 174 393 3 229 364 320 294 121 146 300 329 152 221 0,200 393
PFG_MOEA,1226,7,319.42,5478.6,0 93 85 247 28 246 259 308 264 356 345 377 395 400 42 250 255 1 262 63 157 291 167 21 372 301 188 394 139 149 316 387 327 17 43 73 215 254 183 354 69 265 346 315 99 390 175 251 190 18 213 234 227 398 0,
PFG_MOEA,1226,8,319.42,5478.6,0 304 31 48 330 192 129 238 148 260 391 271 66 166 205 208 6 204 154 305 326 283 65 62 297 241 158 189 220 110 140 103 155 83 378 124 126 20 64 30 272 268 39 0,62 205 220 391
PFG_MOEA,1226,9,319.42,5478.6,0 7 180 333 286 317 56 217 55 0,
PFG_MOEA,1226,10,319.42,5478.6,0 15 16 380 369 168 203 338 202 306 370 342 144 176 27 98 78 196 296 347 332 324 147 211 244 223 210 45 348 353 153 278 87 171 75 328 248 258 376 368 290 343 54 46 209 361 170 367 25 232 179 224 225 97 71 33 0,16 353 370
PFG_MOEA,1226,11,319.42,5478.6,0 365 253 206 61 89 2 119 128 216 336 138 163 150 47 125 9 100 282 310 104 143 79 160 50 60 257 270 379 195 5 309 280 351 237 256 287 10 383 382 344 349 243 117 178 82 41 0,47 138 178 206 243
PFG_MOEA,1226,12,319.42,5478.6,0 335 187 359 313 360 207 307 198 49 274 122 239 276 32 40 295 23 381 236 252 90 12 214 185 0,
PFG_MOEA,1227,1,312.87,5623.42,0 216 98 370 342 144 176 27 78 196 296 347 332 147 324 211 244 223 104 310 282 79 160 50 379 195 5 309 143 150 47 9 125 0,
PFG_MOEA,1227,2,312.87,5623.42,0 117 243 344 349 343 290 368 376 258 248 328 75 348 353 171 87 278 153 45 210 257 60 270 237 256 274 49 198 222 138 336 239 276 32 177 181 358 337 384 111 116 76 23 381 90 12 0,290 336 353
PFG_MOEA,1227,3,312.87,5623.42,0 22 118 185 214 2 119 128 236 252 40 295 122 392 285 331 133 293 53 101 352 363 323 194 275 277 102 100 351 280 95 163 61 89 207 307 313 359 253 365 0,307
PFG_MOEA,1227,4,312.87,5623.42,0 206 187 0,
PFG_MOEA,1227,5,312.87,5623.42,0 281 26 334 298 219 371 341 134 186 105 115 245 396 240 385 288 113 81 29 325 355 131 84 114 389 162 159 74 279 91 0,341
PFG_MOEA,1227,6,312.87,5623.42,0 80 13 19 226 57 127 109 59 137 136 273 77 151 218 197 388 261 106 173 302 107 164 67 312 201 362 386 44 130 52 72 108 169 373 8 263 292 70 318 184 14 284 375 212 24 303 357 319 182 172 38 0,318 362
PFG_MOEA,1227,7,312.87,5623.42,0 266 141 86 199 228 267 366 289 231 34 58 68 161 235 35 249 88 135 233 156 94 230 374 92 0,
PFG_MOEA,1227,8,312.87,5623.42,0 399 397 36 11 350 311 4 314 193 340 299 321 269 120 142 37 51 123 145 132 339 322 121 146 294 174 320 364 393 3 229 308 356 264 259 246 42 300 329 112 191 165 200 221 242 96 0,51 145 174 264 329
PFG_MOEA,1227,9,312.87,5623.42,0 152 247 28 250 345 377 395 400 394 188 301 372 167 21 139 291 262 1 255 0,
PFG_MOEA,1227,10,312.87,5623.42,0 85 215 73 43 17 327 387 316 149 157 63 354 183 254 69 265 346 315 99 175 251 190 390 18 103 155 83 378 0,175 390
PFG_MOEA,1227,11,312.87,5623.42,0 304 31 48 192 330 129 238 148 260 383 10 224 391 271 39 46 93 398 227 234 213 179 232 225 97 71 33 382 0,
PFG_MOEA,1227,12,312.87,5623.42,0 209 361 170 367 25 55 217 56 7 124 126 20 64 189 158 220 180 333 317 286 140 110 241 62 297 65 283 326 305 154 204 6 208 205 166 66 30 272 268 54 287 178 82 41 335 360 380 369 203 338 202 306 168 15 16 0,7 166 203 361
PFG_MOEA,1228,1,759.34,4800.0,0 219 341 105 389 114 84 131 355 325 29 81 113 76 116 111 384 337 358 181 177 288 385 240 396 245 115 392 285 331 133 293 53 163 150 9 125 47 216 89 61 206 253 365 0,245
PFG_MOEA,1228,2,759.34,4800.0,0 22 134 186 162 159 279 74 284 184 318 70 292 263 8 373 169 108 14 375 212 24 91 0,318
PFG_MOEA,1228,3,759.34,4800.0,0 304 31 48 148 260 224 71 33 129 238 330 192 200 165 112 191 152 127 57 109 59 137 273 136 247 17 43 85 215 73 254 69 354 183 327 387 157 149 188 394 316 63 262 1 255 250 28 42 400 395 377 345 356 264 259 246 308 229 197 218 151 77 107 164 67 302 388 3 106 173 261 320 364 393 312 201 362 329 300 123 51 145 322 121 146 294 174 339 132 120 142 37 269 321 299 340 233 135 88 249 35 161 235 68 58 34 386 231 289 366 267 228 44 130 52 72 303 357 319 266 141 86 92 199 156 94 230 311 374 11 36 397 350 4 314 193 182 172 13 19 226 221 242 96 80 38 0,33 106 174 200 303 311 394
PFG_MOEA,1228,4,759.34,4800.0,0 378 83 155 103 18 190 251 175 99 315 346 372 301 167 21 139 291 265 390 234 0,
PFG_MOEA,1228,5,759.34,4800.0,0 179 391 271 39 30 272 268 46 54 93 398 227 213 232 0,391
PFG_MOEA,1228,6,759.34,4800.0,0 225 0,
PFG_MOEA,1228,7,759.34,4800.0,0 97 209 361 170 367 0,
PFG_MOEA,1228,8,759.34,4800.0,0 399 15 168 203 338 202 306 370 342 144 176 27 98 78 196 369 380 16 41 82 178 117 243 344 349 66 343 290 368 376 258 248 328 75 348 353 45 210 278 153 171 87 6 208 205 166 158 189 220 241 62 297 65 283 204 154 305 326 110 140 180 333 317 286 25 55 217 56 7 124 126 20 64 287 10 383 382 0,62 66 205 220 342
PFG_MOEA,1228,9,759.34,4800.0,0 2 119 128 295 40 32 276 239 122 296 332 347 138 336 222 95 101 194 147 324 275 323 363 352 277 102 223 244 211 104 310 100 282 143 79 160 50 60 257 270 379 195 5 309 280 351 237 256 274 49 198 252 236 0,
PFG_MOEA,1228,10,759.34,4800.0,0 381 23 90 12 207 307 0,
PFG_MOEA,1228,11,759.34,4800.0,0 335 187 359 313 360 214 0,
PFG_MOEA,1228,12,759.34,4800.0,0 185 118 281 26 334 298 371 0,
PFG_MOEA,1229,1,314.81,5596.11,0 12 90 128 236 252 336 276 138 222 198 49 274 256 237 351 280 309 5 290 343 313 207 0,222
PFG_MOEA,1229,2,314.81,5596.11,0 91 292 263 8 373 169 108 14 375 212 24 371 219 341 298 334 26 281 118 185 214 295 40 32 239 122 95 101 352 363 323 194 275 277 102 100 23 381 119 2 307 359 187 148 48 31 304 0,23
PFG_MOEA,1229,3,314.81,5596.11,0 260 224 71 33 127 152 191 112 165 200 129 238 330 192 0,33
PFG_MOEA,1229,4,314.81,5596.11,0 57 67 302 173 106 3 388 164 107 77 151 218 197 229 308 246 259 264 356 345 377 395 400 42 28 250 255 1 262 63 316 394 188 149 157 387 327 183 354 69 254 73 215 85 43 17 247 136 273 137 59 109 0,
PFG_MOEA,1229,5,314.81,5596.11,0 329 300 362 123 51 145 322 121 146 201 261 320 364 393 312 294 174 339 132 206 253 365 360 335 0,362 393
PFG_MOEA,1229,6,314.81,5596.11,0 61 358 181 177 288 385 240 396 245 115 392 285 331 133 293 53 163 150 9 125 47 216 89 0,
PFG_MOEA,1229,7,314.81,5596.11,0 80 13 19 226 35 161 235 58 34 386 231 289 366 267 228 44 130 52 72 318 70 184 284 74 279 159 162 389 114 355 325 384 337 111 116 76 113 81 29 131 84 105 186 134 22 0,
PFG_MOEA,1229,8,314.81,5596.11,0 38 96 242 221 172 182 397 350 311 4 314 193 230 94 156 374 36 11 92 319 357 303 266 141 86 199 68 135 88 249 233 340 299 321 269 120 142 37 301 21 139 291 167 372 346 315 99 175 251 0,182
PFG_MOEA,1229,9,314.81,5596.11,0 97 225 232 179 391 271 158 241 62 297 65 283 204 154 305 326 110 140 286 317 333 180 220 126 124 7 56 217 55 25 367 170 361 209 227 234 213 190 390 265 18 103 155 83 378 398 93 54 46 268 272 30 39 0,65 154
PFG_MOEA,1229,10,314.81,5596.11,0 399 15 16 380 41 82 178 117 243 344 349 20 189 64 166 205 208 6 87 171 153 278 210 353 258 376 368 66 287 10 383 382 0,243
PFG_MOEA,1229,11,314.81,5596.11,0 369 338 203 168 0,
PFG_MOEA,1229,12,314.81,5596.11,0 202 306 370 342 144 176 27 98 78 196 296 347 332 324 147 211 244 223 104 310 282 143 79 160 50 60 257 270 379 195 45 348 75 328 248 0,370
PFG_MOEA,1230,1,411.21,4974.5,0 12 90 381 23 32 276 239 336 138 222 198 49 274 256 237 351 280 252 236 128 119 2 0,23
PFG_MOEA,1230,2,411.21,4974.5,0 22 118 185 214 295 40 122 392 285 331 133 293 53 101 352 363 323 194 275 277 102 100 95 163 61 89 207 307 313 359 365 253 206 187 0,22 100
PFG_MOEA,1230,3,411.21,4974.5,0 115 0,
PFG_MOEA,1230,4,411.21,4974.5,0 245 396 240 385 288 177 181 358 337 384 111 116 76 113 81 29 325 355 0,
PFG_MOEA,1230,5,411.21,4974.5,0 281 26 334 298 341 134 186 131 84 114 389 105 219 371 162 159 74 279 91 24 212 375 284 14 184 318 70 292 263 8 373 169 108 72 52 130 44 386 362 201 312 67 164 107 302 173 106 261 388 197 218 151 77 273 136 137 59 109 127 57 226 19 13 80 0,77 106 284
PFG_MOEA,1230,6,411.21,4974.5,0 38 172 182 319 303 357 266 141 86 199 228 267 366 289 231 34 58 68 161 235 35 249 88 135 233 156 94 230 374 92 11 36 397 350 311 4 314 193 340 299 321 269 120 142 37 51 123 145 132 339 322 121 146 294 174 320 364 393 3 229 308 356 264 259 246 42 300 329 112 221 242 96 0,51 174 229 246 299
PFG_MOEA,1230,7,411.21,4974.5,0 399 200 165 191 152 247 255 1 262 250 28 345 377 395 400 394 188 301 372 21 167 291 139 149 157 63 316 387 327 17 43 85 215 73 254 183 354 69 265 346 315 99 175 251 190 390 18 103 155 83 378 213 234 227 398 93 224 179 232 225 97 71 33 260 148 238 129 330 192 48 31 304 0,93
PFG_MOEA,1230,8,411.21,4974.5,0 382 383 10 391 271 39 46 54 268 272 30 66 166 205 208 6 204 154 305 326 283 65 297 62 241 110 140 286 317 333 180 220 158 189 64 20 126 124 7 56 217 55 25 367 170 361 209 287 0,55 62 66 220
PFG_MOEA,1230,9,411.21,4974.5,0 380 0,
PFG_MOEA,1230,10,411.21,4974.5,0 16 369 15 0,
PFG_MOEA,1230,11,411.21,4974.5,0 168 203 178 82 41 0,178
PFG_MOEA,1230,12,411.21,4974.5,0 335 360 338 202 306 370 342 144 176 27 98 78 196 296 347 332 216 47 125 9 150 147 324 211 244 223 104 310 282 143 309 5 195 379 79 160 50 60 270 257 210 45 153 278 87 171 353 348 75 328 248 258 376 368 290 343 349 344 243 117 0,
PFG_MOEA,1231,1,312.55,5795.78,0 336 138 239 122 296 347 332 324 275 277 104 211 244 223 102 352 363 323 194 147 101 95 222 0,122 211 222 277
PFG_MOEA,1231,2,312.55,5795.78,0 335 360 207 307 313 359 187 100 310 282 143 79 160 50 60 257 270 379 195 5 309 280 351 237 256 274 49 198 252 236 381 23 90 12 214 185 118 281 26 334 298 371 72 52 130 44 386 80 0,5 307
PFG_MOEA,1231,3,312.55,5795.78,0 13 19 226 57 127 109 59 137 136 273 77 151 218 197 388 261 106 173 302 107 164 67 312 201 362 123 51 145 294 174 339 132 142 120 269 321 299 0,174
PFG_MOEA,1231,4,312.55,5795.78,0 340 233 135 88 249 35 235 161 68 58 34 231 289 366 267 228 141 266 303 357 319 86 199 156 94 0,303
PFG_MOEA,1231,5,312.55,5795.78,0 38 172 182 397 36 11 92 374 230 311 350 4 314 193 37 322 121 146 320 364 393 3 229 308 356 264 259 246 42 300 329 112 191 152 221 242 96 0,42 264
PFG_MOEA,1231,6,312.55,5795.78,0 200 165 129 0,
PFG_MOEA,1231,7,312.55,5795.78,0 304 330 395 400 394 188 301 372 21 167 291 139 149 157 63 316 387 17 43 33 71 224 260 0,
PFG_MOEA,1231,8,312.55,5795.78,0 399 247 28 250 345 377 262 1 255 327 254 73 215 85 93 179 232 225 97 148 238 192 48 31 0,93
PFG_MOEA,1231,9,312.55,5795.78,0 378 69 183 354 265 346 315 99 175 251 190 390 18 103 155 83 234 213 227 398 209 361 170 367 25 55 217 56 7 180 333 317 286 140 110 62 297 65 283 326 305 154 204 6 208 241 220 158 189 64 20 126 124 0,175
PFG_MOEA,1231,10,312.55,5795.78,0 287 382 383 10 268 272 30 66 166 205 271 39 391 53 293 133 331 285 392 115 245 396 240 385 288 177 181 358 337 384 111 116 76 113 81 29 325 355 131 84 114 389 105 341 219 0,
PFG_MOEA,1231,11,312.55,5795.78,0 91 24 212 375 14 108 169 373 8 263 292 70 318 184 284 74 279 159 162 22 134 186 89 216 47 125 9 150 163 61 365 253 206 46 54 0,
PFG_MOEA,1231,12,312.55,5795.78,0 41 82 178 117 243 344 349 343 290 368 376 258 248 328 75 171 87 153 278 210 45 353 348 2 119 128 295 40 32 276 196 78 98 27 176 144 342 370 306 202 338 203 168 369 380 16 15 0,16 87 203
PFG_MOEA,1232,1,389.39,5146.42,0 163 78 53 293 133 331 285 392 98 115 245 27 396 240 385 288 177 181 358 337 384 111 116 76 113 81 29 325 355 131 84 114 389 91 279 74 159 162 371 219 298 341 22 134 186 105 118 185 0,
PFG_MOEA,1232,2,389.39,5146.42,0 281 26 334 24 212 375 284 14 184 318 70 292 263 8 373 169 108 72 52 130 44 386 51 145 123 362 201 294 312 67 164 107 302 173 106 261 388 197 218 151 77 273 136 137 59 109 127 57 226 19 13 80 0,
PFG_MOEA,1232,3,389.39,5146.42,0 142 339 174 132 120 269 321 299 340 233 135 88 249 35 235 161 68 58 34 231 289 366 267 228 141 266 303 357 319 86 199 156 94 230 374 92 11 36 397 350 311 4 314 193 0,88
PFG_MOEA,1232,4,389.39,5146.42,0 182 172 38 0,
PFG_MOEA,1232,5,389.39,5146.42,0 37 322 121 146 320 364 393 3 229 308 356 264 259 246 42 300 329 112 152 191 165 200 221 242 96 0,152 264 329
PFG_MOEA,1232,6,389.39,5146.42,0 129 33 71 224 260 0,
PFG_MOEA,1232,7,389.39,5146.42,0 399 247 255 1 262 250 28 345 377 395 400 394 188 301 372 21 167 291 139 149 157 63 316 387 17 43 73 254 327 183 354 69 215 85 93 179 232 225 97 148 48 238 330 192 31 304 0,395
PFG_MOEA,1232,8,389.39,5146.42,0 16 15 168 203 369 380 391 271 39 268 272 30 66 166 205 208 6 204 154 305 326 283 65 297 62 241 110 140 286 317 333 180 220 158 189 64 20 126 124 7 56 217 55 25 367 170 361 209 398 227 234 213 190 251 175 99 315 346 265 390 18 103 155 83 378 54 46 287 10 383 382 41 0,7 16 20 103 272
PFG_MOEA,1232,9,389.39,5146.42,0 82 178 117 243 368 376 258 353 153 171 87 278 210 143 237 256 274 49 100 282 310 104 102 277 275 194 323 363 352 101 198 95 222 138 122 276 336 252 236 128 23 381 90 119 2 12 0,
PFG_MOEA,1232,10,389.39,5146.42,0 344 349 351 280 309 5 79 160 50 60 257 270 379 195 45 348 75 328 248 290 343 187 0,
PFG_MOEA,1232,11,389.39,5146.42,0 214 295 40 32 239 370 342 144 176 150 47 9 125 216 89 61 207 307 313 359 206 253 365 360 335 0,176
PFG_MOEA,1232,12,389.39,5146.42,0 338 202 306 196 296 347 332 324 147 211 244 223 0,
PFG_MOEA,1233,1,413.96,4915.5,0 187 206 253 365 359 313 307 207 61 12 89 2 119 128 236 252 336 138 163 222 95 198 351 280 237 256 274 49 100 102 277 275 194 323 363 352 101 53 293 133 331 285 392 122 239 276 32 40 295 23 381 90 113 81 29 76 116 111 384 337 358 181 177 288 385 240 396 245 115 22 118 185 214 0,245 381
PFG_MOEA,1233,2,413.96,4915.5,0 281 84 131 325 355 114 389 186 134 341 298 26 334 0,
PFG_MOEA,1233,3,413.96,4915.5,0 371 219 105 162 159 74 279 91 24 212 375 284 14 184 318 70 292 263 8 373 169 108 72 52 130 44 386 362 201 312 67 164 107 302 173 106 261 388 197 218 151 77 273 136 137 59 0,
PFG_MOEA,1233,4,413.96,4915.5,0 57 127 109 226 0,
PFG_MOEA,1233,5,413.96,4915.5,0 19 0,
PFG_MOEA,1233,6,413.96,4915.5,0 38 303 357 266 141 86 199 228 267 366 289 231 34 58 68 161 235 35 249 88 135 233 319 182 172 13 80 0,88
PFG_MOEA,1233,7,413.96,4915.5,0 399 397 36 11 92 156 94 230 374 350 311 4 314 193 340 299 321 269 120 142 37 51 123 145 132 339 322 121 146 294 174 320 364 393 3 229 308 356 264 259 246 42 300 329 112 191 165 200 221 242 96 0,11 340 374 393
PFG_MOEA,1233,8,413.96,4915.5,0 152 247 255 1 262 250 28 345 377 395 400 394 188 301 372 21 167 291 139 149 157 63 316 387 327 17 43 85 215 73 254 183 354 69 265 346 315 99 175 251 190 390 18 103 155 83 378 213 234 227 398 93 0,1 152 175 227
PFG_MOEA,1233,9,413.96,4915.5,0 304 31 48 192 330 238 129 148 260 391 271 39 268 272 30 66 166 205 208 6 204 154 305 326 283 65 297 62 241 110 140 286 317 333 180 220 158 189 64 20 126 124 7 56 217 55 25 367 170 361 209 71 33 97 225 232 179 224 0,55 391
PFG_MOEA,1233,10,413.96,4915.5,0 287 10 383 382 0,
PFG_MOEA,1233,11,413.96,4915.5,0 16 15 168 203 369 380 82 178 117 243 349 344 54 46 41 0,
PFG_MOEA,1233,12,413.96,4915.5,0 335 360 216 150 9 47 125 309 5 343 290 368 376 258 248 328 75 171 87 278 153 353 348 45 210 195 379 270 257 60 50 160 79 143 282 310 104 223 244 211 324 147 332 347 296 196 78 98 27 176 144 342 370 306 202 338 0,
PFG_MOEA,1234,1,320.55,5348.04,0 80 13 172 182 397 36 11 92 233 135 88 249 35 235 161 68 58 34 231 289 319 399 0,
PFG_MOEA,1234,2,320.55,5348.04,0 374 230 94 156 311 350 4 314 193 340 299 321 269 120 142 132 339 174 320 364 308 229 3 393 294 146 121 322 123 145 51 37 0,393
PFG_MOEA,1234,3,320.55,5348.04,0 96 242 221 200 165 112 329 300 191 152 247 255 1 262 42 250 28 246 259 264 356 345 377 395 400 394 188 301 372 21 167 291 139 149 157 63 316 387 327 17 43 85 215 73 254 183 354 69 265 346 315 99 175 251 190 0,215
PFG_MOEA,1234,4,320.55,5348.04,0 304 31 192 330 238 129 398 227 234 213 18 390 286 140 110 241 93 260 148 48 0,
PFG_MOEA,1234,5,320.55,5348.04,0 317 333 0,
PFG_MOEA,1234,6,320.55,5348.04,0 33 71 209 361 170 367 25 55 217 56 7 180 220 158 189 64 20 126 124 224 10 383 382 16 203 168 15 0,25
PFG_MOEA,1234,7,320.55,5348.04,0 380 369 335 360 216 150 9 47 125 309 5 195 379 270 210 45 348 353 153 278 87 171 75 328 248 258 376 368 290 343 54 46 344 349 243 117 178 82 41 0,
PFG_MOEA,1234,8,320.55,5348.04,0 338 202 306 370 342 144 176 27 98 78 196 296 347 332 147 324 211 244 223 104 310 282 143 79 160 50 60 257 6 204 154 305 326 283 62 297 65 208 205 166 66 30 272 268 0,66
PFG_MOEA,1234,9,320.55,5348.04,0 187 206 253 365 359 313 307 207 61 12 89 2 119 128 236 252 336 138 163 222 95 198 351 256 237 280 391 271 39 378 83 155 103 232 179 287 225 97 0,138 307
PFG_MOEA,1234,10,320.55,5348.04,0 22 389 114 84 131 325 355 29 81 113 76 116 111 384 337 358 181 177 288 385 240 396 245 115 392 285 331 133 293 53 101 352 363 323 194 275 277 102 100 49 274 122 239 276 32 40 295 23 381 90 214 185 281 118 0,323 331
PFG_MOEA,1234,11,320.55,5348.04,0 334 298 26 105 186 134 341 219 371 24 212 375 14 184 318 70 292 263 8 373 169 284 74 279 91 159 162 0,134
PFG_MOEA,1234,12,320.55,5348.04,0 38 19 226 57 127 109 59 137 136 273 77 151 218 197 388 261 106 173 302 107 164 67 312 201 362 366 267 228 386 44 130 52 72 108 303 357 266 141 86 199 0,106 386
PFG_MOEA,1235,1,270.73,5843.94,0 335 187 309 5 195 379 270 257 60 50 160 79 143 280 351 237 256 274 49 198 252 236 381 23 90 12 207 307 0,
PFG_MOEA,1235,2,270.73,5843.94,0 61 313 359 206 253 365 360 214 185 118 281 26 334 298 371 22 134 186 162 159 292 263 8 373 318 70 184 284 74 279 0,134 284 313 318
PFG_MOEA,1235,3,270.73,5843.94,0 91 169 108 14 375 212 24 192 330 238 129 200 165 112 191 152 127 57 109 59 137 273 136 247 17 43 85 215 33 71 224 260 148 48 31 304 0,33 200
PFG_MOEA,1235,4,270.73,5843.94,0 73 254 69 354 183 327 387 157 149 188 394 316 63 262 1 255 250 28 42 400 395 377 345 356 264 259 246 308 229 197 218 151 77 107 164 67 302 388 3 106 173 261 320 364 0,
PFG_MOEA,1235,5,270.73,5843.94,0 329 300 362 123 51 145 322 121 146 201 312 393 294 174 339 132 120 142 0,145 174
PFG_MOEA,1235,6,270.73,5843.94,0 37 269 321 299 340 219 341 105 84 131 29 81 113 76 116 111 181 358 337 384 325 355 114 389 0,341
PFG_MOEA,1235,7,270.73,5843.94,0 89 216 47 125 9 150 163 53 293 133 331 285 392 115 245 396 240 385 288 177 34 58 235 135 233 88 249 35 161 68 0,133 240
PFG_MOEA,1235,8,270.73,5843.94,0 172 182 193 314 4 350 397 36 11 374 311 230 94 156 199 92 86 319 266 141 289 231 386 366 267 228 44 130 52 72 303 357 13 19 226 221 242 96 0,141 386
PFG_MOEA,1235,9,270.73,5843.94,0 38 80 378 83 291 139 21 167 301 372 346 315 265 390 99 175 251 190 18 103 155 234 227 398 93 54 46 268 272 30 39 271 391 179 0,
PFG_MOEA,1235,10,270.73,5843.94,0 97 225 232 209 361 213 170 367 328 248 258 376 368 290 343 66 349 344 243 117 178 82 41 16 380 369 196 78 98 27 176 144 342 370 306 202 338 203 168 15 399 0,82 176 225
PFG_MOEA,1235,11,270.73,5843.94,0 287 64 166 205 75 348 353 45 210 278 153 171 87 6 208 158 189 220 241 62 297 65 283 204 154 305 326 110 140 180 333 317 286 25 55 217 56 7 124 126 20 10 0,65 126
PFG_MOEA,1235,12,270.73,5843.94,0 2 119 128 295 40 32 276 239 122 296 332 347 138 336 222 95 101 194 147 324 275 323 363 352 277 102 223 244 211 104 310 100 282 383 382 0,2
PFG_MOEA,1236,1,369.23,5154.87,0 90 295 40 32 276 239 122 222 95 101 323 363 352 102 277 275 194 53 293 133 331 285 392 115 245 396 240 385 288 177 181 358 337 384 111 116 76 113 81 29 325 131 84 355 114 389 279 74 159 162 371 219 341 22 134 186 105 298 334 26 281 118 185 214 0,40 240 245 331
PFG_MOEA,1236,2,369.23,5154.87,0 91 24 212 375 284 14 184 318 70 292 263 8 373 169 108 72 52 130 44 386 0,318
PFG_MOEA,1236,3,369.23,5154.87,0 362 201 312 67 164 107 302 173 106 261 388 197 218 151 77 273 136 0,106
PFG_MOEA,1236,4,369.23,5154.87,0 399 172 182 397 36 11 92 86 141 266 303 357 319 199 228 267 366 289 231 34 58 68 161 235 35 249 88 135 233 156 94 230 374 350 311 4 314 193 340 299 321 269 120 142 37 51 145 123 137 59 109 127 57 226 19 13 80 38 0,340
PFG_MOEA,1236,5,369.23,5154.87,0 132 339 322 0,
PFG_MOEA,1236,6,369.23,5154.87,0 96 242 221 200 165 112 191 152 329 300 121 146 294 174 320 364 393 3 229 308 259 246 264 356 345 377 395 400 42 250 28 247 255 1 262 63 157 291 167 21 372 301 188 394 139 149 316 387 327 17 43 85 215 73 254 183 354 69 265 346 315 99 0,1 200 393
PFG_MOEA,1236,7,369.23,5154.87,0 93 398 227 234 213 190 251 175 390 18 103 155 83 378 31 304 0,
PFG_MOEA,1236,8,369.23,5154.87,0 48 192 330 238 129 148 260 391 0,
PFG_MOEA,1236,9,369.23,5154.87,0 268 272 30 65 283 326 305 154 204 6 208 205 166 66 271 39 0,272
PFG_MOEA,1236,10,369.23,5154.87,0 124 126 20 64 189 158 220 241 297 62 110 140 286 317 333 180 7 56 217 55 25 367 170 361 209 71 97 33 0,
PFG_MOEA,1236,11,369.23,5154.87,0 15 16 380 369 168 203 338 202 306 370 342 144 176 27 98 78 196 296 347 332 324 147 211 244 223 210 45 348 353 153 278 87 171 75 328 248 258 376 368 290 343 54 46 224 225 232 179 287 10 383 382 41 344 349 243 117 178 82 125 9 47 150 216 360 335 0,47 87 353
PFG_MOEA,1236,12,369.23,5154.87,0 207 307 313 359 365 253 206 187 100 310 104 282 143 79 160 50 60 257 270 379 195 5 309 280 351 237 256 274 49 198 163 138 336 252 236 381 23 128 119 2 89 12 61 0,
PFG_MOEA,1237,1,337.93,5308.22,0 187 206 253 313 359 365 0,
PFG_MOEA,1237,2,337.93,5308.22,0 207 307 198 280 351 256 237 101 53 293 133 331 285 392 95 222 163 138 336 252 236 128 119 2 89 12 61 0,133 222
PFG_MOEA,1237,3,337.93,5308.22,0 323 363 352 194 275 277 102 100 49 274 122 239 276 32 40 295 23 381 90 0,
PFG_MOEA,1237,4,337.93,5308.22,0 22 115 245 396 240 385 288 177 181 358 337 384 111 116 76 113 81 29 131 84 281 118 185 214 0,
PFG_MOEA,1237,5,337.93,5308.22,0 334 26 298 371 219 341 134 186 105 355 325 114 389 162 159 74 279 91 24 212 375 284 14 184 318 70 292 263 8 373 169 108 72 52 130 44 386 362 201 312 0,284
PFG_MOEA,1237,6,337.93,5308.22,0 399 172 182 397 36 11 92 86 141 266 303 357 319 199 228 267 366 289 231 34 58 68 161 235 35 249 88 135 233 156 94 230 57 127 109 59 137 136 273 77 151 218 197 388 261 106 173 302 107 164 67 294 226 19 13 80 38 0,
PFG_MOEA,1237,7,337.93,5308.22,0 374 350 311 4 314 193 340 299 321 269 120 142 37 51 145 123 146 121 322 339 132 174 320 364 393 3 229 308 356 264 259 246 42 1 255 247 152 191 112 329 300 165 200 221 242 96 0,132 264 340 393
PFG_MOEA,1237,8,337.93,5308.22,0 28 250 262 400 395 345 377 394 188 301 372 21 167 291 139 149 157 63 316 387 327 17 43 85 215 73 254 183 354 69 265 346 315 99 175 251 190 0,
PFG_MOEA,1237,9,337.93,5308.22,0 304 192 330 238 129 378 83 155 103 18 390 213 234 227 398 140 110 241 62 297 65 283 326 305 154 204 6 208 205 166 66 93 30 272 268 39 271 391 260 148 48 31 0,65 391
PFG_MOEA,1237,10,337.93,5308.22,0 33 71 225 97 232 209 361 170 367 25 55 217 56 7 317 286 333 180 220 158 189 64 20 126 124 224 10 287 179 0,
PFG_MOEA,1237,11,337.93,5308.22,0 15 168 203 369 16 380 335 360 216 150 9 47 125 309 5 195 379 270 210 45 348 353 153 278 87 171 75 328 248 54 46 383 382 344 349 243 117 178 82 41 0,82 87 195 353
PFG_MOEA,1237,12,337.93,5308.22,0 338 202 306 370 342 144 176 27 98 78 196 296 347 332 147 324 211 244 223 104 310 282 143 79 160 50 60 257 258 376 368 290 343 0,290
PFG_MOEA,1238,1,319.42,5478.6,0 222 0,
PFG_MOEA,1238,2,319.42,5478.6,0 95 101 323 363 352 102 277 275 194 53 293 133 331 285 392 115 245 396 240 385 288 177 181 358 337 384 111 116 76 113 81 29 325 131 84 355 114 389 279 74 159 162 371 219 341 22 134 186 105 298 334 26 281 0,105
PFG_MOEA,1238,3,319.42,5478.6,0 118 91 284 184 14 375 212 24 0,375
PFG_MOEA,1238,4,319.42,5478.6,0 399 397 36 11 92 199 86 141 266 319 357 303 289 366 267 228 8 263 292 70 318 373 169 108 72 52 130 44 386 362 201 312 67 164 107 302 173 106 261 388 197 218 151 77 273 136 182 172 0,86 197 318 362
PFG_MOEA,1238,5,319.42,5478.6,0 38 80 13 19 226 57 127 109 59 137 123 145 51 132 142 120 269 321 299 37 340 193 314 4 350 311 156 233 135 88 249 35 235 161 68 58 34 231 94 230 374 0,
PFG_MOEA,1238,6,319.42,5478.6,0 96 242 200 191 112 165 322 339 174 393 3 229 364 320 294 121 146 300 329 152 221 0,200 393
PFG_MOEA,1238,7,319.42,5478.6,0 93 85 247 28 246 259 308 264 356 345 377 395 400 42 250 255 1 262 63 157 291 167 21 372 301 188 394 139 149 316 387 327 17 43 73 215 254 183 354 69 265 346 315 99 390 175 251 190 18 213 234 227 398 0,
PFG_MOEA,1238,8,319.42,5478.6,0 304 31 48 330 192 129 238 148 260 391 271 66 166 205 208 6 204 154 305 326 283 65 62 297 241 158 189 220 110 140 103 155 83 378 124 126 20 64 30 272 268 39 0,62 205 220 391
PFG_MOEA,1238,9,319.42,5478.6,0 7 180 333 286 317 56 217 55 0,
PFG_MOEA,1238,10,319.42,5478.6,0 15 16 380 369 168 203 338 202 306 370 342 144 176 27 98 78 196 296 347 332 324 147 211 244 223 210 45 348 353 153 278 87 171 75 328 248 258 376 368 290 343 54 46 209 361 170 367 25 232 179 224 225 97 71 33 0,16 353 370
PFG_MOEA,1238,11,319.42,5478.6,0 365 253 206 61 89 2 119 128 216 336 138 163 150 47 125 9 100 282 310 104 143 79 160 50 60 257 270 379 195 5 309 280 351 237 256 287 10 383 382 344 349 243 117 178 82 41 0,47 138 178 206 243
PFG_MOEA,1238,12,319.42,5478.6,0 335 187 359 313 360 207 307 198 49 274 122 239 276 32 40 295 23 381 236 252 90 12 214 185 0,
PFG_MOEA,1239,1,312.87,5623.42,0 216 98 370 342 144 176 27 78 196 296 347 332 147 324 211 244 223 104 310 282 79 160 50 379 195 5 309 143 150 47 9 125 0,
PFG_MOEA,1239,2,312.87,5623.42,0 117 243 344 349 343 290 368 376 258 248 328 75 348 353 171 87 278 153 45 210 257 60 270 237 256 274 49 198 222 138 336 239 276 32 177 181 358 337 384 111 116 76 23 381 90 12 0,290 336 353
PFG_MOEA,1239,3,312.87,5623.42,0 22 118 185 214 2 119 128 236 252 40 295 122 392 285 331 133 293 53 101 352 363 323 194 275 277 102 100 351 280 95 163 61 89 207 307 313 359 253 365 0,307
PFG_MOEA,1239,4,312.87,5623.42,0 206 187 0,
PFG_MOEA,1239,5,312.87,5623.42,0 281 26 334 298 219 371 341 134 186 105 115 245 396 240 385 288 113 81 29 325 355 131 84 114 389 162 159 74 279 91 0,341
PFG_MOEA,1239,6,312.87,5623.42,0 80 13 19 226 57 127 109 59 137 136 273 77 151 218 197 388 261 106 173 302 107 164 67 312 201 362 386 44 130 52 72 108 169 373 8 263 292 70 318 184 14 284 375 212 24 303 357 319 182 172 38 0,318 362
PFG_MOEA,1239,7,312.87,5623.42,0 266 141 86 199 228 267 366 289 231 34 58 68 161 235 35 249 88 135 233 156 94 230 374 92 0,
PFG_MOEA,1239,8,312.87,5623.42,0 399 397 36 11 350 311 4 314 193 340 299 321 269 120 142 37 51 123 145 132 339 322 121 146 294 174 320 364 393 3 229 308 356 264 259 246 42 300 329 112 191 165 200 221 242 96 0,51 145 174 264 329
PFG_MOEA,1239,9,312.87,5623.42,0 152 247 28 250 345 377 395 400 394 188 301 372 167 21 139 291 262 1 255 0,
PFG_MOEA,1239,10,312.87,5623.42,0 85 215 73 43 17 327 387 316 149 157 63 354 183 254 69 265 346 315 99 175 251 190 390 18 103 155 83 378 0,175 390
PFG_MOEA,1239,11,312.87,5623.42,0 304 31 48 192 330 129 238 148 260 383 10 224 391 271 39 46 93 398 227 234 213 179 232 225 97 71 33 382 0,
PFG_MOEA,1239,12,312.87,5623.42,0 209 361 170 367 25 55 217 56 7 124 126 20 64 189 158 220 180 333 317 286 140 110 241 62 297 65 283 326 305 154 204 6 208 205 166 66 30 272 268 54 287 178 82 41 335 360 380 369 203 338 202 306 168 15 16 0,7 166 203 361
PFG_MOEA,1240,1,759.34,4800.0,0 219 341 105 389 114 84 131 355 325 29 81 113 76 116 111 384 337 358 181 177 288 385 240 396 245 115 392 285 331 133 293 53 163 150 9 125 47 216 89 61 206 253 365 0,245
PFG_MOEA,1240,2,759.34,4800.0,0 22 134 186 162 159 279 74 284 184 318 70 292 263 8 373 169 108 14 375 212 24 91 0,318
PFG_MOEA,1240,3,759.34,4800.0,0 304 31 48 148 260 224 71 33 129 238 330 192 200 165 112 191 152 127 57 109 59 137 273 136 247 17 43 85 215 73 254 69 354 183 327 387 157 149 188 394 316 63 262 1 255 250 28 42 400 395 377 345 356 264 259 246 308 229 197 218 151 77 107 164 67 302 388 3 106 173 261 320 364 393 312 201 362 329 300 123 51 145 322 121 146 294 174 339 132 120 142 37 269 321 299 340 233 135 88 249 35 161 235 68 58 34 386 231 289 366 267 228 44 130 52 72 303 357 319 266 141 86 92 199 156 94 230 311 374 11 36 397 350 4 314 193 182 172 13 19 226 221 242 96 80 38 0,33 106 174 200 303 311 394
PFG_MOEA,1240,4,759.34,4800.0,0 378 83 155 103 18 190 251 175 99 315 346 372 301 167 21 139 291 265 390 234 0,
PFG_MOEA,1240,5,759.34,4800.0,0 179 391 271 39 30 272 268 46 54 93 398 227 213 232 0,391
PFG_MOEA,1240,6,759.34,4800.0,0 225 0,
PFG_MOEA,1240,7,759.34,4800.0,0 97 209 361 170 367 0,
PFG_MOEA,1240,8,759.34,4800.0,0 399 15 168 203 338 202 306 370 342 144 176 27 98 78 196 369 380 16 41 82 178 117 243 344 349 66 343 290 368 376 258 248 328 75 348 353 45 210 278 153 171 87 6 208 205 166 158 189 220 241 62 297 65 283 204 154 305 326 110 140 180 333 317 286 25 55 217 56 7 124 126 20 64 287 10 383 382 0,62 66 205 220 342
PFG_MOEA,1240,9,759.34,4800.0,0 2 119 128 295 40 32 276 239 122 296 332 347 138 336 222 95 101 194 147 324 275 323 363 352 277 102 223 244 211 104 310 100 282 143 79 160 50 60 257 270 379 195 5 309 280 351 237 256 274 49 198 252 236 0,
PFG_MOEA,1240,10,759.34,4800.0,0 381 23 90 12 207 307 0,
PFG_MOEA,1240,11,759.34,4800.0,0 335 187 359 313 360 214 0,
PFG_MOEA,1240,12,759.34,4800.0,0 185 118 281 26 334 298 371 0,
PFG_MOEA,1241,1,314.81,5596.11,0 12 90 128 236 252 336 276 138 222 198 49 274 256 237 351 280 309 5 290 343 313 207 0,222
PFG_MOEA,1241,2,314.81,5596.11,0 91 292 263 8 373 169 108 14 375 212 24 371 219 341 298 334 26 281 118 185 214 295 40 32 239 122 95 101 352 363 323 194 275 277 102 100 23 381 119 2 307 359 187 148 48 31 304 0,23
PFG_MOEA,1241,3,314.81,5596.11,0 260 224 71 33 127 152 191 112 165 200 129 238 330 192 0,33
PFG_MOEA,1241,4,314.81,5596.11,0 57 67 302 173 106 3 388 164 107 77 151 218 197 229 308 246 259 264 356 345 377 395 400 42 28 250 255 1 262 63 316 394 188 149 157 387 327 183 354 69 254 73 215 85 43 17 247 136 273 137 59 109 0,
PFG_MOEA,1241,5,314.81,5596.11,0 329 300 362 123 51 145 322 121 146 201 261 320 364 393 312 294 174 339 132 206 253 365 360 335 0,362 393
PFG_MOEA,1241,6,314.81,5596.11,0 61 358 181 177 288 385 240 396 245 115 392 285 331 133 293 53 163 150 9 125 47 216 89 0,
PFG_MOEA,1241,7,314.81,5596.11,0 80 13 19 226 35 161 235 58 34 386 231 289 366 267 228 44 130 52 72 318 70 184 284 74 279 159 162 389 114 355 325 384 337 111 116 76 113 81 29 131 84 105 186 134 22 0,
PFG_MOEA,1241,8,314.81,5596.11,0 38 96 242 221 172 182 397 350 311 4 314 193 230 94 156 374 36 11 92 319 357 303 266 141 86 199 68 135 88 249 233 340 299 321 269 120 142 37 301 21 139 291 167 372 346 315 99 175 251 0,182
PFG_MOEA,1241,9,314.81,5596.11,0 97 225 232 179 391 271 158 241 62 297 65 283 204 154 305 326 110 140 286 317 333 180 220 126 124 7 56 217 55 25 367 170 361 209 227 234 213 190 390 265 18 103 155 83 378 398 93 54 46 268 272 30 39 0,65 154
PFG_MOEA,1241,10,314.81,5596.11,0 399 15 16 380 41 82 178 117 243 344 349 20 189 64 166 205 208 6 87 171 153 278 210 353 258 376 368 66 287 10 383 382 0,243
PFG_MOEA,1241,11,314.81,5596.11,0 369 338 203 168 0,
PFG_MOEA,1241,12,314.81,5596.11,0 202 306 370 342 144 176 27 98 78 196 296 347 332 324 147 211 244 223 104 310 282 143 79 160 50 60 257 270 379 195 45 348 75 328 248 0,370
PFG_MOEA,1242,1,411.21,4974.5,0 12 90 381 23 32 276 239 336 138 222 198 49 274 256 237 351 280 252 236 128 119 2 0,23
PFG_MOEA,1242,2,411.21,4974.5,0 22 118 185 214 295 40 122 392 285 331 133 293 53 101 352 363 323 194 275 277 102 100 95 163 61 89 207 307 313 359 365 253 206 187 0,22 100
PFG_MOEA,1242,3,411.21,4974.5,0 115 0,
PFG_MOEA,1242,4,411.21,4974.5,0 245 396 240 385 288 177 181 358 337 384 111 116 76 113 81 29 325 355 0,
PFG_MOEA,1242,5,411.21,4974.5,0 281 26 334 298 341 134 186 131 84 114 389 105 219 371 162 159 74 279 91 24 212 375 284 14 184 318 70 292 263 8 373 169 108 72 52 130 44 386 362 201 312 67 164 107 302 173 106 261 388 197 218 151 77 273 136 137 59 109 127 57 226 19 13 80 0,77 106 284
PFG_MOEA,1242,6,411.21,4974.5,0 38 172 182 319 303 357 266 141 86 199 228 267 366 289 231 34 58 68 161 235 35 249 88 135 233 156 94 230 374 92 11 36 397 350 311 4 314 193 340 299 321 269 120 142 37 51 123 145 132 339 322 121 146 294 174 320 364 393 3 229 308 356 264 259 246 42 300 329 112 221 242 96 0,51 174 229 246 299
PFG_MOEA,1242,7,411.21,4974.5,0 399 200 165 191 152 247 255 1 262 250 28 345 377 395 400 394 188 301 372 21 167 291 139 149 157 63 316 387 327 17 43 85 215 73 254 183 354 69 265 346 315 99 175 251 190 390 18 103 155 83 378 213 234 227 398 93 224 179 232 225 97 71 33 260 148 238 129 330 192 48 31 304 0,93
PFG_MOEA,1242,8,411.21,4974.5,0 382 383 10 391 271 39 46 54 268 272 30 66 166 205 208 6 204 154 305 326 283 65 297 62 241 110 140 286 317 333 180 220 158 189 64 20 126 124 7 56 217 55 25 367 170 361 209 287 0,55 62 66 220
PFG_MOEA,1242,9,411.21,4974.5,0 380 0,
PFG_MOEA,1242,10,411.21,4974.5,0 16 369 15 0,
PFG_MOEA,1242,11,411.21,4974.5,0 168 203 178 82 41 0,178
PFG_MOEA,1242,12,411.21,4974.5,0 335 360 338 202 306 370 342 144 176 27 98 78 196 296 347 332 216 47 125 9 150 147 324 211 244 223 104 310 282 143 309 5 195 379 79 160 50 60 270 257 210 45 153 278 87 171 353 348 75 328 248 258 376 368 290 343 349 344 243 117 0,
PFG_MOEA,1243,1,312.55,5795.78,0 336 138 239 122 296 347 332 324 275 277 104 211 244 223 102 352 363 323 194 147 101 95 222 0,122 211 222 277
PFG_MOEA,1243,2,312.55,5795.78,0 335 360 207 307 313 359 187 100 310 282 143 79 160 50 60 257 270 379 195 5 309 280 351 237 256 274 49 198 252 236 381 23 90 12 214 185 118 281 26 334 298 371 72 52 130 44 386 80 0,5 307
PFG_MOEA,1243,3,312.55,5795.78,0 13 19 226 57 127 109 59 137 136 273 77 151 218 197 388 261 106 173 302 107 164 67 312 201 362 123 51 145 294 174 339 132 142 120 269 321 299 0,174
PFG_MOEA,1243,4,312.55,5795.78,0 340 233 135 88 249 35 235 161 68 58 34 231 289 366 267 228 141 266 303 357 319 86 199 156 94 0,303
PFG_MOEA,1243,5,312.55,5795.78,0 38 172 182 397 36 11 92 374 230 311 350 4 314 193 37 322 121 146 320 364 393 3 229 308 356 264 259 246 42 300 329 112 191 152 221 242 96 0,42 264
PFG_MOEA,1243,6,312.55,5795.78,0 200 165 129 0,
PFG_MOEA,1243,7,312.55,5795.78,0 304 330 395 400 394 188 301 372 21 167 291 139 149 157 63 316 387 17 43 33 71 224 260 0,
PFG_MOEA,1243,8,312.55,5795.78,0 399 247 28 250 345 377 262 1 255 327 254 73 215 85 93 179 232 225 97 148 238 192 48 31 0,93
PFG_MOEA,1243,9,312.55,5795.78,0 378 69 183 354 265 346 315 99 175 251 190 390 18 103 155 83 234 213 227 398 209 361 170 367 25 55 217 56 7 180 333 317 286 140 110 62 297 65 283 326 305 154 204 6 208 241 220 158 189 64 20 126 124 0,175
PFG_MOEA,1243,10,312.55,5795.78,0 287 382 383 10 268 272 30 66 166 205 271 39 391 53 293 133 331 285 392 115 245 396 240 385 288 177 181 358 337 384 111 116 76 113 81 29 325 355 131 84 114 389 105 341 219 0,
PFG_MOEA,1243,11,312.55,5795.78,0 91 24 212 375 14 108 169 373 8 263 292 70 318 184 284 74 279 159 162 22 134 186 89 216 47 125 9 150 163 61 365 253 206 46 54 0,
PFG_MOEA,1243,12,312.55,5795.78,0 41 82 178 117 243 344 349 343 290 368 376 258 248 328 75 171 87 153 278 210 45 353 348 2 119 128 295 40 32 276 196 78 98 27 176 144 342 370 306 202 338 203 168 369 380 16 15 0,16 87 203
PFG_MOEA,1244,1,389.39,5146.42,0 163 78 53 293 133 331 285 392 98 115 245 27 396 240 385 288 177 181 358 337 384 111 116 76 113 81 29 325 355 131 84 114 389 91 279 74 159 162 371 219 298 341 22 134 186 105 118 185 0,
PFG_MOEA,1244,2,389.39,5146.42,0 281 26 334 24 212 375 284 14 184 318 70 292 263 8 373 169 108 72 52 130 44 386 51 145 123 362 201 294 312 67 164 107 302 173 106 261 388 197 218 151 77 273 136 137 59 109 127 57 226 19 13 80 0,
PFG_MOEA,1244,3,389.39,5146.42,0 142 339 174 132 120 269 321 299 340 233 135 88 249 35 235 161 68 58 34 231 289 366 267 228 141 266 303 357 319 86 199 156 94 230 374 92 11 36 397 350 311 4 314 193 0,88
PFG_MOEA,1244,4,389.39,5146.42,0 182 172 38 0,
PFG_MOEA,1244,5,389.39,5146.42,0 37 322 121 146 320 364 393 3 229 308 356 264 259 246 42 300 329 112 152 191 165 200 221 242 96 0,152 264 329
PFG_MOEA,1244,6,389.39,5146.42,0 129 33 71 224 260 0,
PFG_MOEA,1244,7,389.39,5146.42,0 399 247 255 1 262 250 28 345 377 395 400 394 188 301 372 21 167 291 139 149 157 63 316 387 17 43 73 254 327 183 354 69 215 85 93 179 232 225 97 148 48 238 330 192 31 304 0,395
PFG_MOEA,1244,8,389.39,5146.42,0 16 15 168 203 369 380 391 271 39 268 272 30 66 166 205 208 6 204 154 305 326 283 65 297 62 241 110 140 286 317 333 180 220 158 189 64 20 126 124 7 56 217 55 25 367 170 361 209 398 227 234 213 190 251 175 99 315 346 265 390 18 103 155 83 378 54 46 287 10 383 382 41 0,7 16 20 103 272
PFG_MOEA,1244,9,389.39,5146.42,0 82 178 117 243 368 376 258 353 153 171 87 278 210 143 237 256 274 49 100 282 310 104 102 277 275 194 323 363 352 101 198 95 222 138 122 276 336 252 236 128 23 381 90 119 2 12 0,
PFG_MOEA,1244,10,389.39,5146.42,0 344 349 351 280 309 5 79 160 50 60 257 270 379 195 45 348 75 328 248 290 343 187 0,
PFG_MOEA,1244,11,389.39,5146.42,0 214 295 40 32 239 370 342 144 176 150 47 9 125 216 89 61 207 307 313 359 206 253 365 360 335 0,176
PFG_MOEA,1244,12,389.39,5146.42,0 338 202 306 196 296 347 332 324 147 211 244 223 0,
PFG_MOEA,1245,1,413.96,4915.5,0 187 206 253 365 359 313 307 207 61 12 89 2 119 128 236 252 336 138 163 222 95 198 351 280 237 256 274 49 100 102 277 275 194 323 363 352 101 53 293 133 331 285 392 122 239 276 32 40 295 23 381 90 113 81 29 76 116 111 384 337 358 181 177 288 385 240 396 245 115 22 118 185 214 0,245 381
PFG_MOEA,1245,2,413.96,4915.5,0 281 84 131 325 355 114 389 186 134 341 298 26 334 0,
PFG_MOEA,1245,3,413.96,4915.5,0 371 219 105 162 159 74 279 91 24 212 375 284 14 184 318 70 292 263 8 373 169 108 72 52 130 44 386 362 201 312 67 164 107 302 173 106 261 388 197 218 151 77 273 136 137 59 0,
PFG_MOEA,1245,4,413.96,4915.5,0 57 127 109 226 0,
PFG_MOEA,1245,5,413.96,4915.5,0 19 0,
PFG_MOEA,1245,6,413.96,4915.5,0 38 303 357 266 141 86 199 228 267 366 289 231 34 58 68 161 235 35 249 88 135 233 319 182 172 13 80 0,88
PFG_MOEA,1245,7,413.96,4915.5,0 399 397 36 11 92 156 94 230 374 350 311 4 314 193 340 299 321 269 120 142 37 51 123 145 132 339 322 121 146 294 174 320 364 393 3 229 308 356 264 259 246 42 300 329 112 191 165 200 221 242 96 0,11 340 374 393
PFG_MOEA,1245,8,413.96,4915.5,0 152 247 255 1 262 250 28 345 377 395 400 394 188 301 372 21 167 291 139 149 157 63 316 387 327 17 43 85 215 73 254 183 354 69 265 346 315 99 175 251 190 390 18 103 155 83 378 213 234 227 398 93 0,1 152 175 227
PFG_MOEA,1245,9,413.96,4915.5,0 304 31 48 192 330 238 129 148 260 391 271 39 268 272 30 66 166 205 208 6 204 154 305 326 283 65 297 62 241 110 140 286 317 333 180 220 158 189 64 20 126 124 7 56 217 55 25 367 170 361 209 71 33 97 225 232 179 224 0,55 391
PFG_MOEA,1245,10,413.96,4915.5,0 287 10 383 382 0,
PFG_MOEA,1245,11,413.96,4915.5,0 16 15 168 203 369 380 82 178 117 243 349 344 54 46 41 0,
PFG_MOEA,1245,12,413.96,4915.5,0 335 360 216 150 9 47 125 309 5 343 290 368 376 258 248 328 75 171 87 278 153 353 348 45 210 195 379 270 257 60 50 160 79 143 282 310 104 223 244 211 324 147 332 347 296 196 78 98 27 176 144 342 370 306 202 338 0,
PFG_MOEA,1246,1,320.55,5348.04,0 80 13 172 182 397 36 11 92 233 135 88 249 35 235 161 68 58 34 231 289 319 399 0,
PFG_MOEA,1246,2,320.55,5348.04,0 374 230 94 156 311 350 4 314 193 340 299 321 269 120 142 132 339 174 320 364 308 229 3 393 294 146 121 322 123 145 51 37 0,393
PFG_MOEA,1246,3,320.55,5348.04,0 96 242 221 200 165 112 329 300 191 152 247 255 1 262 42 250 28 246 259 264 356 345 377 395 400 394 188 301 372 21 167 291 139 149 157 63 316 387 327 17 43 85 215 73 254 183 354 69 265 346 315 99 175 251 190 0,215
PFG_MOEA,1246,4,320.55,5348.04,0 304 31 192 330 238 129 398 227 234 213 18 390 286 140 110 241 93 260 148 48 0,
PFG_MOEA,1246,5,320.55,5348.04,0 317 333 0,
PFG_MOEA,1246,6,320.55,5348.04,0 33 71 209 361 170 367 25 55 217 56 7 180 220 158 189 64 20 126 124 224 10 383 382 16 203 168 15 0,25
PFG_MOEA,1246,7,320.55,5348.04,0 380 369 335 360 216 150 9 47 125 309 5 195 379 270 210 45 348 353 153 278 87 171 75 328 248 258 376 368 290 343 54 46 344 349 243 117 178 82 41 0,
PFG_MOEA,1246,8,320.55,5348.04,0 338 202 306 370 342 144 176 27 98 78 196 296 347 332 147 324 211 244 223 104 310 282 143 79 160 50 60 257 6 204 154 305 326 283 62 297 65 208 205 166 66 30 272 268 0,66
PFG_MOEA,1246,9,320.55,5348.04,0 187 206 253 365 359 313 307 207 61 12 89 2 119 128 236 252 336 138 163 222 95 198 351 256 237 280 391 271 39 378 83 155 103 232 179 287 225 97 0,138 307
PFG_MOEA,1246,10,320.55,5348.04,0 22 389 114 84 131 325 355 29 81 113 76 116 111 384 337 358 181 177 288 385 240 396 245 115 392 285 331 133 293 53 101 352 363 323 194 275 277 102 100 49 274 122 239 276 32 40 295 23 381 90 214 185 281 118 0,323 331
PFG_MOEA,1246,11,320.55,5348.04,0 334 298 26 105 186 134 341 219 371 24 212 375 14 184 318 70 292 263 8 373 169 284 74 279 91 159 162 0,134
PFG_MOEA,1246,12,320.55,5348.04,0 38 19 226 57 127 109 59 137 136 273 77 151 218 197 388 261 106 173 302 107 164 67 312 201 362 366 267 228 386 44 130 52 72 108 303 357 266 141 86 199 0,106 386
PFG_MOEA,1247,1,270.73,5843.94,0 335 187 309 5 195 379 270 257 60 50 160 79 143 280 351 237 256 274 49 198 252 236 381 23 90 12 207 307 0,
PFG_MOEA,1247,2,270.73,5843.94,0 61 313 359 206 253 365 360 214 185 118 281 26 334 298 371 22 134 186 162 159 292 263 8 373 318 70 184 284 74 279 0,134 284 313 318
PFG_MOEA,1247,3,270.73,5843.94,0 91 169 108 14 375 212 24 192 330 238 129 200 165 112 191 152 127 57 109 59 137 273 136 247 17 43 85 215 33 71 224 260 148 48 31 304 0,33 200
PFG_MOEA,1247,4,270.73,5843.94,0 73 254 69 354 183 327 387 157 149 188 394 316 63 262 1 255 250 28 42 400 395 377 345 356 264 259 246 308 229 197 218 151 77 107 164 67 302 388 3 106 173 261 320 364 0,
PFG_MOEA,1247,5,270.73,5843.94,0 329 300 362 123 51 145 322 121 146 201 312 393 294 174 339 132 120 142 0,145 174
PFG_MOEA,1247,6,270.73,5843.94,0 37 269 321 299 340 219 341 105 84 131 29 81 113 76 116 111 181 358 337 384 325 355 114 389 0,341
PFG_MOEA,1247,7,270.73,5843.94,0 89 216 47 125 9 150 163 53 293 133 331 285 392 115 245 396 240 385 288 177 34 58 235 135 233 88 249 35 161 68 0,133 240
PFG_MOEA,1247,8,270.73,5843.94,0 172 182 193 314 4 350 397 36 11 374 311 230 94 156 199 92 86 319 266 141 289 231 386 366 267 228 44 130 52 72 303 357 13 19 226 221 242 96 0,141 386
PFG_MOEA,1247,9,270.73,5843.94,0 38 80 378 83 291 139 21 167 301 372 346 315 265 390 99 175 251 190 18 103 155 234 227 398 93 54 46 268 272 30 39 271 391 179 0,
PFG_MOEA,1247,10,270.73,5843.94,0 97 225 232 209 361 213 170 367 328 248 258 376 368 290 343 66 349 344 243 117 178 82 41 16 380 369 196 78 98 27 176 144 342 370 306 202 338 203 168 15 399 0,82 176 225
PFG_MOEA,1247,11,270.73,5843.94,0 287 64 166 205 75 348 353 45 210 278 153 171 87 6 208 158 189 220 241 62 297 65 283 204 154 305 326 110 140 180 333 317 286 25 55 217 56 7 124 126 20 10 0,65 126
PFG_MOEA,1247,12,270.73,5843.94,0 2 119 128 295 40 32 276 239 122 296 332 347 138 336 222 95 101 194 147 324 275 323 363 352 277 102 223 244 211 104 310 100 282 383 382 0,2
PFG_MOEA,1248,1,369.23,5154.87,0 90 295 40 32 276 239 122 222 95 101 323 363 352 102 277 275 194 53 293 133 331 285 392 115 245 396 240 385 288 177 181 358 337 384 111 116 76 113 81 29 325 131 84 355 114 389 279 74 159 162 371 219 341 22 134 186 105 298 334 26 281 118 185 214 0,40 240 245 331
PFG_MOEA,1248,2,369.23,5154.87,0 91 24 212 375 284 14 184 318 70 292 263 8 373 169 108 72 52 130 44 386 0,318
PFG_MOEA,1248,3,369.23,5154.87,0 362 201 312 67 164 107 302 173 106 261 388 197 218 151 77 273 136 0,106
PFG_MOEA,1248,4,369.23,5154.87,0 399 172 182 397 36 11 92 86 141 266 303 357 319 199 228 267 366 289 231 34 58 68 161 235 35 249 88 135 233 156 94 230 374 350 311 4 314 193 340 299 321 269 120 142 37 51 145 123 137 59 109 127 57 226 19 13 80 38 0,340
PFG_MOEA,1248,5,369.23,5154.87,0 132 339 322 0,
PFG_MOEA,1248,6,369.23,5154.87,0 96 242 221 200 165 112 191 152 329 300 121 146 294 174 320 364 393 3 229 308 259 246 264 356 345 377 395 400 42 250 28 247 255 1 262 63 157 291 167 21 372 301 188 394 139 149 316 387 327 17 43 85 215 73 254 183 354 69 265 346 315 99 0,1 200 393
PFG_MOEA,1248,7,369.23,5154.87,0 93 398 227 234 213 190 251 175 390 18 103 155 83 378 31 304 0,
PFG_MOEA,1248,8,369.23,5154.87,0 48 192 330 238 129 148 260 391 0,
PFG_MOEA,1248,9,369.23,5154.87,0 268 272 30 65 283 326 305 154 204 6 208 205 166 66 271 39 0,272
PFG_MOEA,1248,10,369.23,5154.87,0 124 126 20 64 189 158 220 241 297 62 110 140 286 317 333 180 7 56 217 55 25 367 170 361 209 71 97 33 0,
PFG_MOEA,1248,11,369.23,5154.87,0 15 16 380 369 168 203 338 202 306 370 342 144 176 27 98 78 196 296 347 332 324 147 211 244 223 210 45 348 353 153 278 87 171 75 328 248 258 376 368 290 343 54 46 224 225 232 179 287 10 383 382 41 344 349 243 117 178 82 125 9 47 150 216 360 335 0,47 87 353
PFG_MOEA,1248,12,369.23,5154.87,0 207 307 313 359 365 253 206 187 100 310 104 282 143 79 160 50 60 257 270 379 195 5 309 280 351 237 256 274 49 198 163 138 336 252 236 381 23 128 119 2 89 12 61 0,
PFG_MOEA,1249,1,337.93,5308.22,0 187 206 253 313 359 365 0,
PFG_MOEA,1249,2,337.93,5308.22,0 207 307 198 280 351 256 237 101 53 293 133 331 285 392 95 222 163 138 336 252 236 128 119 2 89 12 61 0,133 222
PFG_MOEA,1249,3,337.93,5308.22,0 323 363 352 194 275 277 102 100 49 274 122 239 276 32 40 295 23 381 90 0,
PFG_MOEA,1249,4,337.93,5308.22,0 22 115 245 396 240 385 288 177 181 358 337 384 111 116 76 113 81 29 131 84 281 118 185 214 0,
PFG_MOEA,1249,5,337.93,5308.22,0 334 26 298 371 219 341 134 186 105 355 325 114 389 162 159 74 279 91 24 212 375 284 14 184 318 70 292 263 8 373 169 108 72 52 130 44 386 362 201 312 0,284
PFG_MOEA,1249,6,337.93,5308.22,0 399 172 182 397 36 11 92 86 141 266 303 357 319 199 228 267 366 289 231 34 58 68 161 235 35 249 88 135 233 156 94 230 57 127 109 59 137 136 273 77 151 218 197 388 261 106 173 302 107 164 67 294 226 19 13 80 38 0,
PFG_MOEA,1249,7,337.93,5308.22,0 374 350 311 4 314 193 340 299 321 269 120 142 37 51 145 123 146 121 322 339 132 174 320 364 393 3 229 308 356 264 259 246 42 1 255 247 152 191 112 329 300 165 200 221 242 96 0,132 264 340 393
PFG_MOEA,1249,8,337.93,5308.22,0 28 250 262 400 395 345 377 394 188 301 372 21 167 291 139 149 157 63 316 387 327 17 43 85 215 73 254 183 354 69 265 346 315 99 175 251 190 0,
PFG_MOEA,1249,9,337.93,5308.22,0 304 192 330 238 129 378 83 155 103 18 390 213 234 227 398 140 110 241 62 297 65 283 326 305 154 204 6 208 205 166 66 93 30 272 268 39 271 391 260 148 48 31 0,65 391
PFG_MOEA,1249,10,337.93,5308.22,0 33 71 225 97 232 209 361 170 367 25 55 217 56 7 317 286 333 180 220 158 189 64 20 126 124 224 10 287 179 0,
PFG_MOEA,1249,11,337.93,5308.22,0 15 168 203 369 16 380 335 360 216 150 9 47 125 309 5 195 379 270 210 45 348 353 153 278 87 171 75 328 248 54 46 383 382 344 349 243 117 178 82 41 0,82 87 195 353
PFG_MOEA,1249,12,337.93,5308.22,0 338 202 306 370 342 144 176 27 98 78 196 296 347 332 147 324 211 244 223 104 310 282 143 79 160 50 60 257 258 376 368 290 343 0,290
PFG_MOEA,1250,1,319.42,5478.6,0 222 0,
PFG_MOEA,1250,2,319.42,5478.6,0 95 101 323 363 352 102 277 275 194 53 293 133 331 285 392 115 245 396 240 385 288 177 181 358 337 384 111 116 76 113 81 29 325 131 84 355 114 389 279 74 159 162 371 219 341 22 134 186 105 298 334 26 281 0,105
PFG_MOEA,1250,3,319.42,5478.6,0 118 91 284 184 14 375 212 24 0,375
PFG_MOEA,1250,4,319.42,5478.6,0 399 397 36 11 92 199 86 141 266 319 357 303 289 366 267 228 8 263 292 70 318 373 169 108 72 52 130 44 386 362 201 312 67 164 107 302 173 106 261 388 197 218 151 77 273 136 182 172 0,86 197 318 362
PFG_MOEA,1250,5,319.42,5478.6,0 38 80 13 19 226 57 127 109 59 137 123 145 51 132 142 120 269 321 299 37 340 193 314 4 350 311 156 233 135 88 249 35 235 161 68 58 34 231 94 230 374 0,
PFG_MOEA,1250,6,319.42,5478.6,0 96 242 200 191 112 165 322 339 174 393 3 229 364 320 294 121 146 300 329 152 221 0,200 393
PFG_MOEA,1250,7,319.42,5478.6,0 93 85 247 28 246 259 308 264 356 345 377 395 400 42 250 255 1 262 63 157 291 167 21 372 301 188 394 139 149 316 387 327 17 43 73 215 254 183 354 69 265 346 315 99 390 175 251 190 18 213 234 227 398 0,
PFG_MOEA,1250,8,319.42,5478.6,0 304 31 48 330 192 129 238 148 260 391 271 66 166 205 208 6 204 154 305 326 283 65 62 297 241 158 189 220 110 140 103 155 83 378 124 126 20 64 30 272 268 39 0,62 205 220 391
PFG_MOEA,1250,9,319.42,5478.6,0 7 180 333 286 317 56 217 55 0,
PFG_MOEA,1250,10,319.42,5478.6,0 15 16 380 369 168 203 338 202 306 370 342 144 176 27 98 78 196 296 347 332 324 147 211 244 223 210 45 348 353 153 278 87 171 75 328 248 258 376 368 290 343 54 46 209 361 170 367 25 232 179 224 225 97 71 33 0,16 353 370
PFG_MOEA,1250,11,319.42,5478.6,0 365 253 206 61 89 2 119 128 216 336 138 163 150 47 125 9 100 282 310 104 143 79 160 50 60 257 270 379 195 5 309 280 351 237 256 287 10 383 382 344 349 243 117 178 82 41 0,47 138 178 206 243
PFG_MOEA,1250,12,319.42,5478.6,0 335 187 359 313 360 207 307 198 49 274 122 239 276 32 40 295 23 381 236 252 90 12 214 185 0,
PFG_MOEA,1251,1,312.87,5623.42,0 216 98 370 342 144 176 27 78 196 296 347 332 147 324 211 244 223 104 310 282 79 160 50 379 195 5 309 143 150 47 9 125 0,
PFG_MOEA,1251,2,312.87,5623.42,0 117 243 344 349 343 290 368 376 258 248 328 75 348 353 171 87 278 153 45 210 257 60 270 237 256 274 49 198 222 138 336 239 276 32 177 181 358 337 384 111 116 76 23 381 90 12 0,290 336 353
PFG_MOEA,1251,3,312.87,5623.42,0 22 118 185 214 2 119 128 236 252 40 295 122 392 285 331 133 293 53 101 352 363 323 194 275 277 102 100 351 280 95 163 61 89 207 307 313 359 253 365 0,307
PFG_MOEA,1251,4,312.87,5623.42,0 206 187 0,
PFG_MOEA,1251,5,312.87,5623.42,0 281 26 334 298 219 371 341 134 186 105 115 245 396 240 385 288 113 81 29 325 355 131 84 114 389 162 159 74 279 91 0,341
PFG_MOEA,1251,6,312.87,5623.42,0 80 13 19 226 57 127 109 59 137 136 273 77 151 218 197 388 261 106 173 302 107 164 67 312 201 362 386 44 130 52 72 108 169 373 8 263 292 70 318 184 14 284 375 212 24 303 357 319 182 172 38 0,318 362
PFG_MOEA,1251,7,312.87,5623.42,0 266 141 86 199 228 267 366 289 231 34 58 68 161 235 35 249 88 135 233 156 94 230 374 92 0,
PFG_MOEA,1251,8,312.87,5623.42,0 399 397 36 11 350 311 4 314 193 340 299 321 269 120 142 37 51 123 145 132 339 322 121 146 294 174 320 364 393 3 229 308 356 264 259 246 42 300 329 112 191 165 200 221 242 96 0,51 145 174 264 329
PFG_MOEA,1251,9,312.87,5623.42,0 152 247 28 250 345 377 395 400 394 188 301 372 167 21 139 291 262 1 255 0,
PFG_MOEA,1251,10,312.87,5623.42,0 85 215 73 43 17 327 387 316 149 157 63 354 183 254 69 265 346 315 99 175 251 190 390 18 103 155 83 378 0,175 390
PFG_MOEA,1251,11,312.87,5623.42,0 304 31 48 192 330 129 238 148 260 383 10 224 391 271 39 46 93 398 227 234 213 179 232 225 97 71 33 382 0,
PFG_MOEA,1251,12,312.87,5623.42,0 209 361 170 367 25 55 217 56 7 124 126 20 64 189 158 220 180 333 317 286 140 110 241 62 297 65 283 326 305 154 204 6 208 205 166 66 30 272 268 54 287 178 82 41 335 360 380 369 203 338 202 306 168 15 16 0,7 166 203 361
PFG_MOEA,1252,1,759.34,4800.0,0 219 341 105 389 114 84 131 355 325 29 81 113 76 116 111 384 337 358 181 177 288 385 240 396 245 115 392 285 331 133 293 53 163 150 9 125 47 216 89 61 206 253 365 0,245
PFG_MOEA,1252,2,759.34,4800.0,0 22 134 186 162 159 279 74 284 184 318 70 292 263 8 373 169 108 14 375 212 24 91 0,318
PFG_MOEA,1252,3,759.34,4800.0,0 304 31 48 148 260 224 71 33 129 238 330 192 200 165 112 191 152 127 57 109 59 137 273 136 247 17 43 85 215 73 254 69 354 183 327 387 157 149 188 394 316 63 262 1 255 250 28 42 400 395 377 345 356 264 259 246 308 229 197 218 151 77 107 164 67 302 388 3 106 173 261 320 364 393 312 201 362 329 300 123 51 145 322 121 146 294 174 339 132 120 142 37 269 321 299 340 233 135 88 249 35 161 235 68 58 34 386 231 289 366 267 228 44 130 52 72 303 357 319 266 141 86 92 199 156 94 230 311 374 11 36 397 350 4 314 193 182 172 13 19 226 221 242 96 80 38 0,33 106 174 200 303 311 394
PFG_MOEA,1252,4,759.34,4800.0,0 378 83 155 103 18 190 251 175 99 315 346 372 301 167 21 139 291 265 390 234 0,
PFG_MOEA,1252,5,759.34,4800.0,0 179 391 271 39 30 272 268 46 54 93 398 227 213 232 0,391
PFG_MOEA,1252,6,759.34,4800.0,0 225 0,
PFG_MOEA,1252,7,759.34,4800.0,0 97 209 361 170 367 0,
PFG_MOEA,1252,8,759.34,4800.0,0 399 15 168 203 338 202 306 370 342 144 176 27 98 78 196 369 380 16 41 82 178 117 243 344 349 66 343 290 368 376 258 248 328 75 348 353 45 210 278 153 171 87 6 208 205 166 158 189 220 241 62 297 65 283 204 154 305 326 110 140 180 333 317 286 25 55 217 56 7 124 126 20 64 287 10 383 382 0,62 66 205 220 342
PFG_MOEA,1252,9,759.34,4800.0,0 2 119 128 295 40 32 276 239 122 296 332 347 138 336 222 95 101 194 147 324 275 323 363 352 277 102 223 244 211 104 310 100 282 143 79 160 50 60 257 270 379 195 5 309 280 351 237 256 274 49 198 252 236 0,
PFG_MOEA,1252,10,759.34,4800.0,0 381 23 90 12 207 307 0,
PFG_MOEA,1252,11,759.34,4800.0,0 335 187 359 313 360 214 0,
PFG_MOEA,1252,12,759.34,4800.0,0 185 118 281 26 334 298 371 0,
PFG_MOEA,1253,1,314.81,5596.11,0 12 90 128 236 252 336 276 138 222 198 49 274 256 237 351 280 309 5 290 343 313 207 0,222
PFG_MOEA,1253,2,314.81,5596.11,0 91 292 263 8 373 169 108 14 375 212 24 371 219 341 298 334 26 281 118 185 214 295 40 32 239 122 95 101 352 363 323 194 275 277 102 100 23 381 119 2 307 359 187 148 48 31 304 0,23
PFG_MOEA,1253,3,314.81,5596.11,0 260 224 71 33 127 152 191 112 165 200 129 238 330 192 0,33
PFG_MOEA,1253,4,314.81,5596.11,0 57 67 302 173 106 3 388 164 107 77 151 218 197 229 308 246 259 264 356 345 377 395 400 42 28 250 255 1 262 63 316 394 188 149 157 387 327 183 354 69 254 73 215 85 43 17 247 136 273 137 59 109 0,
PFG_MOEA,1253,5,314.81,5596.11,0 329 300 362 123 51 145 322 121 146 201 261 320 364 393 312 294 174 339 132 206 253 365 360 335 0,362 393
PFG_MOEA,1253,6,314.81,5596.11,0 61 358 181 177 288 385 240 396 245 115 392 285 331 133 293 53 163 150 9 125 47 216 89 0,
PFG_MOEA,1253,7,314.81,5596.11,0 80 13 19 226 35 161 235 58 34 386 231 289 366 267 228 44 130 52 72 318 70 184 284 74 279 159 162 389 114 355 325 384 337 111 116 76 113 81 29 131 84 105 186 134 22 0,
PFG_MOEA,1253,8,314.81,5596.11,0 38 96 242 221 172 182 397 350 311 4 314 193 230 94 156 374 36 11 92 319 357 303 266 141 86 199 68 135 88 249 233 340 299 321 269 120 142 37 301 21 139 291 167 372 346 315 99 175 251 0,182
PFG_MOEA,1253,9,314.81,5596.11,0 97 225 232 179 391 271 158 241 62 297 65 283 204 154 305 326 110 140 286 317 333 180 220 126 124 7 56 217 55 25 367 170 361 209 227 234 213 190 390 265 18 103 155 83 378 398 93 54 46 268 272 30 39 0,65 154
PFG_MOEA,1253,10,314.81,5596.11,0 399 15 16 380 41 82 178 117 243 344 349 20 189 64 166 205 208 6 87 171 153 278 210 353 258 376 368 66 287 10 383 382 0,243
PFG_MOEA,1253,11,314.81,5596.11,0 369 338 203 168 0,
PFG_MOEA,1253,12,314.81,5596.11,0 202 306 370 342 144 176 27 98 78 196 296 347 332 324 147 211 244 223 104 310 282 143 79 160 50 60 257 270 379 195 45 348 75 328 248 0,370
PFG_MOEA,1254,1,411.21,4974.5,0 12 90 381 23 32 276 239 336 138 222 198 49 274 256 237 351 280 252 236 128 119 2 0,23
PFG_MOEA,1254,2,411.21,4974.5,0 22 118 185 214 295 40 122 392 285 331 133 293 53 101 352 363 323 194 275 277 102 100 95 163 61 89 207 307 313 359 365 253 206 187 0,22 100
PFG_MOEA,1254,3,411.21,4974.5,0 115 0,
PFG_MOEA,1254,4,411.21,4974.5,0 245 396 240 385 288 177 181 358 337 384 111 116 76 113 81 29 325 355 0,
PFG_MOEA,1254,5,411.21,4974.5,0 281 26 334 298 341 134 186 131 84 114 389 105 219 371 162 159 74 279 91 24 212 375 284 14 184 318 70 292 263 8 373 169 108 72 52 130 44 386 362 201 312 67 164 107 302 173 106 261 388 197 218 151 77 273 136 137 59 109 127 57 226 19 13 80 0,77 106 284
PFG_MOEA,1254,6,411.21,4974.5,0 38 172 182 319 303 357 266 141 86 199 228 267 366 289 231 34 58 68 161 235 35 249 88 135 233 156 94 230 374 92 11 36 397 350 311 4 314 193 340 299 321 269 120 142 37 51 123 145 132 339 322 121 146 294 174 320 364 393 3 229 308 356 264 259 246 42 300 329 112 221 242 96 0,51 174 229 246 299
PFG_MOEA,1254,7,411.21,4974.5,0 399 200 165 191 152 247 255 1 262 250 28 345 377 395 400 394 188 301 372 21 167 291 139 149 157 63 316 387 327 17 43 85 215 73 254 183 354 69 265 346 315 99 175 251 190 390 18 103 155 83 378 213 234 227 398 93 224 179 232 225 97 71 33 260 148 238 129 330 192 48 31 304 0,93
PFG_MOEA,1254,8,411.21,4974.5,0 382 383 10 391 271 39 46 54 268 272 30 66 166 205 208 6 204 154 305 326 283 65 297 62 241 110 140 286 317 333 180 220 158 189 64 20 126 124 7 56 217 55 25 367 170 361 209 287 0,55 62 66 220
PFG_MOEA,1254,9,411.21,4974.5,0 380 0,
PFG_MOEA,1254,10,411.21,4974.5,0 16 369 15 0,
PFG_MOEA,1254,11,411.21,4974.5,0 168 203 178 82 41 0,178
PFG_MOEA,1254,12,411.21,4974.5,0 335 360 338 202 306 370 342 144 176 27 98 78 196 296 347 332 216 47 125 9 150 147 324 211 244 223 104 310 282 143 309 5 195 379 79 160 50 60 270 257 210 45 153 278 87 171 353 348 75 328 248 258 376 368 290 343 349 344 243 117 0,
PFG_MOEA,1255,1,312.55,5795.78,0 336 138 239 122 296 347 332 324 275 277 104 211 244 223 102 352 363 323 194 147 101 95 222 0,122 211 222 277
PFG_MOEA,1255,2,312.55,5795.78,0 335 360 207 307 313 359 187 100 310 282 143 79 160 50 60 257 270 379 195 5 309 280 351 237 256 274 49 198 252 236 381 23 90 12 214 185 118 281 26 334 298 371 72 52 130 44 386 80 0,5 307
PFG_MOEA,1255,3,312.55,5795.78,0 13 19 226 57 127 109 59 137 136 273 77 151 218 197 388 261 106 173 302 107 164 67 312 201 362 123 51 145 294 174 339 132 142 120 269 321 299 0,174
PFG_MOEA,1255,4,312.55,5795.78,0 340 233 135 88 249 35 235 161 68 58 34 231 289 366 267 228 141 266 303 357 319 86 199 156 94 0,303
PFG_MOEA,1255,5,312.55,5795.78,0 38 172 182 397 36 11 92 374 230 311 350 4 314 193 37 322 121 146 320 364 393 3 229 308 356 264 259 246 42 300 329 112 191 152 221 242 96 0,42 264
PFG_MOEA,1255,6,312.55,5795.78,0 200 165 129 0,
PFG_MOEA,1255,7,312.55,5795.78,0 304 330 395 400 394 188 301 372 21 167 291 139 149 157 63 316 387 17 43 33 71 224 260 0,
PFG_MOEA,1255,8,312.55,5795.78,0 399 247 28 250 345 377 262 1 255 327 254 73 215 85 93 179 232 225 97 148 238 192 48 31 0,93
PFG_MOEA,1255,9,312.55,5795.78,0 378 69 183 354 265 346 315 99 175 251 190 390 18 103 155 83 234 213 227 398 209 361 170 367 25 55 217 56 7 180 333 317 286 140 110 62 297 65 283 326 305 154 204 6 208 241 220 158 189 64 20 126 124 0,175
PFG_MOEA,1255,10,312.55,5795.78,0 287 382 383 10 268 272 30 66 166 205 271 39 391 53 293 133 331 285 392 115 245 396 240 385 288 177 181 358 337 384 111 116 76 113 81 29 325 355 131 84 114 389 105 341 219 0,
PFG_MOEA,1255,11,312.55,5795.78,0 91 24 212 375 14 108 169 373 8 263 292 70 318 184 284 74 279 159 162 22 134 186 89 216 47 125 9 150 163 61 365 253 206 46 54 0,
PFG_MOEA,1255,12,312.55,5795.78,0 41 82 178 117 243 344 349 343 290 368 376 258 248 328 75 171 87 153 278 210 45 353 348 2 119 128 295 40 32 276 196 78 98 27 176 144 342 370 306 202 338 203 168 369 380 16 15 0,16 87 203
PFG_MOEA,1256,1,389.39,5146.42,0 163 78 53 293 133 331 285 392 98 115 245 27 396 240 385 288 177 181 358 337 384 111 116 76 113 81 29 325 355 131 84 114 389 91 279 74 159 162 371 219 298 341 22 134 186 105 118 185 0,
PFG_MOEA,1256,2,389.39,5146.42,0 281 26 334 24 212 375 284 14 184 318 70 292 263 8 373 169 108 72 52 130 44 386 51 145 123 362 201 294 312 67 164 107 302 173 106 261 388 197 218 151 77 273 136 137 59 109 127 57 226 19 13 80 0,
PFG_MOEA,1256,3,389.39,5146.42,0 142 339 174 132 120 269 321 299 340 233 135 88 249 35 235 161 68 58 34 231 289 366 267 228 141 266 303 357 319 86 199 156 94 230 374 92 11 36 397 350 311 4 314 193 0,88
PFG_MOEA,1256,4,389.39,5146.42,0 182 172 38 0,
PFG_MOEA,1256,5,389.39,5146.42,0 37 322 121 146 320 364 393 3 229 308 356 264 259 246 42 300 329 112 152 191 165 200 221 242 96 0,152 264 329
PFG_MOEA,1256,6,389.39,5146.42,0 129 33 71 224 260 0,
PFG_MOEA,1256,7,389.39,5146.42,0 399 247 255 1 262 250 28 345 377 395 400 394 188 301 372 21 167 291 139 149 157 63 316 387 17 43 73 254 327 183 354 69 215 85 93 179 232 225 97 148 48 238 330 192 31 304 0,395
PFG_MOEA,1256,8,389.39,5146.42,0 16 15 168 203 369 380 391 271 39 268 272 30 66 166 205 208 6 204 154 305 326 283 65 297 62 241 110 140 286 317 333 180 220 158 189 64 20 126 124 7 56 217 55 25 367 170 361 209 398 227 234 213 190 251 175 99 315 346 265 390 18 103 155 83 378 54 46 287 10 383 382 41 0,7 16 20 103 272
PFG_MOEA,1256,9,389.39,5146.42,0 82 178 117 243 368 376 258 353 153 171 87 278 210 143 237 256 274 49 100 282 310 104 102 277 275 194 323 363 352 101 198 95 222 138 122 276 336 252 236 128 23 381 90 119 2 12 0,
PFG_MOEA,1256,10,389.39,5146.42,0 344 349 351 280 309 5 79 160 50 60 257 270 379 195 45 348 75 328 248 290 343 187 0,
PFG_MOEA,1256,11,389.39,5146.42,0 214 295 40 32 239 370 342 144 176 150 47 9 125 216 89 61 207 307 313 359 206 253 365 360 335 0,176
PFG_MOEA,1256,12,389.39,5146.42,0 338 202 306 196 296 347 332 324 147 211 244 223 0,
PFG_MOEA,1257,1,413.96,4915.5,0 187 206 253 365 359 313 307 207 61 12 89 2 119 128 236 252 336 138 163 222 95 198 351 280 237 256 274 49 100 102 277 275 194 323 363 352 101 53 293 133 331 285 392 122 239 276 32 40 295 23 381 90 113 81 29 76 116 111 384 337 358 181 177 288 385 240 396 245 115 22 118 185 214 0,245 381
PFG_MOEA,1257,2,413.96,4915.5,0 281 84 131 325 355 114 389 186 134 341 298 26 334 0,
PFG_MOEA,1257,3,413.96,4915.5,0 371 219 105 162 159 74 279 91 24 212 375 284 14 184 318 70 292 263 8 373 169 108 72 52 130 44 386 362 201 312 67 164 107 302 173 106 261 388 197 218 151 77 273 136 137 59 0,
PFG_MOEA,1257,4,413.96,4915.5,0 57 127 109 226 0,
PFG_MOEA,1257,5,413.96,4915.5,0 19 0,
PFG_MOEA,1257,6,413.96,4915.5,0 38 303 357 266 141 86 199 228 267 366 289 231 34 58 68 161 235 35 249 88 135 233 319 182 172 13 80 0,88
PFG_MOEA,1257,7,413.96,4915.5,0 399 397 36 11 92 156 94 230 374 350 311 4 314 193 340 299 321 269 120 142 37 51 123 145 132 339 322 121 146 294 174 320 364 393 3 229 308 356 264 259 246 42 300 329 112 191 165 200 221 242 96 0,11 340 374 393
PFG_MOEA,1257,8,413.96,4915.5,0 152 247 255 1 262 250 28 345 377 395 400 394 188 301 372 21 167 291 139 149 157 63 316 387 327 17 43 85 215 73 254 183 354 69 265 346 315 99 175 251 190 390 18 103 155 83 378 213 234 227 398 93 0,1 152 175 227
PFG_MOEA,1257,9,413.96,4915.5,0 304 31 48 192 330 238 129 148 260 391 271 39 268 272 30 66 166 205 208 6 204 154 305 326 283 65 297 62 241 110 140 286 317 333 180 220 158 189 64 20 126 124 7 56 217 55 25 367 170 361 209 71 33 97 225 232 179 224 0,55 391
PFG_MOEA,1257,10,413.96,4915.5,0 287 10 383 382 0,
PFG_MOEA,1257,11,413.96,4915.5,0 16 15 168 203 369 380 82 178 117 243 349 344 54 46 41 0,
PFG_MOEA,1257,12,413.96,4915.5,0 335 360 216 150 9 47 125 309 5 343 290 368 376 258 248 328 75 171 87 278 153 353 348 45 210 195 379 270 257 60 50 160 79 143 282 310 104 223 244 211 324 147 332 347 296 196 78 98 27 176 144 342 370 306 202 338 0,
PFG_MOEA,1258,1,320.55,5348.04,0 80 13 172 182 397 36 11 92 233 135 88 249 35 235 161 68 58 34 231 289 319 399 0,
PFG_MOEA,1258,2,320.55,5348.04,0 374 230 94 156 311 350 4 314 193 340 299 321 269 120 142 132 339 174 320 364 308 229 3 393 294 146 121 322 123 145 51 37 0,393
PFG_MOEA,1258,3,320.55,5348.04,0 96 242 221 200 165 112 329 300 191 152 247 255 1 262 42 250 28 246 259 264 356 345 377 395 400 394 188 301 372 21 167 291 139 149 157 63 316 387 327 17 43 85 215 73 254 183 354 69 265 346 315 99 175 251 190 0,215
PFG_MOEA,1258,4,320.55,5348.04,0 304 31 192 330 238 129 398 227 234 213 18 390 286 140 110 241 93 260 148 48 0,
PFG_MOEA,1258,5,320.55,5348.04,0 317 333 0,
PFG_MOEA,1258,6,320.55,5348.04,0 33 71 209 361 170 367 25 55 217 56 7 180 220 158 189 64 20 126 124 224 10 383 382 16 203 168 15 0,25
PFG_MOEA,1258,7,320.55,5348.04,0 380 369 335 360 216 150 9 47 125 309 5 195 379 270 210 45 348 353 153 278 87 171 75 328 248 258 376 368 290 343 54 46 344 349 243 117 178 82 41 0,
PFG_MOEA,1258,8,320.55,5348.04,0 338 202 306 370 342 144 176 27 98 78 196 296 347 332 147 324 211 244 223 104 310 282 143 79 160 50 60 257 6 204 154 305 326 283 62 297 65 208 205 166 66 30 272 268 0,66
PFG_MOEA,1258,9,320.55,5348.04,0 187 206 253 365 359 313 307 207 61 12 89 2 119 128 236 252 336 138 163 222 95 198 351 256 237 280 391 271 39 378 83 155 103 232 179 287 225 97 0,138 307
PFG_MOEA,1258,10,320.55,5348.04,0 22 389 114 84 131 325 355 29 81 113 76 116 111 384 337 358 181 177 288 385 240 396 245 115 392 285 331 133 293 53 101 352 363 323 194 275 277 102 100 49 274 122 239 276 32 40 295 23 381 90 214 185 281 118 0,323 331
PFG_MOEA,1258,11,320.55,5348.04,0 334 298 26 105 186 134 341 219 371 24 212 375 14 184 318 70 292 263 8 373 169 284 74 279 91 159 162 0,134
PFG_MOEA,1258,12,320.55,5348.04,0 38 19 226 57 127 109 59 137 136 273 77 151 218 197 388 261 106 173 302 107 164 67 312 201 362 366 267 228 386 44 130 52 72 108 303 357 266 141 86 199 0,106 386
PFG_MOEA,1259,1,270.73,5843.94,0 335 187 309 5 195 379 270 257 60 50 160 79 143 280 351 237 256 274 49 198 252 236 381 23 90 12 207 307 0,
PFG_MOEA,1259,2,270.73,5843.94,0 61 313 359 206 253 365 360 214 185 118 281 26 334 298 371 22 134 186 162 159 292 263 8 373 318 70 184 284 74 279 0,134 284 313 318
PFG_MOEA,1259,3,270.73,5843.94,0 91 169 108 14 375 212 24 192 330 238 129 200 165 112 191 152 127 57 109 59 137 273 136 247 17 43 85 215 33 71 224 260 148 48 31 304 0,33 200
PFG_MOEA,1259,4,270.73,5843.94,0 73 254 69 354 183 327 387 157 149 188 394 316 63 262 1 255 250 28 42 400 395 377 345 356 264 259 246 308 229 197 218 151 77 107 164 67 302 388 3 106 173 261 320 364 0,
PFG_MOEA,1259,5,270.73,5843.94,0 329 300 362 123 51 145 322 121 146 201 312 393 294 174 339 132 120 142 0,145 174
PFG_MOEA,1259,6,270.73,5843.94,0 37 269 321 299 340 219 341 105 84 131 29 81 113 76 116 111 181 358 337 384 325 355 114 389 0,341
PFG_MOEA,1259,7,270.73,5843.94,0 89 216 47 125 9 150 163 53 293 133 331 285 392 115 245 396 240 385 288 177 34 58 235 135 233 88 249 35 161 68 0,133 240
PFG_MOEA,1259,8,270.73,5843.94,0 172 182 193 314 4 350 397 36 11 374 311 230 94 156 199 92 86 319 266 141 289 231 386 366 267 228 44 130 52 72 303 357 13 19 226 221 242 96 0,141 386
PFG_MOEA,1259,9,270.73,5843.94,0 38 80 378 83 291 139 21 167 301 372 346 315 265 390 99 175 251 190 18 103 155 234 227 398 93 54 46 268 272 30 39 271 391 179 0,
PFG_MOEA,1259,10,270.73,5843.94,0 97 225 232 209 361 213 170 367 328 248 258 376 368 290 343 66 349 344 243 117 178 82 41 16 380 369 196 78 98 27 176 144 342 370 306 202 338 203 168 15 399 0,82 176 225
PFG_MOEA,1259,11,270.73,5843.94,0 287 64 166 205 75 348 353 45 210 278 153 171 87 6 208 158 189 220 241 62 297 65 283 204 154 305 326 110 140 180 333 317 286 25 55 217 56 7 124 126 20 10 0,65 126
PFG_MOEA,1259,12,270.73,5843.94,0 2 119 128 295 40 32 276 239 122 296 332 347 138 336 222 95 101 194 147 324 275 323 363 352 277 102 223 244 211 104 310 100 282 383 382 0,2
PFG_MOEA,1260,1,369.23,5154.87,0 90 295 40 32 276 239 122 222 95 101 323 363 352 102 277 275 194 53 293 133 331 285 392 115 245 396 240 385 288 177 181 358 337 384 111 116 76 113 81 29 325 131 84 355 114 389 279 74 159 162 371 219 341 22 134 186 105 298 334 26 281 118 185 214 0,40 240 245 331
PFG_MOEA,1260,2,369.23,5154.87,0 91 24 212 375 284 14 184 318 70 292 263 8 373 169 108 72 52 130 44 386 0,318
PFG_MOEA,1260,3,369.23,5154.87,0 362 201 312 67 164 107 302 173 106 261 388 197 218 151 77 273 136 0,106
PFG_MOEA,1260,4,369.23,5154.87,0 399 172 182 397 36 11 92 86 141 266 303 357 319 199 228 267 366 289 231 34 58 68 161 235 35 249 88 135 233 156 94 230 374 350 311 4 314 193 340 299 321 269 120 142 37 51 145 123 137 59 109 127 57 226 19 13 80 38 0,340
PFG_MOEA,1260,5,369.23,5154.87,0 132 339 322 0,
PFG_MOEA,1260,6,369.23,5154.87,0 96 242 221 200 165 112 191 152 329 300 121 146 294 174 320 364 393 3 229 308 259 246 264 356 345 377 395 400 42 250 28 247 255 1 262 63 157 291 167 21 372 301 188 394 139 149 316 387 327 17 43 85 215 73 254 183 354 69 265 346 315 99 0,1 200 393
PFG_MOEA,1260,7,369.23,5154.87,0 93 398 227 234 213 190 251 175 390 18 103 155 83 378 31 304 0,
PFG_MOEA,1260,8,369.23,5154.87,0 48 192 330 238 129 148 260 391 0,
PFG_MOEA,1260,9,369.23,5154.87,0 268 272 30 65 283 326 305 154 204 6 208 205 166 66 271 39 0,272
PFG_MOEA,1260,10,369.23,5154.87,0 124 126 20 64 189 158 220 241 297 62 110 140 286 317 333 180 7 56 217 55 25 367 170 361 209 71 97 33 0,
PFG_MOEA,1260,11,369.23,5154.87,0 15 16 380 369 168 203 338 202 306 370 342 144 176 27 98 78 196 296 347 332 324 147 211 244 223 210 45 348 353 153 278 87 171 75 328 248 258 376 368 290 343 54 46 224 225 232 179 287 10 383 382 41 344 349 243 117 178 82 125 9 47 150 216 360 335 0,47 87 353
PFG_MOEA,1260,12,369.23,5154.87,0 207 307 313 359 365 253 206 187 100 310 104 282 143 79 160 50 60 257 270 379 195 5 309 280 351 237 256 274 49 198 163 138 336 252 236 381 23 128 119 2 89 12 61 0,
PFG_MOEA,1261,1,337.93,5308.22,0 187 206 253 313 359 365 0,
PFG_MOEA,1261,2,337.93,5308.22,0 207 307 198 280 351 256 237 101 53 293 133 331 285 392 95 222 163 138 336 252 236 128 119 2 89 12 61 0,133 222
PFG_MOEA,1261,3,337.93,5308.22,0 323 363 352 194 275 277 102 100 49 274 122 239 276 32 40 295 23 381 90 0,
PFG_MOEA,1261,4,337.93,5308.22,0 22 115 245 396 240 385 288 177 181 358 337 384 111 116 76 113 81 29 131 84 281 118 185 214 0,
PFG_MOEA,1261,5,337.93,5308.22,0 334 26 298 371 219 341 134 186 105 355 325 114 389 162 159 74 279 91 24 212 375 284 14 184 318 70 292 263 8 373 169 108 72 52 130 44 386 362 201 312 0,284
PFG_MOEA,1261,6,337.93,5308.22,0 399 172 182 397 36 11 92 86 141 266 303 357 319 199 228 267 366 289 231 34 58 68 161 235 35 249 88 135 233 156 94 230 57 127 109 59 137 136 273 77 151 218 197 388 261 106 173 302 107 164 67 294 226 19 13 80 38 0,
PFG_MOEA,1261,7,337.93,5308.22,0 374 350 311 4 314 193 340 299 321 269 120 142 37 51 145 123 146 121 322 339 132 174 320 364 393 3 229 308 356 264 259 246 42 1 255 247 152 191 112 329 300 165 200 221 242 96 0,132 264 340 393
PFG_MOEA,1261,8,337.93,5308.22,0 28 250 262 400 395 345 377 394 188 301 372 21 167 291 139 149 157 63 316 387 327 17 43 85 215 73 254 183 354 69 265 346 315 99 175 251 190 0,
PFG_MOEA,1261,9,337.93,5308.22,0 304 192 330 238 129 378 83 155 103 18 390 213 234 227 398 140 110 241 62 297 65 283 326 305 154 204 6 208 205 166 66 93 30 272 268 39 271 391 260 148 48 31 0,65 391
PFG_MOEA,1261,10,337.93,5308.22,0 33 71 225 97 232 209 361 170 367 25 55 217 56 7 317 286 333 180 220 158 189 64 20 126 124 224 10 287 179 0,
PFG_MOEA,1261,11,337.93,5308.22,0 15 168 203 369 16 380 335 360 216 150 9 47 125 309 5 195 379 270 210 45 348 353 153 278 87 171 75 328 248 54 46 383 382 344 349 243 117 178 82 41 0,82 87 195 353
PFG_MOEA,1261,12,337.93,5308.22,0 338 202 306 370 342 144 176 27 98 78 196 296 347 332 147 324 211 244 223 104 310 282 143 79 160 50 60 257 258 376 368 290 343 0,290
PFG_MOEA,1262,1,319.42,5478.6,0 222 0,
PFG_MOEA,1262,2,319.42,5478.6,0 95 101 323 363 352 102 277 275 194 53 293 133 331 285 392 115 245 396 240 385 288 177 181 358 337 384 111 116 76 113 81 29 325 131 84 355 114 389 279 74 159 162 371 219 341 22 134 186 105 298 334 26 281 0,105
PFG_MOEA,1262,3,319.42,5478.6,0 118 91 284 184 14 375 212 24 0,375
PFG_MOEA,1262,4,319.42,5478.6,0 399 397 36 11 92 199 86 141 266 319 357 303 289 366 267 228 8 263 292 70 318 373 169 108 72 52 130 44 386 362 201 312 67 164 107 302 173 106 261 388 197 218 151 77 273 136 182 172 0,86 197 318 362
PFG_MOEA,1262,5,319.42,5478.6,0 38 80 13 19 226 57 127 109 59 137 123 145 51 132 142 120 269 321 299 37 340 193 314 4 350 311 156 233 135 88 249 35 235 161 68 58 34 231 94 230 374 0,
PFG_MOEA,1262,6,319.42,5478.6,0 96 242 200 191 112 165 322 339 174 393 3 229 364 320 294 121 146 300 329 152 221 0,200 393
PFG_MOEA,1262,7,319.42,5478.6,0 93 85 247 28 246 259 308 264 356 345 377 395 400 42 250 255 1 262 63 157 291 167 21 372 301 188 394 139 149 316 387 327 17 43 73 215 254 183 354 69 265 346 315 99 390 175 251 190 18 213 234 227 398 0,
PFG_MOEA,1262,8,319.42,5478.6,0 304 31 48 330 192 129 238 148 260 391 271 66 166 205 208 6 204 154 305 326 283 65 62 297 241 158 189 220 110 140 103 155 83 378 124 126 20 64 30 272 268 39 0,62 205 220 391
PFG_MOEA,1262,9,319.42,5478.6,0 7 180 333 286 317 56 217 55 0,
PFG_MOEA,1262,10,319.42,5478.6,0 15 16 380 369 168 203 338 202 306 370 342 144 176 27 98 78 196 296 347 332 324 147 211 244 223 210 45 348 353 153 278 87 171 75 328 248 258 376 368 290 343 54 46 209 361 170 367 25 232 179 224 225 97 71 33 0,16 353 370
PFG_MOEA,1262,11,319.42,5478.6,0 365 253 206 61 89 2 119 128 216 336 138 163 150 47 125 9 100 282 310 104 143 79 160 50 60 257 270 379 195 5 309 280 351 237 256 287 10 383 382 344 349 243 117 178 82 41 0,47 138 178 206 243
PFG_MOEA,1262,12,319.42,5478.6,0 335 187 359 313 360 207 307 198 49 274 122 239 276 32 40 295 23 381 236 252 90 12 214 185 0,
PFG_MOEA,1263,1,312.87,5623.42,0 216 98 370 342 144 176 27 78 196 296 347 332 147 324 211 244 223 104 310 282 79 160 50 379 195 5 309 143 150 47 9 125 0,
PFG_MOEA,1263,2,312.87,5623.42,0 117 243 344 349 343 290 368 376 258 248 328 75 348 353 171 87 278 153 45 210 257 60 270 237 256 274 49 198 222 138 336 239 276 32 177 181 358 337 384 111 116 76 23 381 90 12 0,290 336 353
PFG_MOEA,1263,3,312.87,5623.42,0 22 118 185 214 2 119 128 236 252 40 295 122 392 285 331 133 293 53 101 352 363 323 194 275 277 102 100 351 280 95 163 61 89 207 307 313 359 253 365 0,307
PFG_MOEA,1263,4,312.87,5623.42,0 206 187 0,
PFG_MOEA,1263,5,312.87,5623.42,0 281 26 334 298 219 371 341 134 186 105 115 245 396 240 385 288 113 81 29 325 355 131 84 114 389 162 159 74 279 91 0,341
PFG_MOEA,1263,6,312.87,5623.42,0 80 13 19 226 57 127 109 59 137 136 273 77 151 218 197 388 261 106 173 302 107 164 67 312 201 362 386 44 130 52 72 108 169 373 8 263 292 70 318 184 14 284 375 212 24 303 357 319 182 172 38 0,318 362
PFG_MOEA,1263,7,312.87,5623.42,0 266 141 86 199 228 267 366 289 231 34 58 68 161 235 35 249 88 135 233 156 94 230 374 92 0,
PFG_MOEA,1263,8,312.87,5623.42,0 399 397 36 11 350 311 4 314 193 340 299 321 269 120 142 37 51 123 145 132 339 322 121 146 294 174 320 364 393 3 229 308 356 264 259 246 42 300 329 112 191 165 200 221 242 96 0,51 145 174 264 329
PFG_MOEA,1263,9,312.87,5623.42,0 152 247 28 250 345 377 395 400 394 188 301 372 167 21 139 291 262 1 255 0,
PFG_MOEA,1263,10,312.87,5623.42,0 85 215 73 43 17 327 387 316 149 157 63 354 183 254 69 265 346 315 99 175 251 190 390 18 103 155 83 378 0,175 390
PFG_MOEA,1263,11,312.87,5623.42,0 304 31 48 192 330 129 238 148 260 383 10 224 391 271 39 46 93 398 227 234 213 179 232 225 97 71 33 382 0,
PFG_MOEA,1263,12,312.87,5623.42,0 209 361 170 367 25 55 217 56 7 124 126 20 64 189 158 220 180 333 317 286 140 110 241 62 297 65 283 326 305 154 204 6 208 205 166 66 30 272 268 54 287 178 82 41 335 360 380 369 203 338 202 306 168 15 16 0,7 166 203 361
PFG_MOEA,1264,1,759.34,4800.0,0 219 341 105 389 114 84 131 355 325 29 81 113 76 116 111 384 337 358 181 177 288 385 240 396 245 115 392 285 331 133 293 53 163 150 9 125 47 216 89 61 206 253 365 0,245
PFG_MOEA,1264,2,759.34,4800.0,0 22 134 186 162 159 279 74 284 184 318 70 292 263 8 373 169 108 14 375 212 24 91 0,318
PFG_MOEA,1264,3,759.34,4800.0,0 304 31 48 148 260 224 71 33 129 238 330 192 200 165 112 191 152 127 57 109 59 137 273 136 247 17 43 85 215 73 254 69 354 183 327 387 157 149 188 394 316 63 262 1 255 250 28 42 400 395 377 345 356 264 259 246 308 229 197 218 151 77 107 164 67 302 388 3 106 173 261 320 364 393 312 201 362 329 300 123 51 145 322 121 146 294 174 339 132 120 142 37 269 321 299 340 233 135 88 249 35 161 235 68 58 34 386 231 289 366 267 228 44 130 52 72 303 357 319 266 141 86 92 199 156 94 230 311 374 11 36 397 350 4 314 193 182 172 13 19 226 221 242 96 80 38 0,33 106 174 200 303 311 394
PFG_MOEA,1264,4,759.34,4800.0,0 378 83 155 103 18 190 251 175 99 315 346 372 301 167 21 139 291 265 390 234 0,
PFG_MOEA,1264,5,759.34,4800.0,0 179 391 271 39 30 272 268 46 54 93 398 227 213 232 0,391
PFG_MOEA,1264,6,759.34,4800.0,0 225 0,
PFG_MOEA,1264,7,759.34,4800.0,0 97 209 361 170 367 0,
PFG_MOEA,1264,8,759.34,4800.0,0 399 15 168 203 338 202 306 370 342 144 176 27 98 78 196 369 380 16 41 82 178 117 243 344 349 66 343 290 368 376 258 248 328 75 348 353 45 210 278 153 171 87 6 208 205 166 158 189 220 241 62 297 65 283 204 154 305 326 110 140 180 333 317 286 25 55 217 56 7 124 126 20 64 287 10 383 382 0,62 66 205 220 342
PFG_MOEA,1264,9,759.34,4800.0,0 2 119 128 295 40 32 276 239 122 296 332 347 138 336 222 95 101 194 147 324 275 323 363 352 277 102 223 244 211 104 310 100 282 143 79 160 50 60 257 270 379 195 5 309 280 351 237 256 274 49 198 252 236 0,
PFG_MOEA,1264,10,759.34,4800.0,0 381 23 90 12 207 307 0,
PFG_MOEA,1264,11,759.34,4800.0,0 335 187 359 313 360 214 0,
PFG_MOEA,1264,12,759.34,4800.0,0 185 118 281 26 334 298 371 0,
PFG_MOEA,1265,1,314.81,5596.11,0 12 90 128 236 252 336 276 138 222 198 49 274 256 237 351 280 309 5 290 343 313 207 0,222
PFG_MOEA,1265,2,314.81,5596.11,0 91 292 263 8 373 169 108 14 375 212 24 371 219 341 298 334 26 281 118 185 214 295 40 32 239 122 95 101 352 363 323 194 275 277 102 100 23 381 119 2 307 359 187 148 48 31 304 0,23
PFG_MOEA,1265,3,314.81,5596.11,0 260 224 71 33 127 152 191 112 165 200 129 238 330 192 0,33
PFG_MOEA,1265,4,314.81,5596.11,0 57 67 302 173 106 3 388 164 107 77 151 218 197 229 308 246 259 264 356 345 377 395 400 42 28 250 255 1 262 63 316 394 188 149 157 387 327 183 354 69 254 73 215 85 43 17 247 136 273 137 59 109 0,
PFG_MOEA,1265,5,314.81,5596.11,0 329 300 362 123 51 145 322 121 146 201 261 320 364 393 312 294 174 339 132 206 253 365 360 335 0,362 393
PFG_MOEA,1265,6,314.81,5596.11,0 61 358 181 177 288 385 240 396 245 115 392 285 331 133 293 53 163 150 9 125 47 216 89 0,
PFG_MOEA,1265,7,314.81,5596.11,0 80 13 19 226 35 161 235 58 34 386 231 289 366 267 228 44 130 52 72 318 70 184 284 74 279 159 162 389 114 355 325 384 337 111 116 76 113 81 29 131 84 105 186 134 22 0,
PFG_MOEA,1265,8,314.81,5596.11,0 38 96 242 221 172 182 397 350 311 4 314 193 230 94 156 374 36 11 92 319 357 303 266 141 86 199 68 135 88 249 233 340 299 321 269 120 142 37 301 21 139 291 167 372 346 315 99 175 251 0,182
PFG_MOEA,1265,9,314.81,5596.11,0 97 225 232 179 391 271 158 241 62 297 65 283 204 154 305 326 110 140 286 317 333 180 220 126 124 7 56 217 55 25 367 170 361 209 227 234 213 190 390 265 18 103 155 83 378 398 93 54 46 268 272 30 39 0,65 154
PFG_MOEA,1265,10,314.81,5596.11,0 399 15 16 380 41 82 178 117 243 344 349 20 189 64 166 205 208 6 87 171 153 278 210 353 258 376 368 66 287 10 383 382 0,243
PFG_MOEA,1265,11,314.81,5596.11,0 369 338 203 168 0,
PFG_MOEA,1265,12,314.81,5596.11,0 202 306 370 342 144 176 27 98 78 196 296 347 332 324 147 211 244 223 104 310 282 143 79 160 50 60 257 270 379 195 45 348 75 328 248 0,370
PFG_MOEA,1266,1,411.21,4974.5,0 12 90 381 23 32 276 239 336 138 222 198 49 274 256 237 351 280 252 236 128 119 2 0,23
PFG_MOEA,1266,2,411.21,4974.5,0 22 118 185 214 295 40 122 392 285 331 133 293 53 101 352 363 323 194 275 277 102 100 95 163 61 89 207 307 313 359 365 253 206 187 0,22 100
PFG_MOEA,1266,3,411.21,4974.5,0 115 0,
PFG_MOEA,1266,4,411.21,4974.5,0 245 396 240 385 288 177 181 358 337 384 111 116 76 113 81 29 325 355 0,
PFG_MOEA,1266,5,411.21,4974.5,0 281 26 334 298 341 134 186 131 84 114 389 105 219 371 162 159 74 279 91 24 212 375 284 14 184 318 70 292 263 8 373 169 108 72 52 130 44 386 362 201 312 67 164 107 302 173 106 261 388 197 218 151 77 273 136 137 59 109 127 57 226 19 13 80 0,77 106 284
PFG_MOEA,1266,6,411.21,4974.5,0 38 172 182 319 303 357 266 141 86 199 228 267 366 289 231 34 58 68 161 235 35 249 88 135 233 156 94 230 374 92 11 36 397 350 311 4 314 193 340 299 321 269 120 142 37 51 123 145 132 339 322 121 146 294 174 320 364 393 3 229 308 356 264 259 246 42 300 329 112 221 242 96 0,51 174 229 246 299
PFG_MOEA,1266,7,411.21,4974.5,0 399 200 165 191 152 247 255 1 262 250 28 345 377 395 400 394 188 301 372 21 167 291 139 149 157 63 316 387 327 17 43 85 215 73 254 183 354 69 265 346 315 99 175 251 190 390 18 103 155 83 378 213 234 227 398 93 224 179 232 225 97 71 33 260 148 238 129 330 192 48 31 304 0,93
PFG_MOEA,1266,8,411.21,4974.5,0 382 383 10 391 271 39 46 54 268 272 30 66 166 205 208 6 204 154 305 326 283 65 297 62 241 110 140 286 317 333 180 220 158 189 64 20 126 124 7 56 217 55 25 367 170 361 209 287 0,55 62 66 220
PFG_MOEA,1266,9,411.21,4974.5,0 380 0,
PFG_MOEA,1266,10,411.21,4974.5,0 16 369 15 0,
PFG_MOEA,1266,11,411.21,4974.5,0 168 203 178 82 41 0,178
PFG_MOEA,1266,12,411.21,4974.5,0 335 360 338 202 306 370 342 144 176 27 98 78 196 296 347 332 216 47 125 9 150 147 324 211 244 223 104 310 282 143 309 5 195 379 79 160 50 60 270 257 210 45 153 278 87 171 353 348 75 328 248 258 376 368 290 343 349 344 243 117 0,
PFG_MOEA,1267,1,312.55,5795.78,0 336 138 239 122 296 347 332 324 275 277 104 211 244 223 102 352 363 323 194 147 101 95 222 0,122 211 222 277
PFG_MOEA,1267,2,312.55,5795.78,0 335 360 207 307 313 359 187 100 310 282 143 79 160 50 60 257 270 379 195 5 309 280 351 237 256 274 49 198 252 236 381 23 90 12 214 185 118 281 26 334 298 371 72 52 130 44 386 80 0,5 307
PFG_MOEA,1267,3,312.55,5795.78,0 13 19 226 57 127 109 59 137 136 273 77 151 218 197 388 261 106 173 302 107 164 67 312 201 362 123 51 145 294 174 339 132 142 120 269 321 299 0,174
PFG_MOEA,1267,4,312.55,5795.78,0 340 233 135 88 249 35 235 161 68 58 34 231 289 366 267 228 141 266 303 357 319 86 199 156 94 0,303
PFG_MOEA,1267,5,312.55,5795.78,0 38 172 182 397 36 11 92 374 230 311 350 4 314 193 37 322 121 146 320 364 393 3 229 308 356 264 259 246 42 300 329 112 191 152 221 242 96 0,42 264
PFG_MOEA,1267,6,312.55,5795.78,0 200 165 129 0,
PFG_MOEA,1267,7,312.55,5795.78,0 304 330 395 400 394 188 301 372 21 167 291 139 149 157 63 316 387 17 43 33 71 224 260 0,
PFG_MOEA,1267,8,312.55,5795.78,0 399 247 28 250 345 377 262 1 255 327 254 73 215 85 93 179 232 225 97 148 238 192 48 31 0,93
PFG_MOEA,1267,9,312.55,5795.78,0 378 69 183 354 265 346 315 99 175 251 190 390 18 103 155 83 234 213 227 398 209 361 170 367 25 55 217 56 7 180 333 317 286 140 110 62 297 65 283 326 305 154 204 6 208 241 220 158 189 64 20 126 124 0,175
PFG_MOEA,1267,10,312.55,5795.78,0 287 382 383 10 268 272 30 66 166 205 271 39 391 53 293 133 331 285 392 115 245 396 240 385 288 177 181 358 337 384 111 116 76 113 81 29 325 355 131 84 114 389 105 341 219 0,
PFG_MOEA,1267,11,312.55,5795.78,0 91 24 212 375 14 108 169 373 8 263 292 70 318 184 284 74 279 159 162 22 134 186 89 216 47 125 9 150 163 61 365 253 206 46 54 0,
PFG_MOEA,1267,12,312.55,5795.78,0 41 82 178 117 243 344 349 343 290 368 376 258 248 328 75 171 87 153 278 210 45 353 348 2 119 128 295 40 32 276 196 78 98 27 176 144 342 370 306 202 338 203 168 369 380 16 15 0,16 87 203
PFG_MOEA,1268,1,389.39,5146.42,0 163 78 53 293 133 331 285 392 98 115 245 27 396 240 385 288 177 181 358 337 384 111 116 76 113 81 29 325 355 131 84 114 389 91 279 74 159 162 371 219 298 341 22 134 186 105 118 185 0,
PFG_MOEA,1268,2,389.39,5146.42,0 281 26 334 24 212 375 284 14 184 318 70 292 263 8 373 169 108 72 52 130 44 386 51 145 123 362 201 294 312 67 164 107 302 173 106 261 388 197 218 151 77 273 136 137 59 109 127 57 226 19 13 80 0,
PFG_MOEA,1268,3,389.39,5146.42,0 142 339 174 132 120 269 321 299 340 233 135 88 249 35 235 161 68 58 34 231 289 366 267 228 141 266 303 357 319 86 199 156 94 230 374 92 11 36 397 350 311 4 314 193 0,88
PFG_MOEA,1268,4,389.39,5146.42,0 182 172 38 0,
PFG_MOEA,1268,5,389.39,5146.42,0 37 322 121 146 320 364 393 3 229 308 356 264 259 246 42 300 329 112 152 191 165 200 221 242 96 0,152 264 329
PFG_MOEA,1268,6,389.39,5146.42,0 129 33 71 224 260 0,
PFG_MOEA,1268,7,389.39,5146.42,0 399 247 255 1 262 250 28 345 377 395 400 394 188 301 372 21 167 291 139 149 157 63 316 387 17 43 73 254 327 183 354 69 215 85 93 179 232 225 97 148 48 238 330 192 31 304 0,395
PFG_MOEA,1268,8,389.39,5146.42,0 16 15 168 203 369 380 391 271 39 268 272 30 66 166 205 208 6 204 154 305 326 283 65 297 62 241 110 140 286 317 333 180 220 158 189 64 20 126 124 7 56 217 55 25 367 170 361 209 398 227 234 213 190 251 175 99 315 346 265 390 18 103 155 83 378 54 46 287 10 383 382 41 0,7 16 20 103 272
PFG_MOEA,1268,9,389.39,5146.42,0 82 178 117 243 368 376 258 353 153 171 87 278 210 143 237 256 274 49 100 282 310 104 102 277 275 194 323 363 352 101 198 95 222 138 122 276 336 252 236 128 23 381 90 119 2 12 0,
PFG_MOEA,1268,10,389.39,5146.42,0 344 349 351 280 309 5 79 160 50 60 257 270 379 195 45 348 75 328 248 290 343 187 0,
PFG_MOEA,1268,11,389.39,5146.42,0 214 295 40 32 239 370 342 144 176 150 47 9 125 216 89 61 207 307 313 359 206 253 365 360 335 0,176
PFG_MOEA,1268,12,389.39,5146.42,0 338 202 306 196 296 347 332 324 147 211 244 223 0,
PFG_MOEA,1269,1,413.96,4915.5,0 187 206 253 365 359 313 307 207 61 12 89 2 119 128 236 252 336 138 163 222 95 198 351 280 237 256 274 49 100 102 277 275 194 323 363 352 101 53 293 133 331 285 392 122 239 276 32 40 295 23 381 90 113 81 29 76 116 111 384 337 358 181 177 288 385 240 396 245 115 22 118 185 214 0,245 381
PFG_MOEA,1269,2,413.96,4915.5,0 281 84 131 325 355 114 389 186 134 341 298 26 334 0,
PFG_MOEA,1269,3,413.96,4915.5,0 371 219 105 162 159 74 279 91 24 212 375 284 14 184 318 70 292 263 8 373 169 108 72 52 130 44 386 362 201 312 67 164 107 302 173 106 261 388 197 218 151 77 273 136 137 59 0,
PFG_MOEA,1269,4,413.96,4915.5,0 57 127 109 226 0,
PFG_MOEA,1269,5,413.96,4915.5,0 19 0,
PFG_MOEA,1269,6,413.96,4915.5,0 38 303 357 266 141 86 199 228 267 366 289 231 34 58 68 161 235 35 249 88 135 233 319 182 172 13 80 0,88
PFG_MOEA,1269,7,413.96,4915.5,0 399 397 36 11 92 156 94 230 374 350 311 4 314 193 340 299 321 269 120 142 37 51 123 145 132 339 322 121 146 294 174 320 364 393 3 229 308 356 264 259 246 42 300 329 112 191 165 200 221 242 96 0,11 340 374 393
PFG_MOEA,1269,8,413.96,4915.5,0 152 247 255 1 262 250 28 345 377 395 400 394 188 301 372 21 167 291 139 149 157 63 316 387 327 17 43 85 215 73 254 183 354 69 265 346 315 99 175 251 190 390 18 103 155 83 378 213 234 227 398 93 0,1 152 175 227
PFG_MOEA,1269,9,413.96,4915.5,0 304 31 48 192 330 238 129 148 260 391 271 39 268 272 30 66 166 205 208 6 204 154 305 326 283 65 297 62 241 110 140 286 317 333 180 220 158 189 64 20 126 124 7 56 217 55 25 367 170 361 209 71 33 97 225 232 179 224 0,55 391
PFG_MOEA,1269,10,413.96,4915.5,0 287 10 383 382 0,
PFG_MOEA,1269,11,413.96,4915.5,0 16 15 168 203 369 380 82 178 117 243 349 344 54 46 41 0,
PFG_MOEA,1269,12,413.96,4915.5,0 335 360 216 150 9 47 125 309 5 343 290 368 376 258 248 328 75 171 87 278 153 353 348 45 210 195 379 270 257 60 50 160 79 143 282 310 104 223 244 211 324 147 332 347 296 196 78 98 27 176 144 342 370 306 202 338 0,
PFG_MOEA,1270,1,320.55,5348.04,0 80 13 172 182 397 36 11 92 233 135 88 249 35 235 161 68 58 34 231 289 319 399 0,
PFG_MOEA,1270,2,320.55,5348.04,0 374 230 94 156 311 350 4 314 193 340 299 321 269 120 142 132 339 174 320 364 308 229 3 393 294 146 121 322 123 145 51 37 0,393
PFG_MOEA,1270,3,320.55,5348.04,0 96 242 221 200 165 112 329 300 191 152 247 255 1 262 42 250 28 246 259 264 356 345 377 395 400 394 188 301 372 21 167 291 139 149 157 63 316 387 327 17 43 85 215 73 254 183 354 69 265 346 315 99 175 251 190 0,215
PFG_MOEA,1270,4,320.55,5348.04,0 304 31 192 330 238 129 398 227 234 213 18 390 286 140 110 241 93 260 148 48 0,
PFG_MOEA,1270,5,320.55,5348.04,0 317 333 0,
PFG_MOEA,1270,6,320.55,5348.04,0 33 71 209 361 170 367 25 55 217 56 7 180 220 158 189 64 20 126 124 224 10 383 382 16 203 168 15 0,25
PFG_MOEA,1270,7,320.55,5348.04,0 380 369 335 360 216 150 9 47 125 309 5 195 379 270 210 45 348 353 153 278 87 171 75 328 248 258 376 368 290 343 54 46 344 349 243 117 178 82 41 0,
PFG_MOEA,1270,8,320.55,5348.04,0 338 202 306 370 342 144 176 27 98 78 196 296 347 332 147 324 211 244 223 104 310 282 143 79 160 50 60 257 6 204 154 305 326 283 62 297 65 208 205 166 66 30 272 268 0,66
PFG_MOEA,1270,9,320.55,5348.04,0 187 206 253 365 359 313 307 207 61 12 89 2 119 128 236 252 336 138 163 222 95 198 351 256 237 280 391 271 39 378 83 155 103 232 179 287 225 97 0,138 307
PFG_MOEA,1270,10,320.55,5348.04,0 22 389 114 84 131 325 355 29 81 113 76 116 111 384 337 358 181 177 288 385 240 396 245 115 392 285 331 133 293 53 101 352 363 323 194 275 277 102 100 49 274 122 239 276 32 40 295 23 381 90 214 185 281 118 0,323 331
PFG_MOEA,1270,11,320.55,5348.04,0 334 298 26 105 186 134 341 219 371 24 212 375 14 184 318 70 292 263 8 373 169 284 74 279 91 159 162 0,134
PFG_MOEA,1270,12,320.55,5348.04,0 38 19 226 57 127 109 59 137 136 273 77 151 218 197 388 261 106 173 302 107 164 67 312 201 362 366 267 228 386 44 130 52 72 108 303 357 266 141 86 199 0,106 386
PFG_MOEA,1271,1,270.73,5843.94,0 335 187 309 5 195 379 270 257 60 50 160 79 143 280 351 237 256 274 49 198 252 236 381 23 90 12 207 307 0,
PFG_MOEA,1271,2,270.73,5843.94,0 61 313 359 206 253 365 360 214 185 118 281 26 334 298 371 22 134 186 162 159 292 263 8 373 318 70 184 284 74 279 0,134 284 313 318
PFG_MOEA,1271,3,270.73,5843.94,0 91 169 108 14 375 212 24 192 330 238 129 200 165 112 191 152 127 57 109 59 137 273 136 247 17 43 85 215 33 71 224 260 148 48 31 304 0,33 200
PFG_MOEA,1271,4,270.73,5843.94,0 73 254 69 354 183 327 387 157 149 188 394 316 63 262 1 255 250 28 42 400 395 377 345 356 264 259 246 308 229 197 218 151 77 107 164 67 302 388 3 106 173 261 320 364 0,
PFG_MOEA,1271,5,270.73,5843.94,0 329 300 362 123 51 145 322 121 146 201 312 393 294 174 339 132 120 142 0,145 174
PFG_MOEA,1271,6,270.73,5843.94,0 37 269 321 299 340 219 341 105 84 131 29 81 113 76 116 111 181 358 337 384 325 355 114 389 0,341
PFG_MOEA,1271,7,270.73,5843.94,0 89 216 47 125 9 150 163 53 293 133 331 285 392 115 245 396 240 385 288 177 34 58 235 135 233 88 249 35 161 68 0,133 240
PFG_MOEA,1271,8,270.73,5843.94,0 172 182 193 314 4 350 397 36 11 374 311 230 94 156 199 92 86 319 266 141 289 231 386 366 267 228 44 130 52 72 303 357 13 19 226 221 242 96 0,141 386
PFG_MOEA,1271,9,270.73,5843.94,0 38 80 378 83 291 139 21 167 301 372 346 315 265 390 99 175 251 190 18 103 155 234 227 398 93 54 46 268 272 30 39 271 391 179 0,
PFG_MOEA,1271,10,270.73,5843.94,0 97 225 232 209 361 213 170 367 328 248 258 376 368 290 343 66 349 344 243 117 178 82 41 16 380 369 196 78 98 27 176 144 342 370 306 202 338 203 168 15 399 0,82 176 225
PFG_MOEA,1271,11,270.73,5843.94,0 287 64 166 205 75 348 353 45 210 278 153 171 87 6 208 158 189 220 241 62 297 65 283 204 154 305 326 110 140 180 333 317 286 25 55 217 56 7 124 126 20 10 0,65 126
PFG_MOEA,1271,12,270.73,5843.94,0 2 119 128 295 40 32 276 239 122 296 332 347 138 336 222 95 101 194 147 324 275 323 363 352 277 102 223 244 211 104 310 100 282 383 382 0,2
PFG_MOEA,1272,1,369.23,5154.87,0 90 295 40 32 276 239 122 222 95 101 323 363 352 102 277 275 194 53 293 133 331 285 392 115 245 396 240 385 288 177 181 358 337 384 111 116 76 113 81 29 325 131 84 355 114 389 279 74 159 162 371 219 341 22 134 186 105 298 334 26 281 118 185 214 0,40 240 245 331
PFG_MOEA,1272,2,369.23,5154.87,0 91 24 212 375 284 14 184 318 70 292 263 8 373 169 108 72 52 130 44 386 0,318
PFG_MOEA,1272,3,369.23,5154.87,0 362 201 312 67 164 107 302 173 106 261 388 197 218 151 77 273 136 0,106
PFG_MOEA,1272,4,369.23,5154.87,0 399 172 182 397 36 11 92 86 141 266 303 357 319 199 228 267 366 289 231 34 58 68 161 235 35 249 88 135 233 156 94 230 374 350 311 4 314 193 340 299 321 269 120 142 37 51 145 123 137 59 109 127 57 226 19 13 80 38 0,340
PFG_MOEA,1272,5,369.23,5154.87,0 132 339 322 0,
PFG_MOEA,1272,6,369.23,5154.87,0 96 242 221 200 165 112 191 152 329 300 121 146 294 174 320 364 393 3 229 308 259 246 264 356 345 377 395 400 42 250 28 247 255 1 262 63 157 291 167 21 372 301 188 394 139 149 316 387 327 17 43 85 215 73 254 183 354 69 265 346 315 99 0,1 200 393
PFG_MOEA,1272,7,369.23,5154.87,0 93 398 227 234 213 190 251 175 390 18 103 155 83 378 31 304 0,
PFG_MOEA,1272,8,369.23,5154.87,0 48 192 330 238 129 148 260 391 0,
PFG_MOEA,1272,9,369.23,5154.87,0 268 272 30 65 283 326 305 154 204 6 208 205 166 66 271 39 0,272
PFG_MOEA,1272,10,369.23,5154.87,0 124 126 20 64 189 158 220 241 297 62 110 140 286 317 333 180 7 56 217 55 25 367 170 361 209 71 97 33 0,
PFG_MOEA,1272,11,369.23,5154.87,0 15 16 380 369 168 203 338 202 306 370 342 144 176 27 98 78 196 296 347 332 324 147 211 244 223 210 45 348 353 153 278 87 171 75 328 248 258 376 368 290 343 54 46 224 225 232 179 287 10 383 382 41 344 349 243 117 178 82 125 9 47 150 216 360 335 0,47 87 353
PFG_MOEA,1272,12,369.23,5154.87,0 207 307 313 359 365 253 206 187 100 310 104 282 143 79 160 50 60 257 270 379 195 5 309 280 351 237 256 274 49 198 163 138 336 252 236 381 23 128 119 2 89 12 61 0,
PFG_MOEA,1273,1,337.93,5308.22,0 187 206 253 313 359 365 0,
PFG_MOEA,1273,2,337.93,5308.22,0 207 307 198 280 351 256 237 101 53 293 133 331 285 392 95 222 163 138 336 252 236 128 119 2 89 12 61 0,133 222
PFG_MOEA,1273,3,337.93,5308.22,0 323 363 352 194 275 277 102 100 49 274 122 239 276 32 40 295 23 381 90 0,
PFG_MOEA,1273,4,337.93,5308.22,0 22 115 245 396 240 385 288 177 181 358 337 384 111 116 76 113 81 29 131 84 281 118 185 214 0,
PFG_MOEA,1273,5,337.93,5308.22,0 334 26 298 371 219 341 134 186 105 355 325 114 389 162 159 74 279 91 24 212 375 284 14 184 318 70 292 263 8 373 169 108 72 52 130 44 386 362 201 312 0,284
PFG_MOEA,1273,6,337.93,5308.22,0 399 172 182 397 36 11 92 86 141 266 303 357 319 199 228 267 366 289 231 34 58 68 161 235 35 249 88 135 233 156 94 230 57 127 109 59 137 136 273 77 151 218 197 388 261 106 173 302 107 164 67 294 226 19 13 80 38 0,
PFG_MOEA,1273,7,337.93,5308.22,0 374 350 311 4 314 193 340 299 321 269 120 142 37 51 145 123 146 121 322 339 132 174 320 364 393 3 229 308 356 264 259 246 42 1 255 247 152 191 112 329 300 165 200 221 242 96 0,132 264 340 393
PFG_MOEA,1273,8,337.93,5308.22,0 28 250 262 400 395 345 377 394 188 301 372 21 167 291 139 149 157 63 316 387 327 17 43 85 215 73 254 183 354 69 265 346 315 99 175 251 190 0,
PFG_MOEA,1273,9,337.93,5308.22,0 304 192 330 238 129 378 83 155 103 18 390 213 234 227 398 140 110 241 62 297 65 283 326 305 154 204 6 208 205 166 66 93 30 272 268 39 271 391 260 148 48 31 0,65 391
PFG_MOEA,1273,10,337.93,5308.22,0 33 71 225 97 232 209 361 170 367 25 55 217 56 7 317 286 333 180 220 158 189 64 20 126 124 224 10 287 179 0,
PFG_MOEA,1273,11,337.93,5308.22,0 15 168 203 369 16 380 335 360 216 150 9 47 125 309 5 195 379 270 210 45 348 353 153 278 87 171 75 328 248 54 46 383 382 344 349 243 117 178 82 41 0,82 87 195 353
PFG_MOEA,1273,12,337.93,5308.22,0 338 202 306 370 342 144 176 27 98 78 196 296 347 332 147 324 211 244 223 104 310 282 143 79 160 50 60 257 258 376 368 290 343 0,290
PFG_MOEA,1274,1,319.42,5478.6,0 222 0,
PFG_MOEA,1274,2,319.42,5478.6,0 95 101 323 363 352 102 277 275 194 53 293 133 331 285 392 115 245 396 240 385 288 177 181 358 337 384 111 116 76 113 81 29 325 131 84 355 114 389 279 74 159 162 371 219 341 22 134 186 105 298 334 26 281 0,105
PFG_MOEA,1274,3,319.42,5478.6,0 118 91 284 184 14 375 212 24 0,375
PFG_MOEA,1274,4,319.42,5478.6,0 399 397 36 11 92 199 86 141 266 319 357 303 289 366 267 228 8 263 292 70 318 373 169 108 72 52 130 44 386 362 201 312 67 164 107 302 173 106 261 388 197 218 151 77 273 136 182 172 0,86 197 318 362
PFG_MOEA,1274,5,319.42,5478.6,0 38 80 13 19 226 57 127 109 59 137 123 145 51 132 142 120 269 321 299 37 340 193 314 4 350 311 156 233 135 88 249 35 235 161 68 58 34 231 94 230 374 0,
PFG_MOEA,1274,6,319.42,5478.6,0 96 242 200 191 112 165 322 339 174 393 3 229 364 320 294 121 146 300 329 152 221 0,200 393
PFG_MOEA,1274,7,319.42,5478.6,0 93 85 247 28 246 259 308 264 356 345 377 395 400 42 250 255 1 262 63 157 291 167 21 372 301 188 394 139 149 316 387 327 17 43 73 215 254 183 354 69 265 346 315 99 390 175 251 190 18 213 234 227 398 0,
PFG_MOEA,1274,8,319.42,5478.6,0 304 31 48 330 192 129 238 148 260 391 271 66 166 205 208 6 204 154 305 326 283 65 62 297 241 158 189 220 110 140 103 155 83 378 124 126 20 64 30 272 268 39 0,62 205 220 391
PFG_MOEA,1274,9,319.42,5478.6,0 7 180 333 286 317 56 217 55 0,
PFG_MOEA,1274,10,319.42,5478.6,0 15 16 380 369 168 203 338 202 306 370 342 144 176 27 98 78 196 296 347 332 324 147 211 244 223 210 45 348 353 153 278 87 171 75 328 248 258 376 368 290 343 54 46 209 361 170 367 25 232 179 224 225 97 71 33 0,16 353 370
PFG_MOEA,1274,11,319.42,5478.6,0 365 253 206 61 89 2 119 128 216 336 138 163 150 47 125 9 100 282 310 104 143 79 160 50 60 257 270 379 195 5 309 280 351 237 256 287 10 383 382 344 349 243 117 178 82 41 0,47 138 178 206 243
PFG_MOEA,1274,12,319.42,5478.6,0 335 187 359 313 360 207 307 198 49 274 122 239 276 32 40 295 23 381 236 252 90 12 214 185 0,
PFG_MOEA,1275,1,312.87,5623.42,0 216 98 370 342 144 176 27 78 196 296 347 332 147 324 211 244 223 104 310 282 79 160 50 379 195 5 309 143 150 47 9 125 0,
PFG_MOEA,1275,2,312.87,5623.42,0 117 243 344 349 343 290 368 376 258 248 328 75 348 353 171 87 278 153 45 210 257 60 270 237 256 274 49 198 222 138 336 239 276 32 177 181 358 337 384 111 116 76 23 381 90 12 0,290 336 353
PFG_MOEA,1275,3,312.87,5623.42,0 22 118 185 214 2 119 128 236 252 40 295 122 392 285 331 133 293 53 101 352 363 323 194 275 277 102 100 351 280 95 163 61 89 207 307 313 359 253 365 0,307
PFG_MOEA,1275,4,312.87,5623.42,0 206 187 0,
PFG_MOEA,1275,5,312.87,5623.42,0 281 26 334 298 219 371 341 134 186 105 115 245 396 240 385 288 113 81 29 325 355 131 84 114 389 162 159 74 279 91 0,341
PFG_MOEA,1275,6,312.87,5623.42,0 80 13 19 226 57 127 109 59 137 136 273 77 151 218 197 388 261 106 173 302 107 164 67 312 201 362 386 44 130 52 72 108 169 373 8 263 292 70 318 184 14 284 375 212 24 303 357 319 182 172 38 0,318 362
PFG_MOEA,1275,7,312.87,5623.42,0 266 141 86 199 228 267 366 289 231 34 58 68 161 235 35 249 88 135 233 156 94 230 374 92 0,
PFG_MOEA,1275,8,312.87,5623.42,0 399 397 36 11 350 311 4 314 193 340 299 321 269 120 142 37 51 123 145 132 339 322 121 146 294 174 320 364 393 3 229 308 356 264 259 246 42 300 329 112 191 165 200 221 242 96 0,51 145 174 264 329
PFG_MOEA,1275,9,312.87,5623.42,0 152 247 28 250 345 377 395 400 394 188 301 372 167 21 139 291 262 1 255 0,
PFG_MOEA,1275,10,312.87,5623.42,0 85 215 73 43 17 327 387 316 149 157 63 354 183 254 69 265 346 315 99 175 251 190 390 18 103 155 83 378 0,175 390
PFG_MOEA,1275,11,312.87,5623.42,0 304 31 48 192 330 129 238 148 260 383 10 224 391 271 39 46 93 398 227 234 213 179 232 225 97 71 33 382 0,
PFG_MOEA,1275,12,312.87,5623.42,0 209 361 170 367 25 55 217 56 7 124 126 20 64 189 158 220 180 333 317 286 140 110 241 62 297 65 283 326 305 154 204 6 208 205 166 66 30 272 268 54 287 178 82 41 335 360 380 369 203 338 202 306 168 15 16 0,7 166 203 361
PFG_MOEA,1276,1,759.34,4800.0,0 219 341 105 389 114 84 131 355 325 29 81 113 76 116 111 384 337 358 181 177 288 385 240 396 245 115 392 285 331 133 293 53 163 150 9 125 47 216 89 61 206 253 365 0,245
PFG_MOEA,1276,2,759.34,4800.0,0 22 134 186 162 159 279 74 284 184 318 70 292 263 8 373 169 108 14 375 212 24 91 0,318
PFG_MOEA,1276,3,759.34,4800.0,0 304 31 48 148 260 224 71 33 129 238 330 192 200 165 112 191 152 127 57 109 59 137 273 136 247 17 43 85 215 73 254 69 354 183 327 387 157 149 188 394 316 63 262 1 255 250 28 42 400 395 377 345 356 264 259 246 308 229 197 218 151 77 107 164 67 302 388 3 106 173 261 320 364 393 312 201 362 329 300 123 51 145 322 121 146 294 174 339 132 120 142 37 269 321 299 340 233 135 88 249 35 161 235 68 58 34 386 231 289 366 267 228 44 130 52 72 303 357 319 266 141 86 92 199 156 94 230 311 374 11 36 397 350 4 314 193 182 172 13 19 226 221 242 96 80 38 0,33 106 174 200 303 311 394
PFG_MOEA,1276,4,759.34,4800.0,0 378 83 155 103 18 190 251 175 99 315 346 372 301 167 21 139 291 265 390 234 0,
PFG_MOEA,1276,5,759.34,4800.0,0 179 391 271 39 30 272 268 46 54 93 398 227 213 232 0,391
PFG_MOEA,1276,6,759.34,4800.0,0 225 0,
PFG_MOEA,1276,7,759.34,4800.0,0 97 209 361 170 367 0,
PFG_MOEA,1276,8,759.34,4800.0,0 399 15 168 203 338 202 306 370 342 144 176 27 98 78 196 369 380 16 41 82 178 117 243 344 349 66 343 290 368 376 258 248 328 75 348 353 45 210 278 153 171 87 6 208 205 166 158 189 220 241 62 297 65 283 204 154 305 326 110 140 180 333 317 286 25 55 217 56 7 124 126 20 64 287 10 383 382 0,62 66 205 220 342
PFG_MOEA,1276,9,759.34,4800.0,0 2 119 128 295 40 32 276 239 122 296 332 347 138 336 222 95 101 194 147 324 275 323 363 352 277 102 223 244 211 104 310 100 282 143 79 160 50 60 257 270 379 195 5 309 280 351 237 256 274 49 198 252 236 0,
PFG_MOEA,1276,10,759.34,4800.0,0 381 23 90 12 207 307 0,
PFG_MOEA,1276,11,759.34,4800.0,0 335 187 359 313 360 214 0,
PFG_MOEA,1276,12,759.34,4800.0,0 185 118 281 26 334 298 371 0,
PFG_MOEA,1277,1,314.81,5596.11,0 12 90 128 236 252 336 276 138 222 198 49 274 256 237 351 280 309 5 290 343 313 207 0,222
PFG_MOEA,1277,2,314.81,5596.11,0 91 292 263 8 373 169 108 14 375 212 24 371 219 341 298 334 26 281 118 185 214 295 40 32 239 122 95 101 352 363 323 194 275 277 102 100 23 381 119 2 307 359 187 148 48 31 304 0,23
PFG_MOEA,1277,3,314.81,5596.11,0 260 224 71 33 127 152 191 112 165 200 129 238 330 192 0,33
PFG_MOEA,1277,4,314.81,5596.11,0 57 67 302 173 106 3 388 164 107 77 151 218 197 229 308 246 259 264 356 345 377 395 400 42 28 250 255 1 262 63 316 394 188 149 157 387 327 183 354 69 254 73 215 85 43 17 247 136 273 137 59 109 0,
PFG_MOEA,1277,5,314.81,5596.11,0 329 300 362 123 51 145 322 121 146 201 261 320 364 393 312 294 174 339 132 206 253 365 360 335 0,362 393
PFG_MOEA,1277,6,314.81,5596.11,0 61 358 181 177 288 385 240 396 245 115 392 285 331 133 293 53 163 150 9 125 47 216 89 0,
PFG_MOEA,1277,7,314.81,5596.11,0 80 13 19 226 35 161 235 58 34 386 231 289 366 267 228 44 130 52 72 318 70 184 284 74 279 159 162 389 114 355 325 384 337 111 116 76 113 81 29 131 84 105 186 134 22 0,
PFG_MOEA,1277,8,314.81,5596.11,0 38 96 242 221 172 182 397 350 311 4 314 193 230 94 156 374 36 11 92 319 357 303 266 141 86 199 68 135 88 249 233 340 299 321 269 120 142 37 301 21 139 291 167 372 346 315 99 175 251 0,182
PFG_MOEA,1277,9,314.81,5596.11,0 97 225 232 179 391 271 158 241 62 297 65 283 204 154 305 326 110 140 286 317 333 180 220 126 124 7 56 217 55 25 367 170 361 209 227 234 213 190 390 265 18 103 155 83 378 398 93 54 46 268 272 30 39 0,65 154
PFG_MOEA,1277,10,314.81,5596.11,0 399 15 16 380 41 82 178 117 243 344 349 20 189 64 166 205 208 6 87 171 153 278 210 353 258 376 368 66 287 10 383 382 0,243
PFG_MOEA,1277,11,314.81,5596.11,0 369 338 203 168 0,
PFG_MOEA,1277,12,314.81,5596.11,0 202 306 370 342 144 176 27 98 78 196 296 347 332 324 147 211 244 223 104 310 282 143 79 160 50 60 257 270 379 195 45 348 75 328 248 0,370
PFG_MOEA,1278,1,411.21,4974.5,0 12 90 381 23 32 276 239 336 138 222 198 49 274 256 237 351 280 252 236 128 119 2 0,23
PFG_MOEA,1278,2,411.21,4974.5,0 22 118 185 214 295 40 122 392 285 331 133 293 53 101 352 363 323 194 275 277 102 100 95 163 61 89 207 307 313 359 365 253 206 187 0,22 100
PFG_MOEA,1278,3,411.21,4974.5,0 115 0,
PFG_MOEA,1278,4,411.21,4974.5,0 245 396 240 385 288 177 181 358 337 384 111 116 76 113 81 29 325 355 0,
PFG_MOEA,1278,5,411.21,4974.5,0 281 26 334 298 341 134 186 131 84 114 389 105 219 371 162 159 74 279 91 24 212 375 284 14 184 318 70 292 263 8 373 169 108 72 52 130 44 386 362 201 312 67 164 107 302 173 106 261 388 197 218 151 77 273 136 137 59 109 127 57 226 19 13 80 0,77 106 284
PFG_MOEA,1278,6,411.21,4974.5,0 38 172 182 319 303 357 266 141 86 199 228 267 366 289 231 34 58 68 161 235 35 249 88 135 233 156 94 230 374 92 11 36 397 350 311 4 314 193 340 299 321 269 120 142 37 51 123 145 132 339 322 121 146 294 174 320 364 393 3 229 308 356 264 259 246 42 300 329 112 221 242 96 0,51 174 229 246 299
PFG_MOEA,1278,7,411.21,4974.5,0 399 200 165 191 152 247 255 1 262 250 28 345 377 395 400 394 188 301 372 21 167 291 139 149 157 63 316 387 327 17 43 85 215 73 254 183 354 69 265 346 315 99 175 251 190 390 18 103 155 83 378 213 234 227 398 93 224 179 232 225 97 71 33 260 148 238 129 330 192 48 31 304 0,93
PFG_MOEA,1278,8,411.21,4974.5,0 382 383 10 391 271 39 46 54 268 272 30 66 166 205 208 6 204 154 305 326 283 65 297 62 241 110 140 286 317 333 180 220 158 189 64 20 126 124 7 56 217 55 25 367 170 361 209 287 0,55 62 66 220
PFG_MOEA,1278,9,411.21,4974.5,0 380 0,
PFG_MOEA,1278,10,411.21,4974.5,0 16 369 15 0,
PFG_MOEA,1278,11,411.21,4974.5,0 168 203 178 82 41 0,178
PFG_MOEA,1278,12,411.21,4974.5,0 335 360 338 202 306 370 342 144 176 27 98 78 196 296 347 332 216 47 125 9 150 147 324 211 244 223 104 310 282 143 309 5 195 379 79 160 50 60 270 257 210 45 153 278 87 171 353 348 75 328 248 258 376 368 290 343 349 344 243 117 0,
PFG_MOEA,1279,1,312.55,5795.78,0 336 138 239 122 296 347 332 324 275 277 104 211 244 223 102 352 363 323 194 147 101 95 222 0,122 211 222 277
PFG_MOEA,1279,2,312.55,5795.78,0 335 360 207 307 313 359 187 100 310 282 143 79 160 50 60 257 270 379 195 5 309 280 351 237 256 274 49 198 252 236 381 23 90 12 214 185 118 281 26 334 298 371 72 52 130 44 386 80 0,5 307
PFG_MOEA,1279,3,312.55,5795.78,0 13 19 226 57 127 109 59 137 136 273 77 151 218 197 388 261 106 173 302 107 164 67 312 201 362 123 51 145 294 174 339 132 142 120 269 321 299 0,174
PFG_MOEA,1279,4,312.55,5795.78,0 340 233 135 88 249 35 235 161 68 58 34 231 289 366 267 228 141 266 303 357 319 86 199 156 94 0,303
PFG_MOEA,1279,5,312.55,5795.78,0 38 172 182 397 36 11 92 374 230 311 350 4 314 193 37 322 121 146 320 364 393 3 229 308 356 264 259 246 42 300 329 112 191 152 221 242 96 0,42 264
PFG_MOEA,1279,6,312.55,5795.78,0 200 165 129 0,
PFG_MOEA,1279,7,312.55,5795.78,0 304 330 395 400 394 188 301 372 21 167 291 139 149 157 63 316 387 17 43 33 71 224 260 0,
PFG_MOEA,1279,8,312.55,5795.78,0 399 247 28 250 345 377 262 1 255 327 254 73 215 85 93 179 232 225 97 148 238 192 48 31 0,93
PFG_MOEA,1279,9,312.55,5795.78,0 378 69 183 354 265 346 315 99 175 251 190 390 18 103 155 83 234 213 227 398 209 361 170 367 25 55 217 56 7 180 333 317 286 140 110 62 297 65 283 326 305 154 204 6 208 241 220 158 189 64 20 126 124 0,175
PFG_MOEA,1279,10,312.55,5795.78,0 287 382 383 10 268 272 30 66 166 205 271 39 391 53 293 133 331 285 392 115 245 396 240 385 288 177 181 358 337 384 111 116 76 113 81 29 325 355 131 84 114 389 105 341 219 0,
PFG_MOEA,1279,11,312.55,5795.78,0 91 24 212 375 14 108 169 373 8 263 292 70 318 184 284 74 279 159 162 22 134 186 89 216 47 125 9 150 163 61 365 253 206 46 54 0,
PFG_MOEA,1279,12,312.55,5795.78,0 41 82 178 117 243 344 349 343 290 368 376 258 248 328 75 171 87 153 278 210 45 353 348 2 119 128 295 40 32 276 196 78 98 27 176 144 342 370 306 202 338 203 168 369 380 16 15 0,16 87 203
PFG_MOEA,1280,1,389.39,5146.42,0 163 78 53 293 133 331 285 392 98 115 245 27 396 240 385 288 177 181 358 337 384 111 116 76 113 81 29 325 355 131 84 114 389 91 279 74 159 162 371 219 298 341 22 134 186 105 118 185 0,
PFG_MOEA,1280,2,389.39,5146.42,0 281 26 334 24 212 375 284 14 184 318 70 292 263 8 373 169 108 72 52 130 44 386 51 145 123 362 201 294 312 67 164 107 302 173 106 261 388 197 218 151 77 273 136 137 59 109 127 57 226 19 13 80 0,
PFG_MOEA,1280,3,389.39,5146.42,0 142 339 174 132 120 269 321 299 340 233 135 88 249 35 235 161 68 58 34 231 289 366 267 228 141 266 303 357 319 86 199 156 94 230 374 92 11 36 397 350 311 4 314 193 0,88
PFG_MOEA,1280,4,389.39,5146.42,0 182 172 38 0,
PFG_MOEA,1280,5,389.39,5146.42,0 37 322 121 146 320 364 393 3 229 308 356 264 259 246 42 300 329 112 152 191 165 200 221 242 96 0,152 264 329
PFG_MOEA,1280,6,389.39,5146.42,0 129 33 71 224 260 0,
PFG_MOEA,1280,7,389.39,5146.42,0 399 247 255 1 262 250 28 345 377 395 400 394 188 301 372 21 167 291 139 149 157 63 316 387 17 43 73 254 327 183 354 69 215 85 93 179 232 225 97 148 48 238 330 192 31 304 0,395
PFG_MOEA,1280,8,389.39,5146.42,0 16 15 168 203 369 380 391 271 39 268 272 30 66 166 205 208 6 204 154 305 326 283 65 297 62 241 110 140 286 317 333 180 220 158 189 64 20 126 124 7 56 217 55 25 367 170 361 209 398 227 234 213 190 251 175 99 315 346 265 390 18 103 155 83 378 54 46 287 10 383 382 41 0,7 16 20 103 272
PFG_MOEA,1280,9,389.39,5146.42,0 82 178 117 243 368 376 258 353 153 171 87 278 210 143 237 256 274 49 100 282 310 104 102 277 275 194 323 363 352 101 198 95 222 138 122 276 336 252 236 128 23 381 90 119 2 12 0,
PFG_MOEA,1280,10,389.39,5146.42,0 344 349 351 280 309 5 79 160 50 60 257 270 379 195 45 348 75 328 248 290 343 187 0,
PFG_MOEA,1280,11,389.39,5146.42,0 214 295 40 32 239 370 342 144 176 150 47 9 125 216 89 61 207 307 313 359 206 253 365 360 335 0,176
PFG_MOEA,1280,12,389.39,5146.42,0 338 202 306 196 296 347 332 324 147 211 244 223 0,
PFG_MOEA,1281,1,413.96,4915.5,0 187 206 253 365 359 313 307 207 61 12 89 2 119 128 236 252 336 138 163 222 95 198 351 280 237 256 274 49 100 102 277 275 194 323 363 352 101 53 293 133 331 285 392 122 239 276 32 40 295 23 381 90 113 81 29 76 116 111 384 337 358 181 177 288 385 240 396 245 115 22 118 185 214 0,245 381
PFG_MOEA,1281,2,413.96,4915.5,0 281 84 131 325 355 114 389 186 134 341 298 26 334 0,
PFG_MOEA,1281,3,413.96,4915.5,0 371 219 105 162 159 74 279 91 24 212 375 284 14 184 318 70 292 263 8 373 169 108 72 52 130 44 386 362 201 312 67 164 107 302 173 106 261 388 197 218 151 77 273 136 137 59 0,
PFG_MOEA,1281,4,413.96,4915.5,0 57 127 109 226 0,
PFG_MOEA,1281,5,413.96,4915.5,0 19 0,
PFG_MOEA,1281,6,413.96,4915.5,0 38 303 357 266 141 86 199 228 267 366 289 231 34 58 68 161 235 35 249 88 135 233 319 182 172 13 80 0,88
PFG_MOEA,1281,7,413.96,4915.5,0 399 397 36 11 92 156 94 230 374 350 311 4 314 193 340 299 321 269 120 142 37 51 123 145 132 339 322 121 146 294 174 320 364 393 3 229 308 356 264 259 246 42 300 329 112 191 165 200 221 242 96 0,11 340 374 393
PFG_MOEA,1281,8,413.96,4915.5,0 152 247 255 1 262 250 28 345 377 395 400 394 188 301 372 21 167 291 139 149 157 63 316 387 327 17 43 85 215 73 254 183 354 69 265 346 315 99 175 251 190 390 18 103 155 83 378 213 234 227 398 93 0,1 152 175 227
PFG_MOEA,1281,9,413.96,4915.5,0 304 31 48 192 330 238 129 148 260 391 271 39 268 272 30 66 166 205 208 6 204 154 305 326 283 65 297 62 241 110 140 286 317 333 180 220 158 189 64 20 126 124 7 56 217 55 25 367 170 361 209 71 33 97 225 232 179 224 0,55 391
PFG_MOEA,1281,10,413.96,4915.5,0 287 10 383 382 0,
PFG_MOEA,1281,11,413.96,4915.5,0 16 15 168 203 369 380 82 178 117 243 349 344 54 46 41 0,
PFG_MOEA,1281,12,413.96,4915.5,0 335 360 216 150 9 47 125 309 5 343 290 368 376 258 248 328 75 171 87 278 153 353 348 45 210 195 379 270 257 60 50 160 79 143 282 310 104 223 244 211 324 147 332 347 296 196 78 98 27 176 144 342 370 306 202 338 0,
PFG_MOEA,1282,1,320.55,5348.04,0 80 13 172 182 397 36 11 92 233 135 88 249 35 235 161 68 58 34 231 289 319 399 0,
PFG_MOEA,1282,2,320.55,5348.04,0 374 230 94 156 311 350 4 314 193 340 299 321 269 120 142 132 339 174 320 364 308 229 3 393 294 146 121 322 123 145 51 37 0,393
PFG_MOEA,1282,3,320.55,5348.04,0 96 242 221 200 165 112 329 300 191 152 247 255 1 262 42 250 28 246 259 264 356 345 377 395 400 394 188 301 372 21 167 291 139 149 157 63 316 387 327 17 43 85 215 73 254 183 354 69 265 346 315 99 175 251 190 0,215
PFG_MOEA,1282,4,320.55,5348.04,0 304 31 192 330 238 129 398 227 234 213 18 390 286 140 110 241 93 260 148 48 0,
PFG_MOEA,1282,5,320.55,5348.04,0 317 333 0,
PFG_MOEA,1282,6,320.55,5348.04,0 33 71 209 361 170 367 25 55 217 56 7 180 220 158 189 64 20 126 124 224 10 383 382 16 203 168 15 0,25
PFG_MOEA,1282,7,320.55,5348.04,0 380 369 335 360 216 150 9 47 125 309 5 195 379 270 210 45 348 353 153 278 87 171 75 328 248 258 376 368 290 343 54 46 344 349 243 117 178 82 41 0,
PFG_MOEA,1282,8,320.55,5348.04,0 338 202 306 370 342 144 176 27 98 78 196 296 347 332 147 324 211 244 223 104 310 282 143 79 160 50 60 257 6 204 154 305 326 283 62 297 65 208 205 166 66 30 272 268 0,66
PFG_MOEA,1282,9,320.55,5348.04,0 187 206 253 365 359 313 307 207 61 12 89 2 119 128 236 252 336 138 163 222 95 198 351 256 237 280 391 271 39 378 83 155 103 232 179 287 225 97 0,138 307
PFG_MOEA,1282,10,320.55,5348.04,0 22 389 114 84 131 325 355 29 81 113 76 116 111 384 337 358 181 177 288 385 240 396 245 115 392 285 331 133 293 53 101 352 363 323 194 275 277 102 100 49 274 122 239 276 32 40 295 23 381 90 214 185 281 118 0,323 331
PFG_MOEA,1282,11,320.55,5348.04,0 334 298 26 105 186 134 341 219 371 24 212 375 14 184 318 70 292 263 8 373 169 284 74 279 91 159 162 0,134
PFG_MOEA,1282,12,320.55,5348.04,0 38 19 226 57 127 109 59 137 136 273 77 151 218 197 388 261 106 173 302 107 164 67 312 201 362 366 267 228 386 44 130 52 72 108 303 357 266 141 86 199 0,106 386
PFG_MOEA,1283,1,270.73,5843.94,0 335 187 309 5 195 379 270 257 60 50 160 79 143 280 351 237 256 274 49 198 252 236 381 23 90 12 207 307 0,
PFG_MOEA,1283,2,270.73,5843.94,0 61 313 359 206 253 365 360 214 185 118 281 26 334 298 371 22 134 186 162 159 292 263 8 373 318 70 184 284 74 279 0,134 284 313 318
PFG_MOEA,1283,3,270.73,5843.94,0 91 169 108 14 375 212 24 192 330 238 129 200 165 112 191 152 127 57 109 59 137 273 136 247 17 43 85 215 33 71 224 260 148 48 31 304 0,33 200
PFG_MOEA,1283,4,270.73,5843.94,0 73 254 69 354 183 327 387 157 149 188 394 316 63 262 1 255 250 28 42 400 395 377 345 356 264 259 246 308 229 197 218 151 77 107 164 67 302 388 3 106 173 261 320 364 0,
PFG_MOEA,1283,5,270.73,5843.94,0 329 300 362 123 51 145 322 121 146 201 312 393 294 174 339 132 120 142 0,145 174
PFG_MOEA,1283,6,270.73,5843.94,0 37 269 321 299 340 219 341 105 84 131 29 81 113 76 116 111 181 358 337 384 325 355 114 389 0,341
PFG_MOEA,1283,7,270.73,5843.94,0 89 216 47 125 9 150 163 53 293 133 331 285 392 115 245 396 240 385 288 177 34 58 235 135 233 88 249 35 161 68 0,133 240
PFG_MOEA,1283,8,270.73,5843.94,0 172 182 193 314 4 350 397 36 11 374 311 230 94 156 199 92 86 319 266 141 289 231 386 366 267 228 44 130 52 72 303 357 13 19 226 221 242 96 0,141 386
PFG_MOEA,1283,9,270.73,5843.94,0 38 80 378 83 291 139 21 167 301 372 346 315 265 390 99 175 251 190 18 103 155 234 227 398 93 54 46 268 272 30 39 271 391 179 0,
PFG_MOEA,1283,10,270.73,5843.94,0 97 225 232 209 361 213 170 367 328 248 258 376 368 290 343 66 349 344 243 117 178 82 41 16 380 369 196 78 98 27 176 144 342 370 306 202 338 203 168 15 399 0,82 176 225
PFG_MOEA,1283,11,270.73,5843.94,0 287 64 166 205 75 348 353 45 210 278 153 171 87 6 208 158 189 220 241 62 297 65 283 204 154 305 326 110 140 180 333 317 286 25 55 217 56 7 124 126 20 10 0,65 126
PFG_MOEA,1283,12,270.73,5843.94,0 2 119 128 295 40 32 276 239 122 296 332 347 138 336 222 95 101 194 147 324 275 323 363 352 277 102 223 244 211 104 310 100 282 383 382 0,2
PFG_MOEA,1284,1,369.23,5154.87,0 90 295 40 32 276 239 122 222 95 101 323 363 352 102 277 275 194 53 293 133 331 285 392 115 245 396 240 385 288 177 181 358 337 384 111 116 76 113 81 29 325 131 84 355 114 389 279 74 159 162 371 219 341 22 134 186 105 298 334 26 281 118 185 214 0,40 240 245 331
PFG_MOEA,1284,2,369.23,5154.87,0 91 24 212 375 284 14 184 318 70 292 263 8 373 169 108 72 52 130 44 386 0,318
PFG_MOEA,1284,3,369.23,5154.87,0 362 201 312 67 164 107 302 173 106 261 388 197 218 151 77 273 136 0,106
PFG_MOEA,1284,4,369.23,5154.87,0 399 172 182 397 36 11 92 86 141 266 303 357 319 199 228 267 366 289 231 34 58 68 161 235 35 249 88 135 233 156 94 230 374 350 311 4 314 193 340 299 321 269 120 142 37 51 145 123 137 59 109 127 57 226 19 13 80 38 0,340
PFG_MOEA,1284,5,369.23,5154.87,0 132 339 322 0,
PFG_MOEA,1284,6,369.23,5154.87,0 96 242 221 200 165 112 191 152 329 300 121 146 294 174 320 364 393 3 229 308 259 246 264 356 345 377 395 400 42 250 28 247 255 1 262 63 157 291 167 21 372 301 188 394 139 149 316 387 327 17 43 85 215 73 254 183 354 69 265 346 315 99 0,1 200 393
PFG_MOEA,1284,7,369.23,5154.87,0 93 398 227 234 213 190 251 175 390 18 103 155 83 378 31 304 0,
PFG_MOEA,1284,8,369.23,5154.87,0 48 192 330 238 129 148 260 391 0,
PFG_MOEA,1284,9,369.23,5154.87,0 268 272 30 65 283 326 305 154 204 6 208 205 166 66 271 39 0,272
PFG_MOEA,1284,10,369.23,5154.87,0 124 126 20 64 189 158 220 241 297 62 110 140 286 317 333 180 7 56 217 55 25 367 170 361 209 71 97 33 0,
PFG_MOEA,1284,11,369.23,5154.87,0 15 16 380 369 168 203 338 202 306 370 342 144 176 27 98 78 196 296 347 332 324 147 211 244 223 210 45 348 353 153 278 87 171 75 328 248 258 376 368 290 343 54 46 224 225 232 179 287 10 383 382 41 344 349 243 117 178 82 125 9 47 150 216 360 335 0,47 87 353
PFG_MOEA,1284,12,369.23,5154.87,0 207 307 313 359 365 253 206 187 100 310 104 282 143 79 160 50 60 257 270 379 195 5 309 280 351 237 256 274 49 198 163 138 336 252 236 381 23 128 119 2 89 12 61 0,
PFG_MOEA,1285,1,337.93,5308.22,0 187 206 253 313 359 365 0,
PFG_MOEA,1285,2,337.93,5308.22,0 207 307 198 280 351 256 237 101 53 293 133 331 285 392 95 222 163 138 336 252 236 128 119 2 89 12 61 0,133 222
PFG_MOEA,1285,3,337.93,5308.22,0 323 363 352 194 275 277 102 100 49 274 122 239 276 32 40 295 23 381 90 0,
PFG_MOEA,1285,4,337.93,5308.22,0 22 115 245 396 240 385 288 177 181 358 337 384 111 116 76 113 81 29 131 84 281 118 185 214 0,
PFG_MOEA,1285,5,337.93,5308.22,0 334 26 298 371 219 341 134 186 105 355 325 114 389 162 159 74 279 91 24 212 375 284 14 184 318 70 292 263 8 373 169 108 72 52 130 44 386 362 201 312 0,284
PFG_MOEA,1285,6,337.93,5308.22,0 399 172 182 397 36 11 92 86 141 266 303 357 319 199 228 267 366 289 231 34 58 68 161 235 35 249 88 135 233 156 94 230 57 127 109 59 137 136 273 77 151 218 197 388 261 106 173 302 107 164 67 294 226 19 13 80 38 0,
PFG_MOEA,1285,7,337.93,5308.22,0 374 350 311 4 314 193 340 299 321 269 120 142 37 51 145 123 146 121 322 339 132 174 320 364 393 3 229 308 356 264 259 246 42 1 255 247 152 191 112 329 300 165 200 221 242 96 0,132 264 340 393
PFG_MOEA,1285,8,337.93,5308.22,0 28 250 262 400 395 345 377 394 188 301 372 21 167 291 139 149 157 63 316 387 327 17 43 85 215 73 254 183 354 69 265 346 315 99 175 251 190 0,
PFG_MOEA,1285,9,337.93,5308.22,0 304 192 330 238 129 378 83 155 103 18 390 213 234 227 398 140 110 241 62 297 65 283 326 305 154 204 6 208 205 166 66 93 30 272 268 39 271 391 260 148 48 31 0,65 391
PFG_MOEA,1285,10,337.93,5308.22,0 33 71 225 97 232 209 361 170 367 25 55 217 56 7 317 286 333 180 220 158 189 64 20 126 124 224 10 287 179 0,
PFG_MOEA,1285,11,337.93,5308.22,0 15 168 203 369 16 380 335 360 216 150 9 47 125 309 5 195 379 270 210 45 348 353 153 278 87 171 75 328 248 54 46 383 382 344 349 243 117 178 82 41 0,82 87 195 353
PFG_MOEA,1285,12,337.93,5308.22,0 338 202 306 370 342 144 176 27 98 78 196 296 347 332 147 324 211 244 223 104 310 282 143 79 160 50 60 257 258 376 368 290 343 0,290
PFG_MOEA,1286,1,319.42,5478.6,0 222 0,
PFG_MOEA,1286,2,319.42,5478.6,0 95 101 323 363 352 102 277 275 194 53 293 133 331 285 392 115 245 396 240 385 288 177 181 358 337 384 111 116 76 113 81 29 325 131 84 355 114 389 279 74 159 162 371 219 341 22 134 186 105 298 334 26 281 0,105
PFG_MOEA,1286,3,319.42,5478.6,0 118 91 284 184 14 375 212 24 0,375
PFG_MOEA,1286,4,319.42,5478.6,0 399 397 36 11 92 199 86 141 266 319 357 303 289 366 267 228 8 263 292 70 318 373 169 108 72 52 130 44 386 362 201 312 67 164 107 302 173 106 261 388 197 218 151 77 273 136 182 172 0,86 197 318 362
PFG_MOEA,1286,5,319.42,5478.6,0 38 80 13 19 226 57 127 109 59 137 123 145 51 132 142 120 269 321 299 37 340 193 314 4 350 311 156 233 135 88 249 35 235 161 68 58 34 231 94 230 374 0,
PFG_MOEA,1286,6,319.42,5478.6,0 96 242 200 191 112 165 322 339 174 393 3 229 364 320 294 121 146 300 329 152 221 0,200 393
PFG_MOEA,1286,7,319.42,5478.6,0 93 85 247 28 246 259 308 264 356 345 377 395 400 42 250 255 1 262 63 157 291 167 21 372 301 188 394 139 149 316 387 327 17 43 73 215 254 183 354 69 265 346 315 99 390 175 251 190 18 213 234 227 398 0,
PFG_MOEA,1286,8,319.42,5478.6,0 304 31 48 330 192 129 238 148 260 391 271 66 166 205 208 6 204 154 305 326 283 65 62 297 241 158 189 220 110 140 103 155 83 378 124 126 20 64 30 272 268 39 0,62 205 220 391
PFG_MOEA,1286,9,319.42,5478.6,0 7 180 333 286 317 56 217 55 0,
PFG_MOEA,1286,10,319.42,5478.6,0 15 16 380 369 168 203 338 202 306 370 342 144 176 27 98 78 196 296 347 332 324 147 211 244 223 210 45 348 353 153 278 87 171 75 328 248 258 376 368 290 343 54 46 209 361 170 367 25 232 179 224 225 97 71 33 0,16 353 370
PFG_MOEA,1286,11,319.42,5478.6,0 365 253 206 61 89 2 119 128 216 336 138 163 150 47 125 9 100 282 310 104 143 79 160 50 60 257 270 379 195 5 309 280 351 237 256 287 10 383 382 344 349 243 117 178 82 41 0,47 138 178 206 243
PFG_MOEA,1286,12,319.42,5478.6,0 335 187 359 313 360 207 307 198 49 274 122 239 276 32 40 295 23 381 236 252 90 12 214 185 0,
PFG_MOEA,1287,1,312.87,5623.42,0 216 98 370 342 144 176 27 78 196 296 347 332 147 324 211 244 223 104 310 282 79 160 50 379 195 5 309 143 150 47 9 125 0,
PFG_MOEA,1287,2,312.87,5623.42,0 117 243 344 349 343 290 368 376 258 248 328 75 348 353 171 87 278 153 45 210 257 60 270 237 256 274 49 198 222 138 336 239 276 32 177 181 358 337 384 111 116 76 23 381 90 12 0,290 336 353
PFG_MOEA,1287,3,312.87,5623.42,0 22 118 185 214 2 119 128 236 252 40 295 122 392 285 331 133 293 53 101 352 363 323 194 275 277 102 100 351 280 95 163 61 89 207 307 313 359 253 365 0,307
PFG_MOEA,1287,4,312.87,5623.42,0 206 187 0,
PFG_MOEA,1287,5,312.87,5623.42,0 281 26 334 298 219 371 341 134 186 105 115 245 396 240 385 288 113 81 29 325 355 131 84 114 389 162 159 74 279 91 0,341
PFG_MOEA,1287,6,312.87,5623.42,0 80 13 19 226 57 127 109 59 137 136 273 77 151 218 197 388 261 106 173 302 107 164 67 312 201 362 386 44 130 52 72 108 169 373 8 263 292 70 318 184 14 284 375 212 24 303 357 319 182 172 38 0,318 362
PFG_MOEA,1287,7,312.87,5623.42,0 266 141 86 199 228 267 366 289 231 34 58 68 161 235 35 249 88 135 233 156 94 230 374 92 0,
PFG_MOEA,1287,8,312.87,5623.42,0 399 397 36 11 350 311 4 314 193 340 299 321 269 120 142 37 51 123 145 132 339 322 121 146 294 174 320 364 393 3 229 308 356 264 259 246 42 300 329 112 191 165 200 221 242 96 0,51 145 174 264 329
PFG_MOEA,1287,9,312.87,5623.42,0 152 247 28 250 345 377 395 400 394 188 301 372 167 21 139 291 262 1 255 0,
PFG_MOEA,1287,10,312.87,5623.42,0 85 215 73 43 17 327 387 316 149 157 63 354 183 254 69 265 346 315 99 175 251 190 390 18 103 155 83 378 0,175 390
PFG_MOEA,1287,11,312.87,5623.42,0 304 31 48 192 330 129 238 148 260 383 10 224 391 271 39 46 93 398 227 234 213 179 232 225 97 71 33 382 0,
PFG_MOEA,1287,12,312.87,5623.42,0 209 361 170 367 25 55 217 56 7 124 126 20 64 189 158 220 180 333 317 286 140 110 241 62 297 65 283 326 305 154 204 6 208 205 166 66 30 272 268 54 287 178 82 41 335 360 380 369 203 338 202 306 168 15 16 0,7 166 203 361
PFG_MOEA,1288,1,759.34,4800.0,0 219 341 105 389 114 84 131 355 325 29 81 113 76 116 111 384 337 358 181 177 288 385 240 396 245 115 392 285 331 133 293 53 163 150 9 125 47 216 89 61 206 253 365 0,245
PFG_MOEA,1288,2,759.34,4800.0,0 22 134 186 162 159 279 74 284 184 318 70 292 263 8 373 169 108 14 375 212 24 91 0,318
PFG_MOEA,1288,3,759.34,4800.0,0 304 31 48 148 260 224 71 33 129 238 330 192 200 165 112 191 152 127 57 109 59 137 273 136 247 17 43 85 215 73 254 69 354 183 327 387 157 149 188 394 316 63 262 1 255 250 28 42 400 395 377 345 356 264 259 246 308 229 197 218 151 77 107 164 67 302 388 3 106 173 261 320 364 393 312 201 362 329 300 123 51 145 322 121 146 294 174 339 132 120 142 37 269 321 299 340 233 135 88 249 35 161 235 68 58 34 386 231 289 366 267 228 44 130 52 72 303 357 319 266 141 86 92 199 156 94 230 311 374 11 36 397 350 4 314 193 182 172 13 19 226 221 242 96 80 38 0,33 106 174 200 303 311 394
PFG_MOEA,1288,4,759.34,4800.0,0 378 83 155 103 18 190 251 175 99 315 346 372 301 167 21 139 291 265 390 234 0,
PFG_MOEA,1288,5,759.34,4800.0,0 179 391 271 39 30 272 268 46 54 93 398 227 213 232 0,391
PFG_MOEA,1288,6,759.34,4800.0,0 225 0,
PFG_MOEA,1288,7,759.34,4800.0,0 97 209 361 170 367 0,
PFG_MOEA,1288,8,759.34,4800.0,0 399 15 168 203 338 202 306 370 342 144 176 27 98 78 196 369 380 16 41 82 178 117 243 344 349 66 343 290 368 376 258 248 328 75 348 353 45 210 278 153 171 87 6 208 205 166 158 189 220 241 62 297 65 283 204 154 305 326 110 140 180 333 317 286 25 55 217 56 7 124 126 20 64 287 10 383 382 0,62 66 205 220 342
PFG_MOEA,1288,9,759.34,4800.0,0 2 119 128 295 40 32 276 239 122 296 332 347 138 336 222 95 101 194 147 324 275 323 363 352 277 102 223 244 211 104 310 100 282 143 79 160 50 60 257 270 379 195 5 309 280 351 237 256 274 49 198 252 236 0,
PFG_MOEA,1288,10,759.34,4800.0,0 381 23 90 12 207 307 0,
PFG_MOEA,1288,11,759.34,4800.0,0 335 187 359 313 360 214 0,
PFG_MOEA,1288,12,759.34,4800.0,0 185 118 281 26 334 298 371 0,
PFG_MOEA,1289,1,314.81,5596.11,0 12 90 128 236 252 336 276 138 222 198 49 274 256 237 351 280 309 5 290 343 313 207 0,222
PFG_MOEA,1289,2,314.81,5596.11,0 91 292 263 8 373 169 108 14 375 212 24 371 219 341 298 334 26 281 118 185 214 295 40 32 239 122 95 101 352 363 323 194 275 277 102 100 23 381 119 2 307 359 187 148 48 31 304 0,23
PFG_MOEA,1289,3,314.81,5596.11,0 260 224 71 33 127 152 191 112 165 200 129 238 330 192 0,33
PFG_MOEA,1289,4,314.81,5596.11,0 57 67 302 173 106 3 388 164 107 77 151 218 197 229 308 246 259 264 356 345 377 395 400 42 28 250 255 1 262 63 316 394 188 149 157 387 327 183 354 69 254 73 215 85 43 17 247 136 273 137 59 109 0,
PFG_MOEA,1289,5,314.81,5596.11,0 329 300 362 123 51 145 322 121 146 201 261 320 364 393 312 294 174 339 132 206 253 365 360 335 0,362 393
PFG_MOEA,1289,6,314.81,5596.11,0 61 358 181 177 288 385 240 396 245 115 392 285 331 133 293 53 163 150 9 125 47 216 89 0,
PFG_MOEA,1289,7,314.81,5596.11,0 80 13 19 226 35 161 235 58 34 386 231 289 366 267 228 44 130 52 72 318 70 184 284 74 279 159 162 389 114 355 325 384 337 111 116 76 113 81 29 131 84 105 186 134 22 0,
PFG_MOEA,1289,8,314.81,5596.11,0 38 96 242 221 172 182 397 350 311 4 314 193 230 94 156 374 36 11 92 319 357 303 266 141 86 199 68 135 88 249 233 340 299 321 269 120 142 37 301 21 139 291 167 372 346 315 99 175 251 0,182
PFG_MOEA,1289,9,314.81,5596.11,0 97 225 232 179 391 271 158 241 62 297 65 283 204 154 305 326 110 140 286 317 333 180 220 126 124 7 56 217 55 25 367 170 361 209 227 234 213 190 390 265 18 103 155 83 378 398 93 54 46 268 272 30 39 0,65 154
PFG_MOEA,1289,10,314.81,5596.11,0 399 15 16 380 41 82 178 117 243 344 349 20 189 64 166 205 208 6 87 171 153 278 210 353 258 376 368 66 287 10 383 382 0,243
PFG_MOEA,1289,11,314.81,5596.11,0 369 338 203 168 0,
PFG_MOEA,1289,12,314.81,5596.11,0 202 306 370 342 144 176 27 98 78 196 296 347 332 324 147 211 244 223 104 310 282 143 79 160 50 60 257 270 379 195 45 348 75 328 248 0,370
PFG_MOEA,1290,1,411.21,4974.5,0 12 90 381 23 32 276 239 336 138 222 198 49 274 256 237 351 280 252 236 128 119 2 0,23
PFG_MOEA,1290,2,411.21,4974.5,0 22 118 185 214 295 40 122 392 285 331 133 293 53 101 352 363 323 194 275 277 102 100 95 163 61 89 207 307 313 359 365 253 206 187 0,22 100
PFG_MOEA,1290,3,411.21,4974.5,0 115 0,
PFG_MOEA,1290,4,411.21,4974.5,0 245 396 240 385 288 177 181 358 337 384 111 116 76 113 81 29 325 355 0,
PFG_MOEA,1290,5,411.21,4974.5,0 281 26 334 298 341 134 186 131 84 114 389 105 219 371 162 159 74 279 91 24 212 375 284 14 184 318 70 292 263 8 373 169 108 72 52 130 44 386 362 201 312 67 164 107 302 173 106 261 388 197 218 151 77 273 136 137 59 109 127 57 226 19 13 80 0,77 106 284
PFG_MOEA,1290,6,411.21,4974.5,0 38 172 182 319 303 357 266 141 86 199 228 267 366 289 231 34 58 68 161 235 35 249 88 135 233 156 94 230 374 92 11 36 397 350 311 4 314 193 340 299 321 269 120 142 37 51 123 145 132 339 322 121 146 294 174 320 364 393 3 229 308 356 264 259 246 42 300 329 112 221 242 96 0,51 174 229 246 299
PFG_MOEA,1290,7,411.21,4974.5,0 399 200 165 191 152 247 255 1 262 250 28 345 377 395 400 394 188 301 372 21 167 291 139 149 157 63 316 387 327 17 43 85 215 73 254 183 354 69 265 346 315 99 175 251 190 390 18 103 155 83 378 213 234 227 398 93 224 179 232 225 97 71 33 260 148 238 129 330 192 48 31 304 0,93
PFG_MOEA,1290,8,411.21,4974.5,0 382 383 10 391 271 39 46 54 268 272 30 66 166 205 208 6 204 154 305 326 283 65 297 62 241 110 140 286 317 333 180 220 158 189 64 20 126 124 7 56 217 55 25 367 170 361 209 287 0,55 62 66 220
PFG_MOEA,1290,9,411.21,4974.5,0 380 0,
PFG_MOEA,1290,10,411.21,4974.5,0 16 369 15 0,
PFG_MOEA,1290,11,411.21,4974.5,0 168 203 178 82 41 0,178
PFG_MOEA,1290,12,411.21,4974.5,0 335 360 338 202 306 370 342 144 176 27 98 78 196 296 347 332 216 47 125 9 150 147 324 211 244 223 104 310 282 143 309 5 195 379 79 160 50 60 270 257 210 45 153 278 87 171 353 348 75 328 248 258 376 368 290 343 349 344 243 117 0,
PFG_MOEA,1291,1,312.55,5795.78,0 336 138 239 122 296 347 332 324 275 277 104 211 244 223 102 352 363 323 194 147 101 95 222 0,122 211 222 277
PFG_MOEA,1291,2,312.55,5795.78,0 335 360 207 307 313 359 187 100 310 282 143 79 160 50 60 257 270 379 195 5 309 280 351 237 256 274 49 198 252 236 381 23 90 12 214 185 118 281 26 334 298 371 72 52 130 44 386 80 0,5 307
PFG_MOEA,1291,3,312.55,5795.78,0 13 19 226 57 127 109 59 137 136 273 77 151 218 197 388 261 106 173 302 107 164 67 312 201 362 123 51 145 294 174 339 132 142 120 269 321 299 0,174
PFG_MOEA,1291,4,312.55,5795.78,0 340 233 135 88 249 35 235 161 68 58 34 231 289 366 267 228 141 266 303 357 319 86 199 156 94 0,303
PFG_MOEA,1291,5,312.55,5795.78,0 38 172 182 397 36 11 92 374 230 311 350 4 314 193 37 322 121 146 320 364 393 3 229 308 356 264 259 246 42 300 329 112 191 152 221 242 96 0,42 264
PFG_MOEA,1291,6,312.55,5795.78,0 200 165 129 0,
PFG_MOEA,1291,7,312.55,5795.78,0 304 330 395 400 394 188 301 372 21 167 291 139 149 157 63 316 387 17 43 33 71 224 260 0,
PFG_MOEA,1291,8,312.55,5795.78,0 399 247 28 250 345 377 262 1 255 327 254 73 215 85 93 179 232 225 97 148 238 192 48 31 0,93
PFG_MOEA,1291,9,312.55,5795.78,0 378 69 183 354 265 346 315 99 175 251 190 390 18 103 155 83 234 213 227 398 209 361 170 367 25 55 217 56 7 180 333 317 286 140 110 62 297 65 283 326 305 154 204 6 208 241 220 158 189 64 20 126 124 0,175
PFG_MOEA,1291,10,312.55,5795.78,0 287 382 383 10 268 272 30 66 166 205 271 39 391 53 293 133 331 285 392 115 245 396 240 385 288 177 181 358 337 384 111 116 76 113 81 29 325 355 131 84 114 389 105 341 219 0,
PFG_MOEA,1291,11,312.55,5795.78,0 91 24 212 375 14 108 169 373 8 263 292 70 318 184 284 74 279 159 162 22 134 186 89 216 47 125 9 150 163 61 365 253 206 46 54 0,
PFG_MOEA,1291,12,312.55,5795.78,0 41 82 178 117 243 344 349 343 290 368 376 258 248 328 75 171 87 153 278 210 45 353 348 2 119 128 295 40 32 276 196 78 98 27 176 144 342 370 306 202 338 203 168 369 380 16 15 0,16 87 203
PFG_MOEA,1292,1,389.39,5146.42,0 163 78 53 293 133 331 285 392 98 115 245 27 396 240 385 288 177 181 358 337 384 111 116 76 113 81 29 325 355 131 84 114 389 91 279 74 159 162 371 219 298 341 22 134 186 105 118 185 0,
PFG_MOEA,1292,2,389.39,5146.42,0 281 26 334 24 212 375 284 14 184 318 70 292 263 8 373 169 108 72 52 130 44 386 51 145 123 362 201 294 312 67 164 107 302 173 106 261 388 197 218 151 77 273 136 137 59 109 127 57 226 19 13 80 0,
PFG_MOEA,1292,3,389.39,5146.42,0 142 339 174 132 120 269 321 299 340 233 135 88 249 35 235 161 68 58 34 231 289 366 267 228 141 266 303 357 319 86 199 156 94 230 374 92 11 36 397 350 311 4 314 193 0,88
PFG_MOEA,1292,4,389.39,5146.42,0 182 172 38 0,
PFG_MOEA,1292,5,389.39,5146.42,0 37 322 121 146 320 364 393 3 229 308 356 264 259 246 42 300 329 112 152 191 165 200 221 242 96 0,152 264 329
PFG_MOEA,1292,6,389.39,5146.42,0 129 33 71 224 260 0,
PFG_MOEA,1292,7,389.39,5146.42,0 399 247 255 1 262 250 28 345 377 395 400 394 188 301 372 21 167 291 139 149 157 63 316 387 17 43 73 254 327 183 354 69 215 85 93 179 232 225 97 148 48 238 330 192 31 304 0,395
PFG_MOEA,1292,8,389.39,5146.42,0 16 15 168 203 369 380 391 271 39 268 272 30 66 166 205 208 6 204 154 305 326 283 65 297 62 241 110 140 286 317 333 180 220 158 189 64 20 126 124 7 56 217 55 25 367 170 361 209 398 227 234 213 190 251 175 99 315 346 265 390 18 103 155 83 378 54 46 287 10 383 382 41 0,7 16 20 103 272
PFG_MOEA,1292,9,389.39,5146.42,0 82 178 117 243 368 376 258 353 153 171 87 278 210 143 237 256 274 49 100 282 310 104 102 277 275 194 323 363 352 101 198 95 222 138 122 276 336 252 236 128 23 381 90 119 2 12 0,
PFG_MOEA,1292,10,389.39,5146.42,0 344 349 351 280 309 5 79 160 50 60 257 270 379 195 45 348 75 328 248 290 343 187 0,
PFG_MOEA,1292,11,389.39,5146.42,0 214 295 40 32 239 370 342 144 176 150 47 9 125 216 89 61 207 307 313 359 206 253 365 360 335 0,176
PFG_MOEA,1292,12,389.39,5146.42,0 338 202 306 196 296 347 332 324 147 211 244 223 0,
PFG_MOEA,1293,1,413.96,4915.5,0 187 206 253 365 359 313 307 207 61 12 89 2 119 128 236 252 336 138 163 222 95 198 351 280 237 256 274 49 100 102 277 275 194 323 363 352 101 53 293 133 331 285 392 122 239 276 32 40 295 23 381 90 113 81 29 76 116 111 384 337 358 181 177 288 385 240 396 245 115 22 118 185 214 0,245 381
PFG_MOEA,1293,2,413.96,4915.5,0 281 84 131 325 355 114 389 186 134 341 298 26 334 0,
PFG_MOEA,1293,3,413.96,4915.5,0 371 219 105 162 159 74 279 91 24 212 375 284 14 184 318 70 292 263 8 373 169 108 72 52 130 44 386 362 201 312 67 164 107 302 173 106 261 388 197 218 151 77 273 136 137 59 0,
PFG_MOEA,1293,4,413.96,4915.5,0 57 127 109 226 0,
PFG_MOEA,1293,5,413.96,4915.5,0 19 0,
PFG_MOEA,1293,6,413.96,4915.5,0 38 303 357 266 141 86 199 228 267 366 289 231 34 58 68 161 235 35 249 88 135 233 319 182 172 13 80 0,88
PFG_MOEA,1293,7,413.96,4915.5,0 399 397 36 11 92 156 94 230 374 350 311 4 314 193 340 299 321 269 120 142 37 51 123 145 132 339 322 121 146 294 174 320 364 393 3 229 308 356 264 259 246 42 300 329 112 191 165 200 221 242 96 0,11 340 374 393
PFG_MOEA,1293,8,413.96,4915.5,0 152 247 255 1 262 250 28 345 377 395 400 394 188 301 372 21 167 291 139 149 157 63 316 387 327 17 43 85 215 73 254 183 354 69 265 346 315 99 175 251 190 390 18 103 155 83 378 213 234 227 398 93 0,1 152 175 227
PFG_MOEA,1293,9,413.96,4915.5,0 304 31 48 192 330 238 129 148 260 391 271 39 268 272 30 66 166 205 208 6 204 154 305 326 283 65 297 62 241 110 140 286 317 333 180 220 158 189 64 20 126 124 7 56 217 55 25 367 170 361 209 71 33 97 225 232 179 224 0,55 391
PFG_MOEA,1293,10,413.96,4915.5,0 287 10 383 382 0,
PFG_MOEA,1293,11,413.96,4915.5,0 16 15 168 203 369 380 82 178 117 243 349 344 54 46 41 0,
PFG_MOEA,1293,12,413.96,4915.5,0 335 360 216 150 9 47 125 309 5 343 290 368 376 258 248 328 75 171 87 278 153 353 348 45 210 195 379 270 257 60 50 160 79 143 282 310 104 223 244 211 324 147 332 347 296 196 78 98 27 176 144 342 370 306 202 338 0,
PFG_MOEA,1294,1,320.55,5348.04,0 80 13 172 182 397 36 11 92 233 135 88 249 35 235 161 68 58 34 231 289 319 399 0,
PFG_MOEA,1294,2,320.55,5348.04,0 374 230 94 156 311 350 4 314 193 340 299 321 269 120 142 132 339 174 320 364 308 229 3 393 294 146 121 322 123 145 51 37 0,393
PFG_MOEA,1294,3,320.55,5348.04,0 96 242 221 200 165 112 329 300 191 152 247 255 1 262 42 250 28 246 259 264 356 345 377 395 400 394 188 301 372 21 167 291 139 149 157 63 316 387 327 17 43 85 215 73 254 183 354 69 265 346 315 99 175 251 190 0,215
PFG_MOEA,1294,4,320.55,5348.04,0 304 31 192 330 238 129 398 227 234 213 18 390 286 140 110 241 93 260 148 48 0,
PFG_MOEA,1294,5,320.55,5348.04,0 317 333 0,
PFG_MOEA,1294,6,320.55,5348.04,0 33 71 209 361 170 367 25 55 217 56 7 180 220 158 189 64 20 126 124 224 10 383 382 16 203 168 15 0,25
PFG_MOEA,1294,7,320.55,5348.04,0 380 369 335 360 216 150 9 47 125 309 5 195 379 270 210 45 348 353 153 278 87 171 75 328 248 258 376 368 290 343 54 46 344 349 243 117 178 82 41 0,
PFG_MOEA,1294,8,320.55,5348.04,0 338 202 306 370 342 144 176 27 98 78 196 296 347 332 147 324 211 244 223 104 310 282 143 79 160 50 60 257 6 204 154 305 326 283 62 297 65 208 205 166 66 30 272 268 0,66
PFG_MOEA,1294,9,320.55,5348.04,0 187 206 253 365 359 313 307 207 61 12 89 2 119 128 236 252 336 138 163 222 95 198 351 256 237 280 391 271 39 378 83 155 103 232 179 287 225 97 0,138 307
PFG_MOEA,1294,10,320.55,5348.04,0 22 389 114 84 131 325 355 29 81 113 76 116 111 384 337 358 181 177 288 385 240 396 245 115 392 285 331 133 293 53 101 352 363 323 194 275 277 102 100 49 274 122 239 276 32 40 295 23 381 90 214 185 281 118 0,323 331
PFG_MOEA,1294,11,320.55,5348.04,0 334 298 26 105 186 134 341 219 371 24 212 375 14 184 318 70 292 263 8 373 169 284 74 279 91 159 162 0,134
PFG_MOEA,1294,12,320.55,5348.04,0 38 19 226 57 127 109 59 137 136 273 77 151 218 197 388 261 106 173 302 107 164 67 312 201 362 366 267 228 386 44 130 52 72 108 303 357 266 141 86 199 0,106 386
PFG_MOEA,1295,1,270.73,5843.94,0 335 187 309 5 195 379 270 257 60 50 160 79 143 280 351 237 256 274 49 198 252 236 381 23 90 12 207 307 0,
PFG_MOEA,1295,2,270.73,5843.94,0 61 313 359 206 253 365 360 214 185 118 281 26 334 298 371 22 134 186 162 159 292 263 8 373 318 70 184 284 74 279 0,134 284 313 318
PFG_MOEA,1295,3,270.73,5843.94,0 91 169 108 14 375 212 24 192 330 238 129 200 165 112 191 152 127 57 109 59 137 273 136 247 17 43 85 215 33 71 224 260 148 48 31 304 0,33 200
PFG_MOEA,1295,4,270.73,5843.94,0 73 254 69 354 183 327 387 157 149 188 394 316 63 262 1 255 250 28 42 400 395 377 345 356 264 259 246 308 229 197 218 151 77 107 164 67 302 388 3 106 173 261 320 364 0,
PFG_MOEA,1295,5,270.73,5843.94,0 329 300 362 123 51 145 322 121 146 201 312 393 294 174 339 132 120 142 0,145 174
PFG_MOEA,1295,6,270.73,5843.94,0 37 269 321 299 340 219 341 105 84 131 29 81 113 76 116 111 181 358 337 384 325 355 114 389 0,341
PFG_MOEA,1295,7,270.73,5843.94,0 89 216 47 125 9 150 163 53 293 133 331 285 392 115 245 396 240 385 288 177 34 58 235 135 233 88 249 35 161 68 0,133 240
PFG_MOEA,1295,8,270.73,5843.94,0 172 182 193 314 4 350 397 36 11 374 311 230 94 156 199 92 86 319 266 141 289 231 386 366 267 228 44 130 52 72 303 357 13 19 226 221 242 96 0,141 386
PFG_MOEA,1295,9,270.73,5843.94,0 38 80 378 83 291 139 21 167 301 372 346 315 265 390 99 175 251 190 18 103 155 234 227 398 93 54 46 268 272 30 39 271 391 179 0,
PFG_MOEA,1295,10,270.73,5843.94,0 97 225 232 209 361 213 170 367 328 248 258 376 368 290 343 66 349 344 243 117 178 82 41 16 380 369 196 78 98 27 176 144 342 370 306 202 338 203 168 15 399 0,82 176 225
PFG_MOEA,1295,11,270.73,5843.94,0 287 64 166 205 75 348 353 45 210 278 153 171 87 6 208 158 189 220 241 62 297 65 283 204 154 305 326 110 140 180 333 317 286 25 55 217 56 7 124 126 20 10 0,65 126
PFG_MOEA,1295,12,270.73,5843.94,0 2 119 128 295 40 32 276 239 122 296 332 347 138 336 222 95 101 194 147 324 275 323 363 352 277 102 223 244 211 104 310 100 282 383 382 0,2
PFG_MOEA,1296,1,369.23,5154.87,0 90 295 40 32 276 239 122 222 95 101 323 363 352 102 277 275 194 53 293 133 331 285 392 115 245 396 240 385 288 177 181 358 337 384 111 116 76 113 81 29 325 131 84 355 114 389 279 74 159 162 371 219 341 22 134 186 105 298 334 26 281 118 185 214 0,40 240 245 331
PFG_MOEA,1296,2,369.23,5154.87,0 91 24 212 375 284 14 184 318 70 292 263 8 373 169 108 72 52 130 44 386 0,318
PFG_MOEA,1296,3,369.23,5154.87,0 362 201 312 67 164 107 302 173 106 261 388 197 218 151 77 273 136 0,106
PFG_MOEA,1296,4,369.23,5154.87,0 399 172 182 397 36 11 92 86 141 266 303 357 319 199 228 267 366 289 231 34 58 68 161 235 35 249 88 135 233 156 94 230 374 350 311 4 314 193 340 299 321 269 120 142 37 51 145 123 137 59 109 127 57 226 19 13 80 38 0,340
PFG_MOEA,1296,5,369.23,5154.87,0 132 339 322 0,
PFG_MOEA,1296,6,369.23,5154.87,0 96 242 221 200 165 112 191 152 329 300 121 146 294 174 320 364 393 3 229 308 259 246 264 356 345 377 395 400 42 250 28 247 255 1 262 63 157 291 167 21 372 301 188 394 139 149 316 387 327 17 43 85 215 73 254 183 354 69 265 346 315 99 0,1 200 393
PFG_MOEA,1296,7,369.23,5154.87,0 93 398 227 234 213 190 251 175 390 18 103 155 83 378 31 304 0,
PFG_MOEA,1296,8,369.23,5154.87,0 48 192 330 238 129 148 260 391 0,
PFG_MOEA,1296,9,369.23,5154.87,0 268 272 30 65 283 326 305 154 204 6 208 205 166 66 271 39 0,272
PFG_MOEA,1296,10,369.23,5154.87,0 124 126 20 64 189 158 220 241 297 62 110 140 286 317 333 180 7 56 217 55 25 367 170 361 209 71 97 33 0,
PFG_MOEA,1296,11,369.23,5154.87,0 15 16 380 369 168 203 338 202 306 370 342 144 176 27 98 78 196 296 347 332 324 147 211 244 223 210 45 348 353 153 278 87 171 75 328 248 258 376 368 290 343 54 46 224 225 232 179 287 10 383 382 41 344 349 243 117 178 82 125 9 47 150 216 360 335 0,47 87 353
PFG_MOEA,1296,12,369.23,5154.87,0 207 307 313 359 365 253 206 187 100 310 104 282 143 79 160 50 60 257 270 379 195 5 309 280 351 237 256 274 49 198 163 138 336 252 236 381 23 128 119 2 89 12 61 0,
PFG_MOEA,1297,1,337.93,5308.22,0 187 206 253 313 359 365 0,
PFG_MOEA,1297,2,337.93,5308.22,0 207 307 198 280 351 256 237 101 53 293 133 331 285 392 95 222 163 138 336 252 236 128 119 2 89 12 61 0,133 222
PFG_MOEA,1297,3,337.93,5308.22,0 323 363 352 194 275 277 102 100 49 274 122 239 276 32 40 295 23 381 90 0,
PFG_MOEA,1297,4,337.93,5308.22,0 22 115 245 396 240 385 288 177 181 358 337 384 111 116 76 113 81 29 131 84 281 118 185 214 0,
PFG_MOEA,1297,5,337.93,5308.22,0 334 26 298 371 219 341 134 186 105 355 325 114 389 162 159 74 279 91 24 212 375 284 14 184 318 70 292 263 8 373 169 108 72 52 130 44 386 362 201 312 0,284
PFG_MOEA,1297,6,337.93,5308.22,0 399 172 182 397 36 11 92 86 141 266 303 357 319 199 228 267 366 289 231 34 58 68 161 235 35 249 88 135 233 156 94 230 57 127 109 59 137 136 273 77 151 218 197 388 261 106 173 302 107 164 67 294 226 19 13 80 38 0,
PFG_MOEA,1297,7,337.93,5308.22,0 374 350 311 4 314 193 340 299 321 269 120 142 37 51 145 123 146 121 322 339 132 174 320 364 393 3 229 308 356 264 259 246 42 1 255 247 152 191 112 329 300 165 200 221 242 96 0,132 264 340 393
PFG_MOEA,1297,8,337.93,5308.22,0 28 250 262 400 395 345 377 394 188 301 372 21 167 291 139 149 157 63 316 387 327 17 43 85 215 73 254 183 354 69 265 346 315 99 175 251 190 0,
PFG_MOEA,1297,9,337.93,5308.22,0 304 192 330 238 129 378 83 155 103 18 390 213 234 227 398 140 110 241 62 297 65 283 326 305 154 204 6 208 205 166 66 93 30 272 268 39 271 391 260 148 48 31 0,65 391
PFG_MOEA,1297,10,337.93,5308.22,0 33 71 225 97 232 209 361 170 367 25 55 217 56 7 317 286 333 180 220 158 189 64 20 126 124 224 10 287 179 0,
PFG_MOEA,1297,11,337.93,5308.22,0 15 168 203 369 16 380 335 360 216 150 9 47 125 309 5 195 379 270 210 45 348 353 153 278 87 171 75 328 248 54 46 383 382 344 349 243 117 178 82 41 0,82 87 195 353
PFG_MOEA,1297,12,337.93,5308.22,0 338 202 306 370 342 144 176 27 98 78 196 296 347 332 147 324 211 244 223 104 310 282 143 79 160 50 60 257 258 376 368 290 343 0,290
PFG_MOEA,1298,1,319.42,5478.6,0 222 0,
PFG_MOEA,1298,2,319.42,5478.6,0 95 101 323 363 352 102 277 275 194 53 293 133 331 285 392 115 245 396 240 385 288 177 181 358 337 384 111 116 76 113 81 29 325 131 84 355 114 389 279 74 159 162 371 219 341 22 134 186 105 298 334 26 281 0,105
PFG_MOEA,1298,3,319.42,5478.6,0 118 91 284 184 14 375 212 24 0,375
PFG_MOEA,1298,4,319.42,5478.6,0 399 397 36 11 92 199 86 141 266 319 357 303 289 366 267 228 8 263 292 70 318 373 169 108 72 52 130 44 386 362 201 312 67 164 107 302 173 106 261 388 197 218 151 77 273 136 182 172 0,86 197 318 362
PFG_MOEA,1298,5,319.42,5478.6,0 38 80 13 19 226 57 127 109 59 137 123 145 51 132 142 120 269 321 299 37 340 193 314 4 350 311 156 233 135 88 249 35 235 161 68 58 34 231 94 230 374 0,
PFG_MOEA,1298,6,319.42,5478.6,0 96 242 200 191 112 165 322 339 174 393 3 229 364 320 294 121 146 300 329 152 221 0,200 393
PFG_MOEA,1298,7,319.42,5478.6,0 93 85 247 28 246 259 308 264 356 345 377 395 400 42 250 255 1 262 63 157 291 167 21 372 301 188 394 139 149 316 387 327 17 43 73 215 254 183 354 69 265 346 315 99 390 175 251 190 18 213 234 227 398 0,
PFG_MOEA,1298,8,319.42,5478.6,0 304 31 48 330 192 129 238 148 260 391 271 66 166 205 208 6 204 154 305 326 283 65 62 297 241 158 189 220 110 140 103 155 83 378 124 126 20 64 30 272 268 39 0,62 205 220 391
PFG_MOEA,1298,9,319.42,5478.6,0 7 180 333 286 317 56 217 55 0,
PFG_MOEA,1298,10,319.42,5478.6,0 15 16 380 369 168 203 338 202 306 370 342 144 176 27 98 78 196 296 347 332 324 147 211 244 223 210 45 348 353 153 278 87 171 75 328 248 258 376 368 290 343 54 46 209 361 170 367 25 232 179 224 225 97 71 33 0,16 353 370
PFG_MOEA,1298,11,319.42,5478.6,0 365 253 206 61 89 2 119 128 216 336 138 163 150 47 125 9 100 282 310 104 143 79 160 50 60 257 270 379 195 5 309 280 351 237 256 287 10 383 382 344 349 243 117 178 82 41 0,47 138 178 206 243
PFG_MOEA,1298,12,319.42,5478.6,0 335 187 359 313 360 207 307 198 49 274 122 239 276 32 40 295 23 381 236 252 90 12 214 185 0,
PFG_MOEA,1299,1,312.87,5623.42,0 216 98 370 342 144 176 27 78 196 296 347 332 147 324 211 244 223 104 310 282 79 160 50 379 195 5 309 143 150 47 9 125 0,
PFG_MOEA,1299,2,312.87,5623.42,0 117 243 344 349 343 290 368 376 258 248 328 75 348 353 171 87 278 153 45 210 257 60 270 237 256 274 49 198 222 138 336 239 276 32 177 181 358 337 384 111 116 76 23 381 90 12 0,290 336 353
PFG_MOEA,1299,3,312.87,5623.42,0 22 118 185 214 2 119 128 236 252 40 295 122 392 285 331 133 293 53 101 352 363 323 194 275 277 102 100 351 280 95 163 61 89 207 307 313 359 253 365 0,307
PFG_MOEA,1299,4,312.87,5623.42,0 206 187 0,
PFG_MOEA,1299,5,312.87,5623.42,0 281 26 334 298 219 371 341 134 186 105 115 245 396 240 385 288 113 81 29 325 355 131 84 114 389 162 159 74 279 91 0,341
PFG_MOEA,1299,6,312.87,5623.42,0 80 13 19 226 57 127 109 59 137 136 273 77 151 218 197 388 261 106 173 302 107 164 67 312 201 362 386 44 130 52 72 108 169 373 8 263 292 70 318 184 14 284 375 212 24 303 357 319 182 172 38 0,318 362
PFG_MOEA,1299,7,312.87,5623.42,0 266 141 86 199 228 267 366 289 231 34 58 68 161 235 35 249 88 135 233 156 94 230 374 92 0,
PFG_MOEA,1299,8,312.87,5623.42,0 399 397 36 11 350 311 4 314 193 340 299 321 269 120 142 37 51 123 145 132 339 322 121 146 294 174 320 364 393 3 229 308 356 264 259 246 42 300 329 112 191 165 200 221 242 96 0,51 145 174 264 329
PFG_MOEA,1299,9,312.87,5623.42,0 152 247 28 250 345 377 395 400 394 188 301 372 167 21 139 291 262 1 255 0,
PFG_MOEA,1299,10,312.87,5623.42,0 85 215 73 43 17 327 387 316 149 157 63 354 183 254 69 265 346 315 99 175 251 190 390 18 103 155 83 378 0,175 390
PFG_MOEA,1299,11,312.87,5623.42,0 304 31 48 192 330 129 238 148 260 383 10 224 391 271 39 46 93 398 227 234 213 179 232 225 97 71 33 382 0,
PFG_MOEA,1299,12,312.87,5623.42,0 209 361 170 367 25 55 217 56 7 124 126 20 64 189 158 220 180 333 317 286 140 110 241 62 297 65 283 326 305 154 204 6 208 205 166 66 30 272 268 54 287 178 82 41 335 360 380 369 203 338 202 306 168 15 16 0,7 166 203 361
PFG_MOEA,1300,1,759.34,4800.0,0 219 341 105 389 114 84 131 355 325 29 81 113 76 116 111 384 337 358 181 177 288 385 240 396 245 115 392 285 331 133 293 53 163 150 9 125 47 216 89 61 206 253 365 0,245
PFG_MOEA,1300,2,759.34,4800.0,0 22 134 186 162 159 279 74 284 184 318 70 292 263 8 373 169 108 14 375 212 24 91 0,318
PFG_MOEA,1300,3,759.34,4800.0,0 304 31 48 148 260 224 71 33 129 238 330 192 200 165 112 191 152 127 57 109 59 137 273 136 247 17 43 85 215 73 254 69 354 183 327 387 157 149 188 394 316 63 262 1 255 250 28 42 400 395 377 345 356 264 259 246 308 229 197 218 151 77 107 164 67 302 388 3 106 173 261 320 364 393 312 201 362 329 300 123 51 145 322 121 146 294 174 339 132 120 142 37 269 321 299 340 233 135 88 249 35 161 235 68 58 34 386 231 289 366 267 228 44 130 52 72 303 357 319 266 141 86 92 199 156 94 230 311 374 11 36 397 350 4 314 193 182 172 13 19 226 221 242 96 80 38 0,33 106 174 200 303 311 394
PFG_MOEA,1300,4,759.34,4800.0,0 378 83 155 103 18 190 251 175 99 315 346 372 301 167 21 139 291 265 390 234 0,
PFG_MOEA,1300,5,759.34,4800.0,0 179 391 271 39 30 272 268 46 54 93 398 227 213 232 0,391
PFG_MOEA,1300,6,759.34,4800.0,0 225 0,
PFG_MOEA,1300,7,759.34,4800.0,0 97 209 361 170 367 0,
PFG_MOEA,1300,8,759.34,4800.0,0 399 15 168 203 338 202 306 370 342 144 176 27 98 78 196 369 380 16 41 82 178 117 243 344 349 66 343 290 368 376 258 248 328 75 348 353 45 210 278 153 171 87 6 208 205 166 158 189 220 241 62 297 65 283 204 154 305 326 110 140 180 333 317 286 25 55 217 56 7 124 126 20 64 287 10 383 382 0,62 66 205 220 342
PFG_MOEA,1300,9,759.34,4800.0,0 2 119 128 295 40 32 276 239 122 296 332 347 138 336 222 95 101 194 147 324 275 323 363 352 277 102 223 244 211 104 310 100 282 143 79 160 50 60 257 270 379 195 5 309 280 351 237 256 274 49 198 252 236 0,
PFG_MOEA,1300,10,759.34,4800.0,0 381 23 90 12 207 307 0,
PFG_MOEA,1300,11,759.34,4800.0,0 335 187 359 313 360 214 0,
PFG_MOEA,1300,12,759.34,4800.0,0 185 118 281 26 334 298 371 0,
PFG_MOEA,1301,1,314.81,5596.11,0 12 90 128 236 252 336 276 138 222 198 49 274 256 237 351 280 309 5 290 343 313 207 0,222
PFG_MOEA,1301,2,314.81,5596.11,0 91 292 263 8 373 169 108 14 375 212 24 371 219 341 298 334 26 281 118 185 214 295 40 32 239 122 95 101 352 363 323 194 275 277 102 100 23 381 119 2 307 359 187 148 48 31 304 0,23
PFG_MOEA,1301,3,314.81,5596.11,0 260 224 71 33 127 152 191 112 165 200 129 238 330 192 0,33
PFG_MOEA,1301,4,314.81,5596.11,0 57 67 302 173 106 3 388 164 107 77 151 218 197 229 308 246 259 264 356 345 377 395 400 42 28 250 255 1 262 63 316 394 188 149 157 387 327 183 354 69 254 73 215 85 43 17 247 136 273 137 59 109 0,
PFG_MOEA,1301,5,314.81,5596.11,0 329 300 362 123 51 145 322 121 146 201 261 320 364 393 312 294 174 339 132 206 253 365 360 335 0,362 393
PFG_MOEA,1301,6,314.81,5596.11,0 61 358 181 177 288 385 240 396 245 115 392 285 331 133 293 53 163 150 9 125 47 216 89 0,
PFG_MOEA,1301,7,314.81,5596.11,0 80 13 19 226 35 161 235 58 34 386 231 289 366 267 228 44 130 52 72 318 70 184 284 74 279 159 162 389 114 355 325 384 337 111 116 76 113 81 29 131 84 105 186 134 22 0,
PFG_MOEA,1301,8,314.81,5596.11,0 38 96 242 221 172 182 397 350 311 4 314 193 230 94 156 374 36 11 92 319 357 303 266 141 86 199 68 135 88 249 233 340 299 321 269 120 142 37 301 21 139 291 167 372 346 315 99 175 251 0,182
PFG_MOEA,1301,9,314.81,5596.11,0 97 225 232 179 391 271 158 241 62 297 65 283 204 154 305 326 110 140 286 317 333 180 220 126 124 7 56 217 55 25 367 170 361 209 227 234 213 190 390 265 18 103 155 83 378 398 93 54 46 268 272 30 39 0,65 154
PFG_MOEA,1301,10,314.81,5596.11,0 399 15 16 380 41 82 178 117 243 344 349 20 189 64 166 205 208 6 87 171 153 278 210 353 258 376 368 66 287 10 383 382 0,243
PFG_MOEA,1301,11,314.81,5596.11,0 369 338 203 168 0,
PFG_MOEA,1301,12,314.81,5596.11,0 202 306 370 342 144 176 27 98 78 196 296 347 332 324 147 211 244 223 104 310 282 143 79 160 50 60 257 270 379 195 45 348 75 328 248 0,370
PFG_MOEA,1302,1,411.21,4974.5,0 12 90 381 23 32 276 239 336 138 222 198 49 274 256 237 351 280 252 236 128 119 2 0,23
PFG_MOEA,1302,2,411.21,4974.5,0 22 118 185 214 295 40 122 392 285 331 133 293 53 101 352 363 323 194 275 277 102 100 95 163 61 89 207 307 313 359 365 253 206 187 0,22 100
PFG_MOEA,1302,3,411.21,4974.5,0 115 0,
PFG_MOEA,1302,4,411.21,4974.5,0 245 396 240 385 288 177 181 358 337 384 111 116 76 113 81 29 325 355 0,
PFG_MOEA,1302,5,411.21,4974.5,0 281 26 334 298 341 134 186 131 84 114 389 105 219 371 162 159 74 279 91 24 212 375 284 14 184 318 70 292 263 8 373 169 108 72 52 130 44 386 362 201 312 67 164 107 302 173 106 261 388 197 218 151 77 273 136 137 59 109 127 57 226 19 13 80 0,77 106 284
PFG_MOEA,1302,6,411.21,4974.5,0 38 172 182 319 303 357 266 141 86 199 228 267 366 289 231 34 58 68 161 235 35 249 88 135 233 156 94 230 374 92 11 36 397 350 311 4 314 193 340 299 321 269 120 142 37 51 123 145 132 339 322 121 146 294 174 320 364 393 3 229 308 356 264 259 246 42 300 329 112 221 242 96 0,51 174 229 246 299
PFG_MOEA,1302,7,411.21,4974.5,0 399 200 165 191 152 247 255 1 262 250 28 345 377 395 400 394 188 301 372 21 167 291 139 149 157 63 316 387 327 17 43 85 215 73 254 183 354 69 265 346 315 99 175 251 190 390 18 103 155 83 378 213 234 227 398 93 224 179 232 225 97 71 33 260 148 238 129 330 192 48 31 304 0,93
PFG_MOEA,1302,8,411.21,4974.5,0 382 383 10 391 271 39 46 54 268 272 30 66 166 205 208 6 204 154 305 326 283 65 297 62 241 110 140 286 317 333 180 220 158 189 64 20 126 124 7 56 217 55 25 367 170 361 209 287 0,55 62 66 220
PFG_MOEA,1302,9,411.21,4974.5,0 380 0,
PFG_MOEA,1302,10,411.21,4974.5,0 16 369 15 0,
PFG_MOEA,1302,11,411.21,4974.5,0 168 203 178 82 41 0,178
PFG_MOEA,1302,12,411.21,4974.5,0 335 360 338 202 306 370 342 144 176 27 98 78 196 296 347 332 216 47 125 9 150 147 324 211 244 223 104 310 282 143 309 5 195 379 79 160 50 60 270 257 210 45 153 278 87 171 353 348 75 328 248 258 376 368 290 343 349 344 243 117 0,
PFG_MOEA,1303,1,312.55,5795.78,0 336 138 239 122 296 347 332 324 275 277 104 211 244 223 102 352 363 323 194 147 101 95 222 0,122 211 222 277
PFG_MOEA,1303,2,312.55,5795.78,0 335 360 207 307 313 359 187 100 310 282 143 79 160 50 60 257 270 379 195 5 309 280 351 237 256 274 49 198 252 236 381 23 90 12 214 185 118 281 26 334 298 371 72 52 130 44 386 80 0,5 307
PFG_MOEA,1303,3,312.55,5795.78,0 13 19 226 57 127 109 59 137 136 273 77 151 218 197 388 261 106 173 302 107 164 67 312 201 362 123 51 145 294 174 339 132 142 120 269 321 299 0,174
PFG_MOEA,1303,4,312.55,5795.78,0 340 233 135 88 249 35 235 161 68 58 34 231 289 366 267 228 141 266 303 357 319 86 199 156 94 0,303
PFG_MOEA,1303,5,312.55,5795.78,0 38 172 182 397 36 11 92 374 230 311 350 4 314 193 37 322 121 146 320 364 393 3 229 308 356 264 259 246 42 300 329 112 191 152 221 242 96 0,42 264
PFG_MOEA,1303,6,312.55,5795.78,0 200 165 129 0,
PFG_MOEA,1303,7,312.55,5795.78,0 304 330 395 400 394 188 301 372 21 167 291 139 149 157 63 316 387 17 43 33 71 224 260 0,
PFG_MOEA,1303,8,312.55,5795.78,0 399 247 28 250 345 377 262 1 255 327 254 73 215 85 93 179 232 225 97 148 238 192 48 31 0,93
PFG_MOEA,1303,9,312.55,5795.78,0 378 69 183 354 265 346 315 99 175 251 190 390 18 103 155 83 234 213 227 398 209 361 170 367 25 55 217 56 7 180 333 317 286 140 110 62 297 65 283 326 305 154 204 6 208 241 220 158 189 64 20 126 124 0,175
PFG_MOEA,1303,10,312.55,5795.78,0 287 382 383 10 268 272 30 66 166 205 271 39 391 53 293 133 331 285 392 115 245 396 240 385 288 177 181 358 337 384 111 116 76 113 81 29 325 355 131 84 114 389 105 341 219 0,
PFG_MOEA,1303,11,312.55,5795.78,0 91 24 212 375 14 108 169 373 8 263 292 70 318 184 284 74 279 159 162 22 134 186 89 216 47 125 9 150 163 61 365 253 206 46 54 0,
PFG_MOEA,1303,12,312.55,5795.78,0 41 82 178 117 243 344 349 343 290 368 376 258 248 328 75 171 87 153 278 210 45 353 348 2 119 128 295 40 32 276 196 78 98 27 176 144 342 370 306 202 338 203 168 369 380 16 15 0,16 87 203
PFG_MOEA,1304,1,389.39,5146.42,0 163 78 53 293 133 331 285 392 98 115 245 27 396 240 385 288 177 181 358 337 384 111 116 76 113 81 29 325 355 131 84 114 389 91 279 74 159 162 371 219 298 341 22 134 186 105 118 185 0,
PFG_MOEA,1304,2,389.39,5146.42,0 281 26 334 24 212 375 284 14 184 318 70 292 263 8 373 169 108 72 52 130 44 386 51 145 123 362 201 294 312 67 164 107 302 173 106 261 388 197 218 151 77 273 136 137 59 109 127 57 226 19 13 80 0,
PFG_MOEA,1304,3,389.39,5146.42,0 142 339 174 132 120 269 321 299 340 233 135 88 249 35 235 161 68 58 34 231 289 366 267 228 141 266 303 357 319 86 199 156 94 230 374 92 11 36 397 350 311 4 314 193 0,88
PFG_MOEA,1304,4,389.39,5146.42,0 182 172 38 0,
PFG_MOEA,1304,5,389.39,5146.42,0 37 322 121 146 320 364 393 3 229 308 356 264 259 246 42 300 329 112 152 191 165 200 221 242 96 0,152 264 329
PFG_MOEA,1304,6,389.39,5146.42,0 129 33 71 224 260 0,
PFG_MOEA,1304,7,389.39,5146.42,0 399 247 255 1 262 250 28 345 377 395 400 394 188 301 372 21 167 291 139 149 157 63 316 387 17 43 73 254 327 183 354 69 215 85 93 179 232 225 97 148 48 238 330 192 31 304 0,395
PFG_MOEA,1304,8,389.39,5146.42,0 16 15 168 203 369 380 391 271 39 268 272 30 66 166 205 208 6 204 154 305 326 283 65 297 62 241 110 140 286 317 333 180 220 158 189 64 20 126 124 7 56 217 55 25 367 170 361 209 398 227 234 213 190 251 175 99 315 346 265 390 18 103 155 83 378 54 46 287 10 383 382 41 0,7 16 20 103 272
PFG_MOEA,1304,9,389.39,5146.42,0 82 178 117 243 368 376 258 353 153 171 87 278 210 143 237 256 274 49 100 282 310 104 102 277 275 194 323 363 352 101 198 95 222 138 122 276 336 252 236 128 23 381 90 119 2 12 0,
PFG_MOEA,1304,10,389.39,5146.42,0 344 349 351 280 309 5 79 160 50 60 257 270 379 195 45 348 75 328 248 290 343 187 0,
PFG_MOEA,1304,11,389.39,5146.42,0 214 295 40 32 239 370 342 144 176 150 47 9 125 216 89 61 207 307 313 359 206 253 365 360 335 0,176
PFG_MOEA,1304,12,389.39,5146.42,0 338 202 306 196 296 347 332 324 147 211 244 223 0,
PFG_MOEA,1305,1,413.96,4915.5,0 187 206 253 365 359 313 307 207 61 12 89 2 119 128 236 252 336 138 163 222 95 198 351 280 237 256 274 49 100 102 277 275 194 323 363 352 101 53 293 133 331 285 392 122 239 276 32 40 295 23 381 90 113 81 29 76 116 111 384 337 358 181 177 288 385 240 396 245 115 22 118 185 214 0,245 381
PFG_MOEA,1305,2,413.96,4915.5,0 281 84 131 325 355 114 389 186 134 341 298 26 334 0,
PFG_MOEA,1305,3,413.96,4915.5,0 371 219 105 162 159 74 279 91 24 212 375 284 14 184 318 70 292 263 8 373 169 108 72 52 130 44 386 362 201 312 67 164 107 302 173 106 261 388 197 218 151 77 273 136 137 59 0,
PFG_MOEA,1305,4,413.96,4915.5,0 57 127 109 226 0,
PFG_MOEA,1305,5,413.96,4915.5,0 19 0,
PFG_MOEA,1305,6,413.96,4915.5,0 38 303 357 266 141 86 199 228 267 366 289 231 34 58 68 161 235 35 249 88 135 233 319 182 172 13 80 0,88
PFG_MOEA,1305,7,413.96,4915.5,0 399 397 36 11 92 156 94 230 374 350 311 4 314 193 340 299 321 269 120 142 37 51 123 145 132 339 322 121 146 294 174 320 364 393 3 229 308 356 264 259 246 42 300 329 112 191 165 200 221 242 96 0,11 340 374 393
PFG_MOEA,1305,8,413.96,4915.5,0 152 247 255 1 262 250 28 345 377 395 400 394 188 301 372 21 167 291 139 149 157 63 316 387 327 17 43 85 215 73 254 183 354 69 265 346 315 99 175 251 190 390 18 103 155 83 378 213 234 227 398 93 0,1 152 175 227
PFG_MOEA,1305,9,413.96,4915.5,0 304 31 48 192 330 238 129 148 260 391 271 39 268 272 30 66 166 205 208 6 204 154 305 326 283 65 297 62 241 110 140 286 317 333 180 220 158 189 64 20 126 124 7 56 217 55 25 367 170 361 209 71 33 97 225 232 179 224 0,55 391
PFG_MOEA,1305,10,413.96,4915.5,0 287 10 383 382 0,
PFG_MOEA,1305,11,413.96,4915.5,0 16 15 168 203 369 380 82 178 117 243 349 344 54 46 41 0,
PFG_MOEA,1305,12,413.96,4915.5,0 335 360 216 150 9 47 125 309 5 343 290 368 376 258 248 328 75 171 87 278 153 353 348 45 210 195 379 270 257 60 50 160 79 143 282 310 104 223 244 211 324 147 332 347 296 196 78 98 27 176 144 342 370 306 202 338 0,
PFG_MOEA,1306,1,320.55,5348.04,0 80 13 172 182 397 36 11 92 233 135 88 249 35 235 161 68 58 34 231 289 319 399 0,
PFG_MOEA,1306,2,320.55,5348.04,0 374 230 94 156 311 350 4 314 193 340 299 321 269 120 142 132 339 174 320 364 308 229 3 393 294 146 121 322 123 145 51 37 0,393
PFG_MOEA,1306,3,320.55,5348.04,0 96 242 221 200 165 112 329 300 191 152 247 255 1 262 42 250 28 246 259 264 356 345 377 395 400 394 188 301 372 21 167 291 139 149 157 63 316 387 327 17 43 85 215 73 254 183 354 69 265 346 315 99 175 251 190 0,215
PFG_MOEA,1306,4,320.55,5348.04,0 304 31 192 330 238 129 398 227 234 213 18 390 286 140 110 241 93 260 148 48 0,
PFG_MOEA,1306,5,320.55,5348.04,0 317 333 0,
PFG_MOEA,1306,6,320.55,5348.04,0 33 71 209 361 170 367 25 55 217 56 7 180 220 158 189 64 20 126 124 224 10 383 382 16 203 168 15 0,25
PFG_MOEA,1306,7,320.55,5348.04,0 380 369 335 360 216 150 9 47 125 309 5 195 379 270 210 45 348 353 153 278 87 171 75 328 248 258 376 368 290 343 54 46 344 349 243 117 178 82 41 0,
PFG_MOEA,1306,8,320.55,5348.04,0 338 202 306 370 342 144 176 27 98 78 196 296 347 332 147 324 211 244 223 104 310 282 143 79 160 50 60 257 6 204 154 305 326 283 62 297 65 208 205 166 66 30 272 268 0,66
PFG_MOEA,1306,9,320.55,5348.04,0 187 206 253 365 359 313 307 207 61 12 89 2 119 128 236 252 336 138 163 222 95 198 351 256 237 280 391 271 39 378 83 155 103 232 179 287 225 97 0,138 307
PFG_MOEA,1306,10,320.55,5348.04,0 22 389 114 84 131 325 355 29 81 113 76 116 111 384 337 358 181 177 288 385 240 396 245 115 392 285 331 133 293 53 101 352 363 323 194 275 277 102 100 49 274 122 239 276 32 40 295 23 381 90 214 185 281 118 0,323 331
PFG_MOEA,1306,11,320.55,5348.04,0 334 298 26 105 186 134 341 219 371 24 212 375 14 184 318 70 292 263 8 373 169 284 74 279 91 159 162 0,134
PFG_MOEA,1306,12,320.55,5348.04,0 38 19 226 57 127 109 59 137 136 273 77 151 218 197 388 261 106 173 302 107 164 67 312 201 362 366 267 228 386 44 130 52 72 108 303 357 266 141 86 199 0,106 386
PFG_MOEA,1307,1,270.73,5843.94,0 335 187 309 5 195 379 270 257 60 50 160 79 143 280 351 237 256 274 49 198 252 236 381 23 90 12 207 307 0,
PFG_MOEA,1307,2,270.73,5843.94,0 61 313 359 206 253 365 360 214 185 118 281 26 334 298 371 22 134 186 162 159 292 263 8 373 318 70 184 284 74 279 0,134 284 313 318
PFG_MOEA,1307,3,270.73,5843.94,0 91 169 108 14 375 212 24 192 330 238 129 200 165 112 191 152 127 57 109 59 137 273 136 247 17 43 85 215 33 71 224 260 148 48 31 304 0,33 200
PFG_MOEA,1307,4,270.73,5843.94,0 73 254 69 354 183 327 387 157 149 188 394 316 63 262 1 255 250 28 42 400 395 377 345 356 264 259 246 308 229 197 218 151 77 107 164 67 302 388 3 106 173 261 320 364 0,
PFG_MOEA,1307,5,270.73,5843.94,0 329 300 362 123 51 145 322 121 146 201 312 393 294 174 339 132 120 142 0,145 174
PFG_MOEA,1307,6,270.73,5843.94,0 37 269 321 299 340 219 341 105 84 131 29 81 113 76 116 111 181 358 337 384 325 355 114 389 0,341
PFG_MOEA,1307,7,270.73,5843.94,0 89 216 47 125 9 150 163 53 293 133 331 285 392 115 245 396 240 385 288 177 34 58 235 135 233 88 249 35 161 68 0,133 240
PFG_MOEA,1307,8,270.73,5843.94,0 172 182 193 314 4 350 397 36 11 374 311 230 94 156 199 92 86 319 266 141 289 231 386 366 267 228 44 130 52 72 303 357 13 19 226 221 242 96 0,141 386
PFG_MOEA,1307,9,270.73,5843.94,0 38 80 378 83 291 139 21 167 301 372 346 315 265 390 99 175 251 190 18 103 155 234 227 398 93 54 46 268 272 30 39 271 391 179 0,
PFG_MOEA,1307,10,270.73,5843.94,0 97 225 232 209 361 213 170 367 328 248 258 376 368 290 343 66 349 344 243 117 178 82 41 16 380 369 196 78 98 27 176 144 342 370 306 202 338 203 168 15 399 0,82 176 225
PFG_MOEA,1307,11,270.73,5843.94,0 287 64 166 205 75 348 353 45 210 278 153 171 87 6 208 158 189 220 241 62 297 65 283 204 154 305 326 110 140 180 333 317 286 25 55 217 56 7 124 126 20 10 0,65 126
PFG_MOEA,1307,12,270.73,5843.94,0 2 119 128 295 40 32 276 239 122 296 332 347 138 336 222 95 101 194 147 324 275 323 363 352 277 102 223 244 211 104 310 100 282 383 382 0,2
PFG_MOEA,1308,1,369.23,5154.87,0 90 295 40 32 276 239 122 222 95 101 323 363 352 102 277 275 194 53 293 133 331 285 392 115 245 396 240 385 288 177 181 358 337 384 111 116 76 113 81 29 325 131 84 355 114 389 279 74 159 162 371 219 341 22 134 186 105 298 334 26 281 118 185 214 0,40 240 245 331
PFG_MOEA,1308,2,369.23,5154.87,0 91 24 212 375 284 14 184 318 70 292 263 8 373 169 108 72 52 130 44 386 0,318
PFG_MOEA,1308,3,369.23,5154.87,0 362 201 312 67 164 107 302 173 106 261 388 197 218 151 77 273 136 0,106
PFG_MOEA,1308,4,369.23,5154.87,0 399 172 182 397 36 11 92 86 141 266 303 357 319 199 228 267 366 289 231 34 58 68 161 235 35 249 88 135 233 156 94 230 374 350 311 4 314 193 340 299 321 269 120 142 37 51 145 123 137 59 109 127 57 226 19 13 80 38 0,340
PFG_MOEA,1308,5,369.23,5154.87,0 132 339 322 0,
PFG_MOEA,1308,6,369.23,5154.87,0 96 242 221 200 165 112 191 152 329 300 121 146 294 174 320 364 393 3 229 308 259 246 264 356 345 377 395 400 42 250 28 247 255 1 262 63 157 291 167 21 372 301 188 394 139 149 316 387 327 17 43 85 215 73 254 183 354 69 265 346 315 99 0,1 200 393
PFG_MOEA,1308,7,369.23,5154.87,0 93 398 227 234 213 190 251 175 390 18 103 155 83 378 31 304 0,
PFG_MOEA,1308,8,369.23,5154.87,0 48 192 330 238 129 148 260 391 0,
PFG_MOEA,1308,9,369.23,5154.87,0 268 272 30 65 283 326 305 154 204 6 208 205 166 66 271 39 0,272
PFG_MOEA,1308,10,369.23,5154.87,0 124 126 20 64 189 158 220 241 297 62 110 140 286 317 333 180 7 56 217 55 25 367 170 361 209 71 97 33 0,
PFG_MOEA,1308,11,369.23,5154.87,0 15 16 380 369 168 203 338 202 306 370 342 144 176 27 98 78 196 296 347 332 324 147 211 244 223 210 45 348 353 153 278 87 171 75 328 248 258 376 368 290 343 54 46 224 225 232 179 287 10 383 382 41 344 349 243 117 178 82 125 9 47 150 216 360 335 0,47 87 353
PFG_MOEA,1308,12,369.23,5154.87,0 207 307 313 359 365 253 206 187 100 310 104 282 143 79 160 50 60 257 270 379 195 5 309 280 351 237 256 274 49 198 163 138 336 252 236 381 23 128 119 2 89 12 61 0,
PFG_MOEA,1309,1,337.93,5308.22,0 187 206 253 313 359 365 0,
PFG_MOEA,1309,2,337.93,5308.22,0 207 307 198 280 351 256 237 101 53 293 133 331 285 392 95 222 163 138 336 252 236 128 119 2 89 12 61 0,133 222
PFG_MOEA,1309,3,337.93,5308.22,0 323 363 352 194 275 277 102 100 49 274 122 239 276 32 40 295 23 381 90 0,
PFG_MOEA,1309,4,337.93,5308.22,0 22 115 245 396 240 385 288 177 181 358 337 384 111 116 76 113 81 29 131 84 281 118 185 214 0,
PFG_MOEA,1309,5,337.93,5308.22,0 334 26 298 371 219 341 134 186 105 355 325 114 389 162 159 74 279 91 24 212 375 284 14 184 318 70 292 263 8 373 169 108 72 52 130 44 386 362 201 312 0,284
PFG_MOEA,1309,6,337.93,5308.22,0 399 172 182 397 36 11 92 86 141 266 303 357 319 199 228 267 366 289 231 34 58 68 161 235 35 249 88 135 233 156 94 230 57 127 109 59 137 136 273 77 151 218 197 388 261 106 173 302 107 164 67 294 226 19 13 80 38 0,
PFG_MOEA,1309,7,337.93,5308.22,0 374 350 311 4 314 193 340 299 321 269 120 142 37 51 145 123 146 121 322 339 132 174 320 364 393 3 229 308 356 264 259 246 42 1 255 247 152 191 112 329 300 165 200 221 242 96 0,132 264 340 393
PFG_MOEA,1309,8,337.93,5308.22,0 28 250 262 400 395 345 377 394 188 301 372 21 167 291 139 149 157 63 316 387 327 17 43 85 215 73 254 183 354 69 265 346 315 99 175 251 190 0,
PFG_MOEA,1309,9,337.93,5308.22,0 304 192 330 238 129 378 83 155 103 18 390 213 234 227 398 140 110 241 62 297 65 283 326 305 154 204 6 208 205 166 66 93 30 272 268 39 271 391 260 148 48 31 0,65 391
PFG_MOEA,1309,10,337.93,5308.22,0 33 71 225 97 232 209 361 170 367 25 55 217 56 7 317 286 333 180 220 158 189 64 20 126 124 224 10 287 179 0,
PFG_MOEA,1309,11,337.93,5308.22,0 15 168 203 369 16 380 335 360 216 150 9 47 125 309 5 195 379 270 210 45 348 353 153 278 87 171 75 328 248 54 46 383 382 344 349 243 117 178 82 41 0,82 87 195 353
PFG_MOEA,1309,12,337.93,5308.22,0 338 202 306 370 342 144 176 27 98 78 196 296 347 332 147 324 211 244 223 104 310 282 143 79 160 50 60 257 258 376 368 290 343 0,290
PFG_MOEA,1310,1,319.42,5478.6,0 222 0,
PFG_MOEA,1310,2,319.42,5478.6,0 95 101 323 363 352 102 277 275 194 53 293 133 331 285 392 115 245 396 240 385 288 177 181 358 337 384 111 116 76 113 81 29 325 131 84 355 114 389 279 74 159 162 371 219 341 22 134 186 105 298 334 26 281 0,105
PFG_MOEA,1310,3,319.42,5478.6,0 118 91 284 184 14 375 212 24 0,375
PFG_MOEA,1310,4,319.42,5478.6,0 399 397 36 11 92 199 86 141 266 319 357 303 289 366 267 228 8 263 292 70 318 373 169 108 72 52 130 44 386 362 201 312 67 164 107 302 173 106 261 388 197 218 151 77 273 136 182 172 0,86 197 318 362
PFG_MOEA,1310,5,319.42,5478.6,0 38 80 13 19 226 57 127 109 59 137 123 145 51 132 142 120 269 321 299 37 340 193 314 4 350 311 156 233 135 88 249 35 235 161 68 58 34 231 94 230 374 0,
PFG_MOEA,1310,6,319.42,5478.6,0 96 242 200 191 112 165 322 339 174 393 3 229 364 320 294 121 146 300 329 152 221 0,200 393
PFG_MOEA,1310,7,319.42,5478.6,0 93 85 247 28 246 259 308 264 356 345 377 395 400 42 250 255 1 262 63 157 291 167 21 372 301 188 394 139 149 316 387 327 17 43 73 215 254 183 354 69 265 346 315 99 390 175 251 190 18 213 234 227 398 0,
PFG_MOEA,1310,8,319.42,5478.6,0 304 31 48 330 192 129 238 148 260 391 271 66 166 205 208 6 204 154 305 326 283 65 62 297 241 158 189 220 110 140 103 155 83 378 124 126 20 64 30 272 268 39 0,62 205 220 391
PFG_MOEA,1310,9,319.42,5478.6,0 7 180 333 286 317 56 217 55 0,
PFG_MOEA,1310,10,319.42,5478.6,0 15 16 380 369 168 203 338 202 306 370 342 144 176 27 98 78 196 296 347 332 324 147 211 244 223 210 45 348 353 153 278 87 171 75 328 248 258 376 368 290 343 54 46 209 361 170 367 25 232 179 224 225 97 71 33 0,16 353 370
PFG_MOEA,1310,11,319.42,5478.6,0 365 253 206 61 89 2 119 128 216 336 138 163 150 47 125 9 100 282 310 104 143 79 160 50 60 257 270 379 195 5 309 280 351 237 256 287 10 383 382 344 349 243 117 178 82 41 0,47 138 178 206 243
PFG_MOEA,1310,12,319.42,5478.6,0 335 187 359 313 360 207 307 198 49 274 122 239 276 32 40 295 23 381 236 252 90 12 214 185 0,
PFG_MOEA,1311,1,312.87,5623.42,0 216 98 370 342 144 176 27 78 196 296 347 332 147 324 211 244 223 104 310 282 79 160 50 379 195 5 309 143 150 47 9 125 0,
PFG_MOEA,1311,2,312.87,5623.42,0 117 243 344 349 343 290 368 376 258 248 328 75 348 353 171 87 278 153 45 210 257 60 270 237 256 274 49 198 222 138 336 239 276 32 177 181 358 337 384 111 116 76 23 381 90 12 0,290 336 353
PFG_MOEA,1311,3,312.87,5623.42,0 22 118 185 214 2 119 128 236 252 40 295 122 392 285 331 133 293 53 101 352 363 323 194 275 277 102 100 351 280 95 163 61 89 207 307 313 359 253 365 0,307
PFG_MOEA,1311,4,312.87,5623.42,0 206 187 0,
PFG_MOEA,1311,5,312.87,5623.42,0 281 26 334 298 219 371 341 134 186 105 115 245 396 240 385 288 113 81 29 325 355 131 84 114 389 162 159 74 279 91 0,341
PFG_MOEA,1311,6,312.87,5623.42,0 80 13 19 226 57 127 109 59 137 136 273 77 151 218 197 388 261 106 173 302 107 164 67 312 201 362 386 44 130 52 72 108 169 373 8 263 292 70 318 184 14 284 375 212 24 303 357 319 182 172 38 0,318 362
PFG_MOEA,1311,7,312.87,5623.42,0 266 141 86 199 228 267 366 289 231 34 58 68 161 235 35 249 88 135 233 156 94 230 374 92 0,
PFG_MOEA,1311,8,312.87,5623.42,0 399 397 36 11 350 311 4 314 193 340 299 321 269 120 142 37 51 123 145 132 339 322 121 146 294 174 320 364 393 3 229 308 356 264 259 246 42 300 329 112 191 165 200 221 242 96 0,51 145 174 264 329
PFG_MOEA,1311,9,312.87,5623.42,0 152 247 28 250 345 377 395 400 394 188 301 372 167 21 139 291 262 1 255 0,
PFG_MOEA,1311,10,312.87,5623.42,0 85 215 73 43 17 327 387 316 149 157 63 354 183 254 69 265 346 315 99 175 251 190 390 18 103 155 83 378 0,175 390
PFG_MOEA,1311,11,312.87,5623.42,0 304 31 48 192 330 129 238 148 260 383 10 224 391 271 39 46 93 398 227 234 213 179 232 225 97 71 33 382 0,
PFG_MOEA,1311,12,312.87,5623.42,0 209 361 170 367 25 55 217 56 7 124 126 20 64 189 158 220 180 333 317 286 140 110 241 62 297 65 283 326 305 154 204 6 208 205 166 66 30 272 268 54 287 178 82 41 335 360 380 369 203 338 202 306 168 15 16 0,7 166 203 361
PFG_MOEA,1312,1,759.34,4800.0,0 219 341 105 389 114 84 131 355 325 29 81 113 76 116 111 384 337 358 181 177 288 385 240 396 245 115 392 285 331 133 293 53 163 150 9 125 47 216 89 61 206 253 365 0,245
PFG_MOEA,1312,2,759.34,4800.0,0 22 134 186 162 159 279 74 284 184 318 70 292 263 8 373 169 108 14 375 212 24 91 0,318
PFG_MOEA,1312,3,759.34,4800.0,0 304 31 48 148 260 224 71 33 129 238 330 192 200 165 112 191 152 127 57 109 59 137 273 136 247 17 43 85 215 73 254 69 354 183 327 387 157 149 188 394 316 63 262 1 255 250 28 42 400 395 377 345 356 264 259 246 308 229 197 218 151 77 107 164 67 302 388 3 106 173 261 320 364 393 312 201 362 329 300 123 51 145 322 121 146 294 174 339 132 120 142 37 269 321 299 340 233 135 88 249 35 161 235 68 58 34 386 231 289 366 267 228 44 130 52 72 303 357 319 266 141 86 92 199 156 94 230 311 374 11 36 397 350 4 314 193 182 172 13 19 226 221 242 96 80 38 0,33 106 174 200 303 311 394
PFG_MOEA,1312,4,759.34,4800.0,0 378 83 155 103 18 190 251 175 99 315 346 372 301 167 21 139 291 265 390 234 0,
PFG_MOEA,1312,5,759.34,4800.0,0 179 391 271 39 30 272 268 46 54 93 398 227 213 232 0,391
PFG_MOEA,1312,6,759.34,4800.0,0 225 0,
PFG_MOEA,1312,7,759.34,4800.0,0 97 209 361 170 367 0,
PFG_MOEA,1312,8,759.34,4800.0,0 399 15 168 203 338 202 306 370 342 144 176 27 98 78 196 369 380 16 41 82 178 117 243 344 349 66 343 290 368 376 258 248 328 75 348 353 45 210 278 153 171 87 6 208 205 166 158 189 220 241 62 297 65 283 204 154 305 326 110 140 180 333 317 286 25 55 217 56 7 124 126 20 64 287 10 383 382 0,62 66 205 220 342
PFG_MOEA,1312,9,759.34,4800.0,0 2 119 128 295 40 32 276 239 122 296 332 347 138 336 222 95 101 194 147 324 275 323 363 352 277 102 223 244 211 104 310 100 282 143 79 160 50 60 257 270 379 195 5 309 280 351 237 256 274 49 198 252 236 0,
PFG_MOEA,1312,10,759.34,4800.0,0 381 23 90 12 207 307 0,
PFG_MOEA,1312,11,759.34,4800.0,0 335 187 359 313 360 214 0,
PFG_MOEA,1312,12,759.34,4800.0,0 185 118 281 26 334 298 371 0,
PFG_MOEA,1313,1,314.81,5596.11,0 12 90 128 236 252 336 276 138 222 198 49 274 256 237 351 280 309 5 290 343 313 207 0,222
PFG_MOEA,1313,2,314.81,5596.11,0 91 292 263 8 373 169 108 14 375 212 24 371 219 341 298 334 26 281 118 185 214 295 40 32 239 122 95 101 352 363 323 194 275 277 102 100 23 381 119 2 307 359 187 148 48 31 304 0,23
PFG_MOEA,1313,3,314.81,5596.11,0 260 224 71 33 127 152 191 112 165 200 129 238 330 192 0,33
PFG_MOEA,1313,4,314.81,5596.11,0 57 67 302 173 106 3 388 164 107 77 151 218 197 229 308 246 259 264 356 345 377 395 400 42 28 250 255 1 262 63 316 394 188 149 157 387 327 183 354 69 254 73 215 85 43 17 247 136 273 137 59 109 0,
PFG_MOEA,1313,5,314.81,5596.11,0 329 300 362 123 51 145 322 121 146 201 261 320 364 393 312 294 174 339 132 206 253 365 360 335 0,362 393
PFG_MOEA,1313,6,314.81,5596.11,0 61 358 181 177 288 385 240 396 245 115 392 285 331 133 293 53 163 150 9 125 47 216 89 0,
PFG_MOEA,1313,7,314.81,5596.11,0 80 13 19 226 35 161 235 58 34 386 231 289 366 267 228 44 130 52 72 318 70 184 284 74 279 159 162 389 114 355 325 384 337 111 116 76 113 81 29 131 84 105 186 134 22 0,
PFG_MOEA,1313,8,314.81,5596.11,0 38 96 242 221 172 182 397 350 311 4 314 193 230 94 156 374 36 11 92 319 357 303 266 141 86 199 68 135 88 249 233 340 299 321 269 120 142 37 301 21 139 291 167 372 346 315 99 175 251 0,182
PFG_MOEA,1313,9,314.81,5596.11,0 97 225 232 179 391 271 158 241 62 297 65 283 204 154 305 326 110 140 286 317 333 180 220 126 124 7 56 217 55 25 367 170 361 209 227 234 213 190 390 265 18 103 155 83 378 398 93 54 46 268 272 30 39 0,65 154
PFG_MOEA,1313,10,314.81,5596.11,0 399 15 16 380 41 82 178 117 243 344 349 20 189 64 166 205 208 6 87 171 153 278 210 353 258 376 368 66 287 10 383 382 0,243
PFG_MOEA,1313,11,314.81,5596.11,0 369 338 203 168 0,
PFG_MOEA,1313,12,314.81,5596.11,0 202 306 370 342 144 176 27 98 78 196 296 347 332 324 147 211 244 223 104 310 282 143 79 160 50 60 257 270 379 195 45 348 75 328 248 0,370
PFG_MOEA,1314,1,411.21,4974.5,0 12 90 381 23 32 276 239 336 138 222 198 49 274 256 237 351 280 252 236 128 119 2 0,23
PFG_MOEA,1314,2,411.21,4974.5,0 22 118 185 214 295 40 122 392 285 331 133 293 53 101 352 363 323 194 275 277 102 100 95 163 61 89 207 307 313 359 365 253 206 187 0,22 100
PFG_MOEA,1314,3,411.21,4974.5,0 115 0,
PFG_MOEA,1314,4,411.21,4974.5,0 245 396 240 385 288 177 181 358 337 384 111 116 76 113 81 29 325 355 0,
PFG_MOEA,1314,5,411.21,4974.5,0 281 26 334 298 341 134 186 131 84 114 389 105 219 371 162 159 74 279 91 24 212 375 284 14 184 318 70 292 263 8 373 169 108 72 52 130 44 386 362 201 312 67 164 107 302 173 106 261 388 197 218 151 77 273 136 137 59 109 127 57 226 19 13 80 0,77 106 284
PFG_MOEA,1314,6,411.21,4974.5,0 38 172 182 319 303 357 266 141 86 199 228 267 366 289 231 34 58 68 161 235 35 249 88 135 233 156 94 230 374 92 11 36 397 350 311 4 314 193 340 299 321 269 120 142 37 51 123 145 132 339 322 121 146 294 174 320 364 393 3 229 308 356 264 259 246 42 300 329 112 221 242 96 0,51 174 229 246 299
PFG_MOEA,1314,7,411.21,4974.5,0 399 200 165 191 152 247 255 1 262 250 28 345 377 395 400 394 188 301 372 21 167 291 139 149 157 63 316 387 327 17 43 85 215 73 254 183 354 69 265 346 315 99 175 251 190 390 18 103 155 83 378 213 234 227 398 93 224 179 232 225 97 71 33 260 148 238 129 330 192 48 31 304 0,93
PFG_MOEA,1314,8,411.21,4974.5,0 382 383 10 391 271 39 46 54 268 272 30 66 166 205 208 6 204 154 305 326 283 65 297 62 241 110 140 286 317 333 180 220 158 189 64 20 126 124 7 56 217 55 25 367 170 361 209 287 0,55 62 66 220
PFG_MOEA,1314,9,411.21,4974.5,0 380 0,
PFG_MOEA,1314,10,411.21,4974.5,0 16 369 15 0,
PFG_MOEA,1314,11,411.21,4974.5,0 168 203 178 82 41 0,178
PFG_MOEA,1314,12,411.21,4974.5,0 335 360 338 202 306 370 342 144 176 27 98 78 196 296 347 332 216 47 125 9 150 147 324 211 244 223 104 310 282 143 309 5 195 379 79 160 50 60 270 257 210 45 153 278 87 171 353 348 75 328 248 258 376 368 290 343 349 344 243 117 0,
PFG_MOEA,1315,1,312.55,5795.78,0 336 138 239 122 296 347 332 324 275 277 104 211 244 223 102 352 363 323 194 147 101 95 222 0,122 211 222 277
PFG_MOEA,1315,2,312.55,5795.78,0 335 360 207 307 313 359 187 100 310 282 143 79 160 50 60 257 270 379 195 5 309 280 351 237 256 274 49 198 252 236 381 23 90 12 214 185 118 281 26 334 298 371 72 52 130 44 386 80 0,5 307
PFG_MOEA,1315,3,312.55,5795.78,0 13 19 226 57 127 109 59 137 136 273 77 151 218 197 388 261 106 173 302 107 164 67 312 201 362 123 51 145 294 174 339 132 142 120 269 321 299 0,174
PFG_MOEA,1315,4,312.55,5795.78,0 340 233 135 88 249 35 235 161 68 58 34 231 289 366 267 228 141 266 303 357 319 86 199 156 94 0,303
PFG_MOEA,1315,5,312.55,5795.78,0 38 172 182 397 36 11 92 374 230 311 350 4 314 193 37 322 121 146 320 364 393 3 229 308 356 264 259 246 42 300 329 112 191 152 221 242 96 0,42 264
PFG_MOEA,1315,6,312.55,5795.78,0 200 165 129 0,
PFG_MOEA,1315,7,312.55,5795.78,0 304 330 395 400 394 188 301 372 21 167 291 139 149 157 63 316 387 17 43 33 71 224 260 0,
PFG_MOEA,1315,8,312.55,5795.78,0 399 247 28 250 345 377 262 1 255 327 254 73 215 85 93 179 232 225 97 148 238 192 48 31 0,93
PFG_MOEA,1315,9,312.55,5795.78,0 378 69 183 354 265 346 315 99 175 251 190 390 18 103 155 83 234 213 227 398 209 361 170 367 25 55 217 56 7 180 333 317 286 140 110 62 297 65 283 326 305 154 204 6 208 241 220 158 189 64 20 126 124 0,175
PFG_MOEA,1315,10,312.55,5795.78,0 287 382 383 10 268 272 30 66 166 205 271 39 391 53 293 133 331 285 392 115 245 396 240 385 288 177 181 358 337 384 111 116 76 113 81 29 325 355 131 84 114 389 105 341 219 0,
PFG_MOEA,1315,11,312.55,5795.78,0 91 24 212 375 14 108 169 373 8 263 292 70 318 184 284 74 279 159 162 22 134 186 89 216 47 125 9 150 163 61 365 253 206 46 54 0,
PFG_MOEA,1315,12,312.55,5795.78,0 41 82 178 117 243 344 349 343 290 368 376 258 248 328 75 171 87 153 278 210 45 353 348 2 119 128 295 40 32 276 196 78 98 27 176 144 342 370 306 202 338 203 168 369 380 16 15 0,16 87 203
PFG_MOEA,1316,1,389.39,5146.42,0 163 78 53 293 133 331 285 392 98 115 245 27 396 240 385 288 177 181 358 337 384 111 116 76 113 81 29 325 355 131 84 114 389 91 279 74 159 162 371 219 298 341 22 134 186 105 118 185 0,
PFG_MOEA,1316,2,389.39,5146.42,0 281 26 334 24 212 375 284 14 184 318 70 292 263 8 373 169 108 72 52 130 44 386 51 145 123 362 201 294 312 67 164 107 302 173 106 261 388 197 218 151 77 273 136 137 59 109 127 57 226 19 13 80 0,
PFG_MOEA,1316,3,389.39,5146.42,0 142 339 174 132 120 269 321 299 340 233 135 88 249 35 235 161 68 58 34 231 289 366 267 228 141 266 303 357 319 86 199 156 94 230 374 92 11 36 397 350 311 4 314 193 0,88
PFG_MOEA,1316,4,389.39,5146.42,0 182 172 38 0,
PFG_MOEA,1316,5,389.39,5146.42,0 37 322 121 146 320 364 393 3 229 308 356 264 259 246 42 300 329 112 152 191 165 200 221 242 96 0,152 264 329
PFG_MOEA,1316,6,389.39,5146.42,0 129 33 71 224 260 0,
PFG_MOEA,1316,7,389.39,5146.42,0 399 247 255 1 262 250 28 345 377 395 400 394 188 301 372 21 167 291 139 149 157 63 316 387 17 43 73 254 327 183 354 69 215 85 93 179 232 225 97 148 48 238 330 192 31 304 0,395
PFG_MOEA,1316,8,389.39,5146.42,0 16 15 168 203 369 380 391 271 39 268 272 30 66 166 205 208 6 204 154 305 326 283 65 297 62 241 110 140 286 317 333 180 220 158 189 64 20 126 124 7 56 217 55 25 367 170 361 209 398 227 234 213 190 251 175 99 315 346 265 390 18 103 155 83 378 54 46 287 10 383 382 41 0,7 16 20 103 272
PFG_MOEA,1316,9,389.39,5146.42,0 82 178 117 243 368 376 258 353 153 171 87 278 210 143 237 256 274 49 100 282 310 104 102 277 275 194 323 363 352 101 198 95 222 138 122 276 336 252 236 128 23 381 90 119 2 12 0,
PFG_MOEA,1316,10,389.39,5146.42,0 344 349 351 280 309 5 79 160 50 60 257 270 379 195 45 348 75 328 248 290 343 187 0,
PFG_MOEA,1316,11,389.39,5146.42,0 214 295 40 32 239 370 342 144 176 150 47 9 125 216 89 61 207 307 313 359 206 253 365 360 335 0,176
PFG_MOEA,1316,12,389.39,5146.42,0 338 202 306 196 296 347 332 324 147 211 244 223 0,
PFG_MOEA,1317,1,413.96,4915.5,0 187 206 253 365 359 313 307 207 61 12 89 2 119 128 236 252 336 138 163 222 95 198 351 280 237 256 274 49 100 102 277 275 194 323 363 352 101 53 293 133 331 285 392 122 239 276 32 40 295 23 381 90 113 81 29 76 116 111 384 337 358 181 177 288 385 240 396 245 115 22 118 185 214 0,245 381
PFG_MOEA,1317,2,413.96,4915.5,0 281 84 131 325 355 114 389 186 134 341 298 26 334 0,
PFG_MOEA,1317,3,413.96,4915.5,0 371 219 105 162 159 74 279 91 24 212 375 284 14 184 318 70 292 263 8 373 169 108 72 52 130 44 386 362 201 312 67 164 107 302 173 106 261 388 197 218 151 77 273 136 137 59 0,
PFG_MOEA,1317,4,413.96,4915.5,0 57 127 109 226 0,
PFG_MOEA,1317,5,413.96,4915.5,0 19 0,
PFG_MOEA,1317,6,413.96,4915.5,0 38 303 357 266 141 86 199 228 267 366 289 231 34 58 68 161 235 35 249 88 135 233 319 182 172 13 80 0,88
PFG_MOEA,1317,7,413.96,4915.5,0 399 397 36 11 92 156 94 230 374 350 311 4 314 193 340 299 321 269 120 142 37 51 123 145 132 339 322 121 146 294 174 320 364 393 3 229 308 356 264 259 246 42 300 329 112 191 165 200 221 242 96 0,11 340 374 393
PFG_MOEA,1317,8,413.96,4915.5,0 152 247 255 1 262 250 28 345 377 395 400 394 188 301 372 21 167 291 139 149 157 63 316 387 327 17 43 85 215 73 254 183 354 69 265 346 315 99 175 251 190 390 18 103 155 83 378 213 234 227 398 93 0,1 152 175 227
PFG_MOEA,1317,9,413.96,4915.5,0 304 31 48 192 330 238 129 148 260 391 271 39 268 272 30 66 166 205 208 6 204 154 305 326 283 65 297 62 241 110 140 286 317 333 180 220 158 189 64 20 126 124 7 56 217 55 25 367 170 361 209 71 33 97 225 232 179 224 0,55 391
PFG_MOEA,1317,10,413.96,4915.5,0 287 10 383 382 0,
PFG_MOEA,1317,11,413.96,4915.5,0 16 15 168 203 369 380 82 178 117 243 349 344 54 46 41 0,
PFG_MOEA,1317,12,413.96,4915.5,0 335 360 216 150 9 47 125 309 5 343 290 368 376 258 248 328 75 171 87 278 153 353 348 45 210 195 379 270 257 60 50 160 79 143 282 310 104 223 244 211 324 147 332 347 296 196 78 98 27 176 144 342 370 306 202 338 0,
PFG_MOEA,1318,1,320.55,5348.04,0 80 13 172 182 397 36 11 92 233 135 88 249 35 235 161 68 58 34 231 289 319 399 0,
PFG_MOEA,1318,2,320.55,5348.04,0 374 230 94 156 311 350 4 314 193 340 299 321 269 120 142 132 339 174 320 364 308 229 3 393 294 146 121 322 123 145 51 37 0,393
PFG_MOEA,1318,3,320.55,5348.04,0 96 242 221 200 165 112 329 300 191 152 247 255 1 262 42 250 28 246 259 264 356 345 377 395 400 394 188 301 372 21 167 291 139 149 157 63 316 387 327 17 43 85 215 73 254 183 354 69 265 346 315 99 175 251 190 0,215
PFG_MOEA,1318,4,320.55,5348.04,0 304 31 192 330 238 129 398 227 234 213 18 390 286 140 110 241 93 260 148 48 0,
PFG_MOEA,1318,5,320.55,5348.04,0 317 333 0,
PFG_MOEA,1318,6,320.55,5348.04,0 33 71 209 361 170 367 25 55 217 56 7 180 220 158 189 64 20 126 124 224 10 383 382 16 203 168 15 0,25
PFG_MOEA,1318,7,320.55,5348.04,0 380 369 335 360 216 150 9 47 125 309 5 195 379 270 210 45 348 353 153 278 87 171 75 328 248 258 376 368 290 343 54 46 344 349 243 117 178 82 41 0,
PFG_MOEA,1318,8,320.55,5348.04,0 338 202 306 370 342 144 176 27 98 78 196 296 347 332 147 324 211 244 223 104 310 282 143 79 160 50 60 257 6 204 154 305 326 283 62 297 65 208 205 166 66 30 272 268 0,66
PFG_MOEA,1318,9,320.55,5348.04,0 187 206 253 365 359 313 307 207 61 12 89 2 119 128 236 252 336 138 163 222 95 198 351 256 237 280 391 271 39 378 83 155 103 232 179 287 225 97 0,138 307
PFG_MOEA,1318,10,320.55,5348.04,0 22 389 114 84 131 325 355 29 81 113 76 116 111 384 337 358 181 177 288 385 240 396 245 115 392 285 331 133 293 53 101 352 363 323 194 275 277 102 100 49 274 122 239 276 32 40 295 23 381 90 214 185 281 118 0,323 331
PFG_MOEA,1318,11,320.55,5348.04,0 334 298 26 105 186 134 341 219 371 24 212 375 14 184 318 70 292 263 8 373 169 284 74 279 91 159 162 0,134
PFG_MOEA,1318,12,320.55,5348.04,0 38 19 226 57 127 109 59 137 136 273 77 151 218 197 388 261 106 173 302 107 164 67 312 201 362 366 267 228 386 44 130 52 72 108 303 357 266 141 86 199 0,106 386
PFG_MOEA,1319,1,270.73,5843.94,0 335 187 309 5 195 379 270 257 60 50 160 79 143 280 351 237 256 274 49 198 252 236 381 23 90 12 207 307 0,
PFG_MOEA,1319,2,270.73,5843.94,0 61 313 359 206 253 365 360 214 185 118 281 26 334 298 371 22 134 186 162 159 292 263 8 373 318 70 184 284 74 279 0,134 284 313 318
PFG_MOEA,1319,3,270.73,5843.94,0 91 169 108 14 375 212 24 192 330 238 129 200 165 112 191 152 127 57 109 59 137 273 136 247 17 43 85 215 33 71 224 260 148 48 31 304 0,33 200
PFG_MOEA,1319,4,270.73,5843.94,0 73 254 69 354 183 327 387 157 149 188 394 316 63 262 1 255 250 28 42 400 395 377 345 356 264 259 246 308 229 197 218 151 77 107 164 67 302 388 3 106 173 261 320 364 0,
PFG_MOEA,1319,5,270.73,5843.94,0 329 300 362 123 51 145 322 121 146 201 312 393 294 174 339 132 120 142 0,145 174
PFG_MOEA,1319,6,270.73,5843.94,0 37 269 321 299 340 219 341 105 84 131 29 81 113 76 116 111 181 358 337 384 325 355 114 389 0,341
PFG_MOEA,1319,7,270.73,5843.94,0 89 216 47 125 9 150 163 53 293 133 331 285 392 115 245 396 240 385 288 177 34 58 235 135 233 88 249 35 161 68 0,133 240
PFG_MOEA,1319,8,270.73,5843.94,0 172 182 193 314 4 350 397 36 11 374 311 230 94 156 199 92 86 319 266 141 289 231 386 366 267 228 44 130 52 72 303 357 13 19 226 221 242 96 0,141 386
PFG_MOEA,1319,9,270.73,5843.94,0 38 80 378 83 291 139 21 167 301 372 346 315 265 390 99 175 251 190 18 103 155 234 227 398 93 54 46 268 272 30 39 271 391 179 0,
PFG_MOEA,1319,10,270.73,5843.94,0 97 225 232 209 361 213 170 367 328 248 258 376 368 290 343 66 349 344 243 117 178 82 41 16 380 369 196 78 98 27 176 144 342 370 306 202 338 203 168 15 399 0,82 176 225
PFG_MOEA,1319,11,270.73,5843.94,0 287 64 166 205 75 348 353 45 210 278 153 171 87 6 208 158 189 220 241 62 297 65 283 204 154 305 326 110 140 180 333 317 286 25 55 217 56 7 124 126 20 10 0,65 126
PFG_MOEA,1319,12,270.73,5843.94,0 2 119 128 295 40 32 276 239 122 296 332 347 138 336 222 95 101 194 147 324 275 323 363 352 277 102 223 244 211 104 310 100 282 383 382 0,2
PFG_MOEA,1320,1,369.23,5154.87,0 90 295 40 32 276 239 122 222 95 101 323 363 352 102 277 275 194 53 293 133 331 285 392 115 245 396 240 385 288 177 181 358 337 384 111 116 76 113 81 29 325 131 84 355 114 389 279 74 159 162 371 219 341 22 134 186 105 298 334 26 281 118 185 214 0,40 240 245 331
PFG_MOEA,1320,2,369.23,5154.87,0 91 24 212 375 284 14 184 318 70 292 263 8 373 169 108 72 52 130 44 386 0,318
PFG_MOEA,1320,3,369.23,5154.87,0 362 201 312 67 164 107 302 173 106 261 388 197 218 151 77 273 136 0,106
PFG_MOEA,1320,4,369.23,5154.87,0 399 172 182 397 36 11 92 86 141 266 303 357 319 199 228 267 366 289 231 34 58 68 161 235 35 249 88 135 233 156 94 230 374 350 311 4 314 193 340 299 321 269 120 142 37 51 145 123 137 59 109 127 57 226 19 13 80 38 0,340
PFG_MOEA,1320,5,369.23,5154.87,0 132 339 322 0,
PFG_MOEA,1320,6,369.23,5154.87,0 96 242 221 200 165 112 191 152 329 300 121 146 294 174 320 364 393 3 229 308 259 246 264 356 345 377 395 400 42 250 28 247 255 1 262 63 157 291 167 21 372 301 188 394 139 149 316 387 327 17 43 85 215 73 254 183 354 69 265 346 315 99 0,1 200 393
PFG_MOEA,1320,7,369.23,5154.87,0 93 398 227 234 213 190 251 175 390 18 103 155 83 378 31 304 0,
PFG_MOEA,1320,8,369.23,5154.87,0 48 192 330 238 129 148 260 391 0,
PFG_MOEA,1320,9,369.23,5154.87,0 268 272 30 65 283 326 305 154 204 6 208 205 166 66 271 39 0,272
PFG_MOEA,1320,10,369.23,5154.87,0 124 126 20 64 189 158 220 241 297 62 110 140 286 317 333 180 7 56 217 55 25 367 170 361 209 71 97 33 0,
PFG_MOEA,1320,11,369.23,5154.87,0 15 16 380 369 168 203 338 202 306 370 342 144 176 27 98 78 196 296 347 332 324 147 211 244 223 210 45 348 353 153 278 87 171 75 328 248 258 376 368 290 343 54 46 224 225 232 179 287 10 383 382 41 344 349 243 117 178 82 125 9 47 150 216 360 335 0,47 87 353
PFG_MOEA,1320,12,369.23,5154.87,0 207 307 313 359 365 253 206 187 100 310 104 282 143 79 160 50 60 257 270 379 195 5 309 280 351 237 256 274 49 198 163 138 336 252 236 381 23 128 119 2 89 12 61 0,
PFG_MOEA,1321,1,337.93,5308.22,0 187 206 253 313 359 365 0,
PFG_MOEA,1321,2,337.93,5308.22,0 207 307 198 280 351 256 237 101 53 293 133 331 285 392 95 222 163 138 336 252 236 128 119 2 89 12 61 0,133 222
PFG_MOEA,1321,3,337.93,5308.22,0 323 363 352 194 275 277 102 100 49 274 122 239 276 32 40 295 23 381 90 0,
PFG_MOEA,1321,4,337.93,5308.22,0 22 115 245 396 240 385 288 177 181 358 337 384 111 116 76 113 81 29 131 84 281 118 185 214 0,
PFG_MOEA,1321,5,337.93,5308.22,0 334 26 298 371 219 341 134 186 105 355 325 114 389 162 159 74 279 91 24 212 375 284 14 184 318 70 292 263 8 373 169 108 72 52 130 44 386 362 201 312 0,284
PFG_MOEA,1321,6,337.93,5308.22,0 399 172 182 397 36 11 92 86 141 266 303 357 319 199 228 267 366 289 231 34 58 68 161 235 35 249 88 135 233 156 94 230 57 127 109 59 137 136 273 77 151 218 197 388 261 106 173 302 107 164 67 294 226 19 13 80 38 0,
PFG_MOEA,1321,7,337.93,5308.22,0 374 350 311 4 314 193 340 299 321 269 120 142 37 51 145 123 146 121 322 339 132 174 320 364 393 3 229 308 356 264 259 246 42 1 255 247 152 191 112 329 300 165 200 221 242 96 0,132 264 340 393
PFG_MOEA,1321,8,337.93,5308.22,0 28 250 262 400 395 345 377 394 188 301 372 21 167 291 139 149 157 63 316 387 327 17 43 85 215 73 254 183 354 69 265 346 315 99 175 251 190 0,
PFG_MOEA,1321,9,337.93,5308.22,0 304 192 330 238 129 378 83 155 103 18 390 213 234 227 398 140 110 241 62 297 65 283 326 305 154 204 6 208 205 166 66 93 30 272 268 39 271 391 260 148 48 31 0,65 391
PFG_MOEA,1321,10,337.93,5308.22,0 33 71 225 97 232 209 361 170 367 25 55 217 56 7 317 286 333 180 220 158 189 64 20 126 124 224 10 287 179 0,
PFG_MOEA,1321,11,337.93,5308.22,0 15 168 203 369 16 380 335 360 216 150 9 47 125 309 5 195 379 270 210 45 348 353 153 278 87 171 75 328 248 54 46 383 382 344 349 243 117 178 82 41 0,82 87 195 353
PFG_MOEA,1321,12,337.93,5308.22,0 338 202 306 370 342 144 176 27 98 78 196 296 347 332 147 324 211 244 223 104 310 282 143 79 160 50 60 257 258 376 368 290 343 0,290
PFG_MOEA,1322,1,319.42,5478.6,0 222 0,
PFG_MOEA,1322,2,319.42,5478.6,0 95 101 323 363 352 102 277 275 194 53 293 133 331 285 392 115 245 396 240 385 288 177 181 358 337 384 111 116 76 113 81 29 325 131 84 355 114 389 279 74 159 162 371 219 341 22 134 186 105 298 334 26 281 0,105
PFG_MOEA,1322,3,319.42,5478.6,0 118 91 284 184 14 375 212 24 0,375
PFG_MOEA,1322,4,319.42,5478.6,0 399 397 36 11 92 199 86 141 266 319 357 303 289 366 267 228 8 263 292 70 318 373 169 108 72 52 130 44 386 362 201 312 67 164 107 302 173 106 261 388 197 218 151 77 273 136 182 172 0,86 197 318 362
PFG_MOEA,1322,5,319.42,5478.6,0 38 80 13 19 226 57 127 109 59 137 123 145 51 132 142 120 269 321 299 37 340 193 314 4 350 311 156 233 135 88 249 35 235 161 68 58 34 231 94 230 374 0,
PFG_MOEA,1322,6,319.42,5478.6,0 96 242 200 191 112 165 322 339 174 393 3 229 364 320 294 121 146 300 329 152 221 0,200 393
PFG_MOEA,1322,7,319.42,5478.6,0 93 85 247 28 246 259 308 264 356 345 377 395 400 42 250 255 1 262 63 157 291 167 21 372 301 188 394 139 149 316 387 327 17 43 73 215 254 183 354 69 265 346 315 99 390 175 251 190 18 213 234 227 398 0,
PFG_MOEA,1322,8,319.42,5478.6,0 304 31 48 330 192 129 238 148 260 391 271 66 166 205 208 6 204 154 305 326 283 65 62 297 241 158 189 220 110 140 103 155 83 378 124 126 20 64 30 272 268 39 0,62 205 220 391
PFG_MOEA,1322,9,319.42,5478.6,0 7 180 333 286 317 56 217 55 0,
PFG_MOEA,1322,10,319.42,5478.6,0 15 16 380 369 168 203 338 202 306 370 342 144 176 27 98 78 196 296 347 332 324 147 211 244 223 210 45 348 353 153 278 87 171 75 328 248 258 376 368 290 343 54 46 209 361 170 367 25 232 179 224 225 97 71 33 0,16 353 370
PFG_MOEA,1322,11,319.42,5478.6,0 365 253 206 61 89 2 119 128 216 336 138 163 150 47 125 9 100 282 310 104 143 79 160 50 60 257 270 379 195 5 309 280 351 237 256 287 10 383 382 344 349 243 117 178 82 41 0,47 138 178 206 243
PFG_MOEA,1322,12,319.42,5478.6,0 335 187 359 313 360 207 307 198 49 274 122 239 276 32 40 295 23 381 236 252 90 12 214 185 0,
PFG_MOEA,1323,1,312.87,5623.42,0 216 98 370 342 144 176 27 78 196 296 347 332 147 324 211 244 223 104 310 282 79 160 50 379 195 5 309 143 150 47 9 125 0,
PFG_MOEA,1323,2,312.87,5623.42,0 117 243 344 349 343 290 368 376 258 248 328 75 348 353 171 87 278 153 45 210 257 60 270 237 256 274 49 198 222 138 336 239 276 32 177 181 358 337 384 111 116 76 23 381 90 12 0,290 336 353
PFG_MOEA,1323,3,312.87,5623.42,0 22 118 185 214 2 119 128 236 252 40 295 122 392 285 331 133 293 53 101 352 363 323 194 275 277 102 100 351 280 95 163 61 89 207 307 313 359 253 365 0,307
PFG_MOEA,1323,4,312.87,5623.42,0 206 187 0,
PFG_MOEA,1323,5,312.87,5623.42,0 281 26 334 298 219 371 341 134 186 105 115 245 396 240 385 288 113 81 29 325 355 131 84 114 389 162 159 74 279 91 0,341
PFG_MOEA,1323,6,312.87,5623.42,0 80 13 19 226 57 127 109 59 137 136 273 77 151 218 197 388 261 106 173 302 107 164 67 312 201 362 386 44 130 52 72 108 169 373 8 263 292 70 318 184 14 284 375 212 24 303 357 319 182 172 38 0,318 362
PFG_MOEA,1323,7,312.87,5623.42,0 266 141 86 199 228 267 366 289 231 34 58 68 161 235 35 249 88 135 233 156 94 230 374 92 0,
PFG_MOEA,1323,8,312.87,5623.42,0 399 397 36 11 350 311 4 314 193 340 299 321 269 120 142 37 51 123 145 132 339 322 121 146 294 174 320 364 393 3 229 308 356 264 259 246 42 300 329 112 191 165 200 221 242 96 0,51 145 174 264 329
PFG_MOEA,1323,9,312.87,5623.42,0 152 247 28 250 345 377 395 400 394 188 301 372 167 21 139 291 262 1 255 0,
PFG_MOEA,1323,10,312.87,5623.42,0 85 215 73 43 17 327 387 316 149 157 63 354 183 254 69 265 346 315 99 175 251 190 390 18 103 155 83 378 0,175 390
PFG_MOEA,1323,11,312.87,5623.42,0 304 31 48 192 330 129 238 148 260 383 10 224 391 271 39 46 93 398 227 234 213 179 232 225 97 71 33 382 0,
PFG_MOEA,1323,12,312.87,5623.42,0 209 361 170 367 25 55 217 56 7 124 126 20 64 189 158 220 180 333 317 286 140 110 241 62 297 65 283 326 305 154 204 6 208 205 166 66 30 272 268 54 287 178 82 41 335 360 380 369 203 338 202 306 168 15 16 0,7 166 203 361
PFG_MOEA,1324,1,759.34,4800.0,0 219 341 105 389 114 84 131 355 325 29 81 113 76 116 111 384 337 358 181 177 288 385 240 396 245 115 392 285 331 133 293 53 163 150 9 125 47 216 89 61 206 253 365 0,245
PFG_MOEA,1324,2,759.34,4800.0,0 22 134 186 162 159 279 74 284 184 318 70 292 263 8 373 169 108 14 375 212 24 91 0,318
PFG_MOEA,1324,3,759.34,4800.0,0 304 31 48 148 260 224 71 33 129 238 330 192 200 165 112 191 152 127 57 109 59 137 273 136 247 17 43 85 215 73 254 69 354 183 327 387 157 149 188 394 316 63 262 1 255 250 28 42 400 395 377 345 356 264 259 246 308 229 197 218 151 77 107 164 67 302 388 3 106 173 261 320 364 393 312 201 362 329 300 123 51 145 322 121 146 294 174 339 132 120 142 37 269 321 299 340 233 135 88 249 35 161 235 68 58 34 386 231 289 366 267 228 44 130 52 72 303 357 319 266 141 86 92 199 156 94 230 311 374 11 36 397 350 4 314 193 182 172 13 19 226 221 242 96 80 38 0,33 106 174 200 303 311 394
PFG_MOEA,1324,4,759.34,4800.0,0 378 83 155 103 18 190 251 175 99 315 346 372 301 167 21 139 291 265 390 234 0,
PFG_MOEA,1324,5,759.34,4800.0,0 179 391 271 39 30 272 268 46 54 93 398 227 213 232 0,391
PFG_MOEA,1324,6,759.34,4800.0,0 225 0,
PFG_MOEA,1324,7,759.34,4800.0,0 97 209 361 170 367 0,
PFG_MOEA,1324,8,759.34,4800.0,0 399 15 168 203 338 202 306 370 342 144 176 27 98 78 196 369 380 16 41 82 178 117 243 344 349 66 343 290 368 376 258 248 328 75 348 353 45 210 278 153 171 87 6 208 205 166 158 189 220 241 62 297 65 283 204 154 305 326 110 140 180 333 317 286 25 55 217 56 7 124 126 20 64 287 10 383 382 0,62 66 205 220 342
PFG_MOEA,1324,9,759.34,4800.0,0 2 119 128 295 40 32 276 239 122 296 332 347 138 336 222 95 101 194 147 324 275 323 363 352 277 102 223 244 211 104 310 100 282 143 79 160 50 60 257 270 379 195 5 309 280 351 237 256 274 49 198 252 236 0,
PFG_MOEA,1324,10,759.34,4800.0,0 381 23 90 12 207 307 0,
PFG_MOEA,1324,11,759.34,4800.0,0 335 187 359 313 360 214 0,
PFG_MOEA,1324,12,759.34,4800.0,0 185 118 281 26 334 298 371 0,
PFG_MOEA,1325,1,314.81,5596.11,0 12 90 128 236 252 336 276 138 222 198 49 274 256 237 351 280 309 5 290 343 313 207 0,222
PFG_MOEA,1325,2,314.81,5596.11,0 91 292 263 8 373 169 108 14 375 212 24 371 219 341 298 334 26 281 118 185 214 295 40 32 239 122 95 101 352 363 323 194 275 277 102 100 23 381 119 2 307 359 187 148 48 31 304 0,23
PFG_MOEA,1325,3,314.81,5596.11,0 260 224 71 33 127 152 191 112 165 200 129 238 330 192 0,33
PFG_MOEA,1325,4,314.81,5596.11,0 57 67 302 173 106 3 388 164 107 77 151 218 197 229 308 246 259 264 356 345 377 395 400 42 28 250 255 1 262 63 316 394 188 149 157 387 327 183 354 69 254 73 215 85 43 17 247 136 273 137 59 109 0,
PFG_MOEA,1325,5,314.81,5596.11,0 329 300 362 123 51 145 322 121 146 201 261 320 364 393 312 294 174 339 132 206 253 365 360 335 0,362 393
PFG_MOEA,1325,6,314.81,5596.11,0 61 358 181 177 288 385 240 396 245 115 392 285 331 133 293 53 163 150 9 125 47 216 89 0,
PFG_MOEA,1325,7,314.81,5596.11,0 80 13 19 226 35 161 235 58 34 386 231 289 366 267 228 44 130 52 72 318 70 184 284 74 279 159 162 389 114 355 325 384 337 111 116 76 113 81 29 131 84 105 186 134 22 0,
PFG_MOEA,1325,8,314.81,5596.11,0 38 96 242 221 172 182 397 350 311 4 314 193 230 94 156 374 36 11 92 319 357 303 266 141 86 199 68 135 88 249 233 340 299 321 269 120 142 37 301 21 139 291 167 372 346 315 99 175 251 0,182
PFG_MOEA,1325,9,314.81,5596.11,0 97 225 232 179 391 271 158 241 62 297 65 283 204 154 305 326 110 140 286 317 333 180 220 126 124 7 56 217 55 25 367 170 361 209 227 234 213 190 390 265 18 103 155 83 378 398 93 54 46 268 272 30 39 0,65 154
PFG_MOEA,1325,10,314.81,5596.11,0 399 15 16 380 41 82 178 117 243 344 349 20 189 64 166 205 208 6 87 171 153 278 210 353 258 376 368 66 287 10 383 382 0,243
PFG_MOEA,1325,11,314.81,5596.11,0 369 338 203 168 0,
PFG_MOEA,1325,12,314.81,5596.11,0 202 306 370 342 144 176 27 98 78 196 296 347 332 324 147 211 244 223 104 310 282 143 79 160 50 60 257 270 379 195 45 348 75 328 248 0,370
PFG_MOEA,1326,1,411.21,4974.5,0 12 90 381 23 32 276 239 336 138 222 198 49 274 256 237 351 280 252 236 128 119 2 0,23
PFG_MOEA,1326,2,411.21,4974.5,0 22 118 185 214 295 40 122 392 285 331 133 293 53 101 352 363 323 194 275 277 102 100 95 163 61 89 207 307 313 359 365 253 206 187 0,22 100
PFG_MOEA,1326,3,411.21,4974.5,0 115 0,
PFG_MOEA,1326,4,411.21,4974.5,0 245 396 240 385 288 177 181 358 337 384 111 116 76 113 81 29 325 355 0,
PFG_MOEA,1326,5,411.21,4974.5,0 281 26 334 298 341 134 186 131 84 114 389 105 219 371 162 159 74 279 91 24 212 375 284 14 184 318 70 292 263 8 373 169 108 72 52 130 44 386 362 201 312 67 164 107 302 173 106 261 388 197 218 151 77 273 136 137 59 109 127 57 226 19 13 80 0,77 106 284
PFG_MOEA,1326,6,411.21,4974.5,0 38 172 182 319 303 357 266 141 86 199 228 267 366 289 231 34 58 68 161 235 35 249 88 135 233 156 94 230 374 92 11 36 397 350 311 4 314 193 340 299 321 269 120 142 37 51 123 145 132 339 322 121 146 294 174 320 364 393 3 229 308 356 264 259 246 42 300 329 112 221 242 96 0,51 174 229 246 299
PFG_MOEA,1326,7,411.21,4974.5,0 399 200 165 191 152 247 255 1 262 250 28 345 377 395 400 394 188 301 372 21 167 291 139 149 157 63 316 387 327 17 43 85 215 73 254 183 354 69 265 346 315 99 175 251 190 390 18 103 155 83 378 213 234 227 398 93 224 179 232 225 97 71 33 260 148 238 129 330 192 48 31 304 0,93
PFG_MOEA,1326,8,411.21,4974.5,0 382 383 10 391 271 39 46 54 268 272 30 66 166 205 208 6 204 154 305 326 283 65 297 62 241 110 140 286 317 333 180 220 158 189 64 20 126 124 7 56 217 55 25 367 170 361 209 287 0,55 62 66 220
PFG_MOEA,1326,9,411.21,4974.5,0 380 0,
PFG_MOEA,1326,10,411.21,4974.5,0 16 369 15 0,
PFG_MOEA,1326,11,411.21,4974.5,0 168 203 178 82 41 0,178
PFG_MOEA,1326,12,411.21,4974.5,0 335 360 338 202 306 370 342 144 176 27 98 78 196 296 347 332 216 47 125 9 150 147 324 211 244 223 104 310 282 143 309 5 195 379 79 160 50 60 270 257 210 45 153 278 87 171 353 348 75 328 248 258 376 368 290 343 349 344 243 117 0,
PFG_MOEA,1327,1,312.55,5795.78,0 336 138 239 122 296 347 332 324 275 277 104 211 244 223 102 352 363 323 194 147 101 95 222 0,122 211 222 277
PFG_MOEA,1327,2,312.55,5795.78,0 335 360 207 307 313 359 187 100 310 282 143 79 160 50 60 257 270 379 195 5 309 280 351 237 256 274 49 198 252 236 381 23 90 12 214 185 118 281 26 334 298 371 72 52 130 44 386 80 0,5 307
PFG_MOEA,1327,3,312.55,5795.78,0 13 19 226 57 127 109 59 137 136 273 77 151 218 197 388 261 106 173 302 107 164 67 312 201 362 123 51 145 294 174 339 132 142 120 269 321 299 0,174
PFG_MOEA,1327,4,312.55,5795.78,0 340 233 135 88 249 35 235 161 68 58 34 231 289 366 267 228 141 266 303 357 319 86 199 156 94 0,303
PFG_MOEA,1327,5,312.55,5795.78,0 38 172 182 397 36 11 92 374 230 311 350 4 314 193 37 322 121 146 320 364 393 3 229 308 356 264 259 246 42 300 329 112 191 152 221 242 96 0,42 264
PFG_MOEA,1327,6,312.55,5795.78,0 200 165 129 0,
PFG_MOEA,1327,7,312.55,5795.78,0 304 330 395 400 394 188 301 372 21 167 291 139 149 157 63 316 387 17 43 33 71 224 260 0,
PFG_MOEA,1327,8,312.55,5795.78,0 399 247 28 250 345 377 262 1 255 327 254 73 215 85 93 179 232 225 97 148 238 192 48 31 0,93
PFG_MOEA,1327,9,312.55,5795.78,0 378 69 183 354 265 346 315 99 175 251 190 390 18 103 155 83 234 213 227 398 209 361 170 367 25 55 217 56 7 180 333 317 286 140 110 62 297 65 283 326 305 154 204 6 208 241 220 158 189 64 20 126 124 0,175
PFG_MOEA,1327,10,312.55,5795.78,0 287 382 383 10 268 272 30 66 166 205 271 39 391 53 293 133 331 285 392 115 245 396 240 385 288 177 181 358 337 384 111 116 76 113 81 29 325 355 131 84 114 389 105 341 219 0,
PFG_MOEA,1327,11,312.55,5795.78,0 91 24 212 375 14 108 169 373 8 263 292 70 318 184 284 74 279 159 162 22 134 186 89 216 47 125 9 150 163 61 365 253 206 46 54 0,
PFG_MOEA,1327,12,312.55,5795.78,0 41 82 178 117 243 344 349 343 290 368 376 258 248 328 75 171 87 153 278 210 45 353 348 2 119 128 295 40 32 276 196 78 98 27 176 144 342 370 306 202 338 203 168 369 380 16 15 0,16 87 203
PFG_MOEA,1328,1,389.39,5146.42,0 163 78 53 293 133 331 285 392 98 115 245 27 396 240 385 288 177 181 358 337 384 111 116 76 113 81 29 325 355 131 84 114 389 91 279 74 159 162 371 219 298 341 22 134 186 105 118 185 0,
PFG_MOEA,1328,2,389.39,5146.42,0 281 26 334 24 212 375 284 14 184 318 70 292 263 8 373 169 108 72 52 130 44 386 51 145 123 362 201 294 312 67 164 107 302 173 106 261 388 197 218 151 77 273 136 137 59 109 127 57 226 19 13 80 0,
PFG_MOEA,1328,3,389.39,5146.42,0 142 339 174 132 120 269 321 299 340 233 135 88 249 35 235 161 68 58 34 231 289 366 267 228 141 266 303 357 319 86 199 156 94 230 374 92 11 36 397 350 311 4 314 193 0,88
PFG_MOEA,1328,4,389.39,5146.42,0 182 172 38 0,
PFG_MOEA,1328,5,389.39,5146.42,0 37 322 121 146 320 364 393 3 229 308 356 264 259 246 42 300 329 112 152 191 165 200 221 242 96 0,152 264 329
PFG_MOEA,1328,6,389.39,5146.42,0 129 33 71 224 260 0,
PFG_MOEA,1328,7,389.39,5146.42,0 399 247 255 1 262 250 28 345 377 395 400 394 188 301 372 21 167 291 139 149 157 63 316 387 17 43 73 254 327 183 354 69 215 85 93 179 232 225 97 148 48 238 330 192 31 304 0,395
PFG_MOEA,1328,8,389.39,5146.42,0 16 15 168 203 369 380 391 271 39 268 272 30 66 166 205 208 6 204 154 305 326 283 65 297 62 241 110 140 286 317 333 180 220 158 189 64 20 126 124 7 56 217 55 25 367 170 361 209 398 227 234 213 190 251 175 99 315 346 265 390 18 103 155 83 378 54 46 287 10 383 382 41 0,7 16 20 103 272
PFG_MOEA,1328,9,389.39,5146.42,0 82 178 117 243 368 376 258 353 153 171 87 278 210 143 237 256 274 49 100 282 310 104 102 277 275 194 323 363 352 101 198 95 222 138 122 276 336 252 236 128 23 381 90 119 2 12 0,
PFG_MOEA,1328,10,389.39,5146.42,0 344 349 351 280 309 5 79 160 50 60 257 270 379 195 45 348 75 328 248 290 343 187 0,
PFG_MOEA,1328,11,389.39,5146.42,0 214 295 40 32 239 370 342 144 176 150 47 9 125 216 89 61 207 307 313 359 206 253 365 360 335 0,176
PFG_MOEA,1328,12,389.39,5146.42,0 338 202 306 196 296 347 332 324 147 211 244 223 0,
PFG_MOEA,1329,1,413.96,4915.5,0 187 206 253 365 359 313 307 207 61 12 89 2 119 128 236 252 336 138 163 222 95 198 351 280 237 256 274 49 100 102 277 275 194 323 363 352 101 53 293 133 331 285 392 122 239 276 32 40 295 23 381 90 113 81 29 76 116 111 384 337 358 181 177 288 385 240 396 245 115 22 118 185 214 0,245 381
PFG_MOEA,1329,2,413.96,4915.5,0 281 84 131 325 355 114 389 186 134 341 298 26 334 0,
PFG_MOEA,1329,3,413.96,4915.5,0 371 219 105 162 159 74 279 91 24 212 375 284 14 184 318 70 292 263 8 373 169 108 72 52 130 44 386 362 201 312 67 164 107 302 173 106 261 388 197 218 151 77 273 136 137 59 0,
PFG_MOEA,1329,4,413.96,4915.5,0 57 127 109 226 0,
PFG_MOEA,1329,5,413.96,4915.5,0 19 0,
PFG_MOEA,1329,6,413.96,4915.5,0 38 303 357 266 141 86 199 228 267 366 289 231 34 58 68 161 235 35 249 88 135 233 319 182 172 13 80 0,88
PFG_MOEA,1329,7,413.96,4915.5,0 399 397 36 11 92 156 94 230 374 350 311 4 314 193 340 299 321 269 120 142 37 51 123 145 132 339 322 121 146 294 174 320 364 393 3 229 308 356 264 259 246 42 300 329 112 191 165 200 221 242 96 0,11 340 374 393
PFG_MOEA,1329,8,413.96,4915.5,0 152 247 255 1 262 250 28 345 377 395 400 394 188 301 372 21 167 291 139 149 157 63 316 387 327 17 43 85 215 73 254 183 354 69 265 346 315 99 175 251 190 390 18 103 155 83 378 213 234 227 398 93 0,1 152 175 227
PFG_MOEA,1329,9,413.96,4915.5,0 304 31 48 192 330 238 129 148 260 391 271 39 268 272 30 66 166 205 208 6 204 154 305 326 283 65 297 62 241 110 140 286 317 333 180 220 158 189 64 20 126 124 7 56 217 55 25 367 170 361 209 71 33 97 225 232 179 224 0,55 391
PFG_MOEA,1329,10,413.96,4915.5,0 287 10 383 382 0,
PFG_MOEA,1329,11,413.96,4915.5,0 16 15 168 203 369 380 82 178 117 243 349 344 54 46 41 0,
PFG_MOEA,1329,12,413.96,4915.5,0 335 360 216 150 9 47 125 309 5 343 290 368 376 258 248 328 75 171 87 278 153 353 348 45 210 195 379 270 257 60 50 160 79 143 282 310 104 223 244 211 324 147 332 347 296 196 78 98 27 176 144 342 370 306 202 338 0,
PFG_MOEA,1330,1,320.55,5348.04,0 80 13 172 182 397 36 11 92 233 135 88 249 35 235 161 68 58 34 231 289 319 399 0,
PFG_MOEA,1330,2,320.55,5348.04,0 374 230 94 156 311 350 4 314 193 340 299 321 269 120 142 132 339 174 320 364 308 229 3 393 294 146 121 322 123 145 51 37 0,393
PFG_MOEA,1330,3,320.55,5348.04,0 96 242 221 200 165 112 329 300 191 152 247 255 1 262 42 250 28 246 259 264 356 345 377 395 400 394 188 301 372 21 167 291 139 149 157 63 316 387 327 17 43 85 215 73 254 183 354 69 265 346 315 99 175 251 190 0,215
PFG_MOEA,1330,4,320.55,5348.04,0 304 31 192 330 238 129 398 227 234 213 18 390 286 140 110 241 93 260 148 48 0,
PFG_MOEA,1330,5,320.55,5348.04,0 317 333 0,
PFG_MOEA,1330,6,320.55,5348.04,0 33 71 209 361 170 367 25 55 217 56 7 180 220 158 189 64 20 126 124 224 10 383 382 16 203 168 15 0,25
PFG_MOEA,1330,7,320.55,5348.04,0 380 369 335 360 216 150 9 47 125 309 5 195 379 270 210 45 348 353 153 278 87 171 75 328 248 258 376 368 290 343 54 46 344 349 243 117 178 82 41 0,
PFG_MOEA,1330,8,320.55,5348.04,0 338 202 306 370 342 144 176 27 98 78 196 296 347 332 147 324 211 244 223 104 310 282 143 79 160 50 60 257 6 204 154 305 326 283 62 297 65 208 205 166 66 30 272 268 0,66
PFG_MOEA,1330,9,320.55,5348.04,0 187 206 253 365 359 313 307 207 61 12 89 2 119 128 236 252 336 138 163 222 95 198 351 256 237 280 391 271 39 378 83 155 103 232 179 287 225 97 0,138 307
PFG_MOEA,1330,10,320.55,5348.04,0 22 389 114 84 131 325 355 29 81 113 76 116 111 384 337 358 181 177 288 385 240 396 245 115 392 285 331 133 293 53 101 352 363 323 194 275 277 102 100 49 274 122 239 276 32 40 295 23 381 90 214 185 281 118 0,323 331
PFG_MOEA,1330,11,320.55,5348.04,0 334 298 26 105 186 134 341 219 371 24 212 375 14 184 318 70 292 263 8 373 169 284 74 279 91 159 162 0,134
PFG_MOEA,1330,12,320.55,5348.04,0 38 19 226 57 127 109 59 137 136 273 77 151 218 197 388 261 106 173 302 107 164 67 312 201 362 366 267 228 386 44 130 52 72 108 303 357 266 141 86 199 0,106 386
PFG_MOEA,1331,1,270.73,5843.94,0 335 187 309 5 195 379 270 257 60 50 160 79 143 280 351 237 256 274 49 198 252 236 381 23 90 12 207 307 0,
PFG_MOEA,1331,2,270.73,5843.94,0 61 313 359 206 253 365 360 214 185 118 281 26 334 298 371 22 134 186 162 159 292 263 8 373 318 70 184 284 74 279 0,134 284 313 318
PFG_MOEA,1331,3,270.73,5843.94,0 91 169 108 14 375 212 24 192 330 238 129 200 165 112 191 152 127 57 109 59 137 273 136 247 17 43 85 215 33 71 224 260 148 48 31 304 0,33 200
PFG_MOEA,1331,4,270.73,5843.94,0 73 254 69 354 183 327 387 157 149 188 394 316 63 262 1 255 250 28 42 400 395 377 345 356 264 259 246 308 229 197 218 151 77 107 164 67 302 388 3 106 173 261 320 364 0,
PFG_MOEA,1331,5,270.73,5843.94,0 329 300 362 123 51 145 322 121 146 201 312 393 294 174 339 132 120 142 0,145 174
PFG_MOEA,1331,6,270.73,5843.94,0 37 269 321 299 340 219 341 105 84 131 29 81 113 76 116 111 181 358 337 384 325 355 114 389 0,341
PFG_MOEA,1331,7,270.73,5843.94,0 89 216 47 125 9 150 163 53 293 133 331 285 392 115 245 396 240 385 288 177 34 58 235 135 233 88 249 35 161 68 0,133 240
PFG_MOEA,1331,8,270.73,5843.94,0 172 182 193 314 4 350 397 36 11 374 311 230 94 156 199 92 86 319 266 141 289 231 386 366 267 228 44 130 52 72 303 357 13 19 226 221 242 96 0,141 386
PFG_MOEA,1331,9,270.73,5843.94,0 38 80 378 83 291 139 21 167 301 372 346 315 265 390 99 175 251 190 18 103 155 234 227 398 93 54 46 268 272 30 39 271 391 179 0,
PFG_MOEA,1331,10,270.73,5843.94,0 97 225 232 209 361 213 170 367 328 248 258 376 368 290 343 66 349 344 243 117 178 82 41 16 380 369 196 78 98 27 176 144 342 370 306 202 338 203 168 15 399 0,82 176 225
PFG_MOEA,1331,11,270.73,5843.94,0 287 64 166 205 75 348 353 45 210 278 153 171 87 6 208 158 189 220 241 62 297 65 283 204 154 305 326 110 140 180 333 317 286 25 55 217 56 7 124 126 20 10 0,65 126
PFG_MOEA,1331,12,270.73,5843.94,0 2 119 128 295 40 32 276 239 122 296 332 347 138 336 222 95 101 194 147 324 275 323 363 352 277 102 223 244 211 104 310 100 282 383 382 0,2
PFG_MOEA,1332,1,369.23,5154.87,0 90 295 40 32 276 239 122 222 95 101 323 363 352 102 277 275 194 53 293 133 331 285 392 115 245 396 240 385 288 177 181 358 337 384 111 116 76 113 81 29 325 131 84 355 114 389 279 74 159 162 371 219 341 22 134 186 105 298 334 26 281 118 185 214 0,40 240 245 331
PFG_MOEA,1332,2,369.23,5154.87,0 91 24 212 375 284 14 184 318 70 292 263 8 373 169 108 72 52 130 44 386 0,318
PFG_MOEA,1332,3,369.23,5154.87,0 362 201 312 67 164 107 302 173 106 261 388 197 218 151 77 273 136 0,106
PFG_MOEA,1332,4,369.23,5154.87,0 399 172 182 397 36 11 92 86 141 266 303 357 319 199 228 267 366 289 231 34 58 68 161 235 35 249 88 135 233 156 94 230 374 350 311 4 314 193 340 299 321 269 120 142 37 51 145 123 137 59 109 127 57 226 19 13 80 38 0,340
PFG_MOEA,1332,5,369.23,5154.87,0 132 339 322 0,
PFG_MOEA,1332,6,369.23,5154.87,0 96 242 221 200 165 112 191 152 329 300 121 146 294 174 320 364 393 3 229 308 259 246 264 356 345 377 395 400 42 250 28 247 255 1 262 63 157 291 167 21 372 301 188 394 139 149 316 387 327 17 43 85 215 73 254 183 354 69 265 346 315 99 0,1 200 393
PFG_MOEA,1332,7,369.23,5154.87,0 93 398 227 234 213 190 251 175 390 18 103 155 83 378 31 304 0,
PFG_MOEA,1332,8,369.23,5154.87,0 48 192 330 238 129 148 260 391 0,
PFG_MOEA,1332,9,369.23,5154.87,0 268 272 30 65 283 326 305 154 204 6 208 205 166 66 271 39 0,272
PFG_MOEA,1332,10,369.23,5154.87,0 124 126 20 64 189 158 220 241 297 62 110 140 286 317 333 180 7 56 217 55 25 367 170 361 209 71 97 33 0,
PFG_MOEA,1332,11,369.23,5154.87,0 15 16 380 369 168 203 338 202 306 370 342 144 176 27 98 78 196 296 347 332 324 147 211 244 223 210 45 348 353 153 278 87 171 75 328 248 258 376 368 290 343 54 46 224 225 232 179 287 10 383 382 41 344 349 243 117 178 82 125 9 47 150 216 360 335 0,47 87 353
PFG_MOEA,1332,12,369.23,5154.87,0 207 307 313 359 365 253 206 187 100 310 104 282 143 79 160 50 60 257 270 379 195 5 309 280 351 237 256 274 49 198 163 138 336 252 236 381 23 128 119 2 89 12 61 0,
PFG_MOEA,1333,1,337.93,5308.22,0 187 206 253 313 359 365 0,
PFG_MOEA,1333,2,337.93,5308.22,0 207 307 198 280 351 256 237 101 53 293 133 331 285 392 95 222 163 138 336 252 236 128 119 2 89 12 61 0,133 222
PFG_MOEA,1333,3,337.93,5308.22,0 323 363 352 194 275 277 102 100 49 274 122 239 276 32 40 295 23 381 90 0,
PFG_MOEA,1333,4,337.93,5308.22,0 22 115 245 396 240 385 288 177 181 358 337 384 111 116 76 113 81 29 131 84 281 118 185 214 0,
PFG_MOEA,1333,5,337.93,5308.22,0 334 26 298 371 219 341 134 186 105 355 325 114 389 162 159 74 279 91 24 212 375 284 14 184 318 70 292 263 8 373 169 108 72 52 130 44 386 362 201 312 0,284
PFG_MOEA,1333,6,337.93,5308.22,0 399 172 182 397 36 11 92 86 141 266 303 357 319 199 228 267 366 289 231 34 58 68 161 235 35 249 88 135 233 156 94 230 57 127 109 59 137 136 273 77 151 218 197 388 261 106 173 302 107 164 67 294 226 19 13 80 38 0,
PFG_MOEA,1333,7,337.93,5308.22,0 374 350 311 4 314 193 340 299 321 269 120 142 37 51 145 123 146 121 322 339 132 174 320 364 393 3 229 308 356 264 259 246 42 1 255 247 152 191 112 329 300 165 200 221 242 96 0,132 264 340 393
PFG_MOEA,1333,8,337.93,5308.22,0 28 250 262 400 395 345 377 394 188 301 372 21 167 291 139 149 157 63 316 387 327 17 43 85 215 73 254 183 354 69 265 346 315 99 175 251 190 0,
PFG_MOEA,1333,9,337.93,5308.22,0 304 192 330 238 129 378 83 155 103 18 390 213 234 227 398 140 110 241 62 297 65 283 326 305 154 204 6 208 205 166 66 93 30 272 268 39 271 391 260 148 48 31 0,65 391
PFG_MOEA,1333,10,337.93,5308.22,0 33 71 225 97 232 209 361 170 367 25 55 217 56 7 317 286 333 180 220 158 189 64 20 126 124 224 10 287 179 0,
PFG_MOEA,1333,11,337.93,5308.22,0 15 168 203 369 16 380 335 360 216 150 9 47 125 309 5 195 379 270 210 45 348 353 153 278 87 171 75 328 248 54 46 383 382 344 349 243 117 178 82 41 0,82 87 195 353
PFG_MOEA,1333,12,337.93,5308.22,0 338 202 306 370 342 144 176 27 98 78 196 296 347 332 147 324 211 244 223 104 310 282 143 79 160 50 60 257 258 376 368 290 343 0,290
PFG_MOEA,1334,1,319.42,5478.6,0 222 0,
PFG_MOEA,1334,2,319.42,5478.6,0 95 101 323 363 352 102 277 275 194 53 293 133 331 285 392 115 245 396 240 385 288 177 181 358 337 384 111 116 76 113 81 29 325 131 84 355 114 389 279 74 159 162 371 219 341 22 134 186 105 298 334 26 281 0,105
PFG_MOEA,1334,3,319.42,5478.6,0 118 91 284 184 14 375 212 24 0,375
PFG_MOEA,1334,4,319.42,5478.6,0 399 397 36 11 92 199 86 141 266 319 357 303 289 366 267 228 8 263 292 70 318 373 169 108 72 52 130 44 386 362 201 312 67 164 107 302 173 106 261 388 197 218 151 77 273 136 182 172 0,86 197 318 362
PFG_MOEA,1334,5,319.42,5478.6,0 38 80 13 19 226 57 127 109 59 137 123 145 51 132 142 120 269 321 299 37 340 193 314 4 350 311 156 233 135 88 249 35 235 161 68 58 34 231 94 230 374 0,
PFG_MOEA,1334,6,319.42,5478.6,0 96 242 200 191 112 165 322 339 174 393 3 229 364 320 294 121 146 300 329 152 221 0,200 393
PFG_MOEA,1334,7,319.42,5478.6,0 93 85 247 28 246 259 308 264 356 345 377 395 400 42 250 255 1 262 63 157 291 167 21 372 301 188 394 139 149 316 387 327 17 43 73 215 254 183 354 69 265 346 315 99 390 175 251 190 18 213 234 227 398 0,
PFG_MOEA,1334,8,319.42,5478.6,0 304 31 48 330 192 129 238 148 260 391 271 66 166 205 208 6 204 154 305 326 283 65 62 297 241 158 189 220 110 140 103 155 83 378 124 126 20 64 30 272 268 39 0,62 205 220 391
PFG_MOEA,1334,9,319.42,5478.6,0 7 180 333 286 317 56 217 55 0,
PFG_MOEA,1334,10,319.42,5478.6,0 15 16 380 369 168 203 338 202 306 370 342 144 176 27 98 78 196 296 347 332 324 147 211 244 223 210 45 348 353 153 278 87 171 75 328 248 258 376 368 290 343 54 46 209 361 170 367 25 232 179 224 225 97 71 33 0,16 353 370
PFG_MOEA,1334,11,319.42,5478.6,0 365 253 206 61 89 2 119 128 216 336 138 163 150 47 125 9 100 282 310 104 143 79 160 50 60 257 270 379 195 5 309 280 351 237 256 287 10 383 382 344 349 243 117 178 82 41 0,47 138 178 206 243
PFG_MOEA,1334,12,319.42,5478.6,0 335 187 359 313 360 207 307 198 49 274 122 239 276 32 40 295 23 381 236 252 90 12 214 185 0,
PFG_MOEA,1335,1,312.87,5623.42,0 216 98 370 342 144 176 27 78 196 296 347 332 147 324 211 244 223 104 310 282 79 160 50 379 195 5 309 143 150 47 9 125 0,
PFG_MOEA,1335,2,312.87,5623.42,0 117 243 344 349 343 290 368 376 258 248 328 75 348 353 171 87 278 153 45 210 257 60 270 237 256 274 49 198 222 138 336 239 276 32 177 181 358 337 384 111 116 76 23 381 90 12 0,290 336 353
PFG_MOEA,1335,3,312.87,5623.42,0 22 118 185 214 2 119 128 236 252 40 295 122 392 285 331 133 293 53 101 352 363 323 194 275 277 102 100 351 280 95 163 61 89 207 307 313 359 253 365 0,307
PFG_MOEA,1335,4,312.87,5623.42,0 206 187 0,
PFG_MOEA,1335,5,312.87,5623.42,0 281 26 334 298 219 371 341 134 186 105 115 245 396 240 385 288 113 81 29 325 355 131 84 114 389 162 159 74 279 91 0,341
PFG_MOEA,1335,6,312.87,5623.42,0 80 13 19 226 57 127 109 59 137 136 273 77 151 218 197 388 261 106 173 302 107 164 67 312 201 362 386 44 130 52 72 108 169 373 8 263 292 70 318 184 14 284 375 212 24 303 357 319 182 172 38 0,318 362
PFG_MOEA,1335,7,312.87,5623.42,0 266 141 86 199 228 267 366 289 231 34 58 68 161 235 35 249 88 135 233 156 94 230 374 92 0,
PFG_MOEA,1335,8,312.87,5623.42,0 399 397 36 11 350 311 4 314 193 340 299 321 269 120 142 37 51 123 145 132 339 322 121 146 294 174 320 364 393 3 229 308 356 264 259 246 42 300 329 112 191 165 200 221 242 96 0,51 145 174 264 329
PFG_MOEA,1335,9,312.87,5623.42,0 152 247 28 250 345 377 395 400 394 188 301 372 167 21 139 291 262 1 255 0,
PFG_MOEA,1335,10,312.87,5623.42,0 85 215 73 43 17 327 387 316 149 157 63 354 183 254 69 265 346 315 99 175 251 190 390 18 103 155 83 378 0,175 390
PFG_MOEA,1335,11,312.87,5623.42,0 304 31 48 192 330 129 238 148 260 383 10 224 391 271 39 46 93 398 227 234 213 179 232 225 97 71 33 382 0,
PFG_MOEA,1335,12,312.87,5623.42,0 209 361 170 367 25 55 217 56 7 124 126 20 64 189 158 220 180 333 317 286 140 110 241 62 297 65 283 326 305 154 204 6 208 205 166 66 30 272 268 54 287 178 82 41 335 360 380 369 203 338 202 306 168 15 16 0,7 166 203 361
PFG_MOEA,1336,1,759.34,4800.0,0 219 341 105 389 114 84 131 355 325 29 81 113 76 116 111 384 337 358 181 177 288 385 240 396 245 115 392 285 331 133 293 53 163 150 9 125 47 216 89 61 206 253 365 0,245
PFG_MOEA,1336,2,759.34,4800.0,0 22 134 186 162 159 279 74 284 184 318 70 292 263 8 373 169 108 14 375 212 24 91 0,318
PFG_MOEA,1336,3,759.34,4800.0,0 304 31 48 148 260 224 71 33 129 238 330 192 200 165 112 191 152 127 57 109 59 137 273 136 247 17 43 85 215 73 254 69 354 183 327 387 157 149 188 394 316 63 262 1 255 250 28 42 400 395 377 345 356 264 259 246 308 229 197 218 151 77 107 164 67 302 388 3 106 173 261 320 364 393 312 201 362 329 300 123 51 145 322 121 146 294 174 339 132 120 142 37 269 321 299 340 233 135 88 249 35 161 235 68 58 34 386 231 289 366 267 228 44 130 52 72 303 357 319 266 141 86 92 199 156 94 230 311 374 11 36 397 350 4 314 193 182 172 13 19 226 221 242 96 80 38 0,33 106 174 200 303 311 394
PFG_MOEA,1336,4,759.34,4800.0,0 378 83 155 103 18 190 251 175 99 315 346 372 301 167 21 139 291 265 390 234 0,
PFG_MOEA,1336,5,759.34,4800.0,0 179 391 271 39 30 272 268 46 54 93 398 227 213 232 0,391
PFG_MOEA,1336,6,759.34,4800.0,0 225 0,
PFG_MOEA,1336,7,759.34,4800.0,0 97 209 361 170 367 0,
PFG_MOEA,1336,8,759.34,4800.0,0 399 15 168 203 338 202 306 370 342 144 176 27 98 78 196 369 380 16 41 82 178 117 243 344 349 66 343 290 368 376 258 248 328 75 348 353 45 210 278 153 171 87 6 208 205 166 158 189 220 241 62 297 65 283 204 154 305 326 110 140 180 333 317 286 25 55 217 56 7 124 126 20 64 287 10 383 382 0,62 66 205 220 342
PFG_MOEA,1336,9,759.34,4800.0,0 2 119 128 295 40 32 276 239 122 296 332 347 138 336 222 95 101 194 147 324 275 323 363 352 277 102 223 244 211 104 310 100 282 143 79 160 50 60 257 270 379 195 5 309 280 351 237 256 274 49 198 252 236 0,
PFG_MOEA,1336,10,759.34,4800.0,0 381 23 90 12 207 307 0,
PFG_MOEA,1336,11,759.34,4800.0,0 335 187 359 313 360 214 0,
PFG_MOEA,1336,12,759.34,4800.0,0 185 118 281 26 334 298 371 0,
PFG_MOEA,1337,1,314.81,5596.11,0 12 90 128 236 252 336 276 138 222 198 49 274 256 237 351 280 309 5 290 343 313 207 0,222
PFG_MOEA,1337,2,314.81,5596.11,0 91 292 263 8 373 169 108 14 375 212 24 371 219 341 298 334 26 281 118 185 214 295 40 32 239 122 95 101 352 363 323 194 275 277 102 100 23 381 119 2 307 359 187 148 48 31 304 0,23
PFG_MOEA,1337,3,314.81,5596.11,0 260 224 71 33 127 152 191 112 165 200 129 238 330 192 0,33
PFG_MOEA,1337,4,314.81,5596.11,0 57 67 302 173 106 3 388 164 107 77 151 218 197 229 308 246 259 264 356 345 377 395 400 42 28 250 255 1 262 63 316 394 188 149 157 387 327 183 354 69 254 73 215 85 43 17 247 136 273 137 59 109 0,
PFG_MOEA,1337,5,314.81,5596.11,0 329 300 362 123 51 145 322 121 146 201 261 320 364 393 312 294 174 339 132 206 253 365 360 335 0,362 393
PFG_MOEA,1337,6,314.81,5596.11,0 61 358 181 177 288 385 240 396 245 115 392 285 331 133 293 53 163 150 9 125 47 216 89 0,
PFG_MOEA,1337,7,314.81,5596.11,0 80 13 19 226 35 161 235 58 34 386 231 289 366 267 228 44 130 52 72 318 70 184 284 74 279 159 162 389 114 355 325 384 337 111 116 76 113 81 29 131 84 105 186 134 22 0,
PFG_MOEA,1337,8,314.81,5596.11,0 38 96 242 221 172 182 397 350 311 4 314 193 230 94 156 374 36 11 92 319 357 303 266 141 86 199 68 135 88 249 233 340 299 321 269 120 142 37 301 21 139 291 167 372 346 315 99 175 251 0,182
PFG_MOEA,1337,9,314.81,5596.11,0 97 225 232 179 391 271 158 241 62 297 65 283 204 154 305 326 110 140 286 317 333 180 220 126 124 7 56 217 55 25 367 170 361 209 227 234 213 190 390 265 18 103 155 83 378 398 93 54 46 268 272 30 39 0,65 154
PFG_MOEA,1337,10,314.81,5596.11,0 399 15 16 380 41 82 178 117 243 344 349 20 189 64 166 205 208 6 87 171 153 278 210 353 258 376 368 66 287 10 383 382 0,243
PFG_MOEA,1337,11,314.81,5596.11,0 369 338 203 168 0,
PFG_MOEA,1337,12,314.81,5596.11,0 202 306 370 342 144 176 27 98 78 196 296 347 332 324 147 211 244 223 104 310 282 143 79 160 50 60 257 270 379 195 45 348 75 328 248 0,370
PFG_MOEA,1338,1,411.21,4974.5,0 12 90 381 23 32 276 239 336 138 222 198 49 274 256 237 351 280 252 236 128 119 2 0,23
PFG_MOEA,1338,2,411.21,4974.5,0 22 118 185 214 295 40 122 392 285 331 133 293 53 101 352 363 323 194 275 277 102 100 95 163 61 89 207 307 313 359 365 253 206 187 0,22 100
PFG_MOEA,1338,3,411.21,4974.5,0 115 0,
PFG_MOEA,1338,4,411.21,4974.5,0 245 396 240 385 288 177 181 358 337 384 111 116 76 113 81 29 325 355 0,
PFG_MOEA,1338,5,411.21,4974.5,0 281 26 334 298 341 134 186 131 84 114 389 105 219 371 162 159 74 279 91 24 212 375 284 14 184 318 70 292 263 8 373 169 108 72 52 130 44 386 362 201 312 67 164 107 302 173 106 261 388 197 218 151 77 273 136 137 59 109 127 57 226 19 13 80 0,77 106 284
PFG_MOEA,1338,6,411.21,4974.5,0 38 172 182 319 303 357 266 141 86 199 228 267 366 289 231 34 58 68 161 235 35 249 88 135 233 156 94 230 374 92 11 36 397 350 311 4 314 193 340 299 321 269 120 142 37 51 123 145 132 339 322 121 146 294 174 320 364 393 3 229 308 356 264 259 246 42 300 329 112 221 242 96 0,51 174 229 246 299
PFG_MOEA,1338,7,411.21,4974.5,0 399 200 165 191 152 247 255 1 262 250 28 345 377 395 400 394 188 301 372 21 167 291 139 149 157 63 316 387 327 17 43 85 215 73 254 183 354 69 265 346 315 99 175 251 190 390 18 103 155 83 378 213 234 227 398 93 224 179 232 225 97 71 33 260 148 238 129 330 192 48 31 304 0,93
PFG_MOEA,1338,8,411.21,4974.5,0 382 383 10 391 271 39 46 54 268 272 30 66 166 205 208 6 204 154 305 326 283 65 297 62 241 110 140 286 317 333 180 220 158 189 64 20 126 124 7 56 217 55 25 367 170 361 209 287 0,55 62 66 220
PFG_MOEA,1338,9,411.21,4974.5,0 380 0,
PFG_MOEA,1338,10,411.21,4974.5,0 16 369 15 0,
PFG_MOEA,1338,11,411.21,4974.5,0 168 203 178 82 41 0,178
PFG_MOEA,1338,12,411.21,4974.5,0 335 360 338 202 306 370 342 144 176 27 98 78 196 296 347 332 216 47 125 9 150 147 324 211 244 223 104 310 282 143 309 5 195 379 79 160 50 60 270 257 210 45 153 278 87 171 353 348 75 328 248 258 376 368 290 343 349 344 243 117 0,
PFG_MOEA,1339,1,312.55,5795.78,0 336 138 239 122 296 347 332 324 275 277 104 211 244 223 102 352 363 323 194 147 101 95 222 0,122 211 222 277
PFG_MOEA,1339,2,312.55,5795.78,0 335 360 207 307 313 359 187 100 310 282 143 79 160 50 60 257 270 379 195 5 309 280 351 237 256 274 49 198 252 236 381 23 90 12 214 185 118 281 26 334 298 371 72 52 130 44 386 80 0,5 307
PFG_MOEA,1339,3,312.55,5795.78,0 13 19 226 57 127 109 59 137 136 273 77 151 218 197 388 261 106 173 302 107 164 67 312 201 362 123 51 145 294 174 339 132 142 120 269 321 299 0,174
PFG_MOEA,1339,4,312.55,5795.78,0 340 233 135 88 249 35 235 161 68 58 34 231 289 366 267 228 141 266 303 357 319 86 199 156 94 0,303
PFG_MOEA,1339,5,312.55,5795.78,0 38 172 182 397 36 11 92 374 230 311 350 4 314 193 37 322 121 146 320 364 393 3 229 308 356 264 259 246 42 300 329 112 191 152 221 242 96 0,42 264
PFG_MOEA,1339,6,312.55,5795.78,0 200 165 129 0,
PFG_MOEA,1339,7,312.55,5795.78,0 304 330 395 400 394 188 301 372 21 167 291 139 149 157 63 316 387 17 43 33 71 224 260 0,
PFG_MOEA,1339,8,312.55,5795.78,0 399 247 28 250 345 377 262 1 255 327 254 73 215 85 93 179 232 225 97 148 238 192 48 31 0,93
PFG_MOEA,1339,9,312.55,5795.78,0 378 69 183 354 265 346 315 99 175 251 190 390 18 103 155 83 234 213 227 398 209 361 170 367 25 55 217 56 7 180 333 317 286 140 110 62 297 65 283 326 305 154 204 6 208 241 220 158 189 64 20 126 124 0,175
PFG_MOEA,1339,10,312.55,5795.78,0 287 382 383 10 268 272 30 66 166 205 271 39 391 53 293 133 331 285 392 115 245 396 240 385 288 177 181 358 337 384 111 116 76 113 81 29 325 355 131 84 114 389 105 341 219 0,
PFG_MOEA,1339,11,312.55,5795.78,0 91 24 212 375 14 108 169 373 8 263 292 70 318 184 284 74 279 159 162 22 134 186 89 216 47 125 9 150 163 61 365 253 206 46 54 0,
PFG_MOEA,1339,12,312.55,5795.78,0 41 82 178 117 243 344 349 343 290 368 376 258 248 328 75 171 87 153 278 210 45 353 348 2 119 128 295 40 32 276 196 78 98 27 176 144 342 370 306 202 338 203 168 369 380 16 15 0,16 87 203
PFG_MOEA,1340,1,389.39,5146.42,0 163 78 53 293 133 331 285 392 98 115 245 27 396 240 385 288 177 181 358 337 384 111 116 76 113 81 29 325 355 131 84 114 389 91 279 74 159 162 371 219 298 341 22 134 186 105 118 185 0,
PFG_MOEA,1340,2,389.39,5146.42,0 281 26 334 24 212 375 284 14 184 318 70 292 263 8 373 169 108 72 52 130 44 386 51 145 123 362 201 294 312 67 164 107 302 173 106 261 388 197 218 151 77 273 136 137 59 109 127 57 226 19 13 80 0,
PFG_MOEA,1340,3,389.39,5146.42,0 142 339 174 132 120 269 321 299 340 233 135 88 249 35 235 161 68 58 34 231 289 366 267 228 141 266 303 357 319 86 199 156 94 230 374 92 11 36 397 350 311 4 314 193 0,88
PFG_MOEA,1340,4,389.39,5146.42,0 182 172 38 0,
PFG_MOEA,1340,5,389.39,5146.42,0 37 322 121 146 320 364 393 3 229 308 356 264 259 246 42 300 329 112 152 191 165 200 221 242 96 0,152 264 329
PFG_MOEA,1340,6,389.39,5146.42,0 129 33 71 224 260 0,
PFG_MOEA,1340,7,389.39,5146.42,0 399 247 255 1 262 250 28 345 377 395 400 394 188 301 372 21 167 291 139 149 157 63 316 387 17 43 73 254 327 183 354 69 215 85 93 179 232 225 97 148 48 238 330 192 31 304 0,395
PFG_MOEA,1340,8,389.39,5146.42,0 16 15 168 203 369 380 391 271 39 268 272 30 66 166 205 208 6 204 154 305 326 283 65 297 62 241 110 140 286 317 333 180 220 158 189 64 20 126 124 7 56 217 55 25 367 170 361 209 398 227 234 213 190 251 175 99 315 346 265 390 18 103 155 83 378 54 46 287 10 383 382 41 0,7 16 20 103 272
PFG_MOEA,1340,9,389.39,5146.42,0 82 178 117 243 368 376 258 353 153 171 87 278 210 143 237 256 274 49 100 282 310 104 102 277 275 194 323 363 352 101 198 95 222 138 122 276 336 252 236 128 23 381 90 119 2 12 0,
PFG_MOEA,1340,10,389.39,5146.42,0 344 349 351 280 309 5 79 160 50 60 257 270 379 195 45 348 75 328 248 290 343 187 0,
PFG_MOEA,1340,11,389.39,5146.42,0 214 295 40 32 239 370 342 144 176 150 47 9 125 216 89 61 207 307 313 359 206 253 365 360 335 0,176
PFG_MOEA,1340,12,389.39,5146.42,0 338 202 306 196 296 347 332 324 147 211 244 223 0,
PFG_MOEA,1341,1,413.96,4915.5,0 187 206 253 365 359 313 307 207 61 12 89 2 119 128 236 252 336 138 163 222 95 198 351 280 237 256 274 49 100 102 277 275 194 323 363 352 101 53 293 133 331 285 392 122 239 276 32 40 295 23 381 90 113 81 29 76 116 111 384 337 358 181 177 288 385 240 396 245 115 22 118 185 214 0,245 381
PFG_MOEA,1341,2,413.96,4915.5,0 281 84 131 325 355 114 389 186 134 341 298 26 334 0,
PFG_MOEA,1341,3,413.96,4915.5,0 371 219 105 162 159 74 279 91 24 212 375 284 14 184 318 70 292 263 8 373 169 108 72 52 130 44 386 362 201 312 67 164 107 302 173 106 261 388 197 218 151 77 273 136 137 59 0,
PFG_MOEA,1341,4,413.96,4915.5,0 57 127 109 226 0,
PFG_MOEA,1341,5,413.96,4915.5,0 19 0,
PFG_MOEA,1341,6,413.96,4915.5,0 38 303 357 266 141 86 199 228 267 366 289 231 34 58 68 161 235 35 249 88 135 233 319 182 172 13 80 0,88
PFG_MOEA,1341,7,413.96,4915.5,0 399 397 36 11 92 156 94 230 374 350 311 4 314 193 340 299 321 269 120 142 37 51 123 145 132 339 322 121 146 294 174 320 364 393 3 229 308 356 264 259 246 42 300 329 112 191 165 200 221 242 96 0,11 340 374 393
PFG_MOEA,1341,8,413.96,4915.5,0 152 247 255 1 262 250 28 345 377 395 400 394 188 301 372 21 167 291 139 149 157 63 316 387 327 17 43 85 215 73 254 183 354 69 265 346 315 99 175 251 190 390 18 103 155 83 378 213 234 227 398 93 0,1 152 175 227
PFG_MOEA,1341,9,413.96,4915.5,0 304 31 48 192 330 238 129 148 260 391 271 39 268 272 30 66 166 205 208 6 204 154 305 326 283 65 297 62 241 110 140 286 317 333 180 220 158 189 64 20 126 124 7 56 217 55 25 367 170 361 209 71 33 97 225 232 179 224 0,55 391
PFG_MOEA,1341,10,413.96,4915.5,0 287 10 383 382 0,
PFG_MOEA,1341,11,413.96,4915.5,0 16 15 168 203 369 380 82 178 117 243 349 344 54 46 41 0,
PFG_MOEA,1341,12,413.96,4915.5,0 335 360 216 150 9 47 125 309 5 343 290 368 376 258 248 328 75 171 87 278 153 353 348 45 210 195 379 270 257 60 50 160 79 143 282 310 104 223 244 211 324 147 332 347 296 196 78 98 27 176 144 342 370 306 202 338 0,
PFG_MOEA,1342,1,320.55,5348.04,0 80 13 172 182 397 36 11 92 233 135 88 249 35 235 161 68 58 34 231 289 319 399 0,
PFG_MOEA,1342,2,320.55,5348.04,0 374 230 94 156 311 350 4 314 193 340 299 321 269 120 142 132 339 174 320 364 308 229 3 393 294 146 121 322 123 145 51 37 0,393
PFG_MOEA,1342,3,320.55,5348.04,0 96 242 221 200 165 112 329 300 191 152 247 255 1 262 42 250 28 246 259 264 356 345 377 395 400 394 188 301 372 21 167 291 139 149 157 63 316 387 327 17 43 85 215 73 254 183 354 69 265 346 315 99 175 251 190 0,215
PFG_MOEA,1342,4,320.55,5348.04,0 304 31 192 330 238 129 398 227 234 213 18 390 286 140 110 241 93 260 148 48 0,
PFG_MOEA,1342,5,320.55,5348.04,0 317 333 0,
PFG_MOEA,1342,6,320.55,5348.04,0 33 71 209 361 170 367 25 55 217 56 7 180 220 158 189 64 20 126 124 224 10 383 382 16 203 168 15 0,25
PFG_MOEA,1342,7,320.55,5348.04,0 380 369 335 360 216 150 9 47 125 309 5 195 379 270 210 45 348 353 153 278 87 171 75 328 248 258 376 368 290 343 54 46 344 349 243 117 178 82 41 0,
PFG_MOEA,1342,8,320.55,5348.04,0 338 202 306 370 342 144 176 27 98 78 196 296 347 332 147 324 211 244 223 104 310 282 143 79 160 50 60 257 6 204 154 305 326 283 62 297 65 208 205 166 66 30 272 268 0,66
PFG_MOEA,1342,9,320.55,5348.04,0 187 206 253 365 359 313 307 207 61 12 89 2 119 128 236 252 336 138 163 222 95 198 351 256 237 280 391 271 39 378 83 155 103 232 179 287 225 97 0,138 307
PFG_MOEA,1342,10,320.55,5348.04,0 22 389 114 84 131 325 355 29 81 113 76 116 111 384 337 358 181 177 288 385 240 396 245 115 392 285 331 133 293 53 101 352 363 323 194 275 277 102 100 49 274 122 239 276 32 40 295 23 381 90 214 185 281 118 0,323 331
PFG_MOEA,1342,11,320.55,5348.04,0 334 298 26 105 186 134 341 219 371 24 212 375 14 184 318 70 292 263 8 373 169 284 74 279 91 159 162 0,134
PFG_MOEA,1342,12,320.55,5348.04,0 38 19 226 57 127 109 59 137 136 273 77 151 218 197 388 261 106 173 302 107 164 67 312 201 362 366 267 228 386 44 130 52 72 108 303 357 266 141 86 199 0,106 386
PFG_MOEA,1343,1,270.73,5843.94,0 335 187 309 5 195 379 270 257 60 50 160 79 143 280 351 237 256 274 49 198 252 236 381 23 90 12 207 307 0,
PFG_MOEA,1343,2,270.73,5843.94,0 61 313 359 206 253 365 360 214 185 118 281 26 334 298 371 22 134 186 162 159 292 263 8 373 318 70 184 284 74 279 0,134 284 313 318
PFG_MOEA,1343,3,270.73,5843.94,0 91 169 108 14 375 212 24 192 330 238 129 200 165 112 191 152 127 57 109 59 137 273 136 247 17 43 85 215 33 71 224 260 148 48 31 304 0,33 200
PFG_MOEA,1343,4,270.73,5843.94,0 73 254 69 354 183 327 387 157 149 188 394 316 63 262 1 255 250 28 42 400 395 377 345 356 264 259 246 308 229 197 218 151 77 107 164 67 302 388 3 106 173 261 320 364 0,
PFG_MOEA,1343,5,270.73,5843.94,0 329 300 362 123 51 145 322 121 146 201 312 393 294 174 339 132 120 142 0,145 174
PFG_MOEA,1343,6,270.73,5843.94,0 37 269 321 299 340 219 341 105 84 131 29 81 113 76 116 111 181 358 337 384 325 355 114 389 0,341
PFG_MOEA,1343,7,270.73,5843.94,0 89 216 47 125 9 150 163 53 293 133 331 285 392 115 245 396 240 385 288 177 34 58 235 135 233 88 249 35 161 68 0,133 240
PFG_MOEA,1343,8,270.73,5843.94,0 172 182 193 314 4 350 397 36 11 374 311 230 94 156 199 92 86 319 266 141 289 231 386 366 267 228 44 130 52 72 303 357 13 19 226 221 242 96 0,141 386
PFG_MOEA,1343,9,270.73,5843.94,0 38 80 378 83 291 139 21 167 301 372 346 315 265 390 99 175 251 190 18 103 155 234 227 398 93 54 46 268 272 30 39 271 391 179 0,
PFG_MOEA,1343,10,270.73,5843.94,0 97 225 232 209 361 213 170 367 328 248 258 376 368 290 343 66 349 344 243 117 178 82 41 16 380 369 196 78 98 27 176 144 342 370 306 202 338 203 168 15 399 0,82 176 225
PFG_MOEA,1343,11,270.73,5843.94,0 287 64 166 205 75 348 353 45 210 278 153 171 87 6 208 158 189 220 241 62 297 65 283 204 154 305 326 110 140 180 333 317 286 25 55 217 56 7 124 126 20 10 0,65 126
PFG_MOEA,1343,12,270.73,5843.94,0 2 119 128 295 40 32 276 239 122 296 332 347 138 336 222 95 101 194 147 324 275 323 363 352 277 102 223 244 211 104 310 100 282 383 382 0,2
PFG_MOEA,1344,1,369.23,5154.87,0 90 295 40 32 276 239 122 222 95 101 323 363 352 102 277 275 194 53 293 133 331 285 392 115 245 396 240 385 288 177 181 358 337 384 111 116 76 113 81 29 325 131 84 355 114 389 279 74 159 162 371 219 341 22 134 186 105 298 334 26 281 118 185 214 0,40 240 245 331
PFG_MOEA,1344,2,369.23,5154.87,0 91 24 212 375 284 14 184 318 70 292 263 8 373 169 108 72 52 130 44 386 0,318
PFG_MOEA,1344,3,369.23,5154.87,0 362 201 312 67 164 107 302 173 106 261 388 197 218 151 77 273 136 0,106
PFG_MOEA,1344,4,369.23,5154.87,0 399 172 182 397 36 11 92 86 141 266 303 357 319 199 228 267 366 289 231 34 58 68 161 235 35 249 88 135 233 156 94 230 374 350 311 4 314 193 340 299 321 269 120 142 37 51 145 123 137 59 109 127 57 226 19 13 80 38 0,340
PFG_MOEA,1344,5,369.23,5154.87,0 132 339 322 0,
PFG_MOEA,1344,6,369.23,5154.87,0 96 242 221 200 165 112 191 152 329 300 121 146 294 174 320 364 393 3 229 308 259 246 264 356 345 377 395 400 42 250 28 247 255 1 262 63 157 291 167 21 372 301 188 394 139 149 316 387 327 17 43 85 215 73 254 183 354 69 265 346 315 99 0,1 200 393
PFG_MOEA,1344,7,369.23,5154.87,0 93 398 227 234 213 190 251 175 390 18 103 155 83 378 31 304 0,
PFG_MOEA,1344,8,369.23,5154.87,0 48 192 330 238 129 148 260 391 0,
PFG_MOEA,1344,9,369.23,5154.87,0 268 272 30 65 283 326 305 154 204 6 208 205 166 66 271 39 0,272
PFG_MOEA,1344,10,369.23,5154.87,0 124 126 20 64 189 158 220 241 297 62 110 140 286 317 333 180 7 56 217 55 25 367 170 361 209 71 97 33 0,
PFG_MOEA,1344,11,369.23,5154.87,0 15 16 380 369 168 203 338 202 306 370 342 144 176 27 98 78 196 296 347 332 324 147 211 244 223 210 45 348 353 153 278 87 171 75 328 248 258 376 368 290 343 54 46 224 225 232 179 287 10 383 382 41 344 349 243 117 178 82 125 9 47 150 216 360 335 0,47 87 353
PFG_MOEA,1344,12,369.23,5154.87,0 207 307 313 359 365 253 206 187 100 310 104 282 143 79 160 50 60 257 270 379 195 5 309 280 351 237 256 274 49 198 163 138 336 252 236 381 23 128 119 2 89 12 61 0,
PFG_MOEA,1345,1,337.93,5308.22,0 187 206 253 313 359 365 0,
PFG_MOEA,1345,2,337.93,5308.22,0 207 307 198 280 351 256 237 101 53 293 133 331 285 392 95 222 163 138 336 252 236 128 119 2 89 12 61 0,133 222
PFG_MOEA,1345,3,337.93,5308.22,0 323 363 352 194 275 277 102 100 49 274 122 239 276 32 40 295 23 381 90 0,
PFG_MOEA,1345,4,337.93,5308.22,0 22 115 245 396 240 385 288 177 181 358 337 384 111 116 76 113 81 29 131 84 281 118 185 214 0,
PFG_MOEA,1345,5,337.93,5308.22,0 334 26 298 371 219 341 134 186 105 355 325 114 389 162 159 74 279 91 24 212 375 284 14 184 318 70 292 263 8 373 169 108 72 52 130 44 386 362 201 312 0,284
PFG_MOEA,1345,6,337.93,5308.22,0 399 172 182 397 36 11 92 86 141 266 303 357 319 199 228 267 366 289 231 34 58 68 161 235 35 249 88 135 233 156 94 230 57 127 109 59 137 136 273 77 151 218 197 388 261 106 173 302 107 164 67 294 226 19 13 80 38 0,
PFG_MOEA,1345,7,337.93,5308.22,0 374 350 311 4 314 193 340 299 321 269 120 142 37 51 145 123 146 121 322 339 132 174 320 364 393 3 229 308 356 264 259 246 42 1 255 247 152 191 112 329 300 165 200 221 242 96 0,132 264 340 393
PFG_MOEA,1345,8,337.93,5308.22,0 28 250 262 400 395 345 377 394 188 301 372 21 167 291 139 149 157 63 316 387 327 17 43 85 215 73 254 183 354 69 265 346 315 99 175 251 190 0,
PFG_MOEA,1345,9,337.93,5308.22,0 304 192 330 238 129 378 83 155 103 18 390 213 234 227 398 140 110 241 62 297 65 283 326 305 154 204 6 208 205 166 66 93 30 272 268 39 271 391 260 148 48 31 0,65 391
PFG_MOEA,1345,10,337.93,5308.22,0 33 71 225 97 232 209 361 170 367 25 55 217 56 7 317 286 333 180 220 158 189 64 20 126 124 224 10 287 179 0,
PFG_MOEA,1345,11,337.93,5308.22,0 15 168 203 369 16 380 335 360 216 150 9 47 125 309 5 195 379 270 210 45 348 353 153 278 87 171 75 328 248 54 46 383 382 344 349 243 117 178 82 41 0,82 87 195 353
PFG_MOEA,1345,12,337.93,5308.22,0 338 202 306 370 342 144 176 27 98 78 196 296 347 332 147 324 211 244 223 104 310 282 143 79 160 50 60 257 258 376 368 290 343 0,290
PFG_MOEA,1346,1,319.42,5478.6,0 222 0,
PFG_MOEA,1346,2,319.42,5478.6,0 95 101 323 363 352 102 277 275 194 53 293 133 331 285 392 115 245 396 240 385 288 177 181 358 337 384 111 116 76 113 81 29 325 131 84 355 114 389 279 74 159 162 371 219 341 22 134 186 105 298 334 26 281 0,105
PFG_MOEA,1346,3,319.42,5478.6,0 118 91 284 184 14 375 212 24 0,375
PFG_MOEA,1346,4,319.42,5478.6,0 399 397 36 11 92 199 86 141 266 319 357 303 289 366 267 228 8 263 292 70 318 373 169 108 72 52 130 44 386 362 201 312 67 164 107 302 173 106 261 388 197 218 151 77 273 136 182 172 0,86 197 318 362
PFG_MOEA,1346,5,319.42,5478.6,0 38 80 13 19 226 57 127 109 59 137 123 145 51 132 142 120 269 321 299 37 340 193 314 4 350 311 156 233 135 88 249 35 235 161 68 58 34 231 94 230 374 0,
PFG_MOEA,1346,6,319.42,5478.6,0 96 242 200 191 112 165 322 339 174 393 3 229 364 320 294 121 146 300 329 152 221 0,200 393
PFG_MOEA,1346,7,319.42,5478.6,0 93 85 247 28 246 259 308 264 356 345 377 395 400 42 250 255 1 262 63 157 291 167 21 372 301 188 394 139 149 316 387 327 17 43 73 215 254 183 354 69 265 346 315 99 390 175 251 190 18 213 234 227 398 0,
PFG_MOEA,1346,8,319.42,5478.6,0 304 31 48 330 192 129 238 148 260 391 271 66 166 205 208 6 204 154 305 326 283 65 62 297 241 158 189 220 110 140 103 155 83 378 124 126 20 64 30 272 268 39 0,62 205 220 391
PFG_MOEA,1346,9,319.42,5478.6,0 7 180 333 286 317 56 217 55 0,
PFG_MOEA,1346,10,319.42,5478.6,0 15 16 380 369 168 203 338 202 306 370 342 144 176 27 98 78 196 296 347 332 324 147 211 244 223 210 45 348 353 153 278 87 171 75 328 248 258 376 368 290 343 54 46 209 361 170 367 25 232 179 224 225 97 71 33 0,16 353 370
PFG_MOEA,1346,11,319.42,5478.6,0 365 253 206 61 89 2 119 128 216 336 138 163 150 47 125 9 100 282 310 104 143 79 160 50 60 257 270 379 195 5 309 280 351 237 256 287 10 383 382 344 349 243 117 178 82 41 0,47 138 178 206 243
PFG_MOEA,1346,12,319.42,5478.6,0 335 187 359 313 360 207 307 198 49 274 122 239 276 32 40 295 23 381 236 252 90 12 214 185 0,
PFG_MOEA,1347,1,312.87,5623.42,0 216 98 370 342 144 176 27 78 196 296 347 332 147 324 211 244 223 104 310 282 79 160 50 379 195 5 309 143 150 47 9 125 0,
PFG_MOEA,1347,2,312.87,5623.42,0 117 243 344 349 343 290 368 376 258 248 328 75 348 353 171 87 278 153 45 210 257 60 270 237 256 274 49 198 222 138 336 239 276 32 177 181 358 337 384 111 116 76 23 381 90 12 0,290 336 353
PFG_MOEA,1347,3,312.87,5623.42,0 22 118 185 214 2 119 128 236 252 40 295 122 392 285 331 133 293 53 101 352 363 323 194 275 277 102 100 351 280 95 163 61 89 207 307 313 359 253 365 0,307
PFG_MOEA,1347,4,312.87,5623.42,0 206 187 0,
PFG_MOEA,1347,5,312.87,5623.42,0 281 26 334 298 219 371 341 134 186 105 115 245 396 240 385 288 113 81 29 325 355 131 84 114 389 162 159 74 279 91 0,341
PFG_MOEA,1347,6,312.87,5623.42,0 80 13 19 226 57 127 109 59 137 136 273 77 151 218 197 388 261 106 173 302 107 164 67 312 201 362 386 44 130 52 72 108 169 373 8 263 292 70 318 184 14 284 375 212 24 303 357 319 182 172 38 0,318 362
PFG_MOEA,1347,7,312.87,5623.42,0 266 141 86 199 228 267 366 289 231 34 58 68 161 235 35 249 88 135 233 156 94 230 374 92 0,
PFG_MOEA,1347,8,312.87,5623.42,0 399 397 36 11 350 311 4 314 193 340 299 321 269 120 142 37 51 123 145 132 339 322 121 146 294 174 320 364 393 3 229 308 356 264 259 246 42 300 329 112 191 165 200 221 242 96 0,51 145 174 264 329
PFG_MOEA,1347,9,312.87,5623.42,0 152 247 28 250 345 377 395 400 394 188 301 372 167 21 139 291 262 1 255 0,
PFG_MOEA,1347,10,312.87,5623.42,0 85 215 73 43 17 327 387 316 149 157 63 354 183 254 69 265 346 315 99 175 251 190 390 18 103 155 83 378 0,175 390
PFG_MOEA,1347,11,312.87,5623.42,0 304 31 48 192 330 129 238 148 260 383 10 224 391 271 39 46 93 398 227 234 213 179 232 225 97 71 33 382 0,
PFG_MOEA,1347,12,312.87,5623.42,0 209 361 170 367 25 55 217 56 7 124 126 20 64 189 158 220 180 333 317 286 140 110 241 62 297 65 283 326 305 154 204 6 208 205 166 66 30 272 268 54 287 178 82 41 335 360 380 369 203 338 202 306 168 15 16 0,7 166 203 361
PFG_MOEA,1348,1,759.34,4800.0,0 219 341 105 389 114 84 131 355 325 29 81 113 76 116 111 384 337 358 181 177 288 385 240 396 245 115 392 285 331 133 293 53 163 150 9 125 47 216 89 61 206 253 365 0,245
PFG_MOEA,1348,2,759.34,4800.0,0 22 134 186 162 159 279 74 284 184 318 70 292 263 8 373 169 108 14 375 212 24 91 0,318
PFG_MOEA,1348,3,759.34,4800.0,0 304 31 48 148 260 224 71 33 129 238 330 192 200 165 112 191 152 127 57 109 59 137 273 136 247 17 43 85 215 73 254 69 354 183 327 387 157 149 188 394 316 63 262 1 255 250 28 42 400 395 377 345 356 264 259 246 308 229 197 218 151 77 107 164 67 302 388 3 106 173 261 320 364 393 312 201 362 329 300 123 51 145 322 121 146 294 174 339 132 120 142 37 269 321 299 340 233 135 88 249 35 161 235 68 58 34 386 231 289 366 267 228 44 130 52 72 303 357 319 266 141 86 92 199 156 94 230 311 374 11 36 397 350 4 314 193 182 172 13 19 226 221 242 96 80 38 0,33 106 174 200 303 311 394
PFG_MOEA,1348,4,759.34,4800.0,0 378 83 155 103 18 190 251 175 99 315 346 372 301 167 21 139 291 265 390 234 0,
PFG_MOEA,1348,5,759.34,4800.0,0 179 391 271 39 30 272 268 46 54 93 398 227 213 232 0,391
PFG_MOEA,1348,6,759.34,4800.0,0 225 0,
PFG_MOEA,1348,7,759.34,4800.0,0 97 209 361 170 367 0,
PFG_MOEA,1348,8,759.34,4800.0,0 399 15 168 203 338 202 306 370 342 144 176 27 98 78 196 369 380 16 41 82 178 117 243 344 349 66 343 290 368 376 258 248 328 75 348 353 45 210 278 153 171 87 6 208 205 166 158 189 220 241 62 297 65 283 204 154 305 326 110 140 180 333 317 286 25 55 217 56 7 124 126 20 64 287 10 383 382 0,62 66 205 220 342
PFG_MOEA,1348,9,759.34,4800.0,0 2 119 128 295 40 32 276 239 122 296 332 347 138 336 222 95 101 194 147 324 275 323 363 352 277 102 223 244 211 104 310 100 282 143 79 160 50 60 257 270 379 195 5 309 280 351 237 256 274 49 198 252 236 0,
PFG_MOEA,1348,10,759.34,4800.0,0 381 23 90 12 207 307 0,
PFG_MOEA,1348,11,759.34,4800.0,0 335 187 359 313 360 214 0,
PFG_MOEA,1348,12,759.34,4800.0,0 185 118 281 26 334 298 371 0,
PFG_MOEA,1349,1,314.81,5596.11,0 12 90 128 236 252 336 276 138 222 198 49 274 256 237 351 280 309 5 290 343 313 207 0,222
PFG_MOEA,1349,2,314.81,5596.11,0 91 292 263 8 373 169 108 14 375 212 24 371 219 341 298 334 26 281 118 185 214 295 40 32 239 122 95 101 352 363 323 194 275 277 102 100 23 381 119 2 307 359 187 148 48 31 304 0,23
PFG_MOEA,1349,3,314.81,5596.11,0 260 224 71 33 127 152 191 112 165 200 129 238 330 192 0,33
PFG_MOEA,1349,4,314.81,5596.11,0 57 67 302 173 106 3 388 164 107 77 151 218 197 229 308 246 259 264 356 345 377 395 400 42 28 250 255 1 262 63 316 394 188 149 157 387 327 183 354 69 254 73 215 85 43 17 247 136 273 137 59 109 0,
PFG_MOEA,1349,5,314.81,5596.11,0 329 300 362 123 51 145 322 121 146 201 261 320 364 393 312 294 174 339 132 206 253 365 360 335 0,362 393
PFG_MOEA,1349,6,314.81,5596.11,0 61 358 181 177 288 385 240 396 245 115 392 285 331 133 293 53 163 150 9 125 47 216 89 0,
PFG_MOEA,1349,7,314.81,5596.11,0 80 13 19 226 35 161 235 58 34 386 231 289 366 267 228 44 130 52 72 318 70 184 284 74 279 159 162 389 114 355 325 384 337 111 116 76 113 81 29 131 84 105 186 134 22 0,
PFG_MOEA,1349,8,314.81,5596.11,0 38 96 242 221 172 182 397 350 311 4 314 193 230 94 156 374 36 11 92 319 357 303 266 141 86 199 68 135 88 249 233 340 299 321 269 120 142 37 301 21 139 291 167 372 346 315 99 175 251 0,182
PFG_MOEA,1349,9,314.81,5596.11,0 97 225 232 179 391 271 158 241 62 297 65 283 204 154 305 326 110 140 286 317 333 180 220 126 124 7 56 217 55 25 367 170 361 209 227 234 213 190 390 265 18 103 155 83 378 398 93 54 46 268 272 30 39 0,65 154
PFG_MOEA,1349,10,314.81,5596.11,0 399 15 16 380 41 82 178 117 243 344 349 20 189 64 166 205 208 6 87 171 153 278 210 353 258 376 368 66 287 10 383 382 0,243
PFG_MOEA,1349,11,314.81,5596.11,0 369 338 203 168 0,
PFG_MOEA,1349,12,314.81,5596.11,0 202 306 370 342 144 176 27 98 78 196 296 347 332 324 147 211 244 223 104 310 282 143 79 160 50 60 257 270 379 195 45 348 75 328 248 0,370
PFG_MOEA,1350,1,411.21,4974.5,0 12 90 381 23 32 276 239 336 138 222 198 49 274 256 237 351 280 252 236 128 119 2 0,23
PFG_MOEA,1350,2,411.21,4974.5,0 22 118 185 214 295 40 122 392 285 331 133 293 53 101 352 363 323 194 275 277 102 100 95 163 61 89 207 307 313 359 365 253 206 187 0,22 100
PFG_MOEA,1350,3,411.21,4974.5,0 115 0,
PFG_MOEA,1350,4,411.21,4974.5,0 245 396 240 385 288 177 181 358 337 384 111 116 76 113 81 29 325 355 0,
PFG_MOEA,1350,5,411.21,4974.5,0 281 26 334 298 341 134 186 131 84 114 389 105 219 371 162 159 74 279 91 24 212 375 284 14 184 318 70 292 263 8 373 169 108 72 52 130 44 386 362 201 312 67 164 107 302 173 106 261 388 197 218 151 77 273 136 137 59 109 127 57 226 19 13 80 0,77 106 284
PFG_MOEA,1350,6,411.21,4974.5,0 38 172 182 319 303 357 266 141 86 199 228 267 366 289 231 34 58 68 161 235 35 249 88 135 233 156 94 230 374 92 11 36 397 350 311 4 314 193 340 299 321 269 120 142 37 51 123 145 132 339 322 121 146 294 174 320 364 393 3 229 308 356 264 259 246 42 300 329 112 221 242 96 0,51 174 229 246 299
PFG_MOEA,1350,7,411.21,4974.5,0 399 200 165 191 152 247 255 1 262 250 28 345 377 395 400 394 188 301 372 21 167 291 139 149 157 63 316 387 327 17 43 85 215 73 254 183 354 69 265 346 315 99 175 251 190 390 18 103 155 83 378 213 234 227 398 93 224 179 232 225 97 71 33 260 148 238 129 330 192 48 31 304 0,93
PFG_MOEA,1350,8,411.21,4974.5,0 382 383 10 391 271 39 46 54 268 272 30 66 166 205 208 6 204 154 305 326 283 65 297 62 241 110 140 286 317 333 180 220 158 189 64 20 126 124 7 56 217 55 25 367 170 361 209 287 0,55 62 66 220
PFG_MOEA,1350,9,411.21,4974.5,0 380 0,
PFG_MOEA,1350,10,411.21,4974.5,0 16 369 15 0,
PFG_MOEA,1350,11,411.21,4974.5,0 168 203 178 82 41 0,178
PFG_MOEA,1350,12,411.21,4974.5,0 335 360 338 202 306 370 342 144 176 27 98 78 196 296 347 332 216 47 125 9 150 147 324 211 244 223 104 310 282 143 309 5 195 379 79 160 50 60 270 257 210 45 153 278 87 171 353 348 75 328 248 258 376 368 290 343 349 344 243 117 0,
PFG_MOEA,1351,1,312.55,5795.78,0 336 138 239 122 296 347 332 324 275 277 104 211 244 223 102 352 363 323 194 147 101 95 222 0,122 211 222 277
PFG_MOEA,1351,2,312.55,5795.78,0 335 360 207 307 313 359 187 100 310 282 143 79 160 50 60 257 270 379 195 5 309 280 351 237 256 274 49 198 252 236 381 23 90 12 214 185 118 281 26 334 298 371 72 52 130 44 386 80 0,5 307
PFG_MOEA,1351,3,312.55,5795.78,0 13 19 226 57 127 109 59 137 136 273 77 151 218 197 388 261 106 173 302 107 164 67 312 201 362 123 51 145 294 174 339 132 142 120 269 321 299 0,174
PFG_MOEA,1351,4,312.55,5795.78,0 340 233 135 88 249 35 235 161 68 58 34 231 289 366 267 228 141 266 303 357 319 86 199 156 94 0,303
PFG_MOEA,1351,5,312.55,5795.78,0 38 172 182 397 36 11 92 374 230 311 350 4 314 193 37 322 121 146 320 364 393 3 229 308 356 264 259 246 42 300 329 112 191 152 221 242 96 0,42 264
PFG_MOEA,1351,6,312.55,5795.78,0 200 165 129 0,
PFG_MOEA,1351,7,312.55,5795.78,0 304 330 395 400 394 188 301 372 21 167 291 139 149 157 63 316 387 17 43 33 71 224 260 0,
PFG_MOEA,1351,8,312.55,5795.78,0 399 247 28 250 345 377 262 1 255 327 254 73 215 85 93 179 232 225 97 148 238 192 48 31 0,93
PFG_MOEA,1351,9,312.55,5795.78,0 378 69 183 354 265 346 315 99 175 251 190 390 18 103 155 83 234 213 227 398 209 361 170 367 25 55 217 56 7 180 333 317 286 140 110 62 297 65 283 326 305 154 204 6 208 241 220 158 189 64 20 126 124 0,175
PFG_MOEA,1351,10,312.55,5795.78,0 287 382 383 10 268 272 30 66 166 205 271 39 391 53 293 133 331 285 392 115 245 396 240 385 288 177 181 358 337 384 111 116 76 113 81 29 325 355 131 84 114 389 105 341 219 0,
PFG_MOEA,1351,11,312.55,5795.78,0 91 24 212 375 14 108 169 373 8 263 292 70 318 184 284 74 279 159 162 22 134 186 89 216 47 125 9 150 163 61 365 253 206 46 54 0,
PFG_MOEA,1351,12,312.55,5795.78,0 41 82 178 117 243 344 349 343 290 368 376 258 248 328 75 171 87 153 278 210 45 353 348 2 119 128 295 40 32 276 196 78 98 27 176 144 342 370 306 202 338 203 168 369 380 16 15 0,16 87 203
PFG_MOEA,1352,1,389.39,5146.42,0 163 78 53 293 133 331 285 392 98 115 245 27 396 240 385 288 177 181 358 337 384 111 116 76 113 81 29 325 355 131 84 114 389 91 279 74 159 162 371 219 298 341 22 134 186 105 118 185 0,
PFG_MOEA,1352,2,389.39,5146.42,0 281 26 334 24 212 375 284 14 184 318 70 292 263 8 373 169 108 72 52 130 44 386 51 145 123 362 201 294 312 67 164 107 302 173 106 261 388 197 218 151 77 273 136 137 59 109 127 57 226 19 13 80 0,
PFG_MOEA,1352,3,389.39,5146.42,0 142 339 174 132 120 269 321 299 340 233 135 88 249 35 235 161 68 58 34 231 289 366 267 228 141 266 303 357 319 86 199 156 94 230 374 92 11 36 397 350 311 4 314 193 0,88
PFG_MOEA,1352,4,389.39,5146.42,0 182 172 38 0,
PFG_MOEA,1352,5,389.39,5146.42,0 37 322 121 146 320 364 393 3 229 308 356 264 259 246 42 300 329 112 152 191 165 200 221 242 96 0,152 264 329
PFG_MOEA,1352,6,389.39,5146.42,0 129 33 71 224 260 0,
PFG_MOEA,1352,7,389.39,5146.42,0 399 247 255 1 262 250 28 345 377 395 400 394 188 301 372 21 167 291 139 149 157 63 316 387 17 43 73 254 327 183 354 69 215 85 93 179 232 225 97 148 48 238 330 192 31 304 0,395
PFG_MOEA,1352,8,389.39,5146.42,0 16 15 168 203 369 380 391 271 39 268 272 30 66 166 205 208 6 204 154 305 326 283 65 297 62 241 110 140 286 317 333 180 220 158 189 64 20 126 124 7 56 217 55 25 367 170 361 209 398 227 234 213 190 251 175 99 315 346 265 390 18 103 155 83 378 54 46 287 10 383 382 41 0,7 16 20 103 272
PFG_MOEA,1352,9,389.39,5146.42,0 82 178 117 243 368 376 258 353 153 171 87 278 210 143 237 256 274 49 100 282 310 104 102 277 275 194 323 363 352 101 198 95 222 138 122 276 336 252 236 128 23 381 90 119 2 12 0,
PFG_MOEA,1352,10,389.39,5146.42,0 344 349 351 280 309 5 79 160 50 60 257 270 379 195 45 348 75 328 248 290 343 187 0,
PFG_MOEA,1352,11,389.39,5146.42,0 214 295 40 32 239 370 342 144 176 150 47 9 125 216 89 61 207 307 313 359 206 253 365 360 335 0,176
PFG_MOEA,1352,12,389.39,5146.42,0 338 202 306 196 296 347 332 324 147 211 244 223 0,
PFG_MOEA,1353,1,413.96,4915.5,0 187 206 253 365 359 313 307 207 61 12 89 2 119 128 236 252 336 138 163 222 95 198 351 280 237 256 274 49 100 102 277 275 194 323 363 352 101 53 293 133 331 285 392 122 239 276 32 40 295 23 381 90 113 81 29 76 116 111 384 337 358 181 177 288 385 240 396 245 115 22 118 185 214 0,245 381
PFG_MOEA,1353,2,413.96,4915.5,0 281 84 131 325 355 114 389 186 134 341 298 26 334 0,
PFG_MOEA,1353,3,413.96,4915.5,0 371 219 105 162 159 74 279 91 24 212 375 284 14 184 318 70 292 263 8 373 169 108 72 52 130 44 386 362 201 312 67 164 107 302 173 106 261 388 197 218 151 77 273 136 137 59 0,
PFG_MOEA,1353,4,413.96,4915.5,0 57 127 109 226 0,
PFG_MOEA,1353,5,413.96,4915.5,0 19 0,
PFG_MOEA,1353,6,413.96,4915.5,0 38 303 357 266 141 86 199 228 267 366 289 231 34 58 68 161 235 35 249 88 135 233 319 182 172 13 80 0,88
PFG_MOEA,1353,7,413.96,4915.5,0 399 397 36 11 92 156 94 230 374 350 311 4 314 193 340 299 321 269 120 142 37 51 123 145 132 339 322 121 146 294 174 320 364 393 3 229 308 356 264 259 246 42 300 329 112 191 165 200 221 242 96 0,11 340 374 393
PFG_MOEA,1353,8,413.96,4915.5,0 152 247 255 1 262 250 28 345 377 395 400 394 188 301 372 21 167 291 139 149 157 63 316 387 327 17 43 85 215 73 254 183 354 69 265 346 315 99 175 251 190 390 18 103 155 83 378 213 234 227 398 93 0,1 152 175 227
PFG_MOEA,1353,9,413.96,4915.5,0 304 31 48 192 330 238 129 148 260 391 271 39 268 272 30 66 166 205 208 6 204 154 305 326 283 65 297 62 241 110 140 286 317 333 180 220 158 189 64 20 126 124 7 56 217 55 25 367 170 361 209 71 33 97 225 232 179 224 0,55 391
PFG_MOEA,1353,10,413.96,4915.5,0 287 10 383 382 0,
PFG_MOEA,1353,11,413.96,4915.5,0 16 15 168 203 369 380 82 178 117 243 349 344 54 46 41 0,
PFG_MOEA,1353,12,413.96,4915.5,0 335 360 216 150 9 47 125 309 5 343 290 368 376 258 248 328 75 171 87 278 153 353 348 45 210 195 379 270 257 60 50 160 79 143 282 310 104 223 244 211 324 147 332 347 296 196 78 98 27 176 144 342 370 306 202 338 0,
PFG_MOEA,1354,1,320.55,5348.04,0 80 13 172 182 397 36 11 92 233 135 88 249 35 235 161 68 58 34 231 289 319 399 0,
PFG_MOEA,1354,2,320.55,5348.04,0 374 230 94 156 311 350 4 314 193 340 299 321 269 120 142 132 339 174 320 364 308 229 3 393 294 146 121 322 123 145 51 37 0,393
PFG_MOEA,1354,3,320.55,5348.04,0 96 242 221 200 165 112 329 300 191 152 247 255 1 262 42 250 28 246 259 264 356 345 377 395 400 394 188 301 372 21 167 291 139 149 157 63 316 387 327 17 43 85 215 73 254 183 354 69 265 346 315 99 175 251 190 0,215
PFG_MOEA,1354,4,320.55,5348.04,0 304 31 192 330 238 129 398 227 234 213 18 390 286 140 110 241 93 260 148 48 0,
PFG_MOEA,1354,5,320.55,5348.04,0 317 333 0,
PFG_MOEA,1354,6,320.55,5348.04,0 33 71 209 361 170 367 25 55 217 56 7 180 220 158 189 64 20 126 124 224 10 383 382 16 203 168 15 0,25
PFG_MOEA,1354,7,320.55,5348.04,0 380 369 335 360 216 150 9 47 125 309 5 195 379 270 210 45 348 353 153 278 87 171 75 328 248 258 376 368 290 343 54 46 344 349 243 117 178 82 41 0,
PFG_MOEA,1354,8,320.55,5348.04,0 338 202 306 370 342 144 176 27 98 78 196 296 347 332 147 324 211 244 223 104 310 282 143 79 160 50 60 257 6 204 154 305 326 283 62 297 65 208 205 166 66 30 272 268 0,66
PFG_MOEA,1354,9,320.55,5348.04,0 187 206 253 365 359 313 307 207 61 12 89 2 119 128 236 252 336 138 163 222 95 198 351 256 237 280 391 271 39 378 83 155 103 232 179 287 225 97 0,138 307
PFG_MOEA,1354,10,320.55,5348.04,0 22 389 114 84 131 325 355 29 81 113 76 116 111 384 337 358 181 177 288 385 240 396 245 115 392 285 331 133 293 53 101 352 363 323 194 275 277 102 100 49 274 122 239 276 32 40 295 23 381 90 214 185 281 118 0,323 331
PFG_MOEA,1354,11,320.55,5348.04,0 334 298 26 105 186 134 341 219 371 24 212 375 14 184 318 70 292 263 8 373 169 284 74 279 91 159 162 0,134
PFG_MOEA,1354,12,320.55,5348.04,0 38 19 226 57 127 109 59 137 136 273 77 151 218 197 388 261 106 173 302 107 164 67 312 201 362 366 267 228 386 44 130 52 72 108 303 357 266 141 86 199 0,106 386
PFG_MOEA,1355,1,270.73,5843.94,0 335 187 309 5 195 379 270 257 60 50 160 79 143 280 351 237 256 274 49 198 252 236 381 23 90 12 207 307 0,
PFG_MOEA,1355,2,270.73,5843.94,0 61 313 359 206 253 365 360 214 185 118 281 26 334 298 371 22 134 186 162 159 292 263 8 373 318 70 184 284 74 279 0,134 284 313 318
PFG_MOEA,1355,3,270.73,5843.94,0 91 169 108 14 375 212 24 192 330 238 129 200 165 112 191 152 127 57 109 59 137 273 136 247 17 43 85 215 33 71 224 260 148 48 31 304 0,33 200
PFG_MOEA,1355,4,270.73,5843.94,0 73 254 69 354 183 327 387 157 149 188 394 316 63 262 1 255 250 28 42 400 395 377 345 356 264 259 246 308 229 197 218 151 77 107 164 67 302 388 3 106 173 261 320 364 0,
PFG_MOEA,1355,5,270.73,5843.94,0 329 300 362 123 51 145 322 121 146 201 312 393 294 174 339 132 120 142 0,145 174
PFG_MOEA,1355,6,270.73,5843.94,0 37 269 321 299 340 219 341 105 84 131 29 81 113 76 116 111 181 358 337 384 325 355 114 389 0,341
PFG_MOEA,1355,7,270.73,5843.94,0 89 216 47 125 9 150 163 53 293 133 331 285 392 115 245 396 240 385 288 177 34 58 235 135 233 88 249 35 161 68 0,133 240
PFG_MOEA,1355,8,270.73,5843.94,0 172 182 193 314 4 350 397 36 11 374 311 230 94 156 199 92 86 319 266 141 289 231 386 366 267 228 44 130 52 72 303 357 13 19 226 221 242 96 0,141 386
PFG_MOEA,1355,9,270.73,5843.94,0 38 80 378 83 291 139 21 167 301 372 346 315 265 390 99 175 251 190 18 103 155 234 227 398 93 54 46 268 272 30 39 271 391 179 0,
PFG_MOEA,1355,10,270.73,5843.94,0 97 225 232 209 361 213 170 367 328 248 258 376 368 290 343 66 349 344 243 117 178 82 41 16 380 369 196 78 98 27 176 144 342 370 306 202 338 203 168 15 399 0,82 176 225
PFG_MOEA,1355,11,270.73,5843.94,0 287 64 166 205 75 348 353 45 210 278 153 171 87 6 208 158 189 220 241 62 297 65 283 204 154 305 326 110 140 180 333 317 286 25 55 217 56 7 124 126 20 10 0,65 126
PFG_MOEA,1355,12,270.73,5843.94,0 2 119 128 295 40 32 276 239 122 296 332 347 138 336 222 95 101 194 147 324 275 323 363 352 277 102 223 244 211 104 310 100 282 383 382 0,2
PFG_MOEA,1356,1,369.23,5154.87,0 90 295 40 32 276 239 122 222 95 101 323 363 352 102 277 275 194 53 293 133 331 285 392 115 245 396 240 385 288 177 181 358 337 384 111 116 76 113 81 29 325 131 84 355 114 389 279 74 159 162 371 219 341 22 134 186 105 298 334 26 281 118 185 214 0,40 240 245 331
PFG_MOEA,1356,2,369.23,5154.87,0 91 24 212 375 284 14 184 318 70 292 263 8 373 169 108 72 52 130 44 386 0,318
PFG_MOEA,1356,3,369.23,5154.87,0 362 201 312 67 164 107 302 173 106 261 388 197 218 151 77 273 136 0,106
PFG_MOEA,1356,4,369.23,5154.87,0 399 172 182 397 36 11 92 86 141 266 303 357 319 199 228 267 366 289 231 34 58 68 161 235 35 249 88 135 233 156 94 230 374 350 311 4 314 193 340 299 321 269 120 142 37 51 145 123 137 59 109 127 57 226 19 13 80 38 0,340
PFG_MOEA,1356,5,369.23,5154.87,0 132 339 322 0,
PFG_MOEA,1356,6,369.23,5154.87,0 96 242 221 200 165 112 191 152 329 300 121 146 294 174 320 364 393 3 229 308 259 246 264 356 345 377 395 400 42 250 28 247 255 1 262 63 157 291 167 21 372 301 188 394 139 149 316 387 327 17 43 85 215 73 254 183 354 69 265 346 315 99 0,1 200 393
PFG_MOEA,1356,7,369.23,5154.87,0 93 398 227 234 213 190 251 175 390 18 103 155 83 378 31 304 0,
PFG_MOEA,1356,8,369.23,5154.87,0 48 192 330 238 129 148 260 391 0,
PFG_MOEA,1356,9,369.23,5154.87,0 268 272 30 65 283 326 305 154 204 6 208 205 166 66 271 39 0,272
PFG_MOEA,1356,10,369.23,5154.87,0 124 126 20 64 189 158 220 241 297 62 110 140 286 317 333 180 7 56 217 55 25 367 170 361 209 71 97 33 0,
PFG_MOEA,1356,11,369.23,5154.87,0 15 16 380 369 168 203 338 202 306 370 342 144 176 27 98 78 196 296 347 332 324 147 211 244 223 210 45 348 353 153 278 87 171 75 328 248 258 376 368 290 343 54 46 224 225 232 179 287 10 383 382 41 344 349 243 117 178 82 125 9 47 150 216 360 335 0,47 87 353
PFG_MOEA,1356,12,369.23,5154.87,0 207 307 313 359 365 253 206 187 100 310 104 282 143 79 160 50 60 257 270 379 195 5 309 280 351 237 256 274 49 198 163 138 336 252 236 381 23 128 119 2 89 12 61 0,
PFG_MOEA,1357,1,337.93,5308.22,0 187 206 253 313 359 365 0,
PFG_MOEA,1357,2,337.93,5308.22,0 207 307 198 280 351 256 237 101 53 293 133 331 285 392 95 222 163 138 336 252 236 128 119 2 89 12 61 0,133 222
PFG_MOEA,1357,3,337.93,5308.22,0 323 363 352 194 275 277 102 100 49 274 122 239 276 32 40 295 23 381 90 0,
PFG_MOEA,1357,4,337.93,5308.22,0 22 115 245 396 240 385 288 177 181 358 337 384 111 116 76 113 81 29 131 84 281 118 185 214 0,
PFG_MOEA,1357,5,337.93,5308.22,0 334 26 298 371 219 341 134 186 105 355 325 114 389 162 159 74 279 91 24 212 375 284 14 184 318 70 292 263 8 373 169 108 72 52 130 44 386 362 201 312 0,284
PFG_MOEA,1357,6,337.93,5308.22,0 399 172 182 397 36 11 92 86 141 266 303 357 319 199 228 267 366 289 231 34 58 68 161 235 35 249 88 135 233 156 94 230 57 127 109 59 137 136 273 77 151 218 197 388 261 106 173 302 107 164 67 294 226 19 13 80 38 0,
PFG_MOEA,1357,7,337.93,5308.22,0 374 350 311 4 314 193 340 299 321 269 120 142 37 51 145 123 146 121 322 339 132 174 320 364 393 3 229 308 356 264 259 246 42 1 255 247 152 191 112 329 300 165 200 221 242 96 0,132 264 340 393
PFG_MOEA,1357,8,337.93,5308.22,0 28 250 262 400 395 345 377 394 188 301 372 21 167 291 139 149 157 63 316 387 327 17 43 85 215 73 254 183 354 69 265 346 315 99 175 251 190 0,
PFG_MOEA,1357,9,337.93,5308.22,0 304 192 330 238 129 378 83 155 103 18 390 213 234 227 398 140 110 241 62 297 65 283 326 305 154 204 6 208 205 166 66 93 30 272 268 39 271 391 260 148 48 31 0,65 391
PFG_MOEA,1357,10,337.93,5308.22,0 33 71 225 97 232 209 361 170 367 25 55 217 56 7 317 286 333 180 220 158 189 64 20 126 124 224 10 287 179 0,
PFG_MOEA,1357,11,337.93,5308.22,0 15 168 203 369 16 380 335 360 216 150 9 47 125 309 5 195 379 270 210 45 348 353 153 278 87 171 75 328 248 54 46 383 382 344 349 243 117 178 82 41 0,82 87 195 353
PFG_MOEA,1357,12,337.93,5308.22,0 338 202 306 370 342 144 176 27 98 78 196 296 347 332 147 324 211 244 223 104 310 282 143 79 160 50 60 257 258 376 368 290 343 0,290
PFG_MOEA,1358,1,319.42,5478.6,0 222 0,
PFG_MOEA,1358,2,319.42,5478.6,0 95 101 323 363 352 102 277 275 194 53 293 133 331 285 392 115 245 396 240 385 288 177 181 358 337 384 111 116 76 113 81 29 325 131 84 355 114 389 279 74 159 162 371 219 341 22 134 186 105 298 334 26 281 0,105
PFG_MOEA,1358,3,319.42,5478.6,0 118 91 284 184 14 375 212 24 0,375
PFG_MOEA,1358,4,319.42,5478.6,0 399 397 36 11 92 199 86 141 266 319 357 303 289 366 267 228 8 263 292 70 318 373 169 108 72 52 130 44 386 362 201 312 67 164 107 302 173 106 261 388 197 218 151 77 273 136 182 172 0,86 197 318 362
PFG_MOEA,1358,5,319.42,5478.6,0 38 80 13 19 226 57 127 109 59 137 123 145 51 132 142 120 269 321 299 37 340 193 314 4 350 311 156 233 135 88 249 35 235 161 68 58 34 231 94 230 374 0,
PFG_MOEA,1358,6,319.42,5478.6,0 96 242 200 191 112 165 322 339 174 393 3 229 364 320 294 121 146 300 329 152 221 0,200 393
PFG_MOEA,1358,7,319.42,5478.6,0 93 85 247 28 246 259 308 264 356 345 377 395 400 42 250 255 1 262 63 157 291 167 21 372 301 188 394 139 149 316 387 327 17 43 73 215 254 183 354 69 265 346 315 99 390 175 251 190 18 213 234 227 398 0,
PFG_MOEA,1358,8,319.42,5478.6,0 304 31 48 330 192 129 238 148 260 391 271 66 166 205 208 6 204 154 305 326 283 65 62 297 241 158 189 220 110 140 103 155 83 378 124 126 20 64 30 272 268 39 0,62 205 220 391
PFG_MOEA,1358,9,319.42,5478.6,0 7 180 333 286 317 56 217 55 0,
PFG_MOEA,1358,10,319.42,5478.6,0 15 16 380 369 168 203 338 202 306 370 342 144 176 27 98 78 196 296 347 332 324 147 211 244 223 210 45 348 353 153 278 87 171 75 328 248 258 376 368 290 343 54 46 209 361 170 367 25 232 179 224 225 97 71 33 0,16 353 370
PFG_MOEA,1358,11,319.42,5478.6,0 365 253 206 61 89 2 119 128 216 336 138 163 150 47 125 9 100 282 310 104 143 79 160 50 60 257 270 379 195 5 309 280 351 237 256 287 10 383 382 344 349 243 117 178 82 41 0,47 138 178 206 243
PFG_MOEA,1358,12,319.42,5478.6,0 335 187 359 313 360 207 307 198 49 274 122 239 276 32 40 295 23 381 236 252 90 12 214 185 0,
PFG_MOEA,1359,1,312.87,5623.42,0 216 98 370 342 144 176 27 78 196 296 347 332 147 324 211 244 223 104 310 282 79 160 50 379 195 5 309 143 150 47 9 125 0,
PFG_MOEA,1359,2,312.87,5623.42,0 117 243 344 349 343 290 368 376 258 248 328 75 348 353 171 87 278 153 45 210 257 60 270 237 256 274 49 198 222 138 336 239 276 32 177 181 358 337 384 111 116 76 23 381 90 12 0,290 336 353
PFG_MOEA,1359,3,312.87,5623.42,0 22 118 185 214 2 119 128 236 252 40 295 122 392 285 331 133 293 53 101 352 363 323 194 275 277 102 100 351 280 95 163 61 89 207 307 313 359 253 365 0,307
PFG_MOEA,1359,4,312.87,5623.42,0 206 187 0,
PFG_MOEA,1359,5,312.87,5623.42,0 281 26 334 298 219 371 341 134 186 105 115 245 396 240 385 288 113 81 29 325 355 131 84 114 389 162 159 74 279 91 0,341
PFG_MOEA,1359,6,312.87,5623.42,0 80 13 19 226 57 127 109 59 137 136 273 77 151 218 197 388 261 106 173 302 107 164 67 312 201 362 386 44 130 52 72 108 169 373 8 263 292 70 318 184 14 284 375 212 24 303 357 319 182 172 38 0,318 362
PFG_MOEA,1359,7,312.87,5623.42,0 266 141 86 199 228 267 366 289 231 34 58 68 161 235 35 249 88 135 233 156 94 230 374 92 0,
PFG_MOEA,1359,8,312.87,5623.42,0 399 397 36 11 350 311 4 314 193 340 299 321 269 120 142 37 51 123 145 132 339 322 121 146 294 174 320 364 393 3 229 308 356 264 259 246 42 300 329 112 191 165 200 221 242 96 0,51 145 174 264 329
PFG_MOEA,1359,9,312.87,5623.42,0 152 247 28 250 345 377 395 400 394 188 301 372 167 21 139 291 262 1 255 0,
PFG_MOEA,1359,10,312.87,5623.42,0 85 215 73 43 17 327 387 316 149 157 63 354 183 254 69 265 346 315 99 175 251 190 390 18 103 155 83 378 0,175 390
PFG_MOEA,1359,11,312.87,5623.42,0 304 31 48 192 330 129 238 148 260 383 10 224 391 271 39 46 93 398 227 234 213 179 232 225 97 71 33 382 0,
PFG_MOEA,1359,12,312.87,5623.42,0 209 361 170 367 25 55 217 56 7 124 126 20 64 189 158 220 180 333 317 286 140 110 241 62 297 65 283 326 305 154 204 6 208 205 166 66 30 272 268 54 287 178 82 41 335 360 380 369 203 338 202 306 168 15 16 0,7 166 203 361
PFG_MOEA,1360,1,759.34,4800.0,0 219 341 105 389 114 84 131 355 325 29 81 113 76 116 111 384 337 358 181 177 288 385 240 396 245 115 392 285 331 133 293 53 163 150 9 125 47 216 89 61 206 253 365 0,245
PFG_MOEA,1360,2,759.34,4800.0,0 22 134 186 162 159 279 74 284 184 318 70 292 263 8 373 169 108 14 375 212 24 91 0,318
PFG_MOEA,1360,3,759.34,4800.0,0 304 31 48 148 260 224 71 33 129 238 330 192 200 165 112 191 152 127 57 109 59 137 273 136 247 17 43 85 215 73 254 69 354 183 327 387 157 149 188 394 316 63 262 1 255 250 28 42 400 395 377 345 356 264 259 246 308 229 197 218 151 77 107 164 67 302 388 3 106 173 261 320 364 393 312 201 362 329 300 123 51 145 322 121 146 294 174 339 132 120 142 37 269 321 299 340 233 135 88 249 35 161 235 68 58 34 386 231 289 366 267 228 44 130 52 72 303 357 319 266 141 86 92 199 156 94 230 311 374 11 36 397 350 4 314 193 182 172 13 19 226 221 242 96 80 38 0,33 106 174 200 303 311 394
PFG_MOEA,1360,4,759.34,4800.0,0 378 83 155 103 18 190 251 175 99 315 346 372 301 167 21 139 291 265 390 234 0,
PFG_MOEA,1360,5,759.34,4800.0,0 179 391 271 39 30 272 268 46 54 93 398 227 213 232 0,391
PFG_MOEA,1360,6,759.34,4800.0,0 225 0,
PFG_MOEA,1360,7,759.34,4800.0,0 97 209 361 170 367 0,
PFG_MOEA,1360,8,759.34,4800.0,0 399 15 168 203 338 202 306 370 342 144 176 27 98 78 196 369 380 16 41 82 178 117 243 344 349 66 343 290 368 376 258 248 328 75 348 353 45 210 278 153 171 87 6 208 205 166 158 189 220 241 62 297 65 283 204 154 305 326 110 140 180 333 317 286 25 55 217 56 7 124 126 20 64 287 10 383 382 0,62 66 205 220 342
PFG_MOEA,1360,9,759.34,4800.0,0 2 119 128 295 40 32 276 239 122 296 332 347 138 336 222 95 101 194 147 324 275 323 363 352 277 102 223 244 211 104 310 100 282 143 79 160 50 60 257 270 379 195 5 309 280 351 237 256 274 49 198 252 236 0,
PFG_MOEA,1360,10,759.34,4800.0,0 381 23 90 12 207 307 0,
PFG_MOEA,1360,11,759.34,4800.0,0 335 187 359 313 360 214 0,
PFG_MOEA,1360,12,759.34,4800.0,0 185 118 281 26 334 298 371 0,
PFG_MOEA,1361,1,314.81,5596.11,0 12 90 128 236 252 336 276 138 222 198 49 274 256 237 351 280 309 5 290 343 313 207 0,222
PFG_MOEA,1361,2,314.81,5596.11,0 91 292 263 8 373 169 108 14 375 212 24 371 219 341 298 334 26 281 118 185 214 295 40 32 239 122 95 101 352 363 323 194 275 277 102 100 23 381 119 2 307 359 187 148 48 31 304 0,23
PFG_MOEA,1361,3,314.81,5596.11,0 260 224 71 33 127 152 191 112 165 200 129 238 330 192 0,33
PFG_MOEA,1361,4,314.81,5596.11,0 57 67 302 173 106 3 388 164 107 77 151 218 197 229 308 246 259 264 356 345 377 395 400 42 28 250 255 1 262 63 316 394 188 149 157 387 327 183 354 69 254 73 215 85 43 17 247 136 273 137 59 109 0,
PFG_MOEA,1361,5,314.81,5596.11,0 329 300 362 123 51 145 322 121 146 201 261 320 364 393 312 294 174 339 132 206 253 365 360 335 0,362 393
PFG_MOEA,1361,6,314.81,5596.11,0 61 358 181 177 288 385 240 396 245 115 392 285 331 133 293 53 163 150 9 125 47 216 89 0,
PFG_MOEA,1361,7,314.81,5596.11,0 80 13 19 226 35 161 235 58 34 386 231 289 366 267 228 44 130 52 72 318 70 184 284 74 279 159 162 389 114 355 325 384 337 111 116 76 113 81 29 131 84 105 186 134 22 0,
PFG_MOEA,1361,8,314.81,5596.11,0 38 96 242 221 172 182 397 350 311 4 314 193 230 94 156 374 36 11 92 319 357 303 266 141 86 199 68 135 88 249 233 340 299 321 269 120 142 37 301 21 139 291 167 372 346 315 99 175 251 0,182
PFG_MOEA,1361,9,314.81,5596.11,0 97 225 232 179 391 271 158 241 62 297 65 283 204 154 305 326 110 140 286 317 333 180 220 126 124 7 56 217 55 25 367 170 361 209 227 234 213 190 390 265 18 103 155 83 378 398 93 54 46 268 272 30 39 0,65 154
PFG_MOEA,1361,10,314.81,5596.11,0 399 15 16 380 41 82 178 117 243 344 349 20 189 64 166 205 208 6 87 171 153 278 210 353 258 376 368 66 287 10 383 382 0,243
PFG_MOEA,1361,11,314.81,5596.11,0 369 338 203 168 0,
PFG_MOEA,1361,12,314.81,5596.11,0 202 306 370 342 144 176 27 98 78 196 296 347 332 324 147 211 244 223 104 310 282 143 79 160 50 60 257 270 379 195 45 348 75 328 248 0,370
PFG_MOEA,1362,1,411.21,4974.5,0 12 90 381 23 32 276 239 336 138 222 198 49 274 256 237 351 280 252 236 128 119 2 0,23
PFG_MOEA,1362,2,411.21,4974.5,0 22 118 185 214 295 40 122 392 285 331 133 293 53 101 352 363 323 194 275 277 102 100 95 163 61 89 207 307 313 359 365 253 206 187 0,22 100
PFG_MOEA,1362,3,411.21,4974.5,0 115 0,
PFG_MOEA,1362,4,411.21,4974.5,0 245 396 240 385 288 177 181 358 337 384 111 116 76 113 81 29 325 355 0,
PFG_MOEA,1362,5,411.21,4974.5,0 281 26 334 298 341 134 186 131 84 114 389 105 219 371 162 159 74 279 91 24 212 375 284 14 184 318 70 292 263 8 373 169 108 72 52 130 44 386 362 201 312 67 164 107 302 173 106 261 388 197 218 151 77 273 136 137 59 109 127 57 226 19 13 80 0,77 106 284
PFG_MOEA,1362,6,411.21,4974.5,0 38 172 182 319 303 357 266 141 86 199 228 267 366 289 231 34 58 68 161 235 35 249 88 135 233 156 94 230 374 92 11 36 397 350 311 4 314 193 340 299 321 269 120 142 37 51 123 145 132 339 322 121 146 294 174 320 364 393 3 229 308 356 264 259 246 42 300 329 112 221 242 96 0,51 174 229 246 299
PFG_MOEA,1362,7,411.21,4974.5,0 399 200 165 191 152 247 255 1 262 250 28 345 377 395 400 394 188 301 372 21 167 291 139 149 157 63 316 387 327 17 43 85 215 73 254 183 354 69 265 346 315 99 175 251 190 390 18 103 155 83 378 213 234 227 398 93 224 179 232 225 97 71 33 260 148 238 129 330 192 48 31 304 0,93
PFG_MOEA,1362,8,411.21,4974.5,0 382 383 10 391 271 39 46 54 268 272 30 66 166 205 208 6 204 154 305 326 283 65 297 62 241 110 140 286 317 333 180 220 158 189 64 20 126 124 7 56 217 55 25 367 170 361 209 287 0,55 62 66 220
PFG_MOEA,1362,9,411.21,4974.5,0 380 0,
PFG_MOEA,1362,10,411.21,4974.5,0 16 369 15 0,
PFG_MOEA,1362,11,411.21,4974.5,0 168 203 178 82 41 0,178
PFG_MOEA,1362,12,411.21,4974.5,0 335 360 338 202 306 370 342 144 176 27 98 78 196 296 347 332 216 47 125 9 150 147 324 211 244 223 104 310 282 143 309 5 195 379 79 160 50 60 270 257 210 45 153 278 87 171 353 348 75 328 248 258 376 368 290 343 349 344 243 117 0,
PFG_MOEA,1363,1,312.55,5795.78,0 336 138 239 122 296 347 332 324 275 277 104 211 244 223 102 352 363 323 194 147 101 95 222 0,122 211 222 277
PFG_MOEA,1363,2,312.55,5795.78,0 335 360 207 307 313 359 187 100 310 282 143 79 160 50 60 257 270 379 195 5 309 280 351 237 256 274 49 198 252 236 381 23 90 12 214 185 118 281 26 334 298 371 72 52 130 44 386 80 0,5 307
PFG_MOEA,1363,3,312.55,5795.78,0 13 19 226 57 127 109 59 137 136 273 77 151 218 197 388 261 106 173 302 107 164 67 312 201 362 123 51 145 294 174 339 132 142 120 269 321 299 0,174
PFG_MOEA,1363,4,312.55,5795.78,0 340 233 135 88 249 35 235 161 68 58 34 231 289 366 267 228 141 266 303 357 319 86 199 156 94 0,303
PFG_MOEA,1363,5,312.55,5795.78,0 38 172 182 397 36 11 92 374 230 311 350 4 314 193 37 322 121 146 320 364 393 3 229 308 356 264 259 246 42 300 329 112 191 152 221 242 96 0,42 264
PFG_MOEA,1363,6,312.55,5795.78,0 200 165 129 0,
PFG_MOEA,1363,7,312.55,5795.78,0 304 330 395 400 394 188 301 372 21 167 291 139 149 157 63 316 387 17 43 33 71 224 260 0,
PFG_MOEA,1363,8,312.55,5795.78,0 399 247 28 250 345 377 262 1 255 327 254 73 215 85 93 179 232 225 97 148 238 192 48 31 0,93
PFG_MOEA,1363,9,312.55,5795.78,0 378 69 183 354 265 346 315 99 175 251 190 390 18 103 155 83 234 213 227 398 209 361 170 367 25 55 217 56 7 180 333 317 286 140 110 62 297 65 283 326 305 154 204 6 208 241 220 158 189 64 20 126 124 0,175
PFG_MOEA,1363,10,312.55,5795.78,0 287 382 383 10 268 272 30 66 166 205 271 39 391 53 293 133 331 285 392 115 245 396 240 385 288 177 181 358 337 384 111 116 76 113 81 29 325 355 131 84 114 389 105 341 219 0,
PFG_MOEA,1363,11,312.55,5795.78,0 91 24 212 375 14 108 169 373 8 263 292 70 318 184 284 74 279 159 162 22 134 186 89 216 47 125 9 150 163 61 365 253 206 46 54 0,
PFG_MOEA,1363,12,312.55,5795.78,0 41 82 178 117 243 344 349 343 290 368 376 258 248 328 75 171 87 153 278 210 45 353 348 2 119 128 295 40 32 276 196 78 98 27 176 144 342 370 306 202 338 203 168 369 380 16 15 0,16 87 203
PFG_MOEA,1364,1,389.39,5146.42,0 163 78 53 293 133 331 285 392 98 115 245 27 396 240 385 288 177 181 358 337 384 111 116 76 113 81 29 325 355 131 84 114 389 91 279 74 159 162 371 219 298 341 22 134 186 105 118 185 0,
PFG_MOEA,1364,2,389.39,5146.42,0 281 26 334 24 212 375 284 14 184 318 70 292 263 8 373 169 108 72 52 130 44 386 51 145 123 362 201 294 312 67 164 107 302 173 106 261 388 197 218 151 77 273 136 137 59 109 127 57 226 19 13 80 0,
PFG_MOEA,1364,3,389.39,5146.42,0 142 339 174 132 120 269 321 299 340 233 135 88 249 35 235 161 68 58 34 231 289 366 267 228 141 266 303 357 319 86 199 156 94 230 374 92 11 36 397 350 311 4 314 193 0,88
PFG_MOEA,1364,4,389.39,5146.42,0 182 172 38 0,
PFG_MOEA,1364,5,389.39,5146.42,0 37 322 121 146 320 364 393 3 229 308 356 264 259 246 42 300 329 112 152 191 165 200 221 242 96 0,152 264 329
PFG_MOEA,1364,6,389.39,5146.42,0 129 33 71 224 260 0,
PFG_MOEA,1364,7,389.39,5146.42,0 399 247 255 1 262 250 28 345 377 395 400 394 188 301 372 21 167 291 139 149 157 63 316 387 17 43 73 254 327 183 354 69 215 85 93 179 232 225 97 148 48 238 330 192 31 304 0,395
PFG_MOEA,1364,8,389.39,5146.42,0 16 15 168 203 369 380 391 271 39 268 272 30 66 166 205 208 6 204 154 305 326 283 65 297 62 241 110 140 286 317 333 180 220 158 189 64 20 126 124 7 56 217 55 25 367 170 361 209 398 227 234 213 190 251 175 99 315 346 265 390 18 103 155 83 378 54 46 287 10 383 382 41 0,7 16 20 103 272
PFG_MOEA,1364,9,389.39,5146.42,0 82 178 117 243 368 376 258 353 153 171 87 278 210 143 237 256 274 49 100 282 310 104 102 277 275 194 323 363 352 101 198 95 222 138 122 276 336 252 236 128 23 381 90 119 2 12 0,
PFG_MOEA,1364,10,389.39,5146.42,0 344 349 351 280 309 5 79 160 50 60 257 270 379 195 45 348 75 328 248 290 343 187 0,
PFG_MOEA,1364,11,389.39,5146.42,0 214 295 40 32 239 370 342 144 176 150 47 9 125 216 89 61 207 307 313 359 206 253 365 360 335 0,176
PFG_MOEA,1364,12,389.39,5146.42,0 338 202 306 196 296 347 332 324 147 211 244 223 0,
PFG_MOEA,1365,1,413.96,4915.5,0 187 206 253 365 359 313 307 207 61 12 89 2 119 128 236 252 336 138 163 222 95 198 351 280 237 256 274 49 100 102 277 275 194 323 363 352 101 53 293 133 331 285 392 122 239 276 32 40 295 23 381 90 113 81 29 76 116 111 384 337 358 181 177 288 385 240 396 245 115 22 118 185 214 0,245 381
PFG_MOEA,1365,2,413.96,4915.5,0 281 84 131 325 355 114 389 186 134 341 298 26 334 0,
PFG_MOEA,1365,3,413.96,4915.5,0 371 219 105 162 159 74 279 91 24 212 375 284 14 184 318 70 292 263 8 373 169 108 72 52 130 44 386 362 201 312 67 164 107 302 173 106 261 388 197 218 151 77 273 136 137 59 0,
PFG_MOEA,1365,4,413.96,4915.5,0 57 127 109 226 0,
PFG_MOEA,1365,5,413.96,4915.5,0 19 0,
PFG_MOEA,1365,6,413.96,4915.5,0 38 303 357 266 141 86 199 228 267 366 289 231 34 58 68 161 235 35 249 88 135 233 319 182 172 13 80 0,88
PFG_MOEA,1365,7,413.96,4915.5,0 399 397 36 11 92 156 94 230 374 350 311 4 314 193 340 299 321 269 120 142 37 51 123 145 132 339 322 121 146 294 174 320 364 393 3 229 308 356 264 259 246 42 300 329 112 191 165 200 221 242 96 0,11 340 374 393
PFG_MOEA,1365,8,413.96,4915.5,0 152 247 255 1 262 250 28 345 377 395 400 394 188 301 372 21 167 291 139 149 157 63 316 387 327 17 43 85 215 73 254 183 354 69 265 346 315 99 175 251 190 390 18 103 155 83 378 213 234 227 398 93 0,1 152 175 227
PFG_MOEA,1365,9,413.96,4915.5,0 304 31 48 192 330 238 129 148 260 391 271 39 268 272 30 66 166 205 208 6 204 154 305 326 283 65 297 62 241 110 140 286 317 333 180 220 158 189 64 20 126 124 7 56 217 55 25 367 170 361 209 71 33 97 225 232 179 224 0,55 391
PFG_MOEA,1365,10,413.96,4915.5,0 287 10 383 382 0,
PFG_MOEA,1365,11,413.96,4915.5,0 16 15 168 203 369 380 82 178 117 243 349 344 54 46 41 0,
PFG_MOEA,1365,12,413.96,4915.5,0 335 360 216 150 9 47 125 309 5 343 290 368 376 258 248 328 75 171 87 278 153 353 348 45 210 195 379 270 257 60 50 160 79 143 282 310 104 223 244 211 324 147 332 347 296 196 78 98 27 176 144 342 370 306 202 338 0,
PFG_MOEA,1366,1,320.55,5348.04,0 80 13 172 182 397 36 11 92 233 135 88 249 35 235 161 68 58 34 231 289 319 399 0,
PFG_MOEA,1366,2,320.55,5348.04,0 374 230 94 156 311 350 4 314 193 340 299 321 269 120 142 132 339 174 320 364 308 229 3 393 294 146 121 322 123 145 51 37 0,393
PFG_MOEA,1366,3,320.55,5348.04,0 96 242 221 200 165 112 329 300 191 152 247 255 1 262 42 250 28 246 259 264 356 345 377 395 400 394 188 301 372 21 167 291 139 149 157 63 316 387 327 17 43 85 215 73 254 183 354 69 265 346 315 99 175 251 190 0,215
PFG_MOEA,1366,4,320.55,5348.04,0 304 31 192 330 238 129 398 227 234 213 18 390 286 140 110 241 93 260 148 48 0,
PFG_MOEA,1366,5,320.55,5348.04,0 317 333 0,
PFG_MOEA,1366,6,320.55,5348.04,0 33 71 209 361 170 367 25 55 217 56 7 180 220 158 189 64 20 126 124 224 10 383 382 16 203 168 15 0,25
PFG_MOEA,1366,7,320.55,5348.04,0 380 369 335 360 216 150 9 47 125 309 5 195 379 270 210 45 348 353 153 278 87 171 75 328 248 258 376 368 290 343 54 46 344 349 243 117 178 82 41 0,
PFG_MOEA,1366,8,320.55,5348.04,0 338 202 306 370 342 144 176 27 98 78 196 296 347 332 147 324 211 244 223 104 310 282 143 79 160 50 60 257 6 204 154 305 326 283 62 297 65 208 205 166 66 30 272 268 0,66
PFG_MOEA,1366,9,320.55,5348.04,0 187 206 253 365 359 313 307 207 61 12 89 2 119 128 236 252 336 138 163 222 95 198 351 256 237 280 391 271 39 378 83 155 103 232 179 287 225 97 0,138 307
PFG_MOEA,1366,10,320.55,5348.04,0 22 389 114 84 131 325 355 29 81 113 76 116 111 384 337 358 181 177 288 385 240 396 245 115 392 285 331 133 293 53 101 352 363 323 194 275 277 102 100 49 274 122 239 276 32 40 295 23 381 90 214 185 281 118 0,323 331
PFG_MOEA,1366,11,320.55,5348.04,0 334 298 26 105 186 134 341 219 371 24 212 375 14 184 318 70 292 263 8 373 169 284 74 279 91 159 162 0,134
PFG_MOEA,1366,12,320.55,5348.04,0 38 19 226 57 127 109 59 137 136 273 77 151 218 197 388 261 106 173 302 107 164 67 312 201 362 366 267 228 386 44 130 52 72 108 303 357 266 141 86 199 0,106 386
PFG_MOEA,1367,1,270.73,5843.94,0 335 187 309 5 195 379 270 257 60 50 160 79 143 280 351 237 256 274 49 198 252 236 381 23 90 12 207 307 0,
PFG_MOEA,1367,2,270.73,5843.94,0 61 313 359 206 253 365 360 214 185 118 281 26 334 298 371 22 134 186 162 159 292 263 8 373 318 70 184 284 74 279 0,134 284 313 318
PFG_MOEA,1367,3,270.73,5843.94,0 91 169 108 14 375 212 24 192 330 238 129 200 165 112 191 152 127 57 109 59 137 273 136 247 17 43 85 215 33 71 224 260 148 48 31 304 0,33 200
PFG_MOEA,1367,4,270.73,5843.94,0 73 254 69 354 183 327 387 157 149 188 394 316 63 262 1 255 250 28 42 400 395 377 345 356 264 259 246 308 229 197 218 151 77 107 164 67 302 388 3 106 173 261 320 364 0,
PFG_MOEA,1367,5,270.73,5843.94,0 329 300 362 123 51 145 322 121 146 201 312 393 294 174 339 132 120 142 0,145 174
PFG_MOEA,1367,6,270.73,5843.94,0 37 269 321 299 340 219 341 105 84 131 29 81 113 76 116 111 181 358 337 384 325 355 114 389 0,341
PFG_MOEA,1367,7,270.73,5843.94,0 89 216 47 125 9 150 163 53 293 133 331 285 392 115 245 396 240 385 288 177 34 58 235 135 233 88 249 35 161 68 0,133 240
PFG_MOEA,1367,8,270.73,5843.94,0 172 182 193 314 4 350 397 36 11 374 311 230 94 156 199 92 86 319 266 141 289 231 386 366 267 228 44 130 52 72 303 357 13 19 226 221 242 96 0,141 386
PFG_MOEA,1367,9,270.73,5843.94,0 38 80 378 83 291 139 21 167 301 372 346 315 265 390 99 175 251 190 18 103 155 234 227 398 93 54 46 268 272 30 39 271 391 179 0,
PFG_MOEA,1367,10,270.73,5843.94,0 97 225 232 209 361 213 170 367 328 248 258 376 368 290 343 66 349 344 243 117 178 82 41 16 380 369 196 78 98 27 176 144 342 370 306 202 338 203 168 15 399 0,82 176 225
PFG_MOEA,1367,11,270.73,5843.94,0 287 64 166 205 75 348 353 45 210 278 153 171 87 6 208 158 189 220 241 62 297 65 283 204 154 305 326 110 140 180 333 317 286 25 55 217 56 7 124 126 20 10 0,65 126
PFG_MOEA,1367,12,270.73,5843.94,0 2 119 128 295 40 32 276 239 122 296 332 347 138 336 222 95 101 194 147 324 275 323 363 352 277 102 223 244 211 104 310 100 282 383 382 0,2
PFG_MOEA,1368,1,369.23,5154.87,0 90 295 40 32 276 239 122 222 95 101 323 363 352 102 277 275 194 53 293 133 331 285 392 115 245 396 240 385 288 177 181 358 337 384 111 116 76 113 81 29 325 131 84 355 114 389 279 74 159 162 371 219 341 22 134 186 105 298 334 26 281 118 185 214 0,40 240 245 331
PFG_MOEA,1368,2,369.23,5154.87,0 91 24 212 375 284 14 184 318 70 292 263 8 373 169 108 72 52 130 44 386 0,318
PFG_MOEA,1368,3,369.23,5154.87,0 362 201 312 67 164 107 302 173 106 261 388 197 218 151 77 273 136 0,106
PFG_MOEA,1368,4,369.23,5154.87,0 399 172 182 397 36 11 92 86 141 266 303 357 319 199 228 267 366 289 231 34 58 68 161 235 35 249 88 135 233 156 94 230 374 350 311 4 314 193 340 299 321 269 120 142 37 51 145 123 137 59 109 127 57 226 19 13 80 38 0,340
PFG_MOEA,1368,5,369.23,5154.87,0 132 339 322 0,
PFG_MOEA,1368,6,369.23,5154.87,0 96 242 221 200 165 112 191 152 329 300 121 146 294 174 320 364 393 3 229 308 259 246 264 356 345 377 395 400 42 250 28 247 255 1 262 63 157 291 167 21 372 301 188 394 139 149 316 387 327 17 43 85 215 73 254 183 354 69 265 346 315 99 0,1 200 393
PFG_MOEA,1368,7,369.23,5154.87,0 93 398 227 234 213 190 251 175 390 18 103 155 83 378 31 304 0,
PFG_MOEA,1368,8,369.23,5154.87,0 48 192 330 238 129 148 260 391 0,
PFG_MOEA,1368,9,369.23,5154.87,0 268 272 30 65 283 326 305 154 204 6 208 205 166 66 271 39 0,272
PFG_MOEA,1368,10,369.23,5154.87,0 124 126 20 64 189 158 220 241 297 62 110 140 286 317 333 180 7 56 217 55 25 367 170 361 209 71 97 33 0,
PFG_MOEA,1368,11,369.23,5154.87,0 15 16 380 369 168 203 338 202 306 370 342 144 176 27 98 78 196 296 347 332 324 147 211 244 223 210 45 348 353 153 278 87 171 75 328 248 258 376 368 290 343 54 46 224 225 232 179 287 10 383 382 41 344 349 243 117 178 82 125 9 47 150 216 360 335 0,47 87 353
PFG_MOEA,1368,12,369.23,5154.87,0 207 307 313 359 365 253 206 187 100 310 104 282 143 79 160 50 60 257 270 379 195 5 309 280 351 237 256 274 49 198 163 138 336 252 236 381 23 128 119 2 89 12 61 0,
PFG_MOEA,1369,1,337.93,5308.22,0 187 206 253 313 359 365 0,
PFG_MOEA,1369,2,337.93,5308.22,0 207 307 198 280 351 256 237 101 53 293 133 331 285 392 95 222 163 138 336 252 236 128 119 2 89 12 61 0,133 222
PFG_MOEA,1369,3,337.93,5308.22,0 323 363 352 194 275 277 102 100 49 274 122 239 276 32 40 295 23 381 90 0,
PFG_MOEA,1369,4,337.93,5308.22,0 22 115 245 396 240 385 288 177 181 358 337 384 111 116 76 113 81 29 131 84 281 118 185 214 0,
PFG_MOEA,1369,5,337.93,5308.22,0 334 26 298 371 219 341 134 186 105 355 325 114 389 162 159 74 279 91 24 212 375 284 14 184 318 70 292 263 8 373 169 108 72 52 130 44 386 362 201 312 0,284
PFG_MOEA,1369,6,337.93,5308.22,0 399 172 182 397 36 11 92 86 141 266 303 357 319 199 228 267 366 289 231 34 58 68 161 235 35 249 88 135 233 156 94 230 57 127 109 59 137 136 273 77 151 218 197 388 261 106 173 302 107 164 67 294 226 19 13 80 38 0,
PFG_MOEA,1369,7,337.93,5308.22,0 374 350 311 4 314 193 340 299 321 269 120 142 37 51 145 123 146 121 322 339 132 174 320 364 393 3 229 308 356 264 259 246 42 1 255 247 152 191 112 329 300 165 200 221 242 96 0,132 264 340 393
PFG_MOEA,1369,8,337.93,5308.22,0 28 250 262 400 395 345 377 394 188 301 372 21 167 291 139 149 157 63 316 387 327 17 43 85 215 73 254 183 354 69 265 346 315 99 175 251 190 0,
PFG_MOEA,1369,9,337.93,5308.22,0 304 192 330 238 129 378 83 155 103 18 390 213 234 227 398 140 110 241 62 297 65 283 326 305 154 204 6 208 205 166 66 93 30 272 268 39 271 391 260 148 48 31 0,65 391
PFG_MOEA,1369,10,337.93,5308.22,0 33 71 225 97 232 209 361 170 367 25 55 217 56 7 317 286 333 180 220 158 189 64 20 126 124 224 10 287 179 0,
PFG_MOEA,1369,11,337.93,5308.22,0 15 168 203 369 16 380 335 360 216 150 9 47 125 309 5 195 379 270 210 45 348 353 153 278 87 171 75 328 248 54 46 383 382 344 349 243 117 178 82 41 0,82 87 195 353
PFG_MOEA,1369,12,337.93,5308.22,0 338 202 306 370 342 144 176 27 98 78 196 296 347 332 147 324 211 244 223 104 310 282 143 79 160 50 60 257 258 376 368 290 343 0,290
PFG_MOEA,1370,1,319.42,5478.6,0 222 0,
PFG_MOEA,1370,2,319.42,5478.6,0 95 101 323 363 352 102 277 275 194 53 293 133 331 285 392 115 245 396 240 385 288 177 181 358 337 384 111 116 76 113 81 29 325 131 84 355 114 389 279 74 159 162 371 219 341 22 134 186 105 298 334 26 281 0,105
PFG_MOEA,1370,3,319.42,5478.6,0 118 91 284 184 14 375 212 24 0,375
PFG_MOEA,1370,4,319.42,5478.6,0 399 397 36 11 92 199 86 141 266 319 357 303 289 366 267 228 8 263 292 70 318 373 169 108 72 52 130 44 386 362 201 312 67 164 107 302 173 106 261 388 197 218 151 77 273 136 182 172 0,86 197 318 362
PFG_MOEA,1370,5,319.42,5478.6,0 38 80 13 19 226 57 127 109 59 137 123 145 51 132 142 120 269 321 299 37 340 193 314 4 350 311 156 233 135 88 249 35 235 161 68 58 34 231 94 230 374 0,
PFG_MOEA,1370,6,319.42,5478.6,0 96 242 200 191 112 165 322 339 174 393 3 229 364 320 294 121 146 300 329 152 221 0,200 393
PFG_MOEA,1370,7,319.42,5478.6,0 93 85 247 28 246 259 308 264 356 345 377 395 400 42 250 255 1 262 63 157 291 167 21 372 301 188 394 139 149 316 387 327 17 43 73 215 254 183 354 69 265 346 315 99 390 175 251 190 18 213 234 227 398 0,
PFG_MOEA,1370,8,319.42,5478.6,0 304 31 48 330 192 129 238 148 260 391 271 66 166 205 208 6 204 154 305 326 283 65 62 297 241 158 189 220 110 140 103 155 83 378 124 126 20 64 30 272 268 39 0,62 205 220 391
PFG_MOEA,1370,9,319.42,5478.6,0 7 180 333 286 317 56 217 55 0,
PFG_MOEA,1370,10,319.42,5478.6,0 15 16 380 369 168 203 338 202 306 370 342 144 176 27 98 78 196 296 347 332 324 147 211 244 223 210 45 348 353 153 278 87 171 75 328 248 258 376 368 290 343 54 46 209 361 170 367 25 232 179 224 225 97 71 33 0,16 353 370
PFG_MOEA,1370,11,319.42,5478.6,0 365 253 206 61 89 2 119 128 216 336 138 163 150 47 125 9 100 282 310 104 143 79 160 50 60 257 270 379 195 5 309 280 351 237 256 287 10 383 382 344 349 243 117 178 82 41 0,47 138 178 206 243
PFG_MOEA,1370,12,319.42,5478.6,0 335 187 359 313 360 207 307 198 49 274 122 239 276 32 40 295 23 381 236 252 90 12 214 185 0,
PFG_MOEA,1371,1,312.87,5623.42,0 216 98 370 342 144 176 27 78 196 296 347 332 147 324 211 244 223 104 310 282 79 160 50 379 195 5 309 143 150 47 9 125 0,
PFG_MOEA,1371,2,312.87,5623.42,0 117 243 344 349 343 290 368 376 258 248 328 75 348 353 171 87 278 153 45 210 257 60 270 237 256 274 49 198 222 138 336 239 276 32 177 181 358 337 384 111 116 76 23 381 90 12 0,290 336 353
PFG_MOEA,1371,3,312.87,5623.42,0 22 118 185 214 2 119 128 236 252 40 295 122 392 285 331 133 293 53 101 352 363 323 194 275 277 102 100 351 280 95 163 61 89 207 307 313 359 253 365 0,307
PFG_MOEA,1371,4,312.87,5623.42,0 206 187 0,
PFG_MOEA,1371,5,312.87,5623.42,0 281 26 334 298 219 371 341 134 186 105 115 245 396 240 385 288 113 81 29 325 355 131 84 114 389 162 159 74 279 91 0,341
PFG_MOEA,1371,6,312.87,5623.42,0 80 13 19 226 57 127 109 59 137 136 273 77 151 218 197 388 261 106 173 302 107 164 67 312 201 362 386 44 130 52 72 108 169 373 8 263 292 70 318 184 14 284 375 212 24 303 357 319 182 172 38 0,318 362
PFG_MOEA,1371,7,312.87,5623.42,0 266 141 86 199 228 267 366 289 231 34 58 68 161 235 35 249 88 135 233 156 94 230 374 92 0,
PFG_MOEA,1371,8,312.87,5623.42,0 399 397 36 11 350 311 4 314 193 340 299 321 269 120 142 37 51 123 145 132 339 322 121 146 294 174 320 364 393 3 229 308 356 264 259 246 42 300 329 112 191 165 200 221 242 96 0,51 145 174 264 329
PFG_MOEA,1371,9,312.87,5623.42,0 152 247 28 250 345 377 395 400 394 188 301 372 167 21 139 291 262 1 255 0,
PFG_MOEA,1371,10,312.87,5623.42,0 85 215 73 43 17 327 387 316 149 157 63 354 183 254 69 265 346 315 99 175 251 190 390 18 103 155 83 378 0,175 390
PFG_MOEA,1371,11,312.87,5623.42,0 304 31 48 192 330 129 238 148 260 383 10 224 391 271 39 46 93 398 227 234 213 179 232 225 97 71 33 382 0,
PFG_MOEA,1371,12,312.87,5623.42,0 209 361 170 367 25 55 217 56 7 124 126 20 64 189 158 220 180 333 317 286 140 110 241 62 297 65 283 326 305 154 204 6 208 205 166 66 30 272 268 54 287 178 82 41 335 360 380 369 203 338 202 306 168 15 16 0,7 166 203 361
PFG_MOEA,1372,1,759.34,4800.0,0 219 341 105 389 114 84 131 355 325 29 81 113 76 116 111 384 337 358 181 177 288 385 240 396 245 115 392 285 331 133 293 53 163 150 9 125 47 216 89 61 206 253 365 0,245
PFG_MOEA,1372,2,759.34,4800.0,0 22 134 186 162 159 279 74 284 184 318 70 292 263 8 373 169 108 14 375 212 24 91 0,318
PFG_MOEA,1372,3,759.34,4800.0,0 304 31 48 148 260 224 71 33 129 238 330 192 200 165 112 191 152 127 57 109 59 137 273 136 247 17 43 85 215 73 254 69 354 183 327 387 157 149 188 394 316 63 262 1 255 250 28 42 400 395 377 345 356 264 259 246 308 229 197 218 151 77 107 164 67 302 388 3 106 173 261 320 364 393 312 201 362 329 300 123 51 145 322 121 146 294 174 339 132 120 142 37 269 321 299 340 233 135 88 249 35 161 235 68 58 34 386 231 289 366 267 228 44 130 52 72 303 357 319 266 141 86 92 199 156 94 230 311 374 11 36 397 350 4 314 193 182 172 13 19 226 221 242 96 80 38 0,33 106 174 200 303 311 394
PFG_MOEA,1372,4,759.34,4800.0,0 378 83 155 103 18 190 251 175 99 315 346 372 301 167 21 139 291 265 390 234 0,
PFG_MOEA,1372,5,759.34,4800.0,0 179 391 271 39 30 272 268 46 54 93 398 227 213 232 0,391
PFG_MOEA,1372,6,759.34,4800.0,0 225 0,
PFG_MOEA,1372,7,759.34,4800.0,0 97 209 361 170 367 0,
PFG_MOEA,1372,8,759.34,4800.0,0 399 15 168 203 338 202 306 370 342 144 176 27 98 78 196 369 380 16 41 82 178 117 243 344 349 66 343 290 368 376 258 248 328 75 348 353 45 210 278 153 171 87 6 208 205 166 158 189 220 241 62 297 65 283 204 154 305 326 110 140 180 333 317 286 25 55 217 56 7 124 126 20 64 287 10 383 382 0,62 66 205 220 342
PFG_MOEA,1372,9,759.34,4800.0,0 2 119 128 295 40 32 276 239 122 296 332 347 138 336 222 95 101 194 147 324 275 323 363 352 277 102 223 244 211 104 310 100 282 143 79 160 50 60 257 270 379 195 5 309 280 351 237 256 274 49 198 252 236 0,
PFG_MOEA,1372,10,759.34,4800.0,0 381 23 90 12 207 307 0,
PFG_MOEA,1372,11,759.34,4800.0,0 335 187 359 313 360 214 0,
PFG_MOEA,1372,12,759.34,4800.0,0 185 118 281 26 334 298 371 0,
PFG_MOEA,1373,1,314.81,5596.11,0 12 90 128 236 252 336 276 138 222 198 49 274 256 237 351 280 309 5 290 343 313 207 0,222
PFG_MOEA,1373,2,314.81,5596.11,0 91 292 263 8 373 169 108 14 375 212 24 371 219 341 298 334 26 281 118 185 214 295 40 32 239 122 95 101 352 363 323 194 275 277 102 100 23 381 119 2 307 359 187 148 48 31 304 0,23
PFG_MOEA,1373,3,314.81,5596.11,0 260 224 71 33 127 152 191 112 165 200 129 238 330 192 0,33
PFG_MOEA,1373,4,314.81,5596.11,0 57 67 302 173 106 3 388 164 107 77 151 218 197 229 308 246 259 264 356 345 377 395 400 42 28 250 255 1 262 63 316 394 188 149 157 387 327 183 354 69 254 73 215 85 43 17 247 136 273 137 59 109 0,
PFG_MOEA,1373,5,314.81,5596.11,0 329 300 362 123 51 145 322 121 146 201 261 320 364 393 312 294 174 339 132 206 253 365 360 335 0,362 393
PFG_MOEA,1373,6,314.81,5596.11,0 61 358 181 177 288 385 240 396 245 115 392 285 331 133 293 53 163 150 9 125 47 216 89 0,
PFG_MOEA,1373,7,314.81,5596.11,0 80 13 19 226 35 161 235 58 34 386 231 289 366 267 228 44 130 52 72 318 70 184 284 74 279 159 162 389 114 355 325 384 337 111 116 76 113 81 29 131 84 105 186 134 22 0,
PFG_MOEA,1373,8,314.81,5596.11,0 38 96 242 221 172 182 397 350 311 4 314 193 230 94 156 374 36 11 92 319 357 303 266 141 86 199 68 135 88 249 233 340 299 321 269 120 142 37 301 21 139 291 167 372 346 315 99 175 251 0,182
PFG_MOEA,1373,9,314.81,5596.11,0 97 225 232 179 391 271 158 241 62 297 65 283 204 154 305 326 110 140 286 317 333 180 220 126 124 7 56 217 55 25 367 170 361 209 227 234 213 190 390 265 18 103 155 83 378 398 93 54 46 268 272 30 39 0,65 154
PFG_MOEA,1373,10,314.81,5596.11,0 399 15 16 380 41 82 178 117 243 344 349 20 189 64 166 205 208 6 87 171 153 278 210 353 258 376 368 66 287 10 383 382 0,243
PFG_MOEA,1373,11,314.81,5596.11,0 369 338 203 168 0,
PFG_MOEA,1373,12,314.81,5596.11,0 202 306 370 342 144 176 27 98 78 196 296 347 332 324 147 211 244 223 104 310 282 143 79 160 50 60 257 270 379 195 45 348 75 328 248 0,370
PFG_MOEA,1374,1,411.21,4974.5,0 12 90 381 23 32 276 239 336 138 222 198 49 274 256 237 351 280 252 236 128 119 2 0,23
PFG_MOEA,1374,2,411.21,4974.5,0 22 118 185 214 295 40 122 392 285 331 133 293 53 101 352 363 323 194 275 277 102 100 95 163 61 89 207 307 313 359 365 253 206 187 0,22 100
PFG_MOEA,1374,3,411.21,4974.5,0 115 0,
PFG_MOEA,1374,4,411.21,4974.5,0 245 396 240 385 288 177 181 358 337 384 111 116 76 113 81 29 325 355 0,
PFG_MOEA,1374,5,411.21,4974.5,0 281 26 334 298 341 134 186 131 84 114 389 105 219 371 162 159 74 279 91 24 212 375 284 14 184 318 70 292 263 8 373 169 108 72 52 130 44 386 362 201 312 67 164 107 302 173 106 261 388 197 218 151 77 273 136 137 59 109 127 57 226 19 13 80 0,77 106 284
PFG_MOEA,1374,6,411.21,4974.5,0 38 172 182 319 303 357 266 141 86 199 228 267 366 289 231 34 58 68 161 235 35 249 88 135 233 156 94 230 374 92 11 36 397 350 311 4 314 193 340 299 321 269 120 142 37 51 123 145 132 339 322 121 146 294 174 320 364 393 3 229 308 356 264 259 246 42 300 329 112 221 242 96 0,51 174 229 246 299
PFG_MOEA,1374,7,411.21,4974.5,0 399 200 165 191 152 247 255 1 262 250 28 345 377 395 400 394 188 301 372 21 167 291 139 149 157 63 316 387 327 17 43 85 215 73 254 183 354 69 265 346 315 99 175 251 190 390 18 103 155 83 378 213 234 227 398 93 224 179 232 225 97 71 33 260 148 238 129 330 192 48 31 304 0,93
PFG_MOEA,1374,8,411.21,4974.5,0 382 383 10 391 271 39 46 54 268 272 30 66 166 205 208 6 204 154 305 326 283 65 297 62 241 110 140 286 317 333 180 220 158 189 64 20 126 124 7 56 217 55 25 367 170 361 209 287 0,55 62 66 220
PFG_MOEA,1374,9,411.21,4974.5,0 380 0,
PFG_MOEA,1374,10,411.21,4974.5,0 16 369 15 0,
PFG_MOEA,1374,11,411.21,4974.5,0 168 203 178 82 41 0,178
PFG_MOEA,1374,12,411.21,4974.5,0 335 360 338 202 306 370 342 144 176 27 98 78 196 296 347 332 216 47 125 9 150 147 324 211 244 223 104 310 282 143 309 5 195 379 79 160 50 60 270 257 210 45 153 278 87 171 353 348 75 328 248 258 376 368 290 343 349 344 243 117 0,
PFG_MOEA,1375,1,312.55,5795.78,0 336 138 239 122 296 347 332 324 275 277 104 211 244 223 102 352 363 323 194 147 101 95 222 0,122 211 222 277
PFG_MOEA,1375,2,312.55,5795.78,0 335 360 207 307 313 359 187 100 310 282 143 79 160 50 60 257 270 379 195 5 309 280 351 237 256 274 49 198 252 236 381 23 90 12 214 185 118 281 26 334 298 371 72 52 130 44 386 80 0,5 307
PFG_MOEA,1375,3,312.55,5795.78,0 13 19 226 57 127 109 59 137 136 273 77 151 218 197 388 261 106 173 302 107 164 67 312 201 362 123 51 145 294 174 339 132 142 120 269 321 299 0,174
PFG_MOEA,1375,4,312.55,5795.78,0 340 233 135 88 249 35 235 161 68 58 34 231 289 366 267 228 141 266 303 357 319 86 199 156 94 0,303
PFG_MOEA,1375,5,312.55,5795.78,0 38 172 182 397 36 11 92 374 230 311 350 4 314 193 37 322 121 146 320 364 393 3 229 308 356 264 259 246 42 300 329 112 191 152 221 242 96 0,42 264
PFG_MOEA,1375,6,312.55,5795.78,0 200 165 129 0,
PFG_MOEA,1375,7,312.55,5795.78,0 304 330 395 400 394 188 301 372 21 167 291 139 149 157 63 316 387 17 43 33 71 224 260 0,
PFG_MOEA,1375,8,312.55,5795.78,0 399 247 28 250 345 377 262 1 255 327 254 73 215 85 93 179 232 225 97 148 238 192 48 31 0,93
PFG_MOEA,1375,9,312.55,5795.78,0 378 69 183 354 265 346 315 99 175 251 190 390 18 103 155 83 234 213 227 398 209 361 170 367 25 55 217 56 7 180 333 317 286 140 110 62 297 65 283 326 305 154 204 6 208 241 220 158 189 64 20 126 124 0,175
PFG_MOEA,1375,10,312.55,5795.78,0 287 382 383 10 268 272 30 66 166 205 271 39 391 53 293 133 331 285 392 115 245 396 240 385 288 177 181 358 337 384 111 116 76 113 81 29 325 355 131 84 114 389 105 341 219 0,
PFG_MOEA,1375,11,312.55,5795.78,0 91 24 212 375 14 108 169 373 8 263 292 70 318 184 284 74 279 159 162 22 134 186 89 216 47 125 9 150 163 61 365 253 206 46 54 0,
PFG_MOEA,1375,12,312.55,5795.78,0 41 82 178 117 243 344 349 343 290 368 376 258 248 328 75 171 87 153 278 210 45 353 348 2 119 128 295 40 32 276 196 78 98 27 176 144 342 370 306 202 338 203 168 369 380 16 15 0,16 87 203
PFG_MOEA,1376,1,389.39,5146.42,0 163 78 53 293 133 331 285 392 98 115 245 27 396 240 385 288 177 181 358 337 384 111 116 76 113 81 29 325 355 131 84 114 389 91 279 74 159 162 371 219 298 341 22 134 186 105 118 185 0,
PFG_MOEA,1376,2,389.39,5146.42,0 281 26 334 24 212 375 284 14 184 318 70 292 263 8 373 169 108 72 52 130 44 386 51 145 123 362 201 294 312 67 164 107 302 173 106 261 388 197 218 151 77 273 136 137 59 109 127 57 226 19 13 80 0,
PFG_MOEA,1376,3,389.39,5146.42,0 142 339 174 132 120 269 321 299 340 233 135 88 249 35 235 161 68 58 34 231 289 366 267 228 141 266 303 357 319 86 199 156 94 230 374 92 11 36 397 350 311 4 314 193 0,88
PFG_MOEA,1376,4,389.39,5146.42,0 182 172 38 0,
PFG_MOEA,1376,5,389.39,5146.42,0 37 322 121 146 320 364 393 3 229 308 356 264 259 246 42 300 329 112 152 191 165 200 221 242 96 0,152 264 329
PFG_MOEA,1376,6,389.39,5146.42,0 129 33 71 224 260 0,
PFG_MOEA,1376,7,389.39,5146.42,0 399 247 255 1 262 250 28 345 377 395 400 394 188 301 372 21 167 291 139 149 157 63 316 387 17 43 73 254 327 183 354 69 215 85 93 179 232 225 97 148 48 238 330 192 31 304 0,395
PFG_MOEA,1376,8,389.39,5146.42,0 16 15 168 203 369 380 391 271 39 268 272 30 66 166 205 208 6 204 154 305 326 283 65 297 62 241 110 140 286 317 333 180 220 158 189 64 20 126 124 7 56 217 55 25 367 170 361 209 398 227 234 213 190 251 175 99 315 346 265 390 18 103 155 83 378 54 46 287 10 383 382 41 0,7 16 20 103 272
PFG_MOEA,1376,9,389.39,5146.42,0 82 178 117 243 368 376 258 353 153 171 87 278 210 143 237 256 274 49 100 282 310 104 102 277 275 194 323 363 352 101 198 95 222 138 122 276 336 252 236 128 23 381 90 119 2 12 0,
PFG_MOEA,1376,10,389.39,5146.42,0 344 349 351 280 309 5 79 160 50 60 257 270 379 195 45 348 75 328 248 290 343 187 0,
PFG_MOEA,1376,11,389.39,5146.42,0 214 295 40 32 239 370 342 144 176 150 47 9 125 216 89 61 207 307 313 359 206 253 365 360 335 0,176
PFG_MOEA,1376,12,389.39,5146.42,0 338 202 306 196 296 347 332 324 147 211 244 223 0,
PFG_MOEA,1377,1,413.96,4915.5,0 187 206 253 365 359 313 307 207 61 12 89 2 119 128 236 252 336 138 163 222 95 198 351 280 237 256 274 49 100 102 277 275 194 323 363 352 101 53 293 133 331 285 392 122 239 276 32 40 295 23 381 90 113 81 29 76 116 111 384 337 358 181 177 288 385 240 396 245 115 22 118 185 214 0,245 381
PFG_MOEA,1377,2,413.96,4915.5,0 281 84 131 325 355 114 389 186 134 341 298 26 334 0,
PFG_MOEA,1377,3,413.96,4915.5,0 371 219 105 162 159 74 279 91 24 212 375 284 14 184 318 70 292 263 8 373 169 108 72 52 130 44 386 362 201 312 67 164 107 302 173 106 261 388 197 218 151 77 273 136 137 59 0,
PFG_MOEA,1377,4,413.96,4915.5,0 57 127 109 226 0,
PFG_MOEA,1377,5,413.96,4915.5,0 19 0,
PFG_MOEA,1377,6,413.96,4915.5,0 38 303 357 266 141 86 199 228 267 366 289 231 34 58 68 161 235 35 249 88 135 233 319 182 172 13 80 0,88
PFG_MOEA,1377,7,413.96,4915.5,0 399 397 36 11 92 156 94 230 374 350 311 4 314 193 340 299 321 269 120 142 37 51 123 145 132 339 322 121 146 294 174 320 364 393 3 229 308 356 264 259 246 42 300 329 112 191 165 200 221 242 96 0,11 340 374 393
PFG_MOEA,1377,8,413.96,4915.5,0 152 247 255 1 262 250 28 345 377 395 400 394 188 301 372 21 167 291 139 149 157 63 316 387 327 17 43 85 215 73 254 183 354 69 265 346 315 99 175 251 190 390 18 103 155 83 378 213 234 227 398 93 0,1 152 175 227
PFG_MOEA,1377,9,413.96,4915.5,0 304 31 48 192 330 238 129 148 260 391 271 39 268 272 30 66 166 205 208 6 204 154 305 326 283 65 297 62 241 110 140 286 317 333 180 220 158 189 64 20 126 124 7 56 217 55 25 367 170 361 209 71 33 97 225 232 179 224 0,55 391
PFG_MOEA,1377,10,413.96,4915.5,0 287 10 383 382 0,
PFG_MOEA,1377,11,413.96,4915.5,0 16 15 168 203 369 380 82 178 117 243 349 344 54 46 41 0,
PFG_MOEA,1377,12,413.96,4915.5,0 335 360 216 150 9 47 125 309 5 343 290 368 376 258 248 328 75 171 87 278 153 353 348 45 210 195 379 270 257 60 50 160 79 143 282 310 104 223 244 211 324 147 332 347 296 196 78 98 27 176 144 342 370 306 202 338 0,
PFG_MOEA,1378,1,320.55,5348.04,0 80 13 172 182 397 36 11 92 233 135 88 249 35 235 161 68 58 34 231 289 319 399 0,
PFG_MOEA,1378,2,320.55,5348.04,0 374 230 94 156 311 350 4 314 193 340 299 321 269 120 142 132 339 174 320 364 308 229 3 393 294 146 121 322 123 145 51 37 0,393
PFG_MOEA,1378,3,320.55,5348.04,0 96 242 221 200 165 112 329 300 191 152 247 255 1 262 42 250 28 246 259 264 356 345 377 395 400 394 188 301 372 21 167 291 139 149 157 63 316 387 327 17 43 85 215 73 254 183 354 69 265 346 315 99 175 251 190 0,215
PFG_MOEA,1378,4,320.55,5348.04,0 304 31 192 330 238 129 398 227 234 213 18 390 286 140 110 241 93 260 148 48 0,
PFG_MOEA,1378,5,320.55,5348.04,0 317 333 0,
PFG_MOEA,1378,6,320.55,5348.04,0 33 71 209 361 170 367 25 55 217 56 7 180 220 158 189 64 20 126 124 224 10 383 382 16 203 168 15 0,25
PFG_MOEA,1378,7,320.55,5348.04,0 380 369 335 360 216 150 9 47 125 309 5 195 379 270 210 45 348 353 153 278 87 171 75 328 248 258 376 368 290 343 54 46 344 349 243 117 178 82 41 0,
PFG_MOEA,1378,8,320.55,5348.04,0 338 202 306 370 342 144 176 27 98 78 196 296 347 332 147 324 211 244 223 104 310 282 143 79 160 50 60 257 6 204 154 305 326 283 62 297 65 208 205 166 66 30 272 268 0,66
PFG_MOEA,1378,9,320.55,5348.04,0 187 206 253 365 359 313 307 207 61 12 89 2 119 128 236 252 336 138 163 222 95 198 351 256 237 280 391 271 39 378 83 155 103 232 179 287 225 97 0,138 307
PFG_MOEA,1378,10,320.55,5348.04,0 22 389 114 84 131 325 355 29 81 113 76 116 111 384 337 358 181 177 288 385 240 396 245 115 392 285 331 133 293 53 101 352 363 323 194 275 277 102 100 49 274 122 239 276 32 40 295 23 381 90 214 185 281 118 0,323 331
PFG_MOEA,1378,11,320.55,5348.04,0 334 298 26 105 186 134 341 219 371 24 212 375 14 184 318 70 292 263 8 373 169 284 74 279 91 159 162 0,134
PFG_MOEA,1378,12,320.55,5348.04,0 38 19 226 57 127 109 59 137 136 273 77 151 218 197 388 261 106 173 302 107 164 67 312 201 362 366 267 228 386 44 130 52 72 108 303 357 266 141 86 199 0,106 386
PFG_MOEA,1379,1,270.73,5843.94,0 335 187 309 5 195 379 270 257 60 50 160 79 143 280 351 237 256 274 49 198 252 236 381 23 90 12 207 307 0,
PFG_MOEA,1379,2,270.73,5843.94,0 61 313 359 206 253 365 360 214 185 118 281 26 334 298 371 22 134 186 162 159 292 263 8 373 318 70 184 284 74 279 0,134 284 313 318
PFG_MOEA,1379,3,270.73,5843.94,0 91 169 108 14 375 212 24 192 330 238 129 200 165 112 191 152 127 57 109 59 137 273 136 247 17 43 85 215 33 71 224 260 148 48 31 304 0,33 200
PFG_MOEA,1379,4,270.73,5843.94,0 73 254 69 354 183 327 387 157 149 188 394 316 63 262 1 255 250 28 42 400 395 377 345 356 264 259 246 308 229 197 218 151 77 107 164 67 302 388 3 106 173 261 320 364 0,
PFG_MOEA,1379,5,270.73,5843.94,0 329 300 362 123 51 145 322 121 146 201 312 393 294 174 339 132 120 142 0,145 174
PFG_MOEA,1379,6,270.73,5843.94,0 37 269 321 299 340 219 341 105 84 131 29 81 113 76 116 111 181 358 337 384 325 355 114 389 0,341
PFG_MOEA,1379,7,270.73,5843.94,0 89 216 47 125 9 150 163 53 293 133 331 285 392 115 245 396 240 385 288 177 34 58 235 135 233 88 249 35 161 68 0,133 240
PFG_MOEA,1379,8,270.73,5843.94,0 172 182 193 314 4 350 397 36 11 374 311 230 94 156 199 92 86 319 266 141 289 231 386 366 267 228 44 130 52 72 303 357 13 19 226 221 242 96 0,141 386
PFG_MOEA,1379,9,270.73,5843.94,0 38 80 378 83 291 139 21 167 301 372 346 315 265 390 99 175 251 190 18 103 155 234 227 398 93 54 46 268 272 30 39 271 391 179 0,
PFG_MOEA,1379,10,270.73,5843.94,0 97 225 232 209 361 213 170 367 328 248 258 376 368 290 343 66 349 344 243 117 178 82 41 16 380 369 196 78 98 27 176 144 342 370 306 202 338 203 168 15 399 0,82 176 225
PFG_MOEA,1379,11,270.73,5843.94,0 287 64 166 205 75 348 353 45 210 278 153 171 87 6 208 158 189 220 241 62 297 65 283 204 154 305 326 110 140 180 333 317 286 25 55 217 56 7 124 126 20 10 0,65 126
PFG_MOEA,1379,12,270.73,5843.94,0 2 119 128 295 40 32 276 239 122 296 332 347 138 336 222 95 101 194 147 324 275 323 363 352 277 102 223 244 211 104 310 100 282 383 382 0,2
PFG_MOEA,1380,1,369.23,5154.87,0 90 295 40 32 276 239 122 222 95 101 323 363 352 102 277 275 194 53 293 133 331 285 392 115 245 396 240 385 288 177 181 358 337 384 111 116 76 113 81 29 325 131 84 355 114 389 279 74 159 162 371 219 341 22 134 186 105 298 334 26 281 118 185 214 0,40 240 245 331
PFG_MOEA,1380,2,369.23,5154.87,0 91 24 212 375 284 14 184 318 70 292 263 8 373 169 108 72 52 130 44 386 0,318
PFG_MOEA,1380,3,369.23,5154.87,0 362 201 312 67 164 107 302 173 106 261 388 197 218 151 77 273 136 0,106
PFG_MOEA,1380,4,369.23,5154.87,0 399 172 182 397 36 11 92 86 141 266 303 357 319 199 228 267 366 289 231 34 58 68 161 235 35 249 88 135 233 156 94 230 374 350 311 4 314 193 340 299 321 269 120 142 37 51 145 123 137 59 109 127 57 226 19 13 80 38 0,340
PFG_MOEA,1380,5,369.23,5154.87,0 132 339 322 0,
PFG_MOEA,1380,6,369.23,5154.87,0 96 242 221 200 165 112 191 152 329 300 121 146 294 174 320 364 393 3 229 308 259 246 264 356 345 377 395 400 42 250 28 247 255 1 262 63 157 291 167 21 372 301 188 394 139 149 316 387 327 17 43 85 215 73 254 183 354 69 265 346 315 99 0,1 200 393
PFG_MOEA,1380,7,369.23,5154.87,0 93 398 227 234 213 190 251 175 390 18 103 155 83 378 31 304 0,
PFG_MOEA,1380,8,369.23,5154.87,0 48 192 330 238 129 148 260 391 0,
PFG_MOEA,1380,9,369.23,5154.87,0 268 272 30 65 283 326 305 154 204 6 208 205 166 66 271 39 0,272
PFG_MOEA,1380,10,369.23,5154.87,0 124 126 20 64 189 158 220 241 297 62 110 140 286 317 333 180 7 56 217 55 25 367 170 361 209 71 97 33 0,
PFG_MOEA,1380,11,369.23,5154.87,0 15 16 380 369 168 203 338 202 306 370 342 144 176 27 98 78 196 296 347 332 324 147 211 244 223 210 45 348 353 153 278 87 171 75 328 248 258 376 368 290 343 54 46 224 225 232 179 287 10 383 382 41 344 349 243 117 178 82 125 9 47 150 216 360 335 0,47 87 353
PFG_MOEA,1380,12,369.23,5154.87,0 207 307 313 359 365 253 206 187 100 310 104 282 143 79 160 50 60 257 270 379 195 5 309 280 351 237 256 274 49 198 163 138 336 252 236 381 23 128 119 2 89 12 61 0,
PFG_MOEA,1381,1,337.93,5308.22,0 187 206 253 313 359 365 0,
PFG_MOEA,1381,2,337.93,5308.22,0 207 307 198 280 351 256 237 101 53 293 133 331 285 392 95 222 163 138 336 252 236 128 119 2 89 12 61 0,133 222
PFG_MOEA,1381,3,337.93,5308.22,0 323 363 352 194 275 277 102 100 49 274 122 239 276 32 40 295 23 381 90 0,
PFG_MOEA,1381,4,337.93,5308.22,0 22 115 245 396 240 385 288 177 181 358 337 384 111 116 76 113 81 29 131 84 281 118 185 214 0,
PFG_MOEA,1381,5,337.93,5308.22,0 334 26 298 371 219 341 134 186 105 355 325 114 389 162 159 74 279 91 24 212 375 284 14 184 318 70 292 263 8 373 169 108 72 52 130 44 386 362 201 312 0,284
PFG_MOEA,1381,6,337.93,5308.22,0 399 172 182 397 36 11 92 86 141 266 303 357 319 199 228 267 366 289 231 34 58 68 161 235 35 249 88 135 233 156 94 230 57 127 109 59 137 136 273 77 151 218 197 388 261 106 173 302 107 164 67 294 226 19 13 80 38 0,
PFG_MOEA,1381,7,337.93,5308.22,0 374 350 311 4 314 193 340 299 321 269 120 142 37 51 145 123 146 121 322 339 132 174 320 364 393 3 229 308 356 264 259 246 42 1 255 247 152 191 112 329 300 165 200 221 242 96 0,132 264 340 393
PFG_MOEA,1381,8,337.93,5308.22,0 28 250 262 400 395 345 377 394 188 301 372 21 167 291 139 149 157 63 316 387 327 17 43 85 215 73 254 183 354 69 265 346 315 99 175 251 190 0,
PFG_MOEA,1381,9,337.93,5308.22,0 304 192 330 238 129 378 83 155 103 18 390 213 234 227 398 140 110 241 62 297 65 283 326 305 154 204 6 208 205 166 66 93 30 272 268 39 271 391 260 148 48 31 0,65 391
PFG_MOEA,1381,10,337.93,5308.22,0 33 71 225 97 232 209 361 170 367 25 55 217 56 7 317 286 333 180 220 158 189 64 20 126 124 224 10 287 179 0,
PFG_MOEA,1381,11,337.93,5308.22,0 15 168 203 369 16 380 335 360 216 150 9 47 125 309 5 195 379 270 210 45 348 353 153 278 87 171 75 328 248 54 46 383 382 344 349 243 117 178 82 41 0,82 87 195 353
PFG_MOEA,1381,12,337.93,5308.22,0 338 202 306 370 342 144 176 27 98 78 196 296 347 332 147 324 211 244 223 104 310 282 143 79 160 50 60 257 258 376 368 290 343 0,290
PFG_MOEA,1382,1,319.42,5478.6,0 222 0,
PFG_MOEA,1382,2,319.42,5478.6,0 95 101 323 363 352 102 277 275 194 53 293 133 331 285 392 115 245 396 240 385 288 177 181 358 337 384 111 116 76 113 81 29 325 131 84 355 114 389 279 74 159 162 371 219 341 22 134 186 105 298 334 26 281 0,105
PFG_MOEA,1382,3,319.42,5478.6,0 118 91 284 184 14 375 212 24 0,375
PFG_MOEA,1382,4,319.42,5478.6,0 399 397 36 11 92 199 86 141 266 319 357 303 289 366 267 228 8 263 292 70 318 373 169 108 72 52 130 44 386 362 201 312 67 164 107 302 173 106 261 388 197 218 151 77 273 136 182 172 0,86 197 318 362
PFG_MOEA,1382,5,319.42,5478.6,0 38 80 13 19 226 57 127 109 59 137 123 145 51 132 142 120 269 321 299 37 340 193 314 4 350 311 156 233 135 88 249 35 235 161 68 58 34 231 94 230 374 0,
PFG_MOEA,1382,6,319.42,5478.6,0 96 242 200 191 112 165 322 339 174 393 3 229 364 320 294 121 146 300 329 152 221 0,200 393
PFG_MOEA,1382,7,319.42,5478.6,0 93 85 247 28 246 259 308 264 356 345 377 395 400 42 250 255 1 262 63 157 291 167 21 372 301 188 394 139 149 316 387 327 17 43 73 215 254 183 354 69 265 346 315 99 390 175 251 190 18 213 234 227 398 0,
PFG_MOEA,1382,8,319.42,5478.6,0 304 31 48 330 192 129 238 148 260 391 271 66 166 205 208 6 204 154 305 326 283 65 62 297 241 158 189 220 110 140 103 155 83 378 124 126 20 64 30 272 268 39 0,62 205 220 391
PFG_MOEA,1382,9,319.42,5478.6,0 7 180 333 286 317 56 217 55 0,
PFG_MOEA,1382,10,319.42,5478.6,0 15 16 380 369 168 203 338 202 306 370 342 144 176 27 98 78 196 296 347 332 324 147 211 244 223 210 45 348 353 153 278 87 171 75 328 248 258 376 368 290 343 54 46 209 361 170 367 25 232 179 224 225 97 71 33 0,16 353 370
PFG_MOEA,1382,11,319.42,5478.6,0 365 253 206 61 89 2 119 128 216 336 138 163 150 47 125 9 100 282 310 104 143 79 160 50 60 257 270 379 195 5 309 280 351 237 256 287 10 383 382 344 349 243 117 178 82 41 0,47 138 178 206 243
PFG_MOEA,1382,12,319.42,5478.6,0 335 187 359 313 360 207 307 198 49 274 122 239 276 32 40 295 23 381 236 252 90 12 214 185 0,
PFG_MOEA,1383,1,312.87,5623.42,0 216 98 370 342 144 176 27 78 196 296 347 332 147 324 211 244 223 104 310 282 79 160 50 379 195 5 309 143 150 47 9 125 0,
PFG_MOEA,1383,2,312.87,5623.42,0 117 243 344 349 343 290 368 376 258 248 328 75 348 353 171 87 278 153 45 210 257 60 270 237 256 274 49 198 222 138 336 239 276 32 177 181 358 337 384 111 116 76 23 381 90 12 0,290 336 353
PFG_MOEA,1383,3,312.87,5623.42,0 22 118 185 214 2 119 128 236 252 40 295 122 392 285 331 133 293 53 101 352 363 323 194 275 277 102 100 351 280 95 163 61 89 207 307 313 359 253 365 0,307
PFG_MOEA,1383,4,312.87,5623.42,0 206 187 0,
PFG_MOEA,1383,5,312.87,5623.42,0 281 26 334 298 219 371 341 134 186 105 115 245 396 240 385 288 113 81 29 325 355 131 84 114 389 162 159 74 279 91 0,341
PFG_MOEA,1383,6,312.87,5623.42,0 80 13 19 226 57 127 109 59 137 136 273 77 151 218 197 388 261 106 173 302 107 164 67 312 201 362 386 44 130 52 72 108 169 373 8 263 292 70 318 184 14 284 375 212 24 303 357 319 182 172 38 0,318 362
PFG_MOEA,1383,7,312.87,5623.42,0 266 141 86 199 228 267 366 289 231 34 58 68 161 235 35 249 88 135 233 156 94 230 374 92 0,
PFG_MOEA,1383,8,312.87,5623.42,0 399 397 36 11 350 311 4 314 193 340 299 321 269 120 142 37 51 123 145 132 339 322 121 146 294 174 320 364 393 3 229 308 356 264 259 246 42 300 329 112 191 165 200 221 242 96 0,51 145 174 264 329
PFG_MOEA,1383,9,312.87,5623.42,0 152 247 28 250 345 377 395 400 394 188 301 372 167 21 139 291 262 1 255 0,
PFG_MOEA,1383,10,312.87,5623.42,0 85 215 73 43 17 327 387 316 149 157 63 354 183 254 69 265 346 315 99 175 251 190 390 18 103 155 83 378 0,175 390
PFG_MOEA,1383,11,312.87,5623.42,0 304 31 48 192 330 129 238 148 260 383 10 224 391 271 39 46 93 398 227 234 213 179 232 225 97 71 33 382 0,
PFG_MOEA,1383,12,312.87,5623.42,0 209 361 170 367 25 55 217 56 7 124 126 20 64 189 158 220 180 333 317 286 140 110 241 62 297 65 283 326 305 154 204 6 208 205 166 66 30 272 268 54 287 178 82 41 335 360 380 369 203 338 202 306 168 15 16 0,7 166 203 361
PFG_MOEA,1384,1,759.34,4800.0,0 219 341 105 389 114 84 131 355 325 29 81 113 76 116 111 384 337 358 181 177 288 385 240 396 245 115 392 285 331 133 293 53 163 150 9 125 47 216 89 61 206 253 365 0,245
PFG_MOEA,1384,2,759.34,4800.0,0 22 134 186 162 159 279 74 284 184 318 70 292 263 8 373 169 108 14 375 212 24 91 0,318
PFG_MOEA,1384,3,759.34,4800.0,0 304 31 48 148 260 224 71 33 129 238 330 192 200 165 112 191 152 127 57 109 59 137 273 136 247 17 43 85 215 73 254 69 354 183 327 387 157 149 188 394 316 63 262 1 255 250 28 42 400 395 377 345 356 264 259 246 308 229 197 218 151 77 107 164 67 302 388 3 106 173 261 320 364 393 312 201 362 329 300 123 51 145 322 121 146 294 174 339 132 120 142 37 269 321 299 340 233 135 88 249 35 161 235 68 58 34 386 231 289 366 267 228 44 130 52 72 303 357 319 266 141 86 92 199 156 94 230 311 374 11 36 397 350 4 314 193 182 172 13 19 226 221 242 96 80 38 0,33 106 174 200 303 311 394
PFG_MOEA,1384,4,759.34,4800.0,0 378 83 155 103 18 190 251 175 99 315 346 372 301 167 21 139 291 265 390 234 0,
PFG_MOEA,1384,5,759.34,4800.0,0 179 391 271 39 30 272 268 46 54 93 398 227 213 232 0,391
PFG_MOEA,1384,6,759.34,4800.0,0 225 0,
PFG_MOEA,1384,7,759.34,4800.0,0 97 209 361 170 367 0,
PFG_MOEA,1384,8,759.34,4800.0,0 399 15 168 203 338 202 306 370 342 144 176 27 98 78 196 369 380 16 41 82 178 117 243 344 349 66 343 290 368 376 258 248 328 75 348 353 45 210 278 153 171 87 6 208 205 166 158 189 220 241 62 297 65 283 204 154 305 326 110 140 180 333 317 286 25 55 217 56 7 124 126 20 64 287 10 383 382 0,62 66 205 220 342
PFG_MOEA,1384,9,759.34,4800.0,0 2 119 128 295 40 32 276 239 122 296 332 347 138 336 222 95 101 194 147 324 275 323 363 352 277 102 223 244 211 104 310 100 282 143 79 160 50 60 257 270 379 195 5 309 280 351 237 256 274 49 198 252 236 0,
PFG_MOEA,1384,10,759.34,4800.0,0 381 23 90 12 207 307 0,
PFG_MOEA,1384,11,759.34,4800.0,0 335 187 359 313 360 214 0,
PFG_MOEA,1384,12,759.34,4800.0,0 185 118 281 26 334 298 371 0,
PFG_MOEA,1385,1,314.81,5596.11,0 12 90 128 236 252 336 276 138 222 198 49 274 256 237 351 280 309 5 290 343 313 207 0,222
PFG_MOEA,1385,2,314.81,5596.11,0 91 292 263 8 373 169 108 14 375 212 24 371 219 341 298 334 26 281 118 185 214 295 40 32 239 122 95 101 352 363 323 194 275 277 102 100 23 381 119 2 307 359 187 148 48 31 304 0,23
PFG_MOEA,1385,3,314.81,5596.11,0 260 224 71 33 127 152 191 112 165 200 129 238 330 192 0,33
PFG_MOEA,1385,4,314.81,5596.11,0 57 67 302 173 106 3 388 164 107 77 151 218 197 229 308 246 259 264 356 345 377 395 400 42 28 250 255 1 262 63 316 394 188 149 157 387 327 183 354 69 254 73 215 85 43 17 247 136 273 137 59 109 0,
PFG_MOEA,1385,5,314.81,5596.11,0 329 300 362 123 51 145 322 121 146 201 261 320 364 393 312 294 174 339 132 206 253 365 360 335 0,362 393
PFG_MOEA,1385,6,314.81,5596.11,0 61 358 181 177 288 385 240 396 245 115 392 285 331 133 293 53 163 150 9 125 47 216 89 0,
PFG_MOEA,1385,7,314.81,5596.11,0 80 13 19 226 35 161 235 58 34 386 231 289 366 267 228 44 130 52 72 318 70 184 284 74 279 159 162 389 114 355 325 384 337 111 116 76 113 81 29 131 84 105 186 134 22 0,
PFG_MOEA,1385,8,314.81,5596.11,0 38 96 242 221 172 182 397 350 311 4 314 193 230 94 156 374 36 11 92 319 357 303 266 141 86 199 68 135 88 249 233 340 299 321 269 120 142 37 301 21 139 291 167 372 346 315 99 175 251 0,182
PFG_MOEA,1385,9,314.81,5596.11,0 97 225 232 179 391 271 158 241 62 297 65 283 204 154 305 326 110 140 286 317 333 180 220 126 124 7 56 217 55 25 367 170 361 209 227 234 213 190 390 265 18 103 155 83 378 398 93 54 46 268 272 30 39 0,65 154
PFG_MOEA,1385,10,314.81,5596.11,0 399 15 16 380 41 82 178 117 243 344 349 20 189 64 166 205 208 6 87 171 153 278 210 353 258 376 368 66 287 10 383 382 0,243
PFG_MOEA,1385,11,314.81,5596.11,0 369 338 203 168 0,
PFG_MOEA,1385,12,314.81,5596.11,0 202 306 370 342 144 176 27 98 78 196 296 347 332 324 147 211 244 223 104 310 282 143 79 160 50 60 257 270 379 195 45 348 75 328 248 0,370
PFG_MOEA,1386,1,411.21,4974.5,0 12 90 381 23 32 276 239 336 138 222 198 49 274 256 237 351 280 252 236 128 119 2 0,23
PFG_MOEA,1386,2,411.21,4974.5,0 22 118 185 214 295 40 122 392 285 331 133 293 53 101 352 363 323 194 275 277 102 100 95 163 61 89 207 307 313 359 365 253 206 187 0,22 100
PFG_MOEA,1386,3,411.21,4974.5,0 115 0,
PFG_MOEA,1386,4,411.21,4974.5,0 245 396 240 385 288 177 181 358 337 384 111 116 76 113 81 29 325 355 0,
PFG_MOEA,1386,5,411.21,4974.5,0 281 26 334 298 341 134 186 131 84 114 389 105 219 371 162 159 74 279 91 24 212 375 284 14 184 318 70 292 263 8 373 169 108 72 52 130 44 386 362 201 312 67 164 107 302 173 106 261 388 197 218 151 77 273 136 137 59 109 127 57 226 19 13 80 0,77 106 284
PFG_MOEA,1386,6,411.21,4974.5,0 38 172 182 319 303 357 266 141 86 199 228 267 366 289 231 34 58 68 161 235 35 249 88 135 233 156 94 230 374 92 11 36 397 350 311 4 314 193 340 299 321 269 120 142 37 51 123 145 132 339 322 121 146 294 174 320 364 393 3 229 308 356 264 259 246 42 300 329 112 221 242 96 0,51 174 229 246 299
PFG_MOEA,1386,7,411.21,4974.5,0 399 200 165 191 152 247 255 1 262 250 28 345 377 395 400 394 188 301 372 21 167 291 139 149 157 63 316 387 327 17 43 85 215 73 254 183 354 69 265 346 315 99 175 251 190 390 18 103 155 83 378 213 234 227 398 93 224 179 232 225 97 71 33 260 148 238 129 330 192 48 31 304 0,93
PFG_MOEA,1386,8,411.21,4974.5,0 382 383 10 391 271 39 46 54 268 272 30 66 166 205 208 6 204 154 305 326 283 65 297 62 241 110 140 286 317 333 180 220 158 189 64 20 126 124 7 56 217 55 25 367 170 361 209 287 0,55 62 66 220
PFG_MOEA,1386,9,411.21,4974.5,0 380 0,
PFG_MOEA,1386,10,411.21,4974.5,0 16 369 15 0,
PFG_MOEA,1386,11,411.21,4974.5,0 168 203 178 82 41 0,178
PFG_MOEA,1386,12,411.21,4974.5,0 335 360 338 202 306 370 342 144 176 27 98 78 196 296 347 332 216 47 125 9 150 147 324 211 244 223 104 310 282 143 309 5 195 379 79 160 50 60 270 257 210 45 153 278 87 171 353 348 75 328 248 258 376 368 290 343 349 344 243 117 0,
PFG_MOEA,1387,1,312.55,5795.78,0 336 138 239 122 296 347 332 324 275 277 104 211 244 223 102 352 363 323 194 147 101 95 222 0,122 211 222 277
PFG_MOEA,1387,2,312.55,5795.78,0 335 360 207 307 313 359 187 100 310 282 143 79 160 50 60 257 270 379 195 5 309 280 351 237 256 274 49 198 252 236 381 23 90 12 214 185 118 281 26 334 298 371 72 52 130 44 386 80 0,5 307
PFG_MOEA,1387,3,312.55,5795.78,0 13 19 226 57 127 109 59 137 136 273 77 151 218 197 388 261 106 173 302 107 164 67 312 201 362 123 51 145 294 174 339 132 142 120 269 321 299 0,174
PFG_MOEA,1387,4,312.55,5795.78,0 340 233 135 88 249 35 235 161 68 58 34 231 289 366 267 228 141 266 303 357 319 86 199 156 94 0,303
PFG_MOEA,1387,5,312.55,5795.78,0 38 172 182 397 36 11 92 374 230 311 350 4 314 193 37 322 121 146 320 364 393 3 229 308 356 264 259 246 42 300 329 112 191 152 221 242 96 0,42 264
PFG_MOEA,1387,6,312.55,5795.78,0 200 165 129 0,
PFG_MOEA,1387,7,312.55,5795.78,0 304 330 395 400 394 188 301 372 21 167 291 139 149 157 63 316 387 17 43 33 71 224 260 0,
PFG_MOEA,1387,8,312.55,5795.78,0 399 247 28 250 345 377 262 1 255 327 254 73 215 85 93 179 232 225 97 148 238 192 48 31 0,93
PFG_MOEA,1387,9,312.55,5795.78,0 378 69 183 354 265 346 315 99 175 251 190 390 18 103 155 83 234 213 227 398 209 361 170 367 25 55 217 56 7 180 333 317 286 140 110 62 297 65 283 326 305 154 204 6 208 241 220 158 189 64 20 126 124 0,175
PFG_MOEA,1387,10,312.55,5795.78,0 287 382 383 10 268 272 30 66 166 205 271 39 391 53 293 133 331 285 392 115 245 396 240 385 288 177 181 358 337 384 111 116 76 113 81 29 325 355 131 84 114 389 105 341 219 0,
PFG_MOEA,1387,11,312.55,5795.78,0 91 24 212 375 14 108 169 373 8 263 292 70 318 184 284 74 279 159 162 22 134 186 89 216 47 125 9 150 163 61 365 253 206 46 54 0,
PFG_MOEA,1387,12,312.55,5795.78,0 41 82 178 117 243 344 349 343 290 368 376 258 248 328 75 171 87 153 278 210 45 353 348 2 119 128 295 40 32 276 196 78 98 27 176 144 342 370 306 202 338 203 168 369 380 16 15 0,16 87 203
PFG_MOEA,1388,1,389.39,5146.42,0 163 78 53 293 133 331 285 392 98 115 245 27 396 240 385 288 177 181 358 337 384 111 116 76 113 81 29 325 355 131 84 114 389 91 279 74 159 162 371 219 298 341 22 134 186 105 118 185 0,
PFG_MOEA,1388,2,389.39,5146.42,0 281 26 334 24 212 375 284 14 184 318 70 292 263 8 373 169 108 72 52 130 44 386 51 145 123 362 201 294 312 67 164 107 302 173 106 261 388 197 218 151 77 273 136 137 59 109 127 57 226 19 13 80 0,
PFG_MOEA,1388,3,389.39,5146.42,0 142 339 174 132 120 269 321 299 340 233 135 88 249 35 235 161 68 58 34 231 289 366 267 228 141 266 303 357 319 86 199 156 94 230 374 92 11 36 397 350 311 4 314 193 0,88
PFG_MOEA,1388,4,389.39,5146.42,0 182 172 38 0,
PFG_MOEA,1388,5,389.39,5146.42,0 37 322 121 146 320 364 393 3 229 308 356 264 259 246 42 300 329 112 152 191 165 200 221 242 96 0,152 264 329
PFG_MOEA,1388,6,389.39,5146.42,0 129 33 71 224 260 0,
PFG_MOEA,1388,7,389.39,5146.42,0 399 247 255 1 262 250 28 345 377 395 400 394 188 301 372 21 167 291 139 149 157 63 316 387 17 43 73 254 327 183 354 69 215 85 93 179 232 225 97 148 48 238 330 192 31 304 0,395
PFG_MOEA,1388,8,389.39,5146.42,0 16 15 168 203 369 380 391 271 39 268 272 30 66 166 205 208 6 204 154 305 326 283 65 297 62 241 110 140 286 317 333 180 220 158 189 64 20 126 124 7 56 217 55 25 367 170 361 209 398 227 234 213 190 251 175 99 315 346 265 390 18 103 155 83 378 54 46 287 10 383 382 41 0,7 16 20 103 272
PFG_MOEA,1388,9,389.39,5146.42,0 82 178 117 243 368 376 258 353 153 171 87 278 210 143 237 256 274 49 100 282 310 104 102 277 275 194 323 363 352 101 198 95 222 138 122 276 336 252 236 128 23 381 90 119 2 12 0,
PFG_MOEA,1388,10,389.39,5146.42,0 344 349 351 280 309 5 79 160 50 60 257 270 379 195 45 348 75 328 248 290 343 187 0,
PFG_MOEA,1388,11,389.39,5146.42,0 214 295 40 32 239 370 342 144 176 150 47 9 125 216 89 61 207 307 313 359 206 253 365 360 335 0,176
PFG_MOEA,1388,12,389.39,5146.42,0 338 202 306 196 296 347 332 324 147 211 244 223 0,
PFG_MOEA,1389,1,413.96,4915.5,0 187 206 253 365 359 313 307 207 61 12 89 2 119 128 236 252 336 138 163 222 95 198 351 280 237 256 274 49 100 102 277 275 194 323 363 352 101 53 293 133 331 285 392 122 239 276 32 40 295 23 381 90 113 81 29 76 116 111 384 337 358 181 177 288 385 240 396 245 115 22 118 185 214 0,245 381
PFG_MOEA,1389,2,413.96,4915.5,0 281 84 131 325 355 114 389 186 134 341 298 26 334 0,
PFG_MOEA,1389,3,413.96,4915.5,0 371 219 105 162 159 74 279 91 24 212 375 284 14 184 318 70 292 263 8 373 169 108 72 52 130 44 386 362 201 312 67 164 107 302 173 106 261 388 197 218 151 77 273 136 137 59 0,
PFG_MOEA,1389,4,413.96,4915.5,0 57 127 109 226 0,
PFG_MOEA,1389,5,413.96,4915.5,0 19 0,
PFG_MOEA,1389,6,413.96,4915.5,0 38 303 357 266 141 86 199 228 267 366 289 231 34 58 68 161 235 35 249 88 135 233 319 182 172 13 80 0,88
PFG_MOEA,1389,7,413.96,4915.5,0 399 397 36 11 92 156 94 230 374 350 311 4 314 193 340 299 321 269 120 142 37 51 123 145 132 339 322 121 146 294 174 320 364 393 3 229 308 356 264 259 246 42 300 329 112 191 165 200 221 242 96 0,11 340 374 393
PFG_MOEA,1389,8,413.96,4915.5,0 152 247 255 1 262 250 28 345 377 395 400 394 188 301 372 21 167 291 139 149 157 63 316 387 327 17 43 85 215 73 254 183 354 69 265 346 315 99 175 251 190 390 18 103 155 83 378 213 234 227 398 93 0,1 152 175 227
PFG_MOEA,1389,9,413.96,4915.5,0 304 31 48 192 330 238 129 148 260 391 271 39 268 272 30 66 166 205 208 6 204 154 305 326 283 65 297 62 241 110 140 286 317 333 180 220 158 189 64 20 126 124 7 56 217 55 25 367 170 361 209 71 33 97 225 232 179 224 0,55 391
PFG_MOEA,1389,10,413.96,4915.5,0 287 10 383 382 0,
PFG_MOEA,1389,11,413.96,4915.5,0 16 15 168 203 369 380 82 178 117 243 349 344 54 46 41 0,
PFG_MOEA,1389,12,413.96,4915.5,0 335 360 216 150 9 47 125 309 5 343 290 368 376 258 248 328 75 171 87 278 153 353 348 45 210 195 379 270 257 60 50 160 79 143 282 310 104 223 244 211 324 147 332 347 296 196 78 98 27 176 144 342 370 306 202 338 0,
PFG_MOEA,1390,1,320.55,5348.04,0 80 13 172 182 397 36 11 92 233 135 88 249 35 235 161 68 58 34 231 289 319 399 0,
PFG_MOEA,1390,2,320.55,5348.04,0 374 230 94 156 311 350 4 314 193 340 299 321 269 120 142 132 339 174 320 364 308 229 3 393 294 146 121 322 123 145 51 37 0,393
PFG_MOEA,1390,3,320.55,5348.04,0 96 242 221 200 165 112 329 300 191 152 247 255 1 262 42 250 28 246 259 264 356 345 377 395 400 394 188 301 372 21 167 291 139 149 157 63 316 387 327 17 43 85 215 73 254 183 354 69 265 346 315 99 175 251 190 0,215
PFG_MOEA,1390,4,320.55,5348.04,0 304 31 192 330 238 129 398 227 234 213 18 390 286 140 110 241 93 260 148 48 0,
PFG_MOEA,1390,5,320.55,5348.04,0 317 333 0,
PFG_MOEA,1390,6,320.55,5348.04,0 33 71 209 361 170 367 25 55 217 56 7 180 220 158 189 64 20 126 124 224 10 383 382 16 203 168 15 0,25
PFG_MOEA,1390,7,320.55,5348.04,0 380 369 335 360 216 150 9 47 125 309 5 195 379 270 210 45 348 353 153 278 87 171 75 328 248 258 376 368 290 343 54 46 344 349 243 117 178 82 41 0,
PFG_MOEA,1390,8,320.55,5348.04,0 338 202 306 370 342 144 176 27 98 78 196 296 347 332 147 324 211 244 223 104 310 282 143 79 160 50 60 257 6 204 154 305 326 283 62 297 65 208 205 166 66 30 272 268 0,66
PFG_MOEA,1390,9,320.55,5348.04,0 187 206 253 365 359 313 307 207 61 12 89 2 119 128 236 252 336 138 163 222 95 198 351 256 237 280 391 271 39 378 83 155 103 232 179 287 225 97 0,138 307
PFG_MOEA,1390,10,320.55,5348.04,0 22 389 114 84 131 325 355 29 81 113 76 116 111 384 337 358 181 177 288 385 240 396 245 115 392 285 331 133 293 53 101 352 363 323 194 275 277 102 100 49 274 122 239 276 32 40 295 23 381 90 214 185 281 118 0,323 331
PFG_MOEA,1390,11,320.55,5348.04,0 334 298 26 105 186 134 341 219 371 24 212 375 14 184 318 70 292 263 8 373 169 284 74 279 91 159 162 0,134
PFG_MOEA,1390,12,320.55,5348.04,0 38 19 226 57 127 109 59 137 136 273 77 151 218 197 388 261 106 173 302 107 164 67 312 201 362 366 267 228 386 44 130 52 72 108 303 357 266 141 86 199 0,106 386
PFG_MOEA,1391,1,270.73,5843.94,0 335 187 309 5 195 379 270 257 60 50 160 79 143 280 351 237 256 274 49 198 252 236 381 23 90 12 207 307 0,
PFG_MOEA,1391,2,270.73,5843.94,0 61 313 359 206 253 365 360 214 185 118 281 26 334 298 371 22 134 186 162 159 292 263 8 373 318 70 184 284 74 279 0,134 284 313 318
PFG_MOEA,1391,3,270.73,5843.94,0 91 169 108 14 375 212 24 192 330 238 129 200 165 112 191 152 127 57 109 59 137 273 136 247 17 43 85 215 33 71 224 260 148 48 31 304 0,33 200
PFG_MOEA,1391,4,270.73,5843.94,0 73 254 69 354 183 327 387 157 149 188 394 316 63 262 1 255 250 28 42 400 395 377 345 356 264 259 246 308 229 197 218 151 77 107 164 67 302 388 3 106 173 261 320 364 0,
PFG_MOEA,1391,5,270.73,5843.94,0 329 300 362 123 51 145 322 121 146 201 312 393 294 174 339 132 120 142 0,145 174
PFG_MOEA,1391,6,270.73,5843.94,0 37 269 321 299 340 219 341 105 84 131 29 81 113 76 116 111 181 358 337 384 325 355 114 389 0,341
PFG_MOEA,1391,7,270.73,5843.94,0 89 216 47 125 9 150 163 53 293 133 331 285 392 115 245 396 240 385 288 177 34 58 235 135 233 88 249 35 161 68 0,133 240
PFG_MOEA,1391,8,270.73,5843.94,0 172 182 193 314 4 350 397 36 11 374 311 230 94 156 199 92 86 319 266 141 289 231 386 366 267 228 44 130 52 72 303 357 13 19 226 221 242 96 0,141 386
PFG_MOEA,1391,9,270.73,5843.94,0 38 80 378 83 291 139 21 167 301 372 346 315 265 390 99 175 251 190 18 103 155 234 227 398 93 54 46 268 272 30 39 271 391 179 0,
PFG_MOEA,1391,10,270.73,5843.94,0 97 225 232 209 361 213 170 367 328 248 258 376 368 290 343 66 349 344 243 117 178 82 41 16 380 369 196 78 98 27 176 144 342 370 306 202 338 203 168 15 399 0,82 176 225
PFG_MOEA,1391,11,270.73,5843.94,0 287 64 166 205 75 348 353 45 210 278 153 171 87 6 208 158 189 220 241 62 297 65 283 204 154 305 326 110 140 180 333 317 286 25 55 217 56 7 124 126 20 10 0,65 126
PFG_MOEA,1391,12,270.73,5843.94,0 2 119 128 295 40 32 276 239 122 296 332 347 138 336 222 95 101 194 147 324 275 323 363 352 277 102 223 244 211 104 310 100 282 383 382 0,2
PFG_MOEA,1392,1,369.23,5154.87,0 90 295 40 32 276 239 122 222 95 101 323 363 352 102 277 275 194 53 293 133 331 285 392 115 245 396 240 385 288 177 181 358 337 384 111 116 76 113 81 29 325 131 84 355 114 389 279 74 159 162 371 219 341 22 134 186 105 298 334 26 281 118 185 214 0,40 240 245 331
PFG_MOEA,1392,2,369.23,5154.87,0 91 24 212 375 284 14 184 318 70 292 263 8 373 169 108 72 52 130 44 386 0,318
PFG_MOEA,1392,3,369.23,5154.87,0 362 201 312 67 164 107 302 173 106 261 388 197 218 151 77 273 136 0,106
PFG_MOEA,1392,4,369.23,5154.87,0 399 172 182 397 36 11 92 86 141 266 303 357 319 199 228 267 366 289 231 34 58 68 161 235 35 249 88 135 233 156 94 230 374 350 311 4 314 193 340 299 321 269 120 142 37 51 145 123 137 59 109 127 57 226 19 13 80 38 0,340
PFG_MOEA,1392,5,369.23,5154.87,0 132 339 322 0,
PFG_MOEA,1392,6,369.23,5154.87,0 96 242 221 200 165 112 191 152 329 300 121 146 294 174 320 364 393 3 229 308 259 246 264 356 345 377 395 400 42 250 28 247 255 1 262 63 157 291 167 21 372 301 188 394 139 149 316 387 327 17 43 85 215 73 254 183 354 69 265 346 315 99 0,1 200 393
PFG_MOEA,1392,7,369.23,5154.87,0 93 398 227 234 213 190 251 175 390 18 103 155 83 378 31 304 0,
PFG_MOEA,1392,8,369.23,5154.87,0 48 192 330 238 129 148 260 391 0,
PFG_MOEA,1392,9,369.23,5154.87,0 268 272 30 65 283 326 305 154 204 6 208 205 166 66 271 39 0,272
PFG_MOEA,1392,10,369.23,5154.87,0 124 126 20 64 189 158 220 241 297 62 110 140 286 317 333 180 7 56 217 55 25 367 170 361 209 71 97 33 0,
PFG_MOEA,1392,11,369.23,5154.87,0 15 16 380 369 168 203 338 202 306 370 342 144 176 27 98 78 196 296 347 332 324 147 211 244 223 210 45 348 353 153 278 87 171 75 328 248 258 376 368 290 343 54 46 224 225 232 179 287 10 383 382 41 344 349 243 117 178 82 125 9 47 150 216 360 335 0,47 87 353
PFG_MOEA,1392,12,369.23,5154.87,0 207 307 313 359 365 253 206 187 100 310 104 282 143 79 160 50 60 257 270 379 195 5 309 280 351 237 256 274 49 198 163 138 336 252 236 381 23 128 119 2 89 12 61 0,
PFG_MOEA,1393,1,337.93,5308.22,0 187 206 253 313 359 365 0,
PFG_MOEA,1393,2,337.93,5308.22,0 207 307 198 280 351 256 237 101 53 293 133 331 285 392 95 222 163 138 336 252 236 128 119 2 89 12 61 0,133 222
PFG_MOEA,1393,3,337.93,5308.22,0 323 363 352 194 275 277 102 100 49 274 122 239 276 32 40 295 23 381 90 0,
PFG_MOEA,1393,4,337.93,5308.22,0 22 115 245 396 240 385 288 177 181 358 337 384 111 116 76 113 81 29 131 84 281 118 185 214 0,
PFG_MOEA,1393,5,337.93,5308.22,0 334 26 298 371 219 341 134 186 105 355 325 114 389 162 159 74 279 91 24 212 375 284 14 184 318 70 292 263 8 373 169 108 72 52 130 44 386 362 201 312 0,284
PFG_MOEA,1393,6,337.93,5308.22,0 399 172 182 397 36 11 92 86 141 266 303 357 319 199 228 267 366 289 231 34 58 68 161 235 35 249 88 135 233 156 94 230 57 127 109 59 137 136 273 77 151 218 197 388 261 106 173 302 107 164 67 294 226 19 13 80 38 0,
PFG_MOEA,1393,7,337.93,5308.22,0 374 350 311 4 314 193 340 299 321 269 120 142 37 51 145 123 146 121 322 339 132 174 320 364 393 3 229 308 356 264 259 246 42 1 255 247 152 191 112 329 300 165 200 221 242 96 0,132 264 340 393
PFG_MOEA,1393,8,337.93,5308.22,0 28 250 262 400 395 345 377 394 188 301 372 21 167 291 139 149 157 63 316 387 327 17 43 85 215 73 254 183 354 69 265 346 315 99 175 251 190 0,
PFG_MOEA,1393,9,337.93,5308.22,0 304 192 330 238 129 378 83 155 103 18 390 213 234 227 398 140 110 241 62 297 65 283 326 305 154 204 6 208 205 166 66 93 30 272 268 39 271 391 260 148 48 31 0,65 391
PFG_MOEA,1393,10,337.93,5308.22,0 33 71 225 97 232 209 361 170 367 25 55 217 56 7 317 286 333 180 220 158 189 64 20 126 124 224 10 287 179 0,
PFG_MOEA,1393,11,337.93,5308.22,0 15 168 203 369 16 380 335 360 216 150 9 47 125 309 5 195 379 270 210 45 348 353 153 278 87 171 75 328 248 54 46 383 382 344 349 243 117 178 82 41 0,82 87 195 353
PFG_MOEA,1393,12,337.93,5308.22,0 338 202 306 370 342 144 176 27 98 78 196 296 347 332 147 324 211 244 223 104 310 282 143 79 160 50 60 257 258 376 368 290 343 0,290
PFG_MOEA,1394,1,319.42,5478.6,0 222 0,
PFG_MOEA,1394,2,319.42,5478.6,0 95 101 323 363 352 102 277 275 194 53 293 133 331 285 392 115 245 396 240 385 288 177 181 358 337 384 111 116 76 113 81 29 325 131 84 355 114 389 279 74 159 162 371 219 341 22 134 186 105 298 334 26 281 0,105
PFG_MOEA,1394,3,319.42,5478.6,0 118 91 284 184 14 375 212 24 0,375
PFG_MOEA,1394,4,319.42,5478.6,0 399 397 36 11 92 199 86 141 266 319 357 303 289 366 267 228 8 263 292 70 318 373 169 108 72 52 130 44 386 362 201 312 67 164 107 302 173 106 261 388 197 218 151 77 273 136 182 172 0,86 197 318 362
PFG_MOEA,1394,5,319.42,5478.6,0 38 80 13 19 226 57 127 109 59 137 123 145 51 132 142 120 269 321 299 37 340 193 314 4 350 311 156 233 135 88 249 35 235 161 68 58 34 231 94 230 374 0,
PFG_MOEA,1394,6,319.42,5478.6,0 96 242 200 191 112 165 322 339 174 393 3 229 364 320 294 121 146 300 329 152 221 0,200 393
PFG_MOEA,1394,7,319.42,5478.6,0 93 85 247 28 246 259 308 264 356 345 377 395 400 42 250 255 1 262 63 157 291 167 21 372 301 188 394 139 149 316 387 327 17 43 73 215 254 183 354 69 265 346 315 99 390 175 251 190 18 213 234 227 398 0,
PFG_MOEA,1394,8,319.42,5478.6,0 304 31 48 330 192 129 238 148 260 391 271 66 166 205 208 6 204 154 305 326 283 65 62 297 241 158 189 220 110 140 103 155 83 378 124 126 20 64 30 272 268 39 0,62 205 220 391
PFG_MOEA,1394,9,319.42,5478.6,0 7 180 333 286 317 56 217 55 0,
PFG_MOEA,1394,10,319.42,5478.6,0 15 16 380 369 168 203 338 202 306 370 342 144 176 27 98 78 196 296 347 332 324 147 211 244 223 210 45 348 353 153 278 87 171 75 328 248 258 376 368 290 343 54 46 209 361 170 367 25 232 179 224 225 97 71 33 0,16 353 370
PFG_MOEA,1394,11,319.42,5478.6,0 365 253 206 61 89 2 119 128 216 336 138 163 150 47 125 9 100 282 310 104 143 79 160 50 60 257 270 379 195 5 309 280 351 237 256 287 10 383 382 344 349 243 117 178 82 41 0,47 138 178 206 243
PFG_MOEA,1394,12,319.42,5478.6,0 335 187 359 313 360 207 307 198 49 274 122 239 276 32 40 295 23 381 236 252 90 12 214 185 0,
PFG_MOEA,1395,1,312.87,5623.42,0 216 98 370 342 144 176 27 78 196 296 347 332 147 324 211 244 223 104 310 282 79 160 50 379 195 5 309 143 150 47 9 125 0,
PFG_MOEA,1395,2,312.87,5623.42,0 117 243 344 349 343 290 368 376 258 248 328 75 348 353 171 87 278 153 45 210 257 60 270 237 256 274 49 198 222 138 336 239 276 32 177 181 358 337 384 111 116 76 23 381 90 12 0,290 336 353
PFG_MOEA,1395,3,312.87,5623.42,0 22 118 185 214 2 119 128 236 252 40 295 122 392 285 331 133 293 53 101 352 363 323 194 275 277 102 100 351 280 95 163 61 89 207 307 313 359 253 365 0,307
PFG_MOEA,1395,4,312.87,5623.42,0 206 187 0,
PFG_MOEA,1395,5,312.87,5623.42,0 281 26 334 298 219 371 341 134 186 105 115 245 396 240 385 288 113 81 29 325 355 131 84 114 389 162 159 74 279 91 0,341
PFG_MOEA,1395,6,312.87,5623.42,0 80 13 19 226 57 127 109 59 137 136 273 77 151 218 197 388 261 106 173 302 107 164 67 312 201 362 386 44 130 52 72 108 169 373 8 263 292 70 318 184 14 284 375 212 24 303 357 319 182 172 38 0,318 362
PFG_MOEA,1395,7,312.87,5623.42,0 266 141 86 199 228 267 366 289 231 34 58 68 161 235 35 249 88 135 233 156 94 230 374 92 0,
PFG_MOEA,1395,8,312.87,5623.42,0 399 397 36 11 350 311 4 314 193 340 299 321 269 120 142 37 51 123 145 132 339 322 121 146 294 174 320 364 393 3 229 308 356 264 259 246 42 300 329 112 191 165 200 221 242 96 0,51 145 174 264 329
PFG_MOEA,1395,9,312.87,5623.42,0 152 247 28 250 345 377 395 400 394 188 301 372 167 21 139 291 262 1 255 0,
PFG_MOEA,1395,10,312.87,5623.42,0 85 215 73 43 17 327 387 316 149 157 63 354 183 254 69 265 346 315 99 175 251 190 390 18 103 155 83 378 0,175 390
PFG_MOEA,1395,11,312.87,5623.42,0 304 31 48 192 330 129 238 148 260 383 10 224 391 271 39 46 93 398 227 234 213 179 232 225 97 71 33 382 0,
PFG_MOEA,1395,12,312.87,5623.42,0 209 361 170 367 25 55 217 56 7 124 126 20 64 189 158 220 180 333 317 286 140 110 241 62 297 65 283 326 305 154 204 6 208 205 166 66 30 272 268 54 287 178 82 41 335 360 380 369 203 338 202 306 168 15 16 0,7 166 203 361
PFG_MOEA,1396,1,759.34,4800.0,0 219 341 105 389 114 84 131 355 325 29 81 113 76 116 111 384 337 358 181 177 288 385 240 396 245 115 392 285 331 133 293 53 163 150 9 125 47 216 89 61 206 253 365 0,245
PFG_MOEA,1396,2,759.34,4800.0,0 22 134 186 162 159 279 74 284 184 318 70 292 263 8 373 169 108 14 375 212 24 91 0,318
PFG_MOEA,1396,3,759.34,4800.0,0 304 31 48 148 260 224 71 33 129 238 330 192 200 165 112 191 152 127 57 109 59 137 273 136 247 17 43 85 215 73 254 69 354 183 327 387 157 149 188 394 316 63 262 1 255 250 28 42 400 395 377 345 356 264 259 246 308 229 197 218 151 77 107 164 67 302 388 3 106 173 261 320 364 393 312 201 362 329 300 123 51 145 322 121 146 294 174 339 132 120 142 37 269 321 299 340 233 135 88 249 35 161 235 68 58 34 386 231 289 366 267 228 44 130 52 72 303 357 319 266 141 86 92 199 156 94 230 311 374 11 36 397 350 4 314 193 182 172 13 19 226 221 242 96 80 38 0,33 106 174 200 303 311 394
PFG_MOEA,1396,4,759.34,4800.0,0 378 83 155 103 18 190 251 175 99 315 346 372 301 167 21 139 291 265 390 234 0,
PFG_MOEA,1396,5,759.34,4800.0,0 179 391 271 39 30 272 268 46 54 93 398 227 213 232 0,391
PFG_MOEA,1396,6,759.34,4800.0,0 225 0,
PFG_MOEA,1396,7,759.34,4800.0,0 97 209 361 170 367 0,
PFG_MOEA,1396,8,759.34,4800.0,0 399 15 168 203 338 202 306 370 342 144 176 27 98 78 196 369 380 16 41 82 178 117 243 344 349 66 343 290 368 376 258 248 328 75 348 353 45 210 278 153 171 87 6 208 205 166 158 189 220 241 62 297 65 283 204 154 305 326 110 140 180 333 317 286 25 55 217 56 7 124 126 20 64 287 10 383 382 0,62 66 205 220 342
PFG_MOEA,1396,9,759.34,4800.0,0 2 119 128 295 40 32 276 239 122 296 332 347 138 336 222 95 101 194 147 324 275 323 363 352 277 102 223 244 211 104 310 100 282 143 79 160 50 60 257 270 379 195 5 309 280 351 237 256 274 49 198 252 236 0,
PFG_MOEA,1396,10,759.34,4800.0,0 381 23 90 12 207 307 0,
PFG_MOEA,1396,11,759.34,4800.0,0 335 187 359 313 360 214 0,
PFG_MOEA,1396,12,759.34,4800.0,0 185 118 281 26 334 298 371 0,
PFG_MOEA,1397,1,314.81,5596.11,0 12 90 128 236 252 336 276 138 222 198 49 274 256 237 351 280 309 5 290 343 313 207 0,222
PFG_MOEA,1397,2,314.81,5596.11,0 91 292 263 8 373 169 108 14 375 212 24 371 219 341 298 334 26 281 118 185 214 295 40 32 239 122 95 101 352 363 323 194 275 277 102 100 23 381 119 2 307 359 187 148 48 31 304 0,23
PFG_MOEA,1397,3,314.81,5596.11,0 260 224 71 33 127 152 191 112 165 200 129 238 330 192 0,33
PFG_MOEA,1397,4,314.81,5596.11,0 57 67 302 173 106 3 388 164 107 77 151 218 197 229 308 246 259 264 356 345 377 395 400 42 28 250 255 1 262 63 316 394 188 149 157 387 327 183 354 69 254 73 215 85 43 17 247 136 273 137 59 109 0,
PFG_MOEA,1397,5,314.81,5596.11,0 329 300 362 123 51 145 322 121 146 201 261 320 364 393 312 294 174 339 132 206 253 365 360 335 0,362 393
PFG_MOEA,1397,6,314.81,5596.11,0 61 358 181 177 288 385 240 396 245 115 392 285 331 133 293 53 163 150 9 125 47 216 89 0,
PFG_MOEA,1397,7,314.81,5596.11,0 80 13 19 226 35 161 235 58 34 386 231 289 366 267 228 44 130 52 72 318 70 184 284 74 279 159 162 389 114 355 325 384 337 111 116 76 113 81 29 131 84 105 186 134 22 0,
PFG_MOEA,1397,8,314.81,5596.11,0 38 96 242 221 172 182 397 350 311 4 314 193 230 94 156 374 36 11 92 319 357 303 266 141 86 199 68 135 88 249 233 340 299 321 269 120 142 37 301 21 139 291 167 372 346 315 99 175 251 0,182
PFG_MOEA,1397,9,314.81,5596.11,0 97 225 232 179 391 271 158 241 62 297 65 283 204 154 305 326 110 140 286 317 333 180 220 126 124 7 56 217 55 25 367 170 361 209 227 234 213 190 390 265 18 103 155 83 378 398 93 54 46 268 272 30 39 0,65 154
PFG_MOEA,1397,10,314.81,5596.11,0 399 15 16 380 41 82 178 117 243 344 349 20 189 64 166 205 208 6 87 171 153 278 210 353 258 376 368 66 287 10 383 382 0,243
PFG_MOEA,1397,11,314.81,5596.11,0 369 338 203 168 0,
PFG_MOEA,1397,12,314.81,5596.11,0 202 306 370 342 144 176 27 98 78 196 296 347 332 324 147 211 244 223 104 310 282 143 79 160 50 60 257 270 379 195 45 348 75 328 248 0,370
PFG_MOEA,1398,1,411.21,4974.5,0 12 90 381 23 32 276 239 336 138 222 198 49 274 256 237 351 280 252 236 128 119 2 0,23
PFG_MOEA,1398,2,411.21,4974.5,0 22 118 185 214 295 40 122 392 285 331 133 293 53 101 352 363 323 194 275 277 102 100 95 163 61 89 207 307 313 359 365 253 206 187 0,22 100
PFG_MOEA,1398,3,411.21,4974.5,0 115 0,
PFG_MOEA,1398,4,411.21,4974.5,0 245 396 240 385 288 177 181 358 337 384 111 116 76 113 81 29 325 355 0,
PFG_MOEA,1398,5,411.21,4974.5,0 281 26 334 298 341 134 186 131 84 114 389 105 219 371 162 159 74 279 91 24 212 375 284 14 184 318 70 292 263 8 373 169 108 72 52 130 44 386 362 201 312 67 164 107 302 173 106 261 388 197 218 151 77 273 136 137 59 109 127 57 226 19 13 80 0,77 106 284
PFG_MOEA,1398,6,411.21,4974.5,0 38 172 182 319 303 357 266 141 86 199 228 267 366 289 231 34 58 68 161 235 35 249 88 135 233 156 94 230 374 92 11 36 397 350 311 4 314 193 340 299 321 269 120 142 37 51 123 145 132 339 322 121 146 294 174 320 364 393 3 229 308 356 264 259 246 42 300 329 112 221 242 96 0,51 174 229 246 299
PFG_MOEA,1398,7,411.21,4974.5,0 399 200 165 191 152 247 255 1 262 250 28 345 377 395 400 394 188 301 372 21 167 291 139 149 157 63 316 387 327 17 43 85 215 73 254 183 354 69 265 346 315 99 175 251 190 390 18 103 155 83 378 213 234 227 398 93 224 179 232 225 97 71 33 260 148 238 129 330 192 48 31 304 0,93
PFG_MOEA,1398,8,411.21,4974.5,0 382 383 10 391 271 39 46 54 268 272 30 66 166 205 208 6 204 154 305 326 283 65 297 62 241 110 140 286 317 333 180 220 158 189 64 20 126 124 7 56 217 55 25 367 170 361 209 287 0,55 62 66 220
PFG_MOEA,1398,9,411.21,4974.5,0 380 0,
PFG_MOEA,1398,10,411.21,4974.5,0 16 369 15 0,
PFG_MOEA,1398,11,411.21,4974.5,0 168 203 178 82 41 0,178
PFG_MOEA,1398,12,411.21,4974.5,0 335 360 338 202 306 370 342 144 176 27 98 78 196 296 347 332 216 47 125 9 150 147 324 211 244 223 104 310 282 143 309 5 195 379 79 160 50 60 270 257 210 45 153 278 87 171 353 348 75 328 248 258 376 368 290 343 349 344 243 117 0,
PFG_MOEA,1399,1,312.55,5795.78,0 336 138 239 122 296 347 332 324 275 277 104 211 244 223 102 352 363 323 194 147 101 95 222 0,122 211 222 277
PFG_MOEA,1399,2,312.55,5795.78,0 335 360 207 307 313 359 187 100 310 282 143 79 160 50 60 257 270 379 195 5 309 280 351 237 256 274 49 198 252 236 381 23 90 12 214 185 118 281 26 334 298 371 72 52 130 44 386 80 0,5 307
PFG_MOEA,1399,3,312.55,5795.78,0 13 19 226 57 127 109 59 137 136 273 77 151 218 197 388 261 106 173 302 107 164 67 312 201 362 123 51 145 294 174 339 132 142 120 269 321 299 0,174
PFG_MOEA,1399,4,312.55,5795.78,0 340 233 135 88 249 35 235 161 68 58 34 231 289 366 267 228 141 266 303 357 319 86 199 156 94 0,303
PFG_MOEA,1399,5,312.55,5795.78,0 38 172 182 397 36 11 92 374 230 311 350 4 314 193 37 322 121 146 320 364 393 3 229 308 356 264 259 246 42 300 329 112 191 152 221 242 96 0,42 264
PFG_MOEA,1399,6,312.55,5795.78,0 200 165 129 0,
PFG_MOEA,1399,7,312.55,5795.78,0 304 330 395 400 394 188 301 372 21 167 291 139 149 157 63 316 387 17 43 33 71 224 260 0,
PFG_MOEA,1399,8,312.55,5795.78,0 399 247 28 250 345 377 262 1 255 327 254 73 215 85 93 179 232 225 97 148 238 192 48 31 0,93
PFG_MOEA,1399,9,312.55,5795.78,0 378 69 183 354 265 346 315 99 175 251 190 390 18 103 155 83 234 213 227 398 209 361 170 367 25 55 217 56 7 180 333 317 286 140 110 62 297 65 283 326 305 154 204 6 208 241 220 158 189 64 20 126 124 0,175
PFG_MOEA,1399,10,312.55,5795.78,0 287 382 383 10 268 272 30 66 166 205 271 39 391 53 293 133 331 285 392 115 245 396 240 385 288 177 181 358 337 384 111 116 76 113 81 29 325 355 131 84 114 389 105 341 219 0,
PFG_MOEA,1399,11,312.55,5795.78,0 91 24 212 375 14 108 169 373 8 263 292 70 318 184 284 74 279 159 162 22 134 186 89 216 47 125 9 150 163 61 365 253 206 46 54 0,
PFG_MOEA,1399,12,312.55,5795.78,0 41 82 178 117 243 344 349 343 290 368 376 258 248 328 75 171 87 153 278 210 45 353 348 2 119 128 295 40 32 276 196 78 98 27 176 144 342 370 306 202 338 203 168 369 380 16 15 0,16 87 203
PFG_MOEA,1400,1,389.39,5146.42,0 163 78 53 293 133 331 285 392 98 115 245 27 396 240 385 288 177 181 358 337 384 111 116 76 113 81 29 325 355 131 84 114 389 91 279 74 159 162 371 219 298 341 22 134 186 105 118 185 0,
PFG_MOEA,1400,2,389.39,5146.42,0 281 26 334 24 212 375 284 14 184 318 70 292 263 8 373 169 108 72 52 130 44 386 51 145 123 362 201 294 312 67 164 107 302 173 106 261 388 197 218 151 77 273 136 137 59 109 127 57 226 19 13 80 0,
PFG_MOEA,1400,3,389.39,5146.42,0 142 339 174 132 120 269 321 299 340 233 135 88 249 35 235 161 68 58 34 231 289 366 267 228 141 266 303 357 319 86 199 156 94 230 374 92 11 36 397 350 311 4 314 193 0,88
PFG_MOEA,1400,4,389.39,5146.42,0 182 172 38 0,
PFG_MOEA,1400,5,389.39,5146.42,0 37 322 121 146 320 364 393 3 229 308 356 264 259 246 42 300 329 112 152 191 165 200 221 242 96 0,152 264 329
PFG_MOEA,1400,6,389.39,5146.42,0 129 33 71 224 260 0,
PFG_MOEA,1400,7,389.39,5146.42,0 399 247 255 1 262 250 28 345 377 395 400 394 188 301 372 21 167 291 139 149 157 63 316 387 17 43 73 254 327 183 354 69 215 85 93 179 232 225 97 148 48 238 330 192 31 304 0,395
PFG_MOEA,1400,8,389.39,5146.42,0 16 15 168 203 369 380 391 271 39 268 272 30 66 166 205 208 6 204 154 305 326 283 65 297 62 241 110 140 286 317 333 180 220 158 189 64 20 126 124 7 56 217 55 25 367 170 361 209 398 227 234 213 190 251 175 99 315 346 265 390 18 103 155 83 378 54 46 287 10 383 382 41 0,7 16 20 103 272
PFG_MOEA,1400,9,389.39,5146.42,0 82 178 117 243 368 376 258 353 153 171 87 278 210 143 237 256 274 49 100 282 310 104 102 277 275 194 323 363 352 101 198 95 222 138 122 276 336 252 236 128 23 381 90 119 2 12 0,
PFG_MOEA,1400,10,389.39,5146.42,0 344 349 351 280 309 5 79 160 50 60 257 270 379 195 45 348 75 328 248 290 343 187 0,
PFG_MOEA,1400,11,389.39,5146.42,0 214 295 40 32 239 370 342 144 176 150 47 9 125 216 89 61 207 307 313 359 206 253 365 360 335 0,176
PFG_MOEA,1400,12,389.39,5146.42,0 338 202 306 196 296 347 332 324 147 211 244 223 0,
PFG_MOEA,1401,1,413.96,4915.5,0 187 206 253 365 359 313 307 207 61 12 89 2 119 128 236 252 336 138 163 222 95 198 351 280 237 256 274 49 100 102 277 275 194 323 363 352 101 53 293 133 331 285 392 122 239 276 32 40 295 23 381 90 113 81 29 76 116 111 384 337 358 181 177 288 385 240 396 245 115 22 118 185 214 0,245 381
PFG_MOEA,1401,2,413.96,4915.5,0 281 84 131 325 355 114 389 186 134 341 298 26 334 0,
PFG_MOEA,1401,3,413.96,4915.5,0 371 219 105 162 159 74 279 91 24 212 375 284 14 184 318 70 292 263 8 373 169 108 72 52 130 44 386 362 201 312 67 164 107 302 173 106 261 388 197 218 151 77 273 136 137 59 0,
PFG_MOEA,1401,4,413.96,4915.5,0 57 127 109 226 0,
PFG_MOEA,1401,5,413.96,4915.5,0 19 0,
PFG_MOEA,1401,6,413.96,4915.5,0 38 303 357 266 141 86 199 228 267 366 289 231 34 58 68 161 235 35 249 88 135 233 319 182 172 13 80 0,88
PFG_MOEA,1401,7,413.96,4915.5,0 399 397 36 11 92 156 94 230 374 350 311 4 314 193 340 299 321 269 120 142 37 51 123 145 132 339 322 121 146 294 174 320 364 393 3 229 308 356 264 259 246 42 300 329 112 191 165 200 221 242 96 0,11 340 374 393
PFG_MOEA,1401,8,413.96,4915.5,0 152 247 255 1 262 250 28 345 377 395 400 394 188 301 372 21 167 291 139 149 157 63 316 387 327 17 43 85 215 73 254 183 354 69 265 346 315 99 175 251 190 390 18 103 155 83 378 213 234 227 398 93 0,1 152 175 227
PFG_MOEA,1401,9,413.96,4915.5,0 304 31 48 192 330 238 129 148 260 391 271 39 268 272 30 66 166 205 208 6 204 154 305 326 283 65 297 62 241 110 140 286 317 333 180 220 158 189 64 20 126 124 7 56 217 55 25 367 170 361 209 71 33 97 225 232 179 224 0,55 391
PFG_MOEA,1401,10,413.96,4915.5,0 287 10 383 382 0,
PFG_MOEA,1401,11,413.96,4915.5,0 16 15 168 203 369 380 82 178 117 243 349 344 54 46 41 0,
PFG_MOEA,1401,12,413.96,4915.5,0 335 360 216 150 9 47 125 309 5 343 290 368 376 258 248 328 75 171 87 278 153 353 348 45 210 195 379 270 257 60 50 160 79 143 282 310 104 223 244 211 324 147 332 347 296 196 78 98 27 176 144 342 370 306 202 338 0,
PFG_MOEA,1402,1,320.55,5348.04,0 80 13 172 182 397 36 11 92 233 135 88 249 35 235 161 68 58 34 231 289 319 399 0,
PFG_MOEA,1402,2,320.55,5348.04,0 374 230 94 156 311 350 4 314 193 340 299 321 269 120 142 132 339 174 320 364 308 229 3 393 294 146 121 322 123 145 51 37 0,393
PFG_MOEA,1402,3,320.55,5348.04,0 96 242 221 200 165 112 329 300 191 152 247 255 1 262 42 250 28 246 259 264 356 345 377 395 400 394 188 301 372 21 167 291 139 149 157 63 316 387 327 17 43 85 215 73 254 183 354 69 265 346 315 99 175 251 190 0,215
PFG_MOEA,1402,4,320.55,5348.04,0 304 31 192 330 238 129 398 227 234 213 18 390 286 140 110 241 93 260 148 48 0,
PFG_MOEA,1402,5,320.55,5348.04,0 317 333 0,
PFG_MOEA,1402,6,320.55,5348.04,0 33 71 209 361 170 367 25 55 217 56 7 180 220 158 189 64 20 126 124 224 10 383 382 16 203 168 15 0,25
PFG_MOEA,1402,7,320.55,5348.04,0 380 369 335 360 216 150 9 47 125 309 5 195 379 270 210 45 348 353 153 278 87 171 75 328 248 258 376 368 290 343 54 46 344 349 243 117 178 82 41 0,
PFG_MOEA,1402,8,320.55,5348.04,0 338 202 306 370 342 144 176 27 98 78 196 296 347 332 147 324 211 244 223 104 310 282 143 79 160 50 60 257 6 204 154 305 326 283 62 297 65 208 205 166 66 30 272 268 0,66
PFG_MOEA,1402,9,320.55,5348.04,0 187 206 253 365 359 313 307 207 61 12 89 2 119 128 236 252 336 138 163 222 95 198 351 256 237 280 391 271 39 378 83 155 103 232 179 287 225 97 0,138 307
PFG_MOEA,1402,10,320.55,5348.04,0 22 389 114 84 131 325 355 29 81 113 76 116 111 384 337 358 181 177 288 385 240 396 245 115 392 285 331 133 293 53 101 352 363 323 194 275 277 102 100 49 274 122 239 276 32 40 295 23 381 90 214 185 281 118 0,323 331
PFG_MOEA,1402,11,320.55,5348.04,0 334 298 26 105 186 134 341 219 371 24 212 375 14 184 318 70 292 263 8 373 169 284 74 279 91 159 162 0,134
PFG_MOEA,1402,12,320.55,5348.04,0 38 19 226 57 127 109 59 137 136 273 77 151 218 197 388 261 106 173 302 107 164 67 312 201 362 366 267 228 386 44 130 52 72 108 303 357 266 141 86 199 0,106 386
PFG_MOEA,1403,1,270.73,5843.94,0 335 187 309 5 195 379 270 257 60 50 160 79 143 280 351 237 256 274 49 198 252 236 381 23 90 12 207 307 0,
PFG_MOEA,1403,2,270.73,5843.94,0 61 313 359 206 253 365 360 214 185 118 281 26 334 298 371 22 134 186 162 159 292 263 8 373 318 70 184 284 74 279 0,134 284 313 318
PFG_MOEA,1403,3,270.73,5843.94,0 91 169 108 14 375 212 24 192 330 238 129 200 165 112 191 152 127 57 109 59 137 273 136 247 17 43 85 215 33 71 224 260 148 48 31 304 0,33 200
PFG_MOEA,1403,4,270.73,5843.94,0 73 254 69 354 183 327 387 157 149 188 394 316 63 262 1 255 250 28 42 400 395 377 345 356 264 259 246 308 229 197 218 151 77 107 164 67 302 388 3 106 173 261 320 364 0,
PFG_MOEA,1403,5,270.73,5843.94,0 329 300 362 123 51 145 322 121 146 201 312 393 294 174 339 132 120 142 0,145 174
PFG_MOEA,1403,6,270.73,5843.94,0 37 269 321 299 340 219 341 105 84 131 29 81 113 76 116 111 181 358 337 384 325 355 114 389 0,341
PFG_MOEA,1403,7,270.73,5843.94,0 89 216 47 125 9 150 163 53 293 133 331 285 392 115 245 396 240 385 288 177 34 58 235 135 233 88 249 35 161 68 0,133 240
PFG_MOEA,1403,8,270.73,5843.94,0 172 182 193 314 4 350 397 36 11 374 311 230 94 156 199 92 86 319 266 141 289 231 386 366 267 228 44 130 52 72 303 357 13 19 226 221 242 96 0,141 386
PFG_MOEA,1403,9,270.73,5843.94,0 38 80 378 83 291 139 21 167 301 372 346 315 265 390 99 175 251 190 18 103 155 234 227 398 93 54 46 268 272 30 39 271 391 179 0,
PFG_MOEA,1403,10,270.73,5843.94,0 97 225 232 209 361 213 170 367 328 248 258 376 368 290 343 66 349 344 243 117 178 82 41 16 380 369 196 78 98 27 176 144 342 370 306 202 338 203 168 15 399 0,82 176 225
PFG_MOEA,1403,11,270.73,5843.94,0 287 64 166 205 75 348 353 45 210 278 153 171 87 6 208 158 189 220 241 62 297 65 283 204 154 305 326 110 140 180 333 317 286 25 55 217 56 7 124 126 20 10 0,65 126
PFG_MOEA,1403,12,270.73,5843.94,0 2 119 128 295 40 32 276 239 122 296 332 347 138 336 222 95 101 194 147 324 275 323 363 352 277 102 223 244 211 104 310 100 282 383 382 0,2
PFG_MOEA,1404,1,369.23,5154.87,0 90 295 40 32 276 239 122 222 95 101 323 363 352 102 277 275 194 53 293 133 331 285 392 115 245 396 240 385 288 177 181 358 337 384 111 116 76 113 81 29 325 131 84 355 114 389 279 74 159 162 371 219 341 22 134 186 105 298 334 26 281 118 185 214 0,40 240 245 331
PFG_MOEA,1404,2,369.23,5154.87,0 91 24 212 375 284 14 184 318 70 292 263 8 373 169 108 72 52 130 44 386 0,318
PFG_MOEA,1404,3,369.23,5154.87,0 362 201 312 67 164 107 302 173 106 261 388 197 218 151 77 273 136 0,106
PFG_MOEA,1404,4,369.23,5154.87,0 399 172 182 397 36 11 92 86 141 266 303 357 319 199 228 267 366 289 231 34 58 68 161 235 35 249 88 135 233 156 94 230 374 350 311 4 314 193 340 299 321 269 120 142 37 51 145 123 137 59 109 127 57 226 19 13 80 38 0,340
PFG_MOEA,1404,5,369.23,5154.87,0 132 339 322 0,
PFG_MOEA,1404,6,369.23,5154.87,0 96 242 221 200 165 112 191 152 329 300 121 146 294 174 320 364 393 3 229 308 259 246 264 356 345 377 395 400 42 250 28 247 255 1 262 63 157 291 167 21 372 301 188 394 139 149 316 387 327 17 43 85 215 73 254 183 354 69 265 346 315 99 0,1 200 393
PFG_MOEA,1404,7,369.23,5154.87,0 93 398 227 234 213 190 251 175 390 18 103 155 83 378 31 304 0,
PFG_MOEA,1404,8,369.23,5154.87,0 48 192 330 238 129 148 260 391 0,
PFG_MOEA,1404,9,369.23,5154.87,0 268 272 30 65 283 326 305 154 204 6 208 205 166 66 271 39 0,272
PFG_MOEA,1404,10,369.23,5154.87,0 124 126 20 64 189 158 220 241 297 62 110 140 286 317 333 180 7 56 217 55 25 367 170 361 209 71 97 33 0,
PFG_MOEA,1404,11,369.23,5154.87,0 15 16 380 369 168 203 338 202 306 370 342 144 176 27 98 78 196 296 347 332 324 147 211 244 223 210 45 348 353 153 278 87 171 75 328 248 258 376 368 290 343 54 46 224 225 232 179 287 10 383 382 41 344 349 243 117 178 82 125 9 47 150 216 360 335 0,47 87 353
PFG_MOEA,1404,12,369.23,5154.87,0 207 307 313 359 365 253 206 187 100 310 104 282 143 79 160 50 60 257 270 379 195 5 309 280 351 237 256 274 49 198 163 138 336 252 236 381 23 128 119 2 89 12 61 0,
PFG_MOEA,1405,1,337.93,5308.22,0 187 206 253 313 359 365 0,
PFG_MOEA,1405,2,337.93,5308.22,0 207 307 198 280 351 256 237 101 53 293 133 331 285 392 95 222 163 138 336 252 236 128 119 2 89 12 61 0,133 222
PFG_MOEA,1405,3,337.93,5308.22,0 323 363 352 194 275 277 102 100 49 274 122 239 276 32 40 295 23 381 90 0,
PFG_MOEA,1405,4,337.93,5308.22,0 22 115 245 396 240 385 288 177 181 358 337 384 111 116 76 113 81 29 131 84 281 118 185 214 0,
PFG_MOEA,1405,5,337.93,5308.22,0 334 26 298 371 219 341 134 186 105 355 325 114 389 162 159 74 279 91 24 212 375 284 14 184 318 70 292 263 8 373 169 108 72 52 130 44 386 362 201 312 0,284
PFG_MOEA,1405,6,337.93,5308.22,0 399 172 182 397 36 11 92 86 141 266 303 357 319 199 228 267 366 289 231 34 58 68 161 235 35 249 88 135 233 156 94 230 57 127 109 59 137 136 273 77 151 218 197 388 261 106 173 302 107 164 67 294 226 19 13 80 38 0,
PFG_MOEA,1405,7,337.93,5308.22,0 374 350 311 4 314 193 340 299 321 269 120 142 37 51 145 123 146 121 322 339 132 174 320 364 393 3 229 308 356 264 259 246 42 1 255 247 152 191 112 329 300 165 200 221 242 96 0,132 264 340 393
PFG_MOEA,1405,8,337.93,5308.22,0 28 250 262 400 395 345 377 394 188 301 372 21 167 291 139 149 157 63 316 387 327 17 43 85 215 73 254 183 354 69 265 346 315 99 175 251 190 0,
PFG_MOEA,1405,9,337.93,5308.22,0 304 192 330 238 129 378 83 155 103 18 390 213 234 227 398 140 110 241 62 297 65 283 326 305 154 204 6 208 205 166 66 93 30 272 268 39 271 391 260 148 48 31 0,65 391
PFG_MOEA,1405,10,337.93,5308.22,0 33 71 225 97 232 209 361 170 367 25 55 217 56 7 317 286 333 180 220 158 189 64 20 126 124 224 10 287 179 0,
PFG_MOEA,1405,11,337.93,5308.22,0 15 168 203 369 16 380 335 360 216 150 9 47 125 309 5 195 379 270 210 45 348 353 153 278 87 171 75 328 248 54 46 383 382 344 349 243 117 178 82 41 0,82 87 195 353
PFG_MOEA,1405,12,337.93,5308.22,0 338 202 306 370 342 144 176 27 98 78 196 296 347 332 147 324 211 244 223 104 310 282 143 79 160 50 60 257 258 376 368 290 343 0,290
PFG_MOEA,1406,1,319.42,5478.6,0 222 0,
PFG_MOEA,1406,2,319.42,5478.6,0 95 101 323 363 352 102 277 275 194 53 293 133 331 285 392 115 245 396 240 385 288 177 181 358 337 384 111 116 76 113 81 29 325 131 84 355 114 389 279 74 159 162 371 219 341 22 134 186 105 298 334 26 281 0,105
PFG_MOEA,1406,3,319.42,5478.6,0 118 91 284 184 14 375 212 24 0,375
PFG_MOEA,1406,4,319.42,5478.6,0 399 397 36 11 92 199 86 141 266 319 357 303 289 366 267 228 8 263 292 70 318 373 169 108 72 52 130 44 386 362 201 312 67 164 107 302 173 106 261 388 197 218 151 77 273 136 182 172 0,86 197 318 362
PFG_MOEA,1406,5,319.42,5478.6,0 38 80 13 19 226 57 127 109 59 137 123 145 51 132 142 120 269 321 299 37 340 193 314 4 350 311 156 233 135 88 249 35 235 161 68 58 34 231 94 230 374 0,
PFG_MOEA,1406,6,319.42,5478.6,0 96 242 200 191 112 165 322 339 174 393 3 229 364 320 294 121 146 300 329 152 221 0,200 393
PFG_MOEA,1406,7,319.42,5478.6,0 93 85 247 28 246 259 308 264 356 345 377 395 400 42 250 255 1 262 63 157 291 167 21 372 301 188 394 139 149 316 387 327 17 43 73 215 254 183 354 69 265 346 315 99 390 175 251 190 18 213 234 227 398 0,
PFG_MOEA,1406,8,319.42,5478.6,0 304 31 48 330 192 129 238 148 260 391 271 66 166 205 208 6 204 154 305 326 283 65 62 297 241 158 189 220 110 140 103 155 83 378 124 126 20 64 30 272 268 39 0,62 205 220 391
PFG_MOEA,1406,9,319.42,5478.6,0 7 180 333 286 317 56 217 55 0,
PFG_MOEA,1406,10,319.42,5478.6,0 15 16 380 369 168 203 338 202 306 370 342 144 176 27 98 78 196 296 347 332 324 147 211 244 223 210 45 348 353 153 278 87 171 75 328 248 258 376 368 290 343 54 46 209 361 170 367 25 232 179 224 225 97 71 33 0,16 353 370
PFG_MOEA,1406,11,319.42,5478.6,0 365 253 206 61 89 2 119 128 216 336 138 163 150 47 125 9 100 282 310 104 143 79 160 50 60 257 270 379 195 5 309 280 351 237 256 287 10 383 382 344 349 243 117 178 82 41 0,47 138 178 206 243
PFG_MOEA,1406,12,319.42,5478.6,0 335 187 359 313 360 207 307 198 49 274 122 239 276 32 40 295 23 381 236 252 90 12 214 185 0,
PFG_MOEA,1407,1,312.87,5623.42,0 216 98 370 342 144 176 27 78 196 296 347 332 147 324 211 244 223 104 310 282 79 160 50 379 195 5 309 143 150 47 9 125 0,
PFG_MOEA,1407,2,312.87,5623.42,0 117 243 344 349 343 290 368 376 258 248 328 75 348 353 171 87 278 153 45 210 257 60 270 237 256 274 49 198 222 138 336 239 276 32 177 181 358 337 384 111 116 76 23 381 90 12 0,290 336 353
PFG_MOEA,1407,3,312.87,5623.42,0 22 118 185 214 2 119 128 236 252 40 295 122 392 285 331 133 293 53 101 352 363 323 194 275 277 102 100 351 280 95 163 61 89 207 307 313 359 253 365 0,307
PFG_MOEA,1407,4,312.87,5623.42,0 206 187 0,
PFG_MOEA,1407,5,312.87,5623.42,0 281 26 334 298 219 371 341 134 186 105 115 245 396 240 385 288 113 81 29 325 355 131 84 114 389 162 159 74 279 91 0,341
PFG_MOEA,1407,6,312.87,5623.42,0 80 13 19 226 57 127 109 59 137 136 273 77 151 218 197 388 261 106 173 302 107 164 67 312 201 362 386 44 130 52 72 108 169 373 8 263 292 70 318 184 14 284 375 212 24 303 357 319 182 172 38 0,318 362
PFG_MOEA,1407,7,312.87,5623.42,0 266 141 86 199 228 267 366 289 231 34 58 68 161 235 35 249 88 135 233 156 94 230 374 92 0,
PFG_MOEA,1407,8,312.87,5623.42,0 399 397 36 11 350 311 4 314 193 340 299 321 269 120 142 37 51 123 145 132 339 322 121 146 294 174 320 364 393 3 229 308 356 264 259 246 42 300 329 112 191 165 200 221 242 96 0,51 145 174 264 329
PFG_MOEA,1407,9,312.87,5623.42,0 152 247 28 250 345 377 395 400 394 188 301 372 167 21 139 291 262 1 255 0,
PFG_MOEA,1407,10,312.87,5623.42,0 85 215 73 43 17 327 387 316 149 157 63 354 183 254 69 265 346 315 99 175 251 190 390 18 103 155 83 378 0,175 390
PFG_MOEA,1407,11,312.87,5623.42,0 304 31 48 192 330 129 238 148 260 383 10 224 391 271 39 46 93 398 227 234 213 179 232 225 97 71 33 382 0,
PFG_MOEA,1407,12,312.87,5623.42,0 209 361 170 367 25 55 217 56 7 124 126 20 64 189 158 220 180 333 317 286 140 110 241 62 297 65 283 326 305 154 204 6 208 205 166 66 30 272 268 54 287 178 82 41 335 360 380 369 203 338 202 306 168 15 16 0,7 166 203 361
PFG_MOEA,1408,1,350.97,5291.61,0 22 118 185 214 2 119 252 236 128 381 23 40 32 295 239 122 392 285 331 133 293 53 101 352 363 323 194 275 277 102 100 274 256 237 351 280 376 368 290 343 349 344 243 117 0,23 293 352
PFG_MOEA,1408,2,350.97,5291.61,0 365 359 313 307 207 89 61 163 95 206 253 187 281 26 334 298 219 371 341 134 186 105 115 245 396 240 385 288 177 181 358 337 384 111 116 76 113 81 29 325 355 131 84 114 389 162 159 279 74 284 70 318 184 14 375 212 24 91 0,
PFG_MOEA,1408,3,350.97,5291.61,0 292 263 8 373 169 108 72 52 130 44 386 362 201 312 67 164 107 302 173 106 261 388 197 218 151 77 273 136 137 59 109 0,362 388
PFG_MOEA,1408,4,350.97,5291.61,0 38 80 13 19 226 57 127 68 161 58 34 231 289 366 267 228 199 86 141 266 357 303 319 182 172 0,182
PFG_MOEA,1408,5,350.97,5291.61,0 397 36 11 92 374 350 311 4 314 193 230 94 156 35 88 249 235 135 233 340 299 321 269 120 142 37 51 0,
PFG_MOEA,1408,6,350.97,5291.61,0 399 96 242 200 165 112 329 300 123 145 322 121 146 294 339 132 174 320 364 393 3 229 308 356 264 259 246 28 250 42 262 1 255 247 152 191 221 0,152 174 200 229 246
PFG_MOEA,1408,7,350.97,5291.61,0 345 377 395 400 394 188 301 372 21 167 291 139 149 157 63 316 387 327 17 43 85 215 73 254 183 354 69 265 346 315 99 175 251 190 390 18 103 155 213 234 83 378 0,
PFG_MOEA,1408,8,350.97,5291.61,0 224 93 398 227 71 97 225 232 179 0,
PFG_MOEA,1408,9,350.97,5291.61,0 304 31 48 192 330 129 238 148 33 209 361 170 367 25 55 217 56 7 124 126 20 64 189 158 220 180 333 317 286 140 110 241 62 297 65 283 326 305 154 204 6 208 205 166 66 30 272 268 54 46 39 271 391 10 287 383 382 260 16 369 380 0,39
PFG_MOEA,1408,10,350.97,5291.61,0 15 168 203 178 82 41 0,
PFG_MOEA,1408,11,350.97,5291.61,0 335 0,
PFG_MOEA,1408,12,350.97,5291.61,0 360 90 216 336 47 9 125 198 49 309 5 258 248 328 75 348 353 171 87 278 153 45 379 195 210 257 270 60 50 160 79 143 282 310 104 223 244 211 324 147 222 150 138 276 332 347 296 196 78 98 27 176 144 342 370 306 202 338 12 0,223 370
PFG_MOEA,1409,1,759.34,4800.0,0 219 341 105 389 114 84 131 355 325 29 81 113 76 116 111 384 337 358 181 177 288 385 240 396 245 115 392 285 331 133 293 53 163 150 9 125 47 216 89 61 206 253 365 0,245
PFG_MOEA,1409,2,759.34,4800.0,0 22 134 186 162 159 279 74 284 184 318 70 292 263 8 373 169 108 14 375 212 24 91 0,318
PFG_MOEA,1409,3,759.34,4800.0,0 304 31 48 148 260 224 71 33 129 238 330 192 200 165 112 191 152 127 57 109 59 137 273 136 247 17 43 85 215 73 254 69 354 183 327 387 157 149 188 394 316 63 262 1 255 250 28 42 400 395 377 345 356 264 259 246 308 229 197 218 151 77 107 164 67 302 388 3 106 173 261 320 364 393 312 201 362 329 300 123 51 145 322 121 146 294 174 339 132 120 142 37 269 321 299 340 233 135 88 249 35 161 235 68 58 34 386 231 289 366 267 228 44 130 52 72 303 357 319 266 141 86 92 199 156 94 230 311 374 11 36 397 350 4 314 193 182 172 13 19 226 221 242 96 80 38 0,33 106 174 200 303 311 394
PFG_MOEA,1409,4,759.34,4800.0,0 378 83 155 103 18 190 251 175 99 315 346 372 301 167 21 139 291 265 390 234 0,
PFG_MOEA,1409,5,759.34,4800.0,0 179 391 271 39 30 272 268 46 54 93 398 227 213 232 0,391
PFG_MOEA,1409,6,759.34,4800.0,0 225 0,
PFG_MOEA,1409,7,759.34,4800.0,0 97 209 361 170 367 0,
PFG_MOEA,1409,8,759.34,4800.0,0 399 15 168 203 338 202 306 370 342 144 176 27 98 78 196 369 380 16 41 82 178 117 243 344 349 66 343 290 368 376 258 248 328 75 348 353 45 210 278 153 171 87 6 208 205 166 158 189 220 241 62 297 65 283 204 154 305 326 110 140 180 333 317 286 25 55 217 56 7 124 126 20 64 287 10 383 382 0,62 66 205 220 342
PFG_MOEA,1409,9,759.34,4800.0,0 2 119 128 295 40 32 276 239 122 296 332 347 138 336 222 95 101 194 147 324 275 323 363 352 277 102 223 244 211 104 310 100 282 143 79 160 50 60 257 270 379 195 5 309 280 351 237 256 274 49 198 252 236 0,
PFG_MOEA,1409,10,759.34,4800.0,0 381 23 90 12 207 307 0,
PFG_MOEA,1409,11,759.34,4800.0,0 335 187 359 313 360 214 0,
PFG_MOEA,1409,12,759.34,4800.0,0 185 118 281 26 334 298 371 0,
PFG_MOEA,1410,1,314.81,5596.11,0 12 90 128 236 252 336 276 138 222 198 49 274 256 237 351 280 309 5 290 343 313 207 0,222
PFG_MOEA,1410,2,314.81,5596.11,0 91 292 263 8 373 169 108 14 375 212 24 371 219 341 298 334 26 281 118 185 214 295 40 32 239 122 95 101 352 363 323 194 275 277 102 100 23 381 119 2 307 359 187 148 48 31 304 0,23
PFG_MOEA,1410,3,314.81,5596.11,0 260 224 71 33 127 152 191 112 165 200 129 238 330 192 0,33
PFG_MOEA,1410,4,314.81,5596.11,0 57 67 302 173 106 3 388 164 107 77 151 218 197 229 308 246 259 264 356 345 377 395 400 42 28 250 255 1 262 63 316 394 188 149 157 387 327 183 354 69 254 73 215 85 43 17 247 136 273 137 59 109 0,
PFG_MOEA,1410,5,314.81,5596.11,0 329 300 362 123 51 145 322 121 146 201 261 320 364 393 312 294 174 339 132 206 253 365 360 335 0,362 393
PFG_MOEA,1410,6,314.81,5596.11,0 61 358 181 177 288 385 240 396 245 115 392 285 331 133 293 53 163 150 9 125 47 216 89 0,
PFG_MOEA,1410,7,314.81,5596.11,0 80 13 19 226 35 161 235 58 34 386 231 289 366 267 228 44 130 52 72 318 70 184 284 74 279 159 162 389 114 355 325 384 337 111 116 76 113 81 29 131 84 105 186 134 22 0,
PFG_MOEA,1410,8,314.81,5596.11,0 38 96 242 221 172 182 397 350 311 4 314 193 230 94 156 374 36 11 92 319 357 303 266 141 86 199 68 135 88 249 233 340 299 321 269 120 142 37 301 21 139 291 167 372 346 315 99 175 251 0,182
PFG_MOEA,1410,9,314.81,5596.11,0 97 225 232 179 391 271 158 241 62 297 65 283 204 154 305 326 110 140 286 317 333 180 220 126 124 7 56 217 55 25 367 170 361 209 227 234 213 190 390 265 18 103 155 83 378 398 93 54 46 268 272 30 39 0,65 154
PFG_MOEA,1410,10,314.81,5596.11,0 399 15 16 380 41 82 178 117 243 344 349 20 189 64 166 205 208 6 87 171 153 278 210 353 258 376 368 66 287 10 383 382 0,243
PFG_MOEA,1410,11,314.81,5596.11,0 369 338 203 168 0,
PFG_MOEA,1410,12,314.81,5596.11,0 202 306 370 342 144 176 27 98 78 196 296 347 332 324 147 211 244 223 104 310 282 143 79 160 50 60 257 270 379 195 45 348 75 328 248 0,370
PFG_MOEA,1411,1,411.21,4974.5,0 12 90 381 23 32 276 239 336 138 222 198 49 274 256 237 351 280 252 236 128 119 2 0,23
PFG_MOEA,1411,2,411.21,4974.5,0 22 118 185 214 295 40 122 392 285 331 133 293 53 101 352 363 323 194 275 277 102 100 95 163 61 89 207 307 313 359 365 253 206 187 0,22 100
PFG_MOEA,1411,3,411.21,4974.5,0 115 0,
PFG_MOEA,1411,4,411.21,4974.5,0 245 396 240 385 288 177 181 358 337 384 111 116 76 113 81 29 325 355 0,
PFG_MOEA,1411,5,411.21,4974.5,0 281 26 334 298 341 134 186 131 84 114 389 105 219 371 162 159 74 279 91 24 212 375 284 14 184 318 70 292 263 8 373 169 108 72 52 130 44 386 362 201 312 67 164 107 302 173 106 261 388 197 218 151 77 273 136 137 59 109 127 57 226 19 13 80 0,77 106 284
PFG_MOEA,1411,6,411.21,4974.5,0 38 172 182 319 303 357 266 141 86 199 228 267 366 289 231 34 58 68 161 235 35 249 88 135 233 156 94 230 374 92 11 36 397 350 311 4 314 193 340 299 321 269 120 142 37 51 123 145 132 339 322 121 146 294 174 320 364 393 3 229 308 356 264 259 246 42 300 329 112 221 242 96 0,51 174 229 246 299
PFG_MOEA,1411,7,411.21,4974.5,0 399 200 165 191 152 247 255 1 262 250 28 345 377 395 400 394 188 301 372 21 167 291 139 149 157 63 316 387 327 17 43 85 215 73 254 183 354 69 265 346 315 99 175 251 190 390 18 103 155 83 378 213 234 227 398 93 224 179 232 225 97 71 33 260 148 238 129 330 192 48 31 304 0,93
PFG_MOEA,1411,8,411.21,4974.5,0 382 383 10 391 271 39 46 54 268 272 30 66 166 205 208 6 204 154 305 326 283 65 297 62 241 110 140 286 317 333 180 220 158 189 64 20 126 124 7 56 217 55 25 367 170 361 209 287 0,55 62 66 220
PFG_MOEA,1411,9,411.21,4974.5,0 380 0,
PFG_MOEA,1411,10,411.21,4974.5,0 16 369 15 0,
PFG_MOEA,1411,11,411.21,4974.5,0 168 203 178 82 41 0,178
PFG_MOEA,1411,12,411.21,4974.5,0 335 360 338 202 306 370 342 144 176 27 98 78 196 296 347 332 216 47 125 9 150 147 324 211 244 223 104 310 282 143 309 5 195 379 79 160 50 60 270 257 210 45 153 278 87 171 353 348 75 328 248 258 376 368 290 343 349 344 243 117 0,
PFG_MOEA,1412,1,312.55,5795.78,0 336 138 239 122 296 347 332 324 275 277 104 211 244 223 102 352 363 323 194 147 101 95 222 0,122 211 222 277
PFG_MOEA,1412,2,312.55,5795.78,0 335 360 207 307 313 359 187 100 310 282 143 79 160 50 60 257 270 379 195 5 309 280 351 237 256 274 49 198 252 236 381 23 90 12 214 185 118 281 26 334 298 371 72 52 130 44 386 80 0,5 307
PFG_MOEA,1412,3,312.55,5795.78,0 13 19 226 57 127 109 59 137 136 273 77 151 218 197 388 261 106 173 302 107 164 67 312 201 362 123 51 145 294 174 339 132 142 120 269 321 299 0,174
PFG_MOEA,1412,4,312.55,5795.78,0 340 233 135 88 249 35 235 161 68 58 34 231 289 366 267 228 141 266 303 357 319 86 199 156 94 0,303
PFG_MOEA,1412,5,312.55,5795.78,0 38 172 182 397 36 11 92 374 230 311 350 4 314 193 37 322 121 146 320 364 393 3 229 308 356 264 259 246 42 300 329 112 191 152 221 242 96 0,42 264
PFG_MOEA,1412,6,312.55,5795.78,0 200 165 129 0,
PFG_MOEA,1412,7,312.55,5795.78,0 304 330 395 400 394 188 301 372 21 167 291 139 149 157 63 316 387 17 43 33 71 224 260 0,
PFG_MOEA,1412,8,312.55,5795.78,0 399 247 28 250 345 377 262 1 255 327 254 73 215 85 93 179 232 225 97 148 238 192 48 31 0,93
PFG_MOEA,1412,9,312.55,5795.78,0 378 69 183 354 265 346 315 99 175 251 190 390 18 103 155 83 234 213 227 398 209 361 170 367 25 55 217 56 7 180 333 317 286 140 110 62 297 65 283 326 305 154 204 6 208 241 220 158 189 64 20 126 124 0,175
PFG_MOEA,1412,10,312.55,5795.78,0 287 382 383 10 268 272 30 66 166 205 271 39 391 53 293 133 331 285 392 115 245 396 240 385 288 177 181 358 337 384 111 116 76 113 81 29 325 355 131 84 114 389 105 341 219 0,
PFG_MOEA,1412,11,312.55,5795.78,0 91 24 212 375 14 108 169 373 8 263 292 70 318 184 284 74 279 159 162 22 134 186 89 216 47 125 9 150 163 61 365 253 206 46 54 0,
PFG_MOEA,1412,12,312.55,5795.78,0 41 82 178 117 243 344 349 343 290 368 376 258 248 328 75 171 87 153 278 210 45 353 348 2 119 128 295 40 32 276 196 78 98 27 176 144 342 370 306 202 338 203 168 369 380 16 15 0,16 87 203
PFG_MOEA,1413,1,389.39,5146.42,0 163 78 53 293 133 331 285 392 98 115 245 27 396 240 385 288 177 181 358 337 384 111 116 76 113 81 29 325 355 131 84 114 389 91 279 74 159 162 371 219 298 341 22 134 186 105 118 185 0,
PFG_MOEA,1413,2,389.39,5146.42,0 281 26 334 24 212 375 284 14 184 318 70 292 263 8 373 169 108 72 52 130 44 386 51 145 123 362 201 294 312 67 164 107 302 173 106 261 388 197 218 151 77 273 136 137 59 109 127 57 226 19 13 80 0,
PFG_MOEA,1413,3,389.39,5146.42,0 142 339 174 132 120 269 321 299 340 233 135 88 249 35 235 161 68 58 34 231 289 366 267 228 141 266 303 357 319 86 199 156 94 230 374 92 11 36 397 350 311 4 314 193 0,88
PFG_MOEA,1413,4,389.39,5146.42,0 182 172 38 0,
PFG_MOEA,1413,5,389.39,5146.42,0 37 322 121 146 320 364 393 3 229 308 356 264 259 246 42 300 329 112 152 191 165 200 221 242 96 0,152 264 329
PFG_MOEA,1413,6,389.39,5146.42,0 129 33 71 224 260 0,
PFG_MOEA,1413,7,389.39,5146.42,0 399 247 255 1 262 250 28 345 377 395 400 394 188 301 372 21 167 291 139 149 157 63 316 387 17 43 73 254 327 183 354 69 215 85 93 179 232 225 97 148 48 238 330 192 31 304 0,395
PFG_MOEA,1413,8,389.39,5146.42,0 16 15 168 203 369 380 391 271 39 268 272 30 66 166 205 208 6 204 154 305 326 283 65 297 62 241 110 140 286 317 333 180 220 158 189 64 20 126 124 7 56 217 55 25 367 170 361 209 398 227 234 213 190 251 175 99 315 346 265 390 18 103 155 83 378 54 46 287 10 383 382 41 0,7 16 20 103 272
PFG_MOEA,1413,9,389.39,5146.42,0 82 178 117 243 368 376 258 353 153 171 87 278 210 143 237 256 274 49 100 282 310 104 102 277 275 194 323 363 352 101 198 95 222 138 122 276 336 252 236 128 23 381 90 119 2 12 0,
PFG_MOEA,1413,10,389.39,5146.42,0 344 349 351 280 309 5 79 160 50 60 257 270 379 195 45 348 75 328 248 290 343 187 0,
PFG_MOEA,1413,11,389.39,5146.42,0 214 295 40 32 239 370 342 144 176 150 47 9 125 216 89 61 207 307 313 359 206 253 365 360 335 0,176
PFG_MOEA,1413,12,389.39,5146.42,0 338 202 306 196 296 347 332 324 147 211 244 223 0,
PFG_MOEA,1414,1,413.96,4915.5,0 187 206 253 365 359 313 307 207 61 12 89 2 119 128 236 252 336 138 163 222 95 198 351 280 237 256 274 49 100 102 277 275 194 323 363 352 101 53 293 133 331 285 392 122 239 276 32 40 295 23 381 90 113 81 29 76 116 111 384 337 358 181 177 288 385 240 396 245 115 22 118 185 214 0,245 381
PFG_MOEA,1414,2,413.96,4915.5,0 281 84 131 325 355 114 389 186 134 341 298 26 334 0,
PFG_MOEA,1414,3,413.96,4915.5,0 371 219 105 162 159 74 279 91 24 212 375 284 14 184 318 70 292 263 8 373 169 108 72 52 130 44 386 362 201 312 67 164 107 302 173 106 261 388 197 218 151 77 273 136 137 59 0,
PFG_MOEA,1414,4,413.96,4915.5,0 57 127 109 226 0,
PFG_MOEA,1414,5,413.96,4915.5,0 19 0,
PFG_MOEA,1414,6,413.96,4915.5,0 38 303 357 266 141 86 199 228 267 366 289 231 34 58 68 161 235 35 249 88 135 233 319 182 172 13 80 0,88
PFG_MOEA,1414,7,413.96,4915.5,0 399 397 36 11 92 156 94 230 374 350 311 4 314 193 340 299 321 269 120 142 37 51 123 145 132 339 322 121 146 294 174 320 364 393 3 229 308 356 264 259 246 42 300 329 112 191 165 200 221 242 96 0,11 340 374 393
PFG_MOEA,1414,8,413.96,4915.5,0 152 247 255 1 262 250 28 345 377 395 400 394 188 301 372 21 167 291 139 149 157 63 316 387 327 17 43 85 215 73 254 183 354 69 265 346 315 99 175 251 190 390 18 103 155 83 378 213 234 227 398 93 0,1 152 175 227
PFG_MOEA,1414,9,413.96,4915.5,0 304 31 48 192 330 238 129 148 260 391 271 39 268 272 30 66 166 205 208 6 204 154 305 326 283 65 297 62 241 110 140 286 317 333 180 220 158 189 64 20 126 124 7 56 217 55 25 367 170 361 209 71 33 97 225 232 179 224 0,55 391
PFG_MOEA,1414,10,413.96,4915.5,0 287 10 383 382 0,
PFG_MOEA,1414,11,413.96,4915.5,0 16 15 168 203 369 380 82 178 117 243 349 344 54 46 41 0,
PFG_MOEA,1414,12,413.96,4915.5,0 335 360 216 150 9 47 125 309 5 343 290 368 376 258 248 328 75 171 87 278 153 353 348 45 210 195 379 270 257 60 50 160 79 143 282 310 104 223 244 211 324 147 332 347 296 196 78 98 27 176 144 342 370 306 202 338 0,
PFG_MOEA,1415,1,320.55,5348.04,0 80 13 172 182 397 36 11 92 233 135 88 249 35 235 161 68 58 34 231 289 319 399 0,
PFG_MOEA,1415,2,320.55,5348.04,0 374 230 94 156 311 350 4 314 193 340 299 321 269 120 142 132 339 174 320 364 308 229 3 393 294 146 121 322 123 145 51 37 0,393
PFG_MOEA,1415,3,320.55,5348.04,0 96 242 221 200 165 112 329 300 191 152 247 255 1 262 42 250 28 246 259 264 356 345 377 395 400 394 188 301 372 21 167 291 139 149 157 63 316 387 327 17 43 85 215 73 254 183 354 69 265 346 315 99 175 251 190 0,215
PFG_MOEA,1415,4,320.55,5348.04,0 304 31 192 330 238 129 398 227 234 213 18 390 286 140 110 241 93 260 148 48 0,
PFG_MOEA,1415,5,320.55,5348.04,0 317 333 0,
PFG_MOEA,1415,6,320.55,5348.04,0 33 71 209 361 170 367 25 55 217 56 7 180 220 158 189 64 20 126 124 224 10 383 382 16 203 168 15 0,25
PFG_MOEA,1415,7,320.55,5348.04,0 380 369 335 360 216 150 9 47 125 309 5 195 379 270 210 45 348 353 153 278 87 171 75 328 248 258 376 368 290 343 54 46 344 349 243 117 178 82 41 0,
PFG_MOEA,1415,8,320.55,5348.04,0 338 202 306 370 342 144 176 27 98 78 196 296 347 332 147 324 211 244 223 104 310 282 143 79 160 50 60 257 6 204 154 305 326 283 62 297 65 208 205 166 66 30 272 268 0,66
PFG_MOEA,1415,9,320.55,5348.04,0 187 206 253 365 359 313 307 207 61 12 89 2 119 128 236 252 336 138 163 222 95 198 351 256 237 280 391 271 39 378 83 155 103 232 179 287 225 97 0,138 307
PFG_MOEA,1415,10,320.55,5348.04,0 22 389 114 84 131 325 355 29 81 113 76 116 111 384 337 358 181 177 288 385 240 396 245 115 392 285 331 133 293 53 101 352 363 323 194 275 277 102 100 49 274 122 239 276 32 40 295 23 381 90 214 185 281 118 0,323 331
PFG_MOEA,1415,11,320.55,5348.04,0 334 298 26 105 186 134 341 219 371 24 212 375 14 184 318 70 292 263 8 373 169 284 74 279 91 159 162 0,134
PFG_MOEA,1415,12,320.55,5348.04,0 38 19 226 57 127 109 59 137 136 273 77 151 218 197 388 261 106 173 302 107 164 67 312 201 362 366 267 228 386 44 130 52 72 108 303 357 266 141 86 199 0,106 386
PFG_MOEA,1416,1,270.73,5843.94,0 335 187 309 5 195 379 270 257 60 50 160 79 143 280 351 237 256 274 49 198 252 236 381 23 90 12 207 307 0,
PFG_MOEA,1416,2,270.73,5843.94,0 61 313 359 206 253 365 360 214 185 118 281 26 334 298 371 22 134 186 162 159 292 263 8 373 318 70 184 284 74 279 0,134 284 313 318
PFG_MOEA,1416,3,270.73,5843.94,0 91 169 108 14 375 212 24 192 330 238 129 200 165 112 191 152 127 57 109 59 137 273 136 247 17 43 85 215 33 71 224 260 148 48 31 304 0,33 200
PFG_MOEA,1416,4,270.73,5843.94,0 73 254 69 354 183 327 387 157 149 188 394 316 63 262 1 255 250 28 42 400 395 377 345 356 264 259 246 308 229 197 218 151 77 107 164 67 302 388 3 106 173 261 320 364 0,
PFG_MOEA,1416,5,270.73,5843.94,0 329 300 362 123 51 145 322 121 146 201 312 393 294 174 339 132 120 142 0,145 174
PFG_MOEA,1416,6,270.73,5843.94,0 37 269 321 299 340 219 341 105 84 131 29 81 113 76 116 111 181 358 337 384 325 355 114 389 0,341
PFG_MOEA,1416,7,270.73,5843.94,0 89 216 47 125 9 150 163 53 293 133 331 285 392 115 245 396 240 385 288 177 34 58 235 135 233 88 249 35 161 68 0,133 240
PFG_MOEA,1416,8,270.73,5843.94,0 172 182 193 314 4 350 397 36 11 374 311 230 94 156 199 92 86 319 266 141 289 231 386 366 267 228 44 130 52 72 303 357 13 19 226 221 242 96 0,141 386
PFG_MOEA,1416,9,270.73,5843.94,0 38 80 378 83 291 139 21 167 301 372 346 315 265 390 99 175 251 190 18 103 155 234 227 398 93 54 46 268 272 30 39 271 391 179 0,
PFG_MOEA,1416,10,270.73,5843.94,0 97 225 232 209 361 213 170 367 328 248 258 376 368 290 343 66 349 344 243 117 178 82 41 16 380 369 196 78 98 27 176 144 342 370 306 202 338 203 168 15 399 0,82 176 225
PFG_MOEA,1416,11,270.73,5843.94,0 287 64 166 205 75 348 353 45 210 278 153 171 87 6 208 158 189 220 241 62 297 65 283 204 154 305 326 110 140 180 333 317 286 25 55 217 56 7 124 126 20 10 0,65 126
PFG_MOEA,1416,12,270.73,5843.94,0 2 119 128 295 40 32 276 239 122 296 332 347 138 336 222 95 101 194 147 324 275 323 363 352 277 102 223 244 211 104 310 100 282 383 382 0,2
PFG_MOEA,1417,1,369.23,5154.87,0 90 295 40 32 276 239 122 222 95 101 323 363 352 102 277 275 194 53 293 133 331 285 392 115 245 396 240 385 288 177 181 358 337 384 111 116 76 113 81 29 325 131 84 355 114 389 279 74 159 162 371 219 341 22 134 186 105 298 334 26 281 118 185 214 0,40 240 245 331
PFG_MOEA,1417,2,369.23,5154.87,0 91 24 212 375 284 14 184 318 70 292 263 8 373 169 108 72 52 130 44 386 0,318
PFG_MOEA,1417,3,369.23,5154.87,0 362 201 312 67 164 107 302 173 106 261 388 197 218 151 77 273 136 0,106
PFG_MOEA,1417,4,369.23,5154.87,0 399 172 182 397 36 11 92 86 141 266 303 357 319 199 228 267 366 289 231 34 58 68 161 235 35 249 88 135 233 156 94 230 374 350 311 4 314 193 340 299 321 269 120 142 37 51 145 123 137 59 109 127 57 226 19 13 80 38 0,340
PFG_MOEA,1417,5,369.23,5154.87,0 132 339 322 0,
PFG_MOEA,1417,6,369.23,5154.87,0 96 242 221 200 165 112 191 152 329 300 121 146 294 174 320 364 393 3 229 308 259 246 264 356 345 377 395 400 42 250 28 247 255 1 262 63 157 291 167 21 372 301 188 394 139 149 316 387 327 17 43 85 215 73 254 183 354 69 265 346 315 99 0,1 200 393
PFG_MOEA,1417,7,369.23,5154.87,0 93 398 227 234 213 190 251 175 390 18 103 155 83 378 31 304 0,
PFG_MOEA,1417,8,369.23,5154.87,0 48 192 330 238 129 148 260 391 0,
PFG_MOEA,1417,9,369.23,5154.87,0 268 272 30 65 283 326 305 154 204 6 208 205 166 66 271 39 0,272
PFG_MOEA,1417,10,369.23,5154.87,0 124 126 20 64 189 158 220 241 297 62 110 140 286 317 333 180 7 56 217 55 25 367 170 361 209 71 97 33 0,
PFG_MOEA,1417,11,369.23,5154.87,0 15 16 380 369 168 203 338 202 306 370 342 144 176 27 98 78 196 296 347 332 324 147 211 244 223 210 45 348 353 153 278 87 171 75 328 248 258 376 368 290 343 54 46 224 225 232 179 287 10 383 382 41 344 349 243 117 178 82 125 9 47 150 216 360 335 0,47 87 353
PFG_MOEA,1417,12,369.23,5154.87,0 207 307 313 359 365 253 206 187 100 310 104 282 143 79 160 50 60 257 270 379 195 5 309 280 351 237 256 274 49 198 163 138 336 252 236 381 23 128 119 2 89 12 61 0,
PFG_MOEA,1418,1,337.93,5308.22,0 187 206 253 313 359 365 0,
PFG_MOEA,1418,2,337.93,5308.22,0 207 307 198 280 351 256 237 101 53 293 133 331 285 392 95 222 163 138 336 252 236 128 119 2 89 12 61 0,133 222
PFG_MOEA,1418,3,337.93,5308.22,0 323 363 352 194 275 277 102 100 49 274 122 239 276 32 40 295 23 381 90 0,
PFG_MOEA,1418,4,337.93,5308.22,0 22 115 245 396 240 385 288 177 181 358 337 384 111 116 76 113 81 29 131 84 281 118 185 214 0,
PFG_MOEA,1418,5,337.93,5308.22,0 334 26 298 371 219 341 134 186 105 355 325 114 389 162 159 74 279 91 24 212 375 284 14 184 318 70 292 263 8 373 169 108 72 52 130 44 386 362 201 312 0,284
PFG_MOEA,1418,6,337.93,5308.22,0 399 172 182 397 36 11 92 86 141 266 303 357 319 199 228 267 366 289 231 34 58 68 161 235 35 249 88 135 233 156 94 230 57 127 109 59 137 136 273 77 151 218 197 388 261 106 173 302 107 164 67 294 226 19 13 80 38 0,
PFG_MOEA,1418,7,337.93,5308.22,0 374 350 311 4 314 193 340 299 321 269 120 142 37 51 145 123 146 121 322 339 132 174 320 364 393 3 229 308 356 264 259 246 42 1 255 247 152 191 112 329 300 165 200 221 242 96 0,132 264 340 393
PFG_MOEA,1418,8,337.93,5308.22,0 28 250 262 400 395 345 377 394 188 301 372 21 167 291 139 149 157 63 316 387 327 17 43 85 215 73 254 183 354 69 265 346 315 99 175 251 190 0,
PFG_MOEA,1418,9,337.93,5308.22,0 304 192 330 238 129 378 83 155 103 18 390 213 234 227 398 140 110 241 62 297 65 283 326 305 154 204 6 208 205 166 66 93 30 272 268 39 271 391 260 148 48 31 0,65 391
PFG_MOEA,1418,10,337.93,5308.22,0 33 71 225 97 232 209 361 170 367 25 55 217 56 7 317 286 333 180 220 158 189 64 20 126 124 224 10 287 179 0,
PFG_MOEA,1418,11,337.93,5308.22,0 15 168 203 369 16 380 335 360 216 150 9 47 125 309 5 195 379 270 210 45 348 353 153 278 87 171 75 328 248 54 46 383 382 344 349 243 117 178 82 41 0,82 87 195 353
PFG_MOEA,1418,12,337.93,5308.22,0 338 202 306 370 342 144 176 27 98 78 196 296 347 332 147 324 211 244 223 104 310 282 143 79 160 50 60 257 258 376 368 290 343 0,290
PFG_MOEA,1419,1,319.42,5478.6,0 222 0,
PFG_MOEA,1419,2,319.42,5478.6,0 95 101 323 363 352 102 277 275 194 53 293 133 331 285 392 115 245 396 240 385 288 177 181 358 337 384 111 116 76 113 81 29 325 131 84 355 114 389 279 74 159 162 371 219 341 22 134 186 105 298 334 26 281 0,105
PFG_MOEA,1419,3,319.42,5478.6,0 118 91 284 184 14 375 212 24 0,375
PFG_MOEA,1419,4,319.42,5478.6,0 399 397 36 11 92 199 86 141 266 319 357 303 289 366 267 228 8 263 292 70 318 373 169 108 72 52 130 44 386 362 201 312 67 164 107 302 173 106 261 388 197 218 151 77 273 136 182 172 0,86 197 318 362
PFG_MOEA,1419,5,319.42,5478.6,0 38 80 13 19 226 57 127 109 59 137 123 145 51 132 142 120 269 321 299 37 340 193 314 4 350 311 156 233 135 88 249 35 235 161 68 58 34 231 94 230 374 0,
PFG_MOEA,1419,6,319.42,5478.6,0 96 242 200 191 112 165 322 339 174 393 3 229 364 320 294 121 146 300 329 152 221 0,200 393
PFG_MOEA,1419,7,319.42,5478.6,0 93 85 247 28 246 259 308 264 356 345 377 395 400 42 250 255 1 262 63 157 291 167 21 372 301 188 394 139 149 316 387 327 17 43 73 215 254 183 354 69 265 346 315 99 390 175 251 190 18 213 234 227 398 0,
PFG_MOEA,1419,8,319.42,5478.6,0 304 31 48 330 192 129 238 148 260 391 271 66 166 205 208 6 204 154 305 326 283 65 62 297 241 158 189 220 110 140 103 155 83 378 124 126 20 64 30 272 268 39 0,62 205 220 391
PFG_MOEA,1419,9,319.42,5478.6,0 7 180 333 286 317 56 217 55 0,
PFG_MOEA,1419,10,319.42,5478.6,0 15 16 380 369 168 203 338 202 306 370 342 144 176 27 98 78 196 296 347 332 324 147 211 244 223 210 45 348 353 153 278 87 171 75 328 248 258 376 368 290 343 54 46 209 361 170 367 25 232 179 224 225 97 71 33 0,16 353 370
PFG_MOEA,1419,11,319.42,5478.6,0 365 253 206 61 89 2 119 128 216 336 138 163 150 47 125 9 100 282 310 104 143 79 160 50 60 257 270 379 195 5 309 280 351 237 256 287 10 383 382 344 349 243 117 178 82 41 0,47 138 178 206 243
PFG_MOEA,1419,12,319.42,5478.6,0 335 187 359 313 360 207 307 198 49 274 122 239 276 32 40 295 23 381 236 252 90 12 214 185 0,
PFG_MOEA,1420,1,312.87,5623.42,0 216 98 370 342 144 176 27 78 196 296 347 332 147 324 211 244 223 104 310 282 79 160 50 379 195 5 309 143 150 47 9 125 0,
PFG_MOEA,1420,2,312.87,5623.42,0 117 243 344 349 343 290 368 376 258 248 328 75 348 353 171 87 278 153 45 210 257 60 270 237 256 274 49 198 222 138 336 239 276 32 177 181 358 337 384 111 116 76 23 381 90 12 0,290 336 353
PFG_MOEA,1420,3,312.87,5623.42,0 22 118 185 214 2 119 128 236 252 40 295 122 392 285 331 133 293 53 101 352 363 323 194 275 277 102 100 351 280 95 163 61 89 207 307 313 359 253 365 0,307
PFG_MOEA,1420,4,312.87,5623.42,0 206 187 0,
PFG_MOEA,1420,5,312.87,5623.42,0 281 26 334 298 219 371 341 134 186 105 115 245 396 240 385 288 113 81 29 325 355 131 84 114 389 162 159 74 279 91 0,341
PFG_MOEA,1420,6,312.87,5623.42,0 80 13 19 226 57 127 109 59 137 136 273 77 151 218 197 388 261 106 173 302 107 164 67 312 201 362 386 44 130 52 72 108 169 373 8 263 292 70 318 184 14 284 375 212 24 303 357 319 182 172 38 0,318 362
PFG_MOEA,1420,7,312.87,5623.42,0 266 141 86 199 228 267 366 289 231 34 58 68 161 235 35 249 88 135 233 156 94 230 374 92 0,
PFG_MOEA,1420,8,312.87,5623.42,0 399 397 36 11 350 311 4 314 193 340 299 321 269 120 142 37 51 123 145 132 339 322 121 146 294 174 320 364 393 3 229 308 356 264 259 246 42 300 329 112 191 165 200 221 242 96 0,51 145 174 264 329
PFG_MOEA,1420,9,312.87,5623.42,0 152 247 28 250 345 377 395 400 394 188 301 372 167 21 139 291 262 1 255 0,
PFG_MOEA,1420,10,312.87,5623.42,0 85 215 73 43 17 327 387 316 149 157 63 354 183 254 69 265 346 315 99 175 251 190 390 18 103 155 83 378 0,175 390
PFG_MOEA,1420,11,312.87,5623.42,0 304 31 48 192 330 129 238 148 260 383 10 224 391 271 39 46 93 398 227 234 213 179 232 225 97 71 33 382 0,
PFG_MOEA,1420,12,312.87,5623.42,0 209 361 170 367 25 55 217 56 7 124 126 20 64 189 158 220 180 333 317 286 140 110 241 62 297 65 283 326 305 154 204 6 208 205 166 66 30 272 268 54 287 178 82 41 335 360 380 369 203 338 202 306 168 15 16 0,7 166 203 361
PFG_MOEA,1421,1,350.97,5291.61,0 22 118 185 214 2 119 252 236 128 381 23 40 32 295 239 122 392 285 331 133 293 53 101 352 363 323 194 275 277 102 100 274 256 237 351 280 376 368 290 343 349 344 243 117 0,23 293 352
PFG_MOEA,1421,2,350.97,5291.61,0 365 359 313 307 207 89 61 163 95 206 253 187 281 26 334 298 219 371 341 134 186 105 115 245 396 240 385 288 177 181 358 337 384 111 116 76 113 81 29 325 355 131 84 114 389 162 159 279 74 284 70 318 184 14 375 212 24 91 0,
PFG_MOEA,1421,3,350.97,5291.61,0 292 263 8 373 169 108 72 52 130 44 386 362 201 312 67 164 107 302 173 106 261 388 197 218 151 77 273 136 137 59 109 0,362 388
PFG_MOEA,1421,4,350.97,5291.61,0 38 80 13 19 226 57 127 68 161 58 34 231 289 366 267 228 199 86 141 266 357 303 319 182 172 0,182
PFG_MOEA,1421,5,350.97,5291.61,0 397 36 11 92 374 350 311 4 314 193 230 94 156 35 88 249 235 135 233 340 299 321 269 120 142 37 51 0,
PFG_MOEA,1421,6,350.97,5291.61,0 399 96 242 200 165 112 329 300 123 145 322 121 146 294 339 132 174 320 364 393 3 229 308 356 264 259 246 28 250 42 262 1 255 247 152 191 221 0,152 174 200 229 246
PFG_MOEA,1421,7,350.97,5291.61,0 345 377 395 400 394 188 301 372 21 167 291 139 149 157 63 316 387 327 17 43 85 215 73 254 183 354 69 265 346 315 99 175 251 190 390 18 103 155 213 234 83 378 0,
PFG_MOEA,1421,8,350.97,5291.61,0 224 93 398 227 71 97 225 232 179 0,
PFG_MOEA,1421,9,350.97,5291.61,0 304 31 48 192 330 129 238 148 33 209 361 170 367 25 55 217 56 7 124 126 20 64 189 158 220 180 333 317 286 140 110 241 62 297 65 283 326 305 154 204 6 208 205 166 66 30 272 268 54 46 39 271 391 10 287 383 382 260 16 369 380 0,39
PFG_MOEA,1421,10,350.97,5291.61,0 15 168 203 178 82 41 0,
PFG_MOEA,1421,11,350.97,5291.61,0 335 0,
PFG_MOEA,1421,12,350.97,5291.61,0 360 90 216 336 47 9 125 198 49 309 5 258 248 328 75 348 353 171 87 278 153 45 379 195 210 257 270 60 50 160 79 143 282 310 104 223 244 211 324 147 222 150 138 276 332 347 296 196 78 98 27 176 144 342 370 306 202 338 12 0,223 370
PFG_MOEA,1422,1,759.34,4800.0,0 219 341 105 389 114 84 131 355 325 29 81 113 76 116 111 384 337 358 181 177 288 385 240 396 245 115 392 285 331 133 293 53 163 150 9 125 47 216 89 61 206 253 365 0,245
PFG_MOEA,1422,2,759.34,4800.0,0 22 134 186 162 159 279 74 284 184 318 70 292 263 8 373 169 108 14 375 212 24 91 0,318
PFG_MOEA,1422,3,759.34,4800.0,0 304 31 48 148 260 224 71 33 129 238 330 192 200 165 112 191 152 127 57 109 59 137 273 136 247 17 43 85 215 73 254 69 354 183 327 387 157 149 188 394 316 63 262 1 255 250 28 42 400 395 377 345 356 264 259 246 308 229 197 218 151 77 107 164 67 302 388 3 106 173 261 320 364 393 312 201 362 329 300 123 51 145 322 121 146 294 174 339 132 120 142 37 269 321 299 340 233 135 88 249 35 161 235 68 58 34 386 231 289 366 267 228 44 130 52 72 303 357 319 266 141 86 92 199 156 94 230 311 374 11 36 397 350 4 314 193 182 172 13 19 226 221 242 96 80 38 0,33 106 174 200 303 311 394
PFG_MOEA,1422,4,759.34,4800.0,0 378 83 155 103 18 190 251 175 99 315 346 372 301 167 21 139 291 265 390 234 0,
PFG_MOEA,1422,5,759.34,4800.0,0 179 391 271 39 30 272 268 46 54 93 398 227 213 232 0,391
PFG_MOEA,1422,6,759.34,4800.0,0 225 0,
PFG_MOEA,1422,7,759.34,4800.0,0 97 209 361 170 367 0,
PFG_MOEA,1422,8,759.34,4800.0,0 399 15 168 203 338 202 306 370 342 144 176 27 98 78 196 369 380 16 41 82 178 117 243 344 349 66 343 290 368 376 258 248 328 75 348 353 45 210 278 153 171 87 6 208 205 166 158 189 220 241 62 297 65 283 204 154 305 326 110 140 180 333 317 286 25 55 217 56 7 124 126 20 64 287 10 383 382 0,62 66 205 220 342
PFG_MOEA,1422,9,759.34,4800.0,0 2 119 128 295 40 32 276 239 122 296 332 347 138 336 222 95 101 194 147 324 275 323 363 352 277 102 223 244 211 104 310 100 282 143 79 160 50 60 257 270 379 195 5 309 280 351 237 256 274 49 198 252 236 0,
PFG_MOEA,1422,10,759.34,4800.0,0 381 23 90 12 207 307 0,
PFG_MOEA,1422,11,759.34,4800.0,0 335 187 359 313 360 214 0,
PFG_MOEA,1422,12,759.34,4800.0,0 185 118 281 26 334 298 371 0,
PFG_MOEA,1423,1,314.81,5596.11,0 12 90 128 236 252 336 276 138 222 198 49 274 256 237 351 280 309 5 290 343 313 207 0,222
PFG_MOEA,1423,2,314.81,5596.11,0 91 292 263 8 373 169 108 14 375 212 24 371 219 341 298 334 26 281 118 185 214 295 40 32 239 122 95 101 352 363 323 194 275 277 102 100 23 381 119 2 307 359 187 148 48 31 304 0,23
PFG_MOEA,1423,3,314.81,5596.11,0 260 224 71 33 127 152 191 112 165 200 129 238 330 192 0,33
PFG_MOEA,1423,4,314.81,5596.11,0 57 67 302 173 106 3 388 164 107 77 151 218 197 229 308 246 259 264 356 345 377 395 400 42 28 250 255 1 262 63 316 394 188 149 157 387 327 183 354 69 254 73 215 85 43 17 247 136 273 137 59 109 0,
PFG_MOEA,1423,5,314.81,5596.11,0 329 300 362 123 51 145 322 121 146 201 261 320 364 393 312 294 174 339 132 206 253 365 360 335 0,362 393
PFG_MOEA,1423,6,314.81,5596.11,0 61 358 181 177 288 385 240 396 245 115 392 285 331 133 293 53 163 150 9 125 47 216 89 0,
PFG_MOEA,1423,7,314.81,5596.11,0 80 13 19 226 35 161 235 58 34 386 231 289 366 267 228 44 130 52 72 318 70 184 284 74 279 159 162 389 114 355 325 384 337 111 116 76 113 81 29 131 84 105 186 134 22 0,
PFG_MOEA,1423,8,314.81,5596.11,0 38 96 242 221 172 182 397 350 311 4 314 193 230 94 156 374 36 11 92 319 357 303 266 141 86 199 68 135 88 249 233 340 299 321 269 120 142 37 301 21 139 291 167 372 346 315 99 175 251 0,182
PFG_MOEA,1423,9,314.81,5596.11,0 97 225 232 179 391 271 158 241 62 297 65 283 204 154 305 326 110 140 286 317 333 180 220 126 124 7 56 217 55 25 367 170 361 209 227 234 213 190 390 265 18 103 155 83 378 398 93 54 46 268 272 30 39 0,65 154
PFG_MOEA,1423,10,314.81,5596.11,0 399 15 16 380 41 82 178 117 243 344 349 20 189 64 166 205 208 6 87 171 153 278 210 353 258 376 368 66 287 10 383 382 0,243
PFG_MOEA,1423,11,314.81,5596.11,0 369 338 203 168 0,
PFG_MOEA,1423,12,314.81,5596.11,0 202 306 370 342 144 176 27 98 78 196 296 347 332 324 147 211 244 223 104 310 282 143 79 160 50 60 257 270 379 195 45 348 75 328 248 0,370
PFG_MOEA,1424,1,411.21,4974.5,0 12 90 381 23 32 276 239 336 138 222 198 49 274 256 237 351 280 252 236 128 119 2 0,23
PFG_MOEA,1424,2,411.21,4974.5,0 22 118 185 214 295 40 122 392 285 331 133 293 53 101 352 363 323 194 275 277 102 100 95 163 61 89 207 307 313 359 365 253 206 187 0,22 100
PFG_MOEA,1424,3,411.21,4974.5,0 115 0,
PFG_MOEA,1424,4,411.21,4974.5,0 245 396 240 385 288 177 181 358 337 384 111 116 76 113 81 29 325 355 0,
PFG_MOEA,1424,5,411.21,4974.5,0 281 26 334 298 341 134 186 131 84 114 389 105 219 371 162 159 74 279 91 24 212 375 284 14 184 318 70 292 263 8 373 169 108 72 52 130 44 386 362 201 312 67 164 107 302 173 106 261 388 197 218 151 77 273 136 137 59 109 127 57 226 19 13 80 0,77 106 284
PFG_MOEA,1424,6,411.21,4974.5,0 38 172 182 319 303 357 266 141 86 199 228 267 366 289 231 34 58 68 161 235 35 249 88 135 233 156 94 230 374 92 11 36 397 350 311 4 314 193 340 299 321 269 120 142 37 51 123 145 132 339 322 121 146 294 174 320 364 393 3 229 308 356 264 259 246 42 300 329 112 221 242 96 0,51 174 229 246 299
PFG_MOEA,1424,7,411.21,4974.5,0 399 200 165 191 152 247 255 1 262 250 28 345 377 395 400 394 188 301 372 21 167 291 139 149 157 63 316 387 327 17 43 85 215 73 254 183 354 69 265 346 315 99 175 251 190 390 18 103 155 83 378 213 234 227 398 93 224 179 232 225 97 71 33 260 148 238 129 330 192 48 31 304 0,93
PFG_MOEA,1424,8,411.21,4974.5,0 382 383 10 391 271 39 46 54 268 272 30 66 166 205 208 6 204 154 305 326 283 65 297 62 241 110 140 286 317 333 180 220 158 189 64 20 126 124 7 56 217 55 25 367 170 361 209 287 0,55 62 66 220
PFG_MOEA,1424,9,411.21,4974.5,0 380 0,
PFG_MOEA,1424,10,411.21,4974.5,0 16 369 15 0,
PFG_MOEA,1424,11,411.21,4974.5,0 168 203 178 82 41 0,178
PFG_MOEA,1424,12,411.21,4974.5,0 335 360 338 202 306 370 342 144 176 27 98 78 196 296 347 332 216 47 125 9 150 147 324 211 244 223 104 310 282 143 309 5 195 379 79 160 50 60 270 257 210 45 153 278 87 171 353 348 75 328 248 258 376 368 290 343 349 344 243 117 0,
PFG_MOEA,1425,1,312.55,5795.78,0 336 138 239 122 296 347 332 324 275 277 104 211 244 223 102 352 363 323 194 147 101 95 222 0,122 211 222 277
PFG_MOEA,1425,2,312.55,5795.78,0 335 360 207 307 313 359 187 100 310 282 143 79 160 50 60 257 270 379 195 5 309 280 351 237 256 274 49 198 252 236 381 23 90 12 214 185 118 281 26 334 298 371 72 52 130 44 386 80 0,5 307
PFG_MOEA,1425,3,312.55,5795.78,0 13 19 226 57 127 109 59 137 136 273 77 151 218 197 388 261 106 173 302 107 164 67 312 201 362 123 51 145 294 174 339 132 142 120 269 321 299 0,174
PFG_MOEA,1425,4,312.55,5795.78,0 340 233 135 88 249 35 235 161 68 58 34 231 289 366 267 228 141 266 303 357 319 86 199 156 94 0,303
PFG_MOEA,1425,5,312.55,5795.78,0 38 172 182 397 36 11 92 374 230 311 350 4 314 193 37 322 121 146 320 364 393 3 229 308 356 264 259 246 42 300 329 112 191 152 221 242 96 0,42 264
PFG_MOEA,1425,6,312.55,5795.78,0 200 165 129 0,
PFG_MOEA,1425,7,312.55,5795.78,0 304 330 395 400 394 188 301 372 21 167 291 139 149 157 63 316 387 17 43 33 71 224 260 0,
PFG_MOEA,1425,8,312.55,5795.78,0 399 247 28 250 345 377 262 1 255 327 254 73 215 85 93 179 232 225 97 148 238 192 48 31 0,93
PFG_MOEA,1425,9,312.55,5795.78,0 378 69 183 354 265 346 315 99 175 251 190 390 18 103 155 83 234 213 227 398 209 361 170 367 25 55 217 56 7 180 333 317 286 140 110 62 297 65 283 326 305 154 204 6 208 241 220 158 189 64 20 126 124 0,175
PFG_MOEA,1425,10,312.55,5795.78,0 287 382 383 10 268 272 30 66 166 205 271 39 391 53 293 133 331 285 392 115 245 396 240 385 288 177 181 358 337 384 111 116 76 113 81 29 325 355 131 84 114 389 105 341 219 0,
PFG_MOEA,1425,11,312.55,5795.78,0 91 24 212 375 14 108 169 373 8 263 292 70 318 184 284 74 279 159 162 22 134 186 89 216 47 125 9 150 163 61 365 253 206 46 54 0,
PFG_MOEA,1425,12,312.55,5795.78,0 41 82 178 117 243 344 349 343 290 368 376 258 248 328 75 171 87 153 278 210 45 353 348 2 119 128 295 40 32 276 196 78 98 27 176 144 342 370 306 202 338 203 168 369 380 16 15 0,16 87 203
PFG_MOEA,1426,1,389.39,5146.42,0 163 78 53 293 133 331 285 392 98 115 245 27 396 240 385 288 177 181 358 337 384 111 116 76 113 81 29 325 355 131 84 114 389 91 279 74 159 162 371 219 298 341 22 134 186 105 118 185 0,
PFG_MOEA,1426,2,389.39,5146.42,0 281 26 334 24 212 375 284 14 184 318 70 292 263 8 373 169 108 72 52 130 44 386 51 145 123 362 201 294 312 67 164 107 302 173 106 261 388 197 218 151 77 273 136 137 59 109 127 57 226 19 13 80 0,
PFG_MOEA,1426,3,389.39,5146.42,0 142 339 174 132 120 269 321 299 340 233 135 88 249 35 235 161 68 58 34 231 289 366 267 228 141 266 303 357 319 86 199 156 94 230 374 92 11 36 397 350 311 4 314 193 0,88
PFG_MOEA,1426,4,389.39,5146.42,0 182 172 38 0,
PFG_MOEA,1426,5,389.39,5146.42,0 37 322 121 146 320 364 393 3 229 308 356 264 259 246 42 300 329 112 152 191 165 200 221 242 96 0,152 264 329
PFG_MOEA,1426,6,389.39,5146.42,0 129 33 71 224 260 0,
PFG_MOEA,1426,7,389.39,5146.42,0 399 247 255 1 262 250 28 345 377 395 400 394 188 301 372 21 167 291 139 149 157 63 316 387 17 43 73 254 327 183 354 69 215 85 93 179 232 225 97 148 48 238 330 192 31 304 0,395
PFG_MOEA,1426,8,389.39,5146.42,0 16 15 168 203 369 380 391 271 39 268 272 30 66 166 205 208 6 204 154 305 326 283 65 297 62 241 110 140 286 317 333 180 220 158 189 64 20 126 124 7 56 217 55 25 367 170 361 209 398 227 234 213 190 251 175 99 315 346 265 390 18 103 155 83 378 54 46 287 10 383 382 41 0,7 16 20 103 272
PFG_MOEA,1426,9,389.39,5146.42,0 82 178 117 243 368 376 258 353 153 171 87 278 210 143 237 256 274 49 100 282 310 104 102 277 275 194 323 363 352 101 198 95 222 138 122 276 336 252 236 128 23 381 90 119 2 12 0,
PFG_MOEA,1426,10,389.39,5146.42,0 344 349 351 280 309 5 79 160 50 60 257 270 379 195 45 348 75 328 248 290 343 187 0,
PFG_MOEA,1426,11,389.39,5146.42,0 214 295 40 32 239 370 342 144 176 150 47 9 125 216 89 61 207 307 313 359 206 253 365 360 335 0,176
PFG_MOEA,1426,12,389.39,5146.42,0 338 202 306 196 296 347 332 324 147 211 244 223 0,
PFG_MOEA,1427,1,413.96,4915.5,0 187 206 253 365 359 313 307 207 61 12 89 2 119 128 236 252 336 138 163 222 95 198 351 280 237 256 274 49 100 102 277 275 194 323 363 352 101 53 293 133 331 285 392 122 239 276 32 40 295 23 381 90 113 81 29 76 116 111 384 337 358 181 177 288 385 240 396 245 115 22 118 185 214 0,245 381
PFG_MOEA,1427,2,413.96,4915.5,0 281 84 131 325 355 114 389 186 134 341 298 26 334 0,
PFG_MOEA,1427,3,413.96,4915.5,0 371 219 105 162 159 74 279 91 24 212 375 284 14 184 318 70 292 263 8 373 169 108 72 52 130 44 386 362 201 312 67 164 107 302 173 106 261 388 197 218 151 77 273 136 137 59 0,
PFG_MOEA,1427,4,413.96,4915.5,0 57 127 109 226 0,
PFG_MOEA,1427,5,413.96,4915.5,0 19 0,
PFG_MOEA,1427,6,413.96,4915.5,0 38 303 357 266 141 86 199 228 267 366 289 231 34 58 68 161 235 35 249 88 135 233 319 182 172 13 80 0,88
PFG_MOEA,1427,7,413.96,4915.5,0 399 397 36 11 92 156 94 230 374 350 311 4 314 193 340 299 321 269 120 142 37 51 123 145 132 339 322 121 146 294 174 320 364 393 3 229 308 356 264 259 246 42 300 329 112 191 165 200 221 242 96 0,11 340 374 393
PFG_MOEA,1427,8,413.96,4915.5,0 152 247 255 1 262 250 28 345 377 395 400 394 188 301 372 21 167 291 139 149 157 63 316 387 327 17 43 85 215 73 254 183 354 69 265 346 315 99 175 251 190 390 18 103 155 83 378 213 234 227 398 93 0,1 152 175 227
PFG_MOEA,1427,9,413.96,4915.5,0 304 31 48 192 330 238 129 148 260 391 271 39 268 272 30 66 166 205 208 6 204 154 305 326 283 65 297 62 241 110 140 286 317 333 180 220 158 189 64 20 126 124 7 56 217 55 25 367 170 361 209 71 33 97 225 232 179 224 0,55 391
PFG_MOEA,1427,10,413.96,4915.5,0 287 10 383 382 0,
PFG_MOEA,1427,11,413.96,4915.5,0 16 15 168 203 369 380 82 178 117 243 349 344 54 46 41 0,
PFG_MOEA,1427,12,413.96,4915.5,0 335 360 216 150 9 47 125 309 5 343 290 368 376 258 248 328 75 171 87 278 153 353 348 45 210 195 379 270 257 60 50 160 79 143 282 310 104 223 244 211 324 147 332 347 296 196 78 98 27 176 144 342 370 306 202 338 0,
PFG_MOEA,1428,1,320.55,5348.04,0 80 13 172 182 397 36 11 92 233 135 88 249 35 235 161 68 58 34 231 289 319 399 0,
PFG_MOEA,1428,2,320.55,5348.04,0 374 230 94 156 311 350 4 314 193 340 299 321 269 120 142 132 339 174 320 364 308 229 3 393 294 146 121 322 123 145 51 37 0,393
PFG_MOEA,1428,3,320.55,5348.04,0 96 242 221 200 165 112 329 300 191 152 247 255 1 262 42 250 28 246 259 264 356 345 377 395 400 394 188 301 372 21 167 291 139 149 157 63 316 387 327 17 43 85 215 73 254 183 354 69 265 346 315 99 175 251 190 0,215
PFG_MOEA,1428,4,320.55,5348.04,0 304 31 192 330 238 129 398 227 234 213 18 390 286 140 110 241 93 260 148 48 0,
PFG_MOEA,1428,5,320.55,5348.04,0 317 333 0,
PFG_MOEA,1428,6,320.55,5348.04,0 33 71 209 361 170 367 25 55 217 56 7 180 220 158 189 64 20 126 124 224 10 383 382 16 203 168 15 0,25
PFG_MOEA,1428,7,320.55,5348.04,0 380 369 335 360 216 150 9 47 125 309 5 195 379 270 210 45 348 353 153 278 87 171 75 328 248 258 376 368 290 343 54 46 344 349 243 117 178 82 41 0,
PFG_MOEA,1428,8,320.55,5348.04,0 338 202 306 370 342 144 176 27 98 78 196 296 347 332 147 324 211 244 223 104 310 282 143 79 160 50 60 257 6 204 154 305 326 283 62 297 65 208 205 166 66 30 272 268 0,66
PFG_MOEA,1428,9,320.55,5348.04,0 187 206 253 365 359 313 307 207 61 12 89 2 119 128 236 252 336 138 163 222 95 198 351 256 237 280 391 271 39 378 83 155 103 232 179 287 225 97 0,138 307
PFG_MOEA,1428,10,320.55,5348.04,0 22 389 114 84 131 325 355 29 81 113 76 116 111 384 337 358 181 177 288 385 240 396 245 115 392 285 331 133 293 53 101 352 363 323 194 275 277 102 100 49 274 122 239 276 32 40 295 23 381 90 214 185 281 118 0,323 331
PFG_MOEA,1428,11,320.55,5348.04,0 334 298 26 105 186 134 341 219 371 24 212 375 14 184 318 70 292 263 8 373 169 284 74 279 91 159 162 0,134
PFG_MOEA,1428,12,320.55,5348.04,0 38 19 226 57 127 109 59 137 136 273 77 151 218 197 388 261 106 173 302 107 164 67 312 201 362 366 267 228 386 44 130 52 72 108 303 357 266 141 86 199 0,106 386
PFG_MOEA,1429,1,270.73,5843.94,0 335 187 309 5 195 379 270 257 60 50 160 79 143 280 351 237 256 274 49 198 252 236 381 23 90 12 207 307 0,
PFG_MOEA,1429,2,270.73,5843.94,0 61 313 359 206 253 365 360 214 185 118 281 26 334 298 371 22 134 186 162 159 292 263 8 373 318 70 184 284 74 279 0,134 284 313 318
PFG_MOEA,1429,3,270.73,5843.94,0 91 169 108 14 375 212 24 192 330 238 129 200 165 112 191 152 127 57 109 59 137 273 136 247 17 43 85 215 33 71 224 260 148 48 31 304 0,33 200
PFG_MOEA,1429,4,270.73,5843.94,0 73 254 69 354 183 327 387 157 149 188 394 316 63 262 1 255 250 28 42 400 395 377 345 356 264 259 246 308 229 197 218 151 77 107 164 67 302 388 3 106 173 261 320 364 0,
PFG_MOEA,1429,5,270.73,5843.94,0 329 300 362 123 51 145 322 121 146 201 312 393 294 174 339 132 120 142 0,145 174
PFG_MOEA,1429,6,270.73,5843.94,0 37 269 321 299 340 219 341 105 84 131 29 81 113 76 116 111 181 358 337 384 325 355 114 389 0,341
PFG_MOEA,1429,7,270.73,5843.94,0 89 216 47 125 9 150 163 53 293 133 331 285 392 115 245 396 240 385 288 177 34 58 235 135 233 88 249 35 161 68 0,133 240
PFG_MOEA,1429,8,270.73,5843.94,0 172 182 193 314 4 350 397 36 11 374 311 230 94 156 199 92 86 319 266 141 289 231 386 366 267 228 44 130 52 72 303 357 13 19 226 221 242 96 0,141 386
PFG_MOEA,1429,9,270.73,5843.94,0 38 80 378 83 291 139 21 167 301 372 346 315 265 390 99 175 251 190 18 103 155 234 227 398 93 54 46 268 272 30 39 271 391 179 0,
PFG_MOEA,1429,10,270.73,5843.94,0 97 225 232 209 361 213 170 367 328 248 258 376 368 290 343 66 349 344 243 117 178 82 41 16 380 369 196 78 98 27 176 144 342 370 306 202 338 203 168 15 399 0,82 176 225
PFG_MOEA,1429,11,270.73,5843.94,0 287 64 166 205 75 348 353 45 210 278 153 171 87 6 208 158 189 220 241 62 297 65 283 204 154 305 326 110 140 180 333 317 286 25 55 217 56 7 124 126 20 10 0,65 126
PFG_MOEA,1429,12,270.73,5843.94,0 2 119 128 295 40 32 276 239 122 296 332 347 138 336 222 95 101 194 147 324 275 323 363 352 277 102 223 244 211 104 310 100 282 383 382 0,2
PFG_MOEA,1430,1,369.23,5154.87,0 90 295 40 32 276 239 122 222 95 101 323 363 352 102 277 275 194 53 293 133 331 285 392 115 245 396 240 385 288 177 181 358 337 384 111 116 76 113 81 29 325 131 84 355 114 389 279 74 159 162 371 219 341 22 134 186 105 298 334 26 281 118 185 214 0,40 240 245 331
PFG_MOEA,1430,2,369.23,5154.87,0 91 24 212 375 284 14 184 318 70 292 263 8 373 169 108 72 52 130 44 386 0,318
PFG_MOEA,1430,3,369.23,5154.87,0 362 201 312 67 164 107 302 173 106 261 388 197 218 151 77 273 136 0,106
PFG_MOEA,1430,4,369.23,5154.87,0 399 172 182 397 36 11 92 86 141 266 303 357 319 199 228 267 366 289 231 34 58 68 161 235 35 249 88 135 233 156 94 230 374 350 311 4 314 193 340 299 321 269 120 142 37 51 145 123 137 59 109 127 57 226 19 13 80 38 0,340
PFG_MOEA,1430,5,369.23,5154.87,0 132 339 322 0,
PFG_MOEA,1430,6,369.23,5154.87,0 96 242 221 200 165 112 191 152 329 300 121 146 294 174 320 364 393 3 229 308 259 246 264 356 345 377 395 400 42 250 28 247 255 1 262 63 157 291 167 21 372 301 188 394 139 149 316 387 327 17 43 85 215 73 254 183 354 69 265 346 315 99 0,1 200 393
PFG_MOEA,1430,7,369.23,5154.87,0 93 398 227 234 213 190 251 175 390 18 103 155 83 378 31 304 0,
PFG_MOEA,1430,8,369.23,5154.87,0 48 192 330 238 129 148 260 391 0,
PFG_MOEA,1430,9,369.23,5154.87,0 268 272 30 65 283 326 305 154 204 6 208 205 166 66 271 39 0,272
PFG_MOEA,1430,10,369.23,5154.87,0 124 126 20 64 189 158 220 241 297 62 110 140 286 317 333 180 7 56 217 55 25 367 170 361 209 71 97 33 0,
PFG_MOEA,1430,11,369.23,5154.87,0 15 16 380 369 168 203 338 202 306 370 342 144 176 27 98 78 196 296 347 332 324 147 211 244 223 210 45 348 353 153 278 87 171 75 328 248 258 376 368 290 343 54 46 224 225 232 179 287 10 383 382 41 344 349 243 117 178 82 125 9 47 150 216 360 335 0,47 87 353
PFG_MOEA,1430,12,369.23,5154.87,0 207 307 313 359 365 253 206 187 100 310 104 282 143 79 160 50 60 257 270 379 195 5 309 280 351 237 256 274 49 198 163 138 336 252 236 381 23 128 119 2 89 12 61 0,
PFG_MOEA,1431,1,337.93,5308.22,0 187 206 253 313 359 365 0,
PFG_MOEA,1431,2,337.93,5308.22,0 207 307 198 280 351 256 237 101 53 293 133 331 285 392 95 222 163 138 336 252 236 128 119 2 89 12 61 0,133 222
PFG_MOEA,1431,3,337.93,5308.22,0 323 363 352 194 275 277 102 100 49 274 122 239 276 32 40 295 23 381 90 0,
PFG_MOEA,1431,4,337.93,5308.22,0 22 115 245 396 240 385 288 177 181 358 337 384 111 116 76 113 81 29 131 84 281 118 185 214 0,
PFG_MOEA,1431,5,337.93,5308.22,0 334 26 298 371 219 341 134 186 105 355 325 114 389 162 159 74 279 91 24 212 375 284 14 184 318 70 292 263 8 373 169 108 72 52 130 44 386 362 201 312 0,284
PFG_MOEA,1431,6,337.93,5308.22,0 399 172 182 397 36 11 92 86 141 266 303 357 319 199 228 267 366 289 231 34 58 68 161 235 35 249 88 135 233 156 94 230 57 127 109 59 137 136 273 77 151 218 197 388 261 106 173 302 107 164 67 294 226 19 13 80 38 0,
PFG_MOEA,1431,7,337.93,5308.22,0 374 350 311 4 314 193 340 299 321 269 120 142 37 51 145 123 146 121 322 339 132 174 320 364 393 3 229 308 356 264 259 246 42 1 255 247 152 191 112 329 300 165 200 221 242 96 0,132 264 340 393
PFG_MOEA,1431,8,337.93,5308.22,0 28 250 262 400 395 345 377 394 188 301 372 21 167 291 139 149 157 63 316 387 327 17 43 85 215 73 254 183 354 69 265 346 315 99 175 251 190 0,
PFG_MOEA,1431,9,337.93,5308.22,0 304 192 330 238 129 378 83 155 103 18 390 213 234 227 398 140 110 241 62 297 65 283 326 305 154 204 6 208 205 166 66 93 30 272 268 39 271 391 260 148 48 31 0,65 391
PFG_MOEA,1431,10,337.93,5308.22,0 33 71 225 97 232 209 361 170 367 25 55 217 56 7 317 286 333 180 220 158 189 64 20 126 124 224 10 287 179 0,
PFG_MOEA,1431,11,337.93,5308.22,0 15 168 203 369 16 380 335 360 216 150 9 47 125 309 5 195 379 270 210 45 348 353 153 278 87 171 75 328 248 54 46 383 382 344 349 243 117 178 82 41 0,82 87 195 353
PFG_MOEA,1431,12,337.93,5308.22,0 338 202 306 370 342 144 176 27 98 78 196 296 347 332 147 324 211 244 223 104 310 282 143 79 160 50 60 257 258 376 368 290 343 0,290
PFG_MOEA,1432,1,319.42,5478.6,0 222 0,
PFG_MOEA,1432,2,319.42,5478.6,0 95 101 323 363 352 102 277 275 194 53 293 133 331 285 392 115 245 396 240 385 288 177 181 358 337 384 111 116 76 113 81 29 325 131 84 355 114 389 279 74 159 162 371 219 341 22 134 186 105 298 334 26 281 0,105
PFG_MOEA,1432,3,319.42,5478.6,0 118 91 284 184 14 375 212 24 0,375
PFG_MOEA,1432,4,319.42,5478.6,0 399 397 36 11 92 199 86 141 266 319 357 303 289 366 267 228 8 263 292 70 318 373 169 108 72 52 130 44 386 362 201 312 67 164 107 302 173 106 261 388 197 218 151 77 273 136 182 172 0,86 197 318 362
PFG_MOEA,1432,5,319.42,5478.6,0 38 80 13 19 226 57 127 109 59 137 123 145 51 132 142 120 269 321 299 37 340 193 314 4 350 311 156 233 135 88 249 35 235 161 68 58 34 231 94 230 374 0,
PFG_MOEA,1432,6,319.42,5478.6,0 96 242 200 191 112 165 322 339 174 393 3 229 364 320 294 121 146 300 329 152 221 0,200 393
PFG_MOEA,1432,7,319.42,5478.6,0 93 85 247 28 246 259 308 264 356 345 377 395 400 42 250 255 1 262 63 157 291 167 21 372 301 188 394 139 149 316 387 327 17 43 73 215 254 183 354 69 265 346 315 99 390 175 251 190 18 213 234 227 398 0,
PFG_MOEA,1432,8,319.42,5478.6,0 304 31 48 330 192 129 238 148 260 391 271 66 166 205 208 6 204 154 305 326 283 65 62 297 241 158 189 220 110 140 103 155 83 378 124 126 20 64 30 272 268 39 0,62 205 220 391
PFG_MOEA,1432,9,319.42,5478.6,0 7 180 333 286 317 56 217 55 0,
PFG_MOEA,1432,10,319.42,5478.6,0 15 16 380 369 168 203 338 202 306 370 342 144 176 27 98 78 196 296 347 332 324 147 211 244 223 210 45 348 353 153 278 87 171 75 328 248 258 376 368 290 343 54 46 209 361 170 367 25 232 179 224 225 97 71 33 0,16 353 370
PFG_MOEA,1432,11,319.42,5478.6,0 365 253 206 61 89 2 119 128 216 336 138 163 150 47 125 9 100 282 310 104 143 79 160 50 60 257 270 379 195 5 309 280 351 237 256 287 10 383 382 344 349 243 117 178 82 41 0,47 138 178 206 243
PFG_MOEA,1432,12,319.42,5478.6,0 335 187 359 313 360 207 307 198 49 274 122 239 276 32 40 295 23 381 236 252 90 12 214 185 0,
PFG_MOEA,1433,1,312.87,5623.42,0 216 98 370 342 144 176 27 78 196 296 347 332 147 324 211 244 223 104 310 282 79 160 50 379 195 5 309 143 150 47 9 125 0,
PFG_MOEA,1433,2,312.87,5623.42,0 117 243 344 349 343 290 368 376 258 248 328 75 348 353 171 87 278 153 45 210 257 60 270 237 256 274 49 198 222 138 336 239 276 32 177 181 358 337 384 111 116 76 23 381 90 12 0,290 336 353
PFG_MOEA,1433,3,312.87,5623.42,0 22 118 185 214 2 119 128 236 252 40 295 122 392 285 331 133 293 53 101 352 363 323 194 275 277 102 100 351 280 95 163 61 89 207 307 313 359 253 365 0,307
PFG_MOEA,1433,4,312.87,5623.42,0 206 187 0,
PFG_MOEA,1433,5,312.87,5623.42,0 281 26 334 298 219 371 341 134 186 105 115 245 396 240 385 288 113 81 29 325 355 131 84 114 389 162 159 74 279 91 0,341
PFG_MOEA,1433,6,312.87,5623.42,0 80 13 19 226 57 127 109 59 137 136 273 77 151 218 197 388 261 106 173 302 107 164 67 312 201 362 386 44 130 52 72 108 169 373 8 263 292 70 318 184 14 284 375 212 24 303 357 319 182 172 38 0,318 362
PFG_MOEA,1433,7,312.87,5623.42,0 266 141 86 199 228 267 366 289 231 34 58 68 161 235 35 249 88 135 233 156 94 230 374 92 0,
PFG_MOEA,1433,8,312.87,5623.42,0 399 397 36 11 350 311 4 314 193 340 299 321 269 120 142 37 51 123 145 132 339 322 121 146 294 174 320 364 393 3 229 308 356 264 259 246 42 300 329 112 191 165 200 221 242 96 0,51 145 174 264 329
PFG_MOEA,1433,9,312.87,5623.42,0 152 247 28 250 345 377 395 400 394 188 301 372 167 21 139 291 262 1 255 0,
PFG_MOEA,1433,10,312.87,5623.42,0 85 215 73 43 17 327 387 316 149 157 63 354 183 254 69 265 346 315 99 175 251 190 390 18 103 155 83 378 0,175 390
PFG_MOEA,1433,11,312.87,5623.42,0 304 31 48 192 330 129 238 148 260 383 10 224 391 271 39 46 93 398 227 234 213 179 232 225 97 71 33 382 0,
PFG_MOEA,1433,12,312.87,5623.42,0 209 361 170 367 25 55 217 56 7 124 126 20 64 189 158 220 180 333 317 286 140 110 241 62 297 65 283 326 305 154 204 6 208 205 166 66 30 272 268 54 287 178 82 41 335 360 380 369 203 338 202 306 168 15 16 0,7 166 203 361
PFG_MOEA,1434,1,350.97,5291.61,0 22 118 185 214 2 119 252 236 128 381 23 40 32 295 239 122 392 285 331 133 293 53 101 352 363 323 194 275 277 102 100 274 256 237 351 280 376 368 290 343 349 344 243 117 0,23 293 352
PFG_MOEA,1434,2,350.97,5291.61,0 365 359 313 307 207 89 61 163 95 206 253 187 281 26 334 298 219 371 341 134 186 105 115 245 396 240 385 288 177 181 358 337 384 111 116 76 113 81 29 325 355 131 84 114 389 162 159 279 74 284 70 318 184 14 375 212 24 91 0,
PFG_MOEA,1434,3,350.97,5291.61,0 292 263 8 373 169 108 72 52 130 44 386 362 201 312 67 164 107 302 173 106 261 388 197 218 151 77 273 136 137 59 109 0,362 388
PFG_MOEA,1434,4,350.97,5291.61,0 38 80 13 19 226 57 127 68 161 58 34 231 289 366 267 228 199 86 141 266 357 303 319 182 172 0,182
PFG_MOEA,1434,5,350.97,5291.61,0 397 36 11 92 374 350 311 4 314 193 230 94 156 35 88 249 235 135 233 340 299 321 269 120 142 37 51 0,
PFG_MOEA,1434,6,350.97,5291.61,0 399 96 242 200 165 112 329 300 123 145 322 121 146 294 339 132 174 320 364 393 3 229 308 356 264 259 246 28 250 42 262 1 255 247 152 191 221 0,152 174 200 229 246
PFG_MOEA,1434,7,350.97,5291.61,0 345 377 395 400 394 188 301 372 21 167 291 139 149 157 63 316 387 327 17 43 85 215 73 254 183 354 69 265 346 315 99 175 251 190 390 18 103 155 213 234 83 378 0,
PFG_MOEA,1434,8,350.97,5291.61,0 224 93 398 227 71 97 225 232 179 0,
PFG_MOEA,1434,9,350.97,5291.61,0 304 31 48 192 330 129 238 148 33 209 361 170 367 25 55 217 56 7 124 126 20 64 189 158 220 180 333 317 286 140 110 241 62 297 65 283 326 305 154 204 6 208 205 166 66 30 272 268 54 46 39 271 391 10 287 383 382 260 16 369 380 0,39
PFG_MOEA,1434,10,350.97,5291.61,0 15 168 203 178 82 41 0,
PFG_MOEA,1434,11,350.97,5291.61,0 335 0,
PFG_MOEA,1434,12,350.97,5291.61,0 360 90 216 336 47 9 125 198 49 309 5 258 248 328 75 348 353 171 87 278 153 45 379 195 210 257 270 60 50 160 79 143 282 310 104 223 244 211 324 147 222 150 138 276 332 347 296 196 78 98 27 176 144 342 370 306 202 338 12 0,223 370
PFG_MOEA,1435,1,748.42,4875.65,0 399 38 80 96 242 221 226 19 13 172 182 319 303 357 266 141 86 199 228 267 366 289 231 34 58 68 161 235 35 249 88 135 233 156 94 230 374 92 11 36 397 350 311 4 314 193 340 299 321 269 37 142 120 132 339 51 145 123 300 329 112 165 200 191 152 57 127 109 59 137 136 247 255 1 262 42 250 28 273 77 151 146 121 322 294 174 320 364 393 3 106 261 388 229 218 197 246 259 308 264 356 345 377 395 400 394 188 301 372 21 167 291 139 149 157 63 316 387 327 17 43 85 215 73 254 183 354 69 265 346 315 99 175 251 190 390 18 103 155 83 378 213 234 227 0,1 94 174 314 340 390 395
PFG_MOEA,1435,2,748.42,4875.65,0 260 224 93 398 71 33 148 0,
PFG_MOEA,1435,3,748.42,4875.65,0 304 31 192 330 129 238 48 382 383 10 391 271 39 30 272 268 54 46 0,
PFG_MOEA,1435,4,748.42,4875.65,0 15 168 203 369 380 16 41 82 178 209 361 170 367 25 55 217 56 7 124 126 20 64 189 158 220 180 333 317 286 140 110 241 62 297 65 283 326 305 154 204 6 208 205 166 66 335 0,65 220 361
PFG_MOEA,1435,5,748.42,4875.65,0 12 90 381 216 47 125 9 150 360 117 243 349 344 287 97 225 232 179 343 290 368 376 258 248 328 75 348 353 171 87 278 153 45 210 257 270 60 50 160 79 379 195 5 309 143 282 310 104 223 244 211 324 147 347 332 331 285 296 196 78 392 98 115 245 27 176 144 342 240 370 396 385 288 306 177 181 358 337 384 111 116 76 113 81 29 325 355 131 84 338 202 114 389 22 0,176 210 370
PFG_MOEA,1435,6,748.42,4875.65,0 23 32 276 239 336 138 222 49 274 198 0,
PFG_MOEA,1435,7,748.42,4875.65,0 118 185 214 2 119 128 236 252 40 295 122 133 293 53 101 352 363 323 194 275 277 102 100 237 280 351 256 95 163 61 89 207 307 313 0,133 323
PFG_MOEA,1435,8,748.42,4875.65,0 365 359 253 206 0,
PFG_MOEA,1435,9,748.42,4875.65,0 187 0,
PFG_MOEA,1435,10,748.42,4875.65,0 281 26 334 298 341 105 186 134 162 371 219 0,
PFG_MOEA,1435,11,748.42,4875.65,0 159 279 74 284 184 318 70 292 14 375 212 24 91 0,375
PFG_MOEA,1435,12,748.42,4875.65,0 263 8 373 169 108 72 52 130 44 386 107 164 173 302 67 312 201 362 0,386
PFG_MOEA,1436,1,759.34,4800.0,0 219 341 105 389 114 84 131 355 325 29 81 113 76 116 111 384 337 358 181 177 288 385 240 396 245 115 392 285 331 133 293 53 163 150 9 125 47 216 89 61 206 253 365 0,245
PFG_MOEA,1436,2,759.34,4800.0,0 22 134 186 162 159 279 74 284 184 318 70 292 263 8 373 169 108 14 375 212 24 91 0,318
PFG_MOEA,1436,3,759.34,4800.0,0 304 31 48 148 260 224 71 33 129 238 330 192 200 165 112 191 152 127 57 109 59 137 273 136 247 17 43 85 215 73 254 69 354 183 327 387 157 149 188 394 316 63 262 1 255 250 28 42 400 395 377 345 356 264 259 246 308 229 197 218 151 77 107 164 67 302 388 3 106 173 261 320 364 393 312 201 362 329 300 123 51 145 322 121 146 294 174 339 132 120 142 37 269 321 299 340 233 135 88 249 35 161 235 68 58 34 386 231 289 366 267 228 44 130 52 72 303 357 319 266 141 86 92 199 156 94 230 311 374 11 36 397 350 4 314 193 182 172 13 19 226 221 242 96 80 38 0,33 106 174 200 303 311 394
PFG_MOEA,1436,4,759.34,4800.0,0 378 83 155 103 18 190 251 175 99 315 346 372 301 167 21 139 291 265 390 234 0,
PFG_MOEA,1436,5,759.34,4800.0,0 179 391 271 39 30 272 268 46 54 93 398 227 213 232 0,391
PFG_MOEA,1436,6,759.34,4800.0,0 225 0,
PFG_MOEA,1436,7,759.34,4800.0,0 97 209 361 170 367 0,
PFG_MOEA,1436,8,759.34,4800.0,0 399 15 168 203 338 202 306 370 342 144 176 27 98 78 196 369 380 16 41 82 178 117 243 344 349 66 343 290 368 376 258 248 328 75 348 353 45 210 278 153 171 87 6 208 205 166 158 189 220 241 62 297 65 283 204 154 305 326 110 140 180 333 317 286 25 55 217 56 7 124 126 20 64 287 10 383 382 0,62 66 205 220 342
PFG_MOEA,1436,9,759.34,4800.0,0 2 119 128 295 40 32 276 239 122 296 332 347 138 336 222 95 101 194 147 324 275 323 363 352 277 102 223 244 211 104 310 100 282 143 79 160 50 60 257 270 379 195 5 309 280 351 237 256 274 49 198 252 236 0,
PFG_MOEA,1436,10,759.34,4800.0,0 381 23 90 12 207 307 0,
PFG_MOEA,1436,11,759.34,4800.0,0 335 187 359 313 360 214 0,
PFG_MOEA,1436,12,759.34,4800.0,0 185 118 281 26 334 298 371 0,
PFG_MOEA,1437,1,314.81,5596.11,0 12 90 128 236 252 336 276 138 222 198 49 274 256 237 351 280 309 5 290 343 313 207 0,222
PFG_MOEA,1437,2,314.81,5596.11,0 91 292 263 8 373 169 108 14 375 212 24 371 219 341 298 334 26 281 118 185 214 295 40 32 239 122 95 101 352 363 323 194 275 277 102 100 23 381 119 2 307 359 187 148 48 31 304 0,23
PFG_MOEA,1437,3,314.81,5596.11,0 260 224 71 33 127 152 191 112 165 200 129 238 330 192 0,33
PFG_MOEA,1437,4,314.81,5596.11,0 57 67 302 173 106 3 388 164 107 77 151 218 197 229 308 246 259 264 356 345 377 395 400 42 28 250 255 1 262 63 316 394 188 149 157 387 327 183 354 69 254 73 215 85 43 17 247 136 273 137 59 109 0,
PFG_MOEA,1437,5,314.81,5596.11,0 329 300 362 123 51 145 322 121 146 201 261 320 364 393 312 294 174 339 132 206 253 365 360 335 0,362 393
PFG_MOEA,1437,6,314.81,5596.11,0 61 358 181 177 288 385 240 396 245 115 392 285 331 133 293 53 163 150 9 125 47 216 89 0,
PFG_MOEA,1437,7,314.81,5596.11,0 80 13 19 226 35 161 235 58 34 386 231 289 366 267 228 44 130 52 72 318 70 184 284 74 279 159 162 389 114 355 325 384 337 111 116 76 113 81 29 131 84 105 186 134 22 0,
PFG_MOEA,1437,8,314.81,5596.11,0 38 96 242 221 172 182 397 350 311 4 314 193 230 94 156 374 36 11 92 319 357 303 266 141 86 199 68 135 88 249 233 340 299 321 269 120 142 37 301 21 139 291 167 372 346 315 99 175 251 0,182
PFG_MOEA,1437,9,314.81,5596.11,0 97 225 232 179 391 271 158 241 62 297 65 283 204 154 305 326 110 140 286 317 333 180 220 126 124 7 56 217 55 25 367 170 361 209 227 234 213 190 390 265 18 103 155 83 378 398 93 54 46 268 272 30 39 0,65 154
PFG_MOEA,1437,10,314.81,5596.11,0 399 15 16 380 41 82 178 117 243 344 349 20 189 64 166 205 208 6 87 171 153 278 210 353 258 376 368 66 287 10 383 382 0,243
PFG_MOEA,1437,11,314.81,5596.11,0 369 338 203 168 0,
PFG_MOEA,1437,12,314.81,5596.11,0 202 306 370 342 144 176 27 98 78 196 296 347 332 324 147 211 244 223 104 310 282 143 79 160 50 60 257 270 379 195 45 348 75 328 248 0,370
PFG_MOEA,1438,1,411.21,4974.5,0 12 90 381 23 32 276 239 336 138 222 198 49 274 256 237 351 280 252 236 128 119 2 0,23
PFG_MOEA,1438,2,411.21,4974.5,0 22 118 185 214 295 40 122 392 285 331 133 293 53 101 352 363 323 194 275 277 102 100 95 163 61 89 207 307 313 359 365 253 206 187 0,22 100
PFG_MOEA,1438,3,411.21,4974.5,0 115 0,
PFG_MOEA,1438,4,411.21,4974.5,0 245 396 240 385 288 177 181 358 337 384 111 116 76 113 81 29 325 355 0,
PFG_MOEA,1438,5,411.21,4974.5,0 281 26 334 298 341 134 186 131 84 114 389 105 219 371 162 159 74 279 91 24 212 375 284 14 184 318 70 292 263 8 373 169 108 72 52 130 44 386 362 201 312 67 164 107 302 173 106 261 388 197 218 151 77 273 136 137 59 109 127 57 226 19 13 80 0,77 106 284
PFG_MOEA,1438,6,411.21,4974.5,0 38 172 182 319 303 357 266 141 86 199 228 267 366 289 231 34 58 68 161 235 35 249 88 135 233 156 94 230 374 92 11 36 397 350 311 4 314 193 340 299 321 269 120 142 37 51 123 145 132 339 322 121 146 294 174 320 364 393 3 229 308 356 264 259 246 42 300 329 112 221 242 96 0,51 174 229 246 299
PFG_MOEA,1438,7,411.21,4974.5,0 399 200 165 191 152 247 255 1 262 250 28 345 377 395 400 394 188 301 372 21 167 291 139 149 157 63 316 387 327 17 43 85 215 73 254 183 354 69 265 346 315 99 175 251 190 390 18 103 155 83 378 213 234 227 398 93 224 179 232 225 97 71 33 260 148 238 129 330 192 48 31 304 0,93
PFG_MOEA,1438,8,411.21,4974.5,0 382 383 10 391 271 39 46 54 268 272 30 66 166 205 208 6 204 154 305 326 283 65 297 62 241 110 140 286 317 333 180 220 158 189 64 20 126 124 7 56 217 55 25 367 170 361 209 287 0,55 62 66 220
PFG_MOEA,1438,9,411.21,4974.5,0 380 0,
PFG_MOEA,1438,10,411.21,4974.5,0 16 369 15 0,
PFG_MOEA,1438,11,411.21,4974.5,0 168 203 178 82 41 0,178
PFG_MOEA,1438,12,411.21,4974.5,0 335 360 338 202 306 370 342 144 176 27 98 78 196 296 347 332 216 47 125 9 150 147 324 211 244 223 104 310 282 143 309 5 195 379 79 160 50 60 270 257 210 45 153 278 87 171 353 348 75 328 248 258 376 368 290 343 349 344 243 117 0,
PFG_MOEA,1439,1,312.55,5795.78,0 336 138 239 122 296 347 332 324 275 277 104 211 244 223 102 352 363 323 194 147 101 95 222 0,122 211 222 277
PFG_MOEA,1439,2,312.55,5795.78,0 335 360 207 307 313 359 187 100 310 282 143 79 160 50 60 257 270 379 195 5 309 280 351 237 256 274 49 198 252 236 381 23 90 12 214 185 118 281 26 334 298 371 72 52 130 44 386 80 0,5 307
PFG_MOEA,1439,3,312.55,5795.78,0 13 19 226 57 127 109 59 137 136 273 77 151 218 197 388 261 106 173 302 107 164 67 312 201 362 123 51 145 294 174 339 132 142 120 269 321 299 0,174
PFG_MOEA,1439,4,312.55,5795.78,0 340 233 135 88 249 35 235 161 68 58 34 231 289 366 267 228 141 266 303 357 319 86 199 156 94 0,303
PFG_MOEA,1439,5,312.55,5795.78,0 38 172 182 397 36 11 92 374 230 311 350 4 314 193 37 322 121 146 320 364 393 3 229 308 356 264 259 246 42 300 329 112 191 152 221 242 96 0,42 264
PFG_MOEA,1439,6,312.55,5795.78,0 200 165 129 0,
PFG_MOEA,1439,7,312.55,5795.78,0 304 330 395 400 394 188 301 372 21 167 291 139 149 157 63 316 387 17 43 33 71 224 260 0,
PFG_MOEA,1439,8,312.55,5795.78,0 399 247 28 250 345 377 262 1 255 327 254 73 215 85 93 179 232 225 97 148 238 192 48 31 0,93
PFG_MOEA,1439,9,312.55,5795.78,0 378 69 183 354 265 346 315 99 175 251 190 390 18 103 155 83 234 213 227 398 209 361 170 367 25 55 217 56 7 180 333 317 286 140 110 62 297 65 283 326 305 154 204 6 208 241 220 158 189 64 20 126 124 0,175
PFG_MOEA,1439,10,312.55,5795.78,0 287 382 383 10 268 272 30 66 166 205 271 39 391 53 293 133 331 285 392 115 245 396 240 385 288 177 181 358 337 384 111 116 76 113 81 29 325 355 131 84 114 389 105 341 219 0,
PFG_MOEA,1439,11,312.55,5795.78,0 91 24 212 375 14 108 169 373 8 263 292 70 318 184 284 74 279 159 162 22 134 186 89 216 47 125 9 150 163 61 365 253 206 46 54 0,
PFG_MOEA,1439,12,312.55,5795.78,0 41 82 178 117 243 344 349 343 290 368 376 258 248 328 75 171 87 153 278 210 45 353 348 2 119 128 295 40 32 276 196 78 98 27 176 144 342 370 306 202 338 203 168 369 380 16 15 0,16 87 203
PFG_MOEA,1440,1,389.39,5146.42,0 163 78 53 293 133 331 285 392 98 115 245 27 396 240 385 288 177 181 358 337 384 111 116 76 113 81 29 325 355 131 84 114 389 91 279 74 159 162 371 219 298 341 22 134 186 105 118 185 0,
PFG_MOEA,1440,2,389.39,5146.42,0 281 26 334 24 212 375 284 14 184 318 70 292 263 8 373 169 108 72 52 130 44 386 51 145 123 362 201 294 312 67 164 107 302 173 106 261 388 197 218 151 77 273 136 137 59 109 127 57 226 19 13 80 0,
PFG_MOEA,1440,3,389.39,5146.42,0 142 339 174 132 120 269 321 299 340 233 135 88 249 35 235 161 68 58 34 231 289 366 267 228 141 266 303 357 319 86 199 156 94 230 374 92 11 36 397 350 311 4 314 193 0,88
PFG_MOEA,1440,4,389.39,5146.42,0 182 172 38 0,
PFG_MOEA,1440,5,389.39,5146.42,0 37 322 121 146 320 364 393 3 229 308 356 264 259 246 42 300 329 112 152 191 165 200 221 242 96 0,152 264 329
PFG_MOEA,1440,6,389.39,5146.42,0 129 33 71 224 260 0,
PFG_MOEA,1440,7,389.39,5146.42,0 399 247 255 1 262 250 28 345 377 395 400 394 188 301 372 21 167 291 139 149 157 63 316 387 17 43 73 254 327 183 354 69 215 85 93 179 232 225 97 148 48 238 330 192 31 304 0,395
PFG_MOEA,1440,8,389.39,5146.42,0 16 15 168 203 369 380 391 271 39 268 272 30 66 166 205 208 6 204 154 305 326 283 65 297 62 241 110 140 286 317 333 180 220 158 189 64 20 126 124 7 56 217 55 25 367 170 361 209 398 227 234 213 190 251 175 99 315 346 265 390 18 103 155 83 378 54 46 287 10 383 382 41 0,7 16 20 103 272
PFG_MOEA,1440,9,389.39,5146.42,0 82 178 117 243 368 376 258 353 153 171 87 278 210 143 237 256 274 49 100 282 310 104 102 277 275 194 323 363 352 101 198 95 222 138 122 276 336 252 236 128 23 381 90 119 2 12 0,
PFG_MOEA,1440,10,389.39,5146.42,0 344 349 351 280 309 5 79 160 50 60 257 270 379 195 45 348 75 328 248 290 343 187 0,
PFG_MOEA,1440,11,389.39,5146.42,0 214 295 40 32 239 370 342 144 176 150 47 9 125 216 89 61 207 307 313 359 206 253 365 360 335 0,176
PFG_MOEA,1440,12,389.39,5146.42,0 338 202 306 196 296 347 332 324 147 211 244 223 0,
PFG_MOEA,1441,1,413.96,4915.5,0 187 206 253 365 359 313 307 207 61 12 89 2 119 128 236 252 336 138 163 222 95 198 351 280 237 256 274 49 100 102 277 275 194 323 363 352 101 53 293 133 331 285 392 122 239 276 32 40 295 23 381 90 113 81 29 76 116 111 384 337 358 181 177 288 385 240 396 245 115 22 118 185 214 0,245 381
PFG_MOEA,1441,2,413.96,4915.5,0 281 84 131 325 355 114 389 186 134 341 298 26 334 0,
PFG_MOEA,1441,3,413.96,4915.5,0 371 219 105 162 159 74 279 91 24 212 375 284 14 184 318 70 292 263 8 373 169 108 72 52 130 44 386 362 201 312 67 164 107 302 173 106 261 388 197 218 151 77 273 136 137 59 0,
PFG_MOEA,1441,4,413.96,4915.5,0 57 127 109 226 0,
PFG_MOEA,1441,5,413.96,4915.5,0 19 0,
PFG_MOEA,1441,6,413.96,4915.5,0 38 303 357 266 141 86 199 228 267 366 289 231 34 58 68 161 235 35 249 88 135 233 319 182 172 13 80 0,88
PFG_MOEA,1441,7,413.96,4915.5,0 399 397 36 11 92 156 94 230 374 350 311 4 314 193 340 299 321 269 120 142 37 51 123 145 132 339 322 121 146 294 174 320 364 393 3 229 308 356 264 259 246 42 300 329 112 191 165 200 221 242 96 0,11 340 374 393
PFG_MOEA,1441,8,413.96,4915.5,0 152 247 255 1 262 250 28 345 377 395 400 394 188 301 372 21 167 291 139 149 157 63 316 387 327 17 43 85 215 73 254 183 354 69 265 346 315 99 175 251 190 390 18 103 155 83 378 213 234 227 398 93 0,1 152 175 227
PFG_MOEA,1441,9,413.96,4915.5,0 304 31 48 192 330 238 129 148 260 391 271 39 268 272 30 66 166 205 208 6 204 154 305 326 283 65 297 62 241 110 140 286 317 333 180 220 158 189 64 20 126 124 7 56 217 55 25 367 170 361 209 71 33 97 225 232 179 224 0,55 391
PFG_MOEA,1441,10,413.96,4915.5,0 287 10 383 382 0,
PFG_MOEA,1441,11,413.96,4915.5,0 16 15 168 203 369 380 82 178 117 243 349 344 54 46 41 0,
PFG_MOEA,1441,12,413.96,4915.5,0 335 360 216 150 9 47 125 309 5 343 290 368 376 258 248 328 75 171 87 278 153 353 348 45 210 195 379 270 257 60 50 160 79 143 282 310 104 223 244 211 324 147 332 347 296 196 78 98 27 176 144 342 370 306 202 338 0,
PFG_MOEA,1442,1,320.55,5348.04,0 80 13 172 182 397 36 11 92 233 135 88 249 35 235 161 68 58 34 231 289 319 399 0,
PFG_MOEA,1442,2,320.55,5348.04,0 374 230 94 156 311 350 4 314 193 340 299 321 269 120 142 132 339 174 320 364 308 229 3 393 294 146 121 322 123 145 51 37 0,393
PFG_MOEA,1442,3,320.55,5348.04,0 96 242 221 200 165 112 329 300 191 152 247 255 1 262 42 250 28 246 259 264 356 345 377 395 400 394 188 301 372 21 167 291 139 149 157 63 316 387 327 17 43 85 215 73 254 183 354 69 265 346 315 99 175 251 190 0,215
PFG_MOEA,1442,4,320.55,5348.04,0 304 31 192 330 238 129 398 227 234 213 18 390 286 140 110 241 93 260 148 48 0,
PFG_MOEA,1442,5,320.55,5348.04,0 317 333 0,
PFG_MOEA,1442,6,320.55,5348.04,0 33 71 209 361 170 367 25 55 217 56 7 180 220 158 189 64 20 126 124 224 10 383 382 16 203 168 15 0,25
PFG_MOEA,1442,7,320.55,5348.04,0 380 369 335 360 216 150 9 47 125 309 5 195 379 270 210 45 348 353 153 278 87 171 75 328 248 258 376 368 290 343 54 46 344 349 243 117 178 82 41 0,
PFG_MOEA,1442,8,320.55,5348.04,0 338 202 306 370 342 144 176 27 98 78 196 296 347 332 147 324 211 244 223 104 310 282 143 79 160 50 60 257 6 204 154 305 326 283 62 297 65 208 205 166 66 30 272 268 0,66
PFG_MOEA,1442,9,320.55,5348.04,0 187 206 253 365 359 313 307 207 61 12 89 2 119 128 236 252 336 138 163 222 95 198 351 256 237 280 391 271 39 378 83 155 103 232 179 287 225 97 0,138 307
PFG_MOEA,1442,10,320.55,5348.04,0 22 389 114 84 131 325 355 29 81 113 76 116 111 384 337 358 181 177 288 385 240 396 245 115 392 285 331 133 293 53 101 352 363 323 194 275 277 102 100 49 274 122 239 276 32 40 295 23 381 90 214 185 281 118 0,323 331
PFG_MOEA,1442,11,320.55,5348.04,0 334 298 26 105 186 134 341 219 371 24 212 375 14 184 318 70 292 263 8 373 169 284 74 279 91 159 162 0,134
PFG_MOEA,1442,12,320.55,5348.04,0 38 19 226 57 127 109 59 137 136 273 77 151 218 197 388 261 106 173 302 107 164 67 312 201 362 366 267 228 386 44 130 52 72 108 303 357 266 141 86 199 0,106 386
PFG_MOEA,1443,1,270.73,5843.94,0 335 187 309 5 195 379 270 257 60 50 160 79 143 280 351 237 256 274 49 198 252 236 381 23 90 12 207 307 0,
PFG_MOEA,1443,2,270.73,5843.94,0 61 313 359 206 253 365 360 214 185 118 281 26 334 298 371 22 134 186 162 159 292 263 8 373 318 70 184 284 74 279 0,134 284 313 318
PFG_MOEA,1443,3,270.73,5843.94,0 91 169 108 14 375 212 24 192 330 238 129 200 165 112 191 152 127 57 109 59 137 273 136 247 17 43 85 215 33 71 224 260 148 48 31 304 0,33 200
PFG_MOEA,1443,4,270.73,5843.94,0 73 254 69 354 183 327 387 157 149 188 394 316 63 262 1 255 250 28 42 400 395 377 345 356 264 259 246 308 229 197 218 151 77 107 164 67 302 388 3 106 173 261 320 364 0,
PFG_MOEA,1443,5,270.73,5843.94,0 329 300 362 123 51 145 322 121 146 201 312 393 294 174 339 132 120 142 0,145 174
PFG_MOEA,1443,6,270.73,5843.94,0 37 269 321 299 340 219 341 105 84 131 29 81 113 76 116 111 181 358 337 384 325 355 114 389 0,341
PFG_MOEA,1443,7,270.73,5843.94,0 89 216 47 125 9 150 163 53 293 133 331 285 392 115 245 396 240 385 288 177 34 58 235 135 233 88 249 35 161 68 0,133 240
PFG_MOEA,1443,8,270.73,5843.94,0 172 182 193 314 4 350 397 36 11 374 311 230 94 156 199 92 86 319 266 141 289 231 386 366 267 228 44 130 52 72 303 357 13 19 226 221 242 96 0,141 386
PFG_MOEA,1443,9,270.73,5843.94,0 38 80 378 83 291 139 21 167 301 372 346 315 265 390 99 175 251 190 18 103 155 234 227 398 93 54 46 268 272 30 39 271 391 179 0,
PFG_MOEA,1443,10,270.73,5843.94,0 97 225 232 209 361 213 170 367 328 248 258 376 368 290 343 66 349 344 243 117 178 82 41 16 380 369 196 78 98 27 176 144 342 370 306 202 338 203 168 15 399 0,82 176 225
PFG_MOEA,1443,11,270.73,5843.94,0 287 64 166 205 75 348 353 45 210 278 153 171 87 6 208 158 189 220 241 62 297 65 283 204 154 305 326 110 140 180 333 317 286 25 55 217 56 7 124 126 20 10 0,65 126
PFG_MOEA,1443,12,270.73,5843.94,0 2 119 128 295 40 32 276 239 122 296 332 347 138 336 222 95 101 194 147 324 275 323 363 352 277 102 223 244 211 104 310 100 282 383 382 0,2
PFG_MOEA,1444,1,369.23,5154.87,0 90 295 40 32 276 239 122 222 95 101 323 363 352 102 277 275 194 53 293 133 331 285 392 115 245 396 240 385 288 177 181 358 337 384 111 116 76 113 81 29 325 131 84 355 114 389 279 74 159 162 371 219 341 22 134 186 105 298 334 26 281 118 185 214 0,40 240 245 331
PFG_MOEA,1444,2,369.23,5154.87,0 91 24 212 375 284 14 184 318 70 292 263 8 373 169 108 72 52 130 44 386 0,318
PFG_MOEA,1444,3,369.23,5154.87,0 362 201 312 67 164 107 302 173 106 261 388 197 218 151 77 273 136 0,106
PFG_MOEA,1444,4,369.23,5154.87,0 399 172 182 397 36 11 92 86 141 266 303 357 319 199 228 267 366 289 231 34 58 68 161 235 35 249 88 135 233 156 94 230 374 350 311 4 314 193 340 299 321 269 120 142 37 51 145 123 137 59 109 127 57 226 19 13 80 38 0,340
PFG_MOEA,1444,5,369.23,5154.87,0 132 339 322 0,
PFG_MOEA,1444,6,369.23,5154.87,0 96 242 221 200 165 112 191 152 329 300 121 146 294 174 320 364 393 3 229 308 259 246 264 356 345 377 395 400 42 250 28 247 255 1 262 63 157 291 167 21 372 301 188 394 139 149 316 387 327 17 43 85 215 73 254 183 354 69 265 346 315 99 0,1 200 393
PFG_MOEA,1444,7,369.23,5154.87,0 93 398 227 234 213 190 251 175 390 18 103 155 83 378 31 304 0,
PFG_MOEA,1444,8,369.23,5154.87,0 48 192 330 238 129 148 260 391 0,
PFG_MOEA,1444,9,369.23,5154.87,0 268 272 30 65 283 326 305 154 204 6 208 205 166 66 271 39 0,272
PFG_MOEA,1444,10,369.23,5154.87,0 124 126 20 64 189 158 220 241 297 62 110 140 286 317 333 180 7 56 217 55 25 367 170 361 209 71 97 33 0,
PFG_MOEA,1444,11,369.23,5154.87,0 15 16 380 369 168 203 338 202 306 370 342 144 176 27 98 78 196 296 347 332 324 147 211 244 223 210 45 348 353 153 278 87 171 75 328 248 258 376 368 290 343 54 46 224 225 232 179 287 10 383 382 41 344 349 243 117 178 82 125 9 47 150 216 360 335 0,47 87 353
PFG_MOEA,1444,12,369.23,5154.87,0 207 307 313 359 365 253 206 187 100 310 104 282 143 79 160 50 60 257 270 379 195 5 309 280 351 237 256 274 49 198 163 138 336 252 236 381 23 128 119 2 89 12 61 0,
PFG_MOEA,1445,1,337.93,5308.22,0 187 206 253 313 359 365 0,
PFG_MOEA,1445,2,337.93,5308.22,0 207 307 198 280 351 256 237 101 53 293 133 331 285 392 95 222 163 138 336 252 236 128 119 2 89 12 61 0,133 222
PFG_MOEA,1445,3,337.93,5308.22,0 323 363 352 194 275 277 102 100 49 274 122 239 276 32 40 295 23 381 90 0,
PFG_MOEA,1445,4,337.93,5308.22,0 22 115 245 396 240 385 288 177 181 358 337 384 111 116 76 113 81 29 131 84 281 118 185 214 0,
PFG_MOEA,1445,5,337.93,5308.22,0 334 26 298 371 219 341 134 186 105 355 325 114 389 162 159 74 279 91 24 212 375 284 14 184 318 70 292 263 8 373 169 108 72 52 130 44 386 362 201 312 0,284
PFG_MOEA,1445,6,337.93,5308.22,0 399 172 182 397 36 11 92 86 141 266 303 357 319 199 228 267 366 289 231 34 58 68 161 235 35 249 88 135 233 156 94 230 57 127 109 59 137 136 273 77 151 218 197 388 261 106 173 302 107 164 67 294 226 19 13 80 38 0,
PFG_MOEA,1445,7,337.93,5308.22,0 374 350 311 4 314 193 340 299 321 269 120 142 37 51 145 123 146 121 322 339 132 174 320 364 393 3 229 308 356 264 259 246 42 1 255 247 152 191 112 329 300 165 200 221 242 96 0,132 264 340 393
PFG_MOEA,1445,8,337.93,5308.22,0 28 250 262 400 395 345 377 394 188 301 372 21 167 291 139 149 157 63 316 387 327 17 43 85 215 73 254 183 354 69 265 346 315 99 175 251 190 0,
PFG_MOEA,1445,9,337.93,5308.22,0 304 192 330 238 129 378 83 155 103 18 390 213 234 227 398 140 110 241 62 297 65 283 326 305 154 204 6 208 205 166 66 93 30 272 268 39 271 391 260 148 48 31 0,65 391
PFG_MOEA,1445,10,337.93,5308.22,0 33 71 225 97 232 209 361 170 367 25 55 217 56 7 317 286 333 180 220 158 189 64 20 126 124 224 10 287 179 0,
PFG_MOEA,1445,11,337.93,5308.22,0 15 168 203 369 16 380 335 360 216 150 9 47 125 309 5 195 379 270 210 45 348 353 153 278 87 171 75 328 248 54 46 383 382 344 349 243 117 178 82 41 0,82 87 195 353
PFG_MOEA,1445,12,337.93,5308.22,0 338 202 306 370 342 144 176 27 98 78 196 296 347 332 147 324 211 244 223 104 310 282 143 79 160 50 60 257 258 376 368 290 343 0,290
PFG_MOEA,1446,1,319.42,5478.6,0 222 0,
PFG_MOEA,1446,2,319.42,5478.6,0 95 101 323 363 352 102 277 275 194 53 293 133 331 285 392 115 245 396 240 385 288 177 181 358 337 384 111 116 76 113 81 29 325 131 84 355 114 389 279 74 159 162 371 219 341 22 134 186 105 298 334 26 281 0,105
PFG_MOEA,1446,3,319.42,5478.6,0 118 91 284 184 14 375 212 24 0,375
PFG_MOEA,1446,4,319.42,5478.6,0 399 397 36 11 92 199 86 141 266 319 357 303 289 366 267 228 8 263 292 70 318 373 169 108 72 52 130 44 386 362 201 312 67 164 107 302 173 106 261 388 197 218 151 77 273 136 182 172 0,86 197 318 362
PFG_MOEA,1446,5,319.42,5478.6,0 38 80 13 19 226 57 127 109 59 137 123 145 51 132 142 120 269 321 299 37 340 193 314 4 350 311 156 233 135 88 249 35 235 161 68 58 34 231 94 230 374 0,
PFG_MOEA,1446,6,319.42,5478.6,0 96 242 200 191 112 165 322 339 174 393 3 229 364 320 294 121 146 300 329 152 221 0,200 393
PFG_MOEA,1446,7,319.42,5478.6,0 93 85 247 28 246 259 308 264 356 345 377 395 400 42 250 255 1 262 63 157 291 167 21 372 301 188 394 139 149 316 387 327 17 43 73 215 254 183 354 69 265 346 315 99 390 175 251 190 18 213 234 227 398 0,
PFG_MOEA,1446,8,319.42,5478.6,0 304 31 48 330 192 129 238 148 260 391 271 66 166 205 208 6 204 154 305 326 283 65 62 297 241 158 189 220 110 140 103 155 83 378 124 126 20 64 30 272 268 39 0,62 205 220 391
PFG_MOEA,1446,9,319.42,5478.6,0 7 180 333 286 317 56 217 55 0,
PFG_MOEA,1446,10,319.42,5478.6,0 15 16 380 369 168 203 338 202 306 370 342 144 176 27 98 78 196 296 347 332 324 147 211 244 223 210 45 348 353 153 278 87 171 75 328 248 258 376 368 290 343 54 46 209 361 170 367 25 232 179 224 225 97 71 33 0,16 353 370
PFG_MOEA,1446,11,319.42,5478.6,0 365 253 206 61 89 2 119 128 216 336 138 163 150 47 125 9 100 282 310 104 143 79 160 50 60 257 270 379 195 5 309 280 351 237 256 287 10 383 382 344 349 243 117 178 82 41 0,47 138 178 206 243
PFG_MOEA,1446,12,319.42,5478.6,0 335 187 359 313 360 207 307 198 49 274 122 239 276 32 40 295 23 381 236 252 90 12 214 185 0,
PFG_MOEA,1447,1,312.87,5623.42,0 216 98 370 342 144 176 27 78 196 296 347 332 147 324 211 244 223 104 310 282 79 160 50 379 195 5 309 143 150 47 9 125 0,
PFG_MOEA,1447,2,312.87,5623.42,0 117 243 344 349 343 290 368 376 258 248 328 75 348 353 171 87 278 153 45 210 257 60 270 237 256 274 49 198 222 138 336 239 276 32 177 181 358 337 384 111 116 76 23 381 90 12 0,290 336 353
PFG_MOEA,1447,3,312.87,5623.42,0 22 118 185 214 2 119 128 236 252 40 295 122 392 285 331 133 293 53 101 352 363 323 194 275 277 102 100 351 280 95 163 61 89 207 307 313 359 253 365 0,307
PFG_MOEA,1447,4,312.87,5623.42,0 206 187 0,
PFG_MOEA,1447,5,312.87,5623.42,0 281 26 334 298 219 371 341 134 186 105 115 245 396 240 385 288 113 81 29 325 355 131 84 114 389 162 159 74 279 91 0,341
PFG_MOEA,1447,6,312.87,5623.42,0 80 13 19 226 57 127 109 59 137 136 273 77 151 218 197 388 261 106 173 302 107 164 67 312 201 362 386 44 130 52 72 108 169 373 8 263 292 70 318 184 14 284 375 212 24 303 357 319 182 172 38 0,318 362
PFG_MOEA,1447,7,312.87,5623.42,0 266 141 86 199 228 267 366 289 231 34 58 68 161 235 35 249 88 135 233 156 94 230 374 92 0,
PFG_MOEA,1447,8,312.87,5623.42,0 399 397 36 11 350 311 4 314 193 340 299 321 269 120 142 37 51 123 145 132 339 322 121 146 294 174 320 364 393 3 229 308 356 264 259 246 42 300 329 112 191 165 200 221 242 96 0,51 145 174 264 329
PFG_MOEA,1447,9,312.87,5623.42,0 152 247 28 250 345 377 395 400 394 188 301 372 167 21 139 291 262 1 255 0,
PFG_MOEA,1447,10,312.87,5623.42,0 85 215 73 43 17 327 387 316 149 157 63 354 183 254 69 265 346 315 99 175 251 190 390 18 103 155 83 378 0,175 390
PFG_MOEA,1447,11,312.87,5623.42,0 304 31 48 192 330 129 238 148 260 383 10 224 391 271 39 46 93 398 227 234 213 179 232 225 97 71 33 382 0,
PFG_MOEA,1447,12,312.87,5623.42,0 209 361 170 367 25 55 217 56 7 124 126 20 64 189 158 220 180 333 317 286 140 110 241 62 297 65 283 326 305 154 204 6 208 205 166 66 30 272 268 54 287 178 82 41 335 360 380 369 203 338 202 306 168 15 16 0,7 166 203 361
PFG_MOEA,1448,1,350.97,5291.61,0 22 118 185 214 2 119 252 236 128 381 23 40 32 295 239 122 392 285 331 133 293 53 101 352 363 323 194 275 277 102 100 274 256 237 351 280 376 368 290 343 349 344 243 117 0,23 293 352
PFG_MOEA,1448,2,350.97,5291.61,0 365 359 313 307 207 89 61 163 95 206 253 187 281 26 334 298 219 371 341 134 186 105 115 245 396 240 385 288 177 181 358 337 384 111 116 76 113 81 29 325 355 131 84 114 389 162 159 279 74 284 70 318 184 14 375 212 24 91 0,
PFG_MOEA,1448,3,350.97,5291.61,0 292 263 8 373 169 108 72 52 130 44 386 362 201 312 67 164 107 302 173 106 261 388 197 218 151 77 273 136 137 59 109 0,362 388
PFG_MOEA,1448,4,350.97,5291.61,0 38 80 13 19 226 57 127 68 161 58 34 231 289 366 267 228 199 86 141 266 357 303 319 182 172 0,182
PFG_MOEA,1448,5,350.97,5291.61,0 397 36 11 92 374 350 311 4 314 193 230 94 156 35 88 249 235 135 233 340 299 321 269 120 142 37 51 0,
PFG_MOEA,1448,6,350.97,5291.61,0 399 96 242 200 165 112 329 300 123 145 322 121 146 294 339 132 174 320 364 393 3 229 308 356 264 259 246 28 250 42 262 1 255 247 152 191 221 0,152 174 200 229 246
PFG_MOEA,1448,7,350.97,5291.61,0 345 377 395 400 394 188 301 372 21 167 291 139 149 157 63 316 387 327 17 43 85 215 73 254 183 354 69 265 346 315 99 175 251 190 390 18 103 155 213 234 83 378 0,
PFG_MOEA,1448,8,350.97,5291.61,0 224 93 398 227 71 97 225 232 179 0,
PFG_MOEA,1448,9,350.97,5291.61,0 304 31 48 192 330 129 238 148 33 209 361 170 367 25 55 217 56 7 124 126 20 64 189 158 220 180 333 317 286 140 110 241 62 297 65 283 326 305 154 204 6 208 205 166 66 30 272 268 54 46 39 271 391 10 287 383 382 260 16 369 380 0,39
PFG_MOEA,1448,10,350.97,5291.61,0 15 168 203 178 82 41 0,
PFG_MOEA,1448,11,350.97,5291.61,0 335 0,
PFG_MOEA,1448,12,350.97,5291.61,0 360 90 216 336 47 9 125 198 49 309 5 258 248 328 75 348 353 171 87 278 153 45 379 195 210 257 270 60 50 160 79 143 282 310 104 223 244 211 324 147 222 150 138 276 332 347 296 196 78 98 27 176 144 342 370 306 202 338 12 0,223 370
PFG_MOEA,1449,1,748.42,4875.65,0 399 38 80 96 242 221 226 19 13 172 182 319 303 357 266 141 86 199 228 267 366 289 231 34 58 68 161 235 35 249 88 135 233 156 94 230 374 92 11 36 397 350 311 4 314 193 340 299 321 269 37 142 120 132 339 51 145 123 300 329 112 165 200 191 152 57 127 109 59 137 136 247 255 1 262 42 250 28 273 77 151 146 121 322 294 174 320 364 393 3 106 261 388 229 218 197 246 259 308 264 356 345 377 395 400 394 188 301 372 21 167 291 139 149 157 63 316 387 327 17 43 85 215 73 254 183 354 69 265 346 315 99 175 251 190 390 18 103 155 83 378 213 234 227 0,1 94 174 314 340 390 395
PFG_MOEA,1449,2,748.42,4875.65,0 260 224 93 398 71 33 148 0,
PFG_MOEA,1449,3,748.42,4875.65,0 304 31 192 330 129 238 48 382 383 10 391 271 39 30 272 268 54 46 0,
PFG_MOEA,1449,4,748.42,4875.65,0 15 168 203 369 380 16 41 82 178 209 361 170 367 25 55 217 56 7 124 126 20 64 189 158 220 180 333 317 286 140 110 241 62 297 65 283 326 305 154 204 6 208 205 166 66 335 0,65 220 361
PFG_MOEA,1449,5,748.42,4875.65,0 12 90 381 216 47 125 9 150 360 117 243 349 344 287 97 225 232 179 343 290 368 376 258 248 328 75 348 353 171 87 278 153 45 210 257 270 60 50 160 79 379 195 5 309 143 282 310 104 223 244 211 324 147 347 332 331 285 296 196 78 392 98 115 245 27 176 144 342 240 370 396 385 288 306 177 181 358 337 384 111 116 76 113 81 29 325 355 131 84 338 202 114 389 22 0,176 210 370
PFG_MOEA,1449,6,748.42,4875.65,0 23 32 276 239 336 138 222 49 274 198 0,
PFG_MOEA,1449,7,748.42,4875.65,0 118 185 214 2 119 128 236 252 40 295 122 133 293 53 101 352 363 323 194 275 277 102 100 237 280 351 256 95 163 61 89 207 307 313 0,133 323
PFG_MOEA,1449,8,748.42,4875.65,0 365 359 253 206 0,
PFG_MOEA,1449,9,748.42,4875.65,0 187 0,
PFG_MOEA,1449,10,748.42,4875.65,0 281 26 334 298 341 105 186 134 162 371 219 0,
PFG_MOEA,1449,11,748.42,4875.65,0 159 279 74 284 184 318 70 292 14 375 212 24 91 0,375
PFG_MOEA,1449,12,748.42,4875.65,0 263 8 373 169 108 72 52 130 44 386 107 164 173 302 67 312 201 362 0,386
PFG_MOEA,1450,1,759.34,4800.0,0 219 341 105 389 114 84 131 355 325 29 81 113 76 116 111 384 337 358 181 177 288 385 240 396 245 115 392 285 331 133 293 53 163 150 9 125 47 216 89 61 206 253 365 0,245
PFG_MOEA,1450,2,759.34,4800.0,0 22 134 186 162 159 279 74 284 184 318 70 292 263 8 373 169 108 14 375 212 24 91 0,318
PFG_MOEA,1450,3,759.34,4800.0,0 304 31 48 148 260 224 71 33 129 238 330 192 200 165 112 191 152 127 57 109 59 137 273 136 247 17 43 85 215 73 254 69 354 183 327 387 157 149 188 394 316 63 262 1 255 250 28 42 400 395 377 345 356 264 259 246 308 229 197 218 151 77 107 164 67 302 388 3 106 173 261 320 364 393 312 201 362 329 300 123 51 145 322 121 146 294 174 339 132 120 142 37 269 321 299 340 233 135 88 249 35 161 235 68 58 34 386 231 289 366 267 228 44 130 52 72 303 357 319 266 141 86 92 199 156 94 230 311 374 11 36 397 350 4 314 193 182 172 13 19 226 221 242 96 80 38 0,33 106 174 200 303 311 394
PFG_MOEA,1450,4,759.34,4800.0,0 378 83 155 103 18 190 251 175 99 315 346 372 301 167 21 139 291 265 390 234 0,
PFG_MOEA,1450,5,759.34,4800.0,0 179 391 271 39 30 272 268 46 54 93 398 227 213 232 0,391
PFG_MOEA,1450,6,759.34,4800.0,0 225 0,
PFG_MOEA,1450,7,759.34,4800.0,0 97 209 361 170 367 0,
PFG_MOEA,1450,8,759.34,4800.0,0 399 15 168 203 338 202 306 370 342 144 176 27 98 78 196 369 380 16 41 82 178 117 243 344 349 66 343 290 368 376 258 248 328 75 348 353 45 210 278 153 171 87 6 208 205 166 158 189 220 241 62 297 65 283 204 154 305 326 110 140 180 333 317 286 25 55 217 56 7 124 126 20 64 287 10 383 382 0,62 66 205 220 342
PFG_MOEA,1450,9,759.34,4800.0,0 2 119 128 295 40 32 276 239 122 296 332 347 138 336 222 95 101 194 147 324 275 323 363 352 277 102 223 244 211 104 310 100 282 143 79 160 50 60 257 270 379 195 5 309 280 351 237 256 274 49 198 252 236 0,
PFG_MOEA,1450,10,759.34,4800.0,0 381 23 90 12 207 307 0,
PFG_MOEA,1450,11,759.34,4800.0,0 335 187 359 313 360 214 0,
PFG_MOEA,1450,12,759.34,4800.0,0 185 118 281 26 334 298 371 0,
PFG_MOEA,1451,1,314.81,5596.11,0 12 90 128 236 252 336 276 138 222 198 49 274 256 237 351 280 309 5 290 343 313 207 0,222
PFG_MOEA,1451,2,314.81,5596.11,0 91 292 263 8 373 169 108 14 375 212 24 371 219 341 298 334 26 281 118 185 214 295 40 32 239 122 95 101 352 363 323 194 275 277 102 100 23 381 119 2 307 359 187 148 48 31 304 0,23
PFG_MOEA,1451,3,314.81,5596.11,0 260 224 71 33 127 152 191 112 165 200 129 238 330 192 0,33
PFG_MOEA,1451,4,314.81,5596.11,0 57 67 302 173 106 3 388 164 107 77 151 218 197 229 308 246 259 264 356 345 377 395 400 42 28 250 255 1 262 63 316 394 188 149 157 387 327 183 354 69 254 73 215 85 43 17 247 136 273 137 59 109 0,
PFG_MOEA,1451,5,314.81,5596.11,0 329 300 362 123 51 145 322 121 146 201 261 320 364 393 312 294 174 339 132 206 253 365 360 335 0,362 393
PFG_MOEA,1451,6,314.81,5596.11,0 61 358 181 177 288 385 240 396 245 115 392 285 331 133 293 53 163 150 9 125 47 216 89 0,
PFG_MOEA,1451,7,314.81,5596.11,0 80 13 19 226 35 161 235 58 34 386 231 289 366 267 228 44 130 52 72 318 70 184 284 74 279 159 162 389 114 355 325 384 337 111 116 76 113 81 29 131 84 105 186 134 22 0,
PFG_MOEA,1451,8,314.81,5596.11,0 38 96 242 221 172 182 397 350 311 4 314 193 230 94 156 374 36 11 92 319 357 303 266 141 86 199 68 135 88 249 233 340 299 321 269 120 142 37 301 21 139 291 167 372 346 315 99 175 251 0,182
PFG_MOEA,1451,9,314.81,5596.11,0 97 225 232 179 391 271 158 241 62 297 65 283 204 154 305 326 110 140 286 317 333 180 220 126 124 7 56 217 55 25 367 170 361 209 227 234 213 190 390 265 18 103 155 83 378 398 93 54 46 268 272 30 39 0,65 154
PFG_MOEA,1451,10,314.81,5596.11,0 399 15 16 380 41 82 178 117 243 344 349 20 189 64 166 205 208 6 87 171 153 278 210 353 258 376 368 66 287 10 383 382 0,243
PFG_MOEA,1451,11,314.81,5596.11,0 369 338 203 168 0,
PFG_MOEA,1451,12,314.81,5596.11,0 202 306 370 342 144 176 27 98 78 196 296 347 332 324 147 211 244 223 104 310 282 143 79 160 50 60 257 270 379 195 45 348 75 328 248 0,370
PFG_MOEA,1452,1,411.21,4974.5,0 12 90 381 23 32 276 239 336 138 222 198 49 274 256 237 351 280 252 236 128 119 2 0,23
PFG_MOEA,1452,2,411.21,4974.5,0 22 118 185 214 295 40 122 392 285 331 133 293 53 101 352 363 323 194 275 277 102 100 95 163 61 89 207 307 313 359 365 253 206 187 0,22 100
PFG_MOEA,1452,3,411.21,4974.5,0 115 0,
PFG_MOEA,1452,4,411.21,4974.5,0 245 396 240 385 288 177 181 358 337 384 111 116 76 113 81 29 325 355 0,
PFG_MOEA,1452,5,411.21,4974.5,0 281 26 334 298 341 134 186 131 84 114 389 105 219 371 162 159 74 279 91 24 212 375 284 14 184 318 70 292 263 8 373 169 108 72 52 130 44 386 362 201 312 67 164 107 302 173 106 261 388 197 218 151 77 273 136 137 59 109 127 57 226 19 13 80 0,77 106 284
PFG_MOEA,1452,6,411.21,4974.5,0 38 172 182 319 303 357 266 141 86 199 228 267 366 289 231 34 58 68 161 235 35 249 88 135 233 156 94 230 374 92 11 36 397 350 311 4 314 193 340 299 321 269 120 142 37 51 123 145 132 339 322 121 146 294 174 320 364 393 3 229 308 356 264 259 246 42 300 329 112 221 242 96 0,51 174 229 246 299
PFG_MOEA,1452,7,411.21,4974.5,0 399 200 165 191 152 247 255 1 262 250 28 345 377 395 400 394 188 301 372 21 167 291 139 149 157 63 316 387 327 17 43 85 215 73 254 183 354 69 265 346 315 99 175 251 190 390 18 103 155 83 378 213 234 227 398 93 224 179 232 225 97 71 33 260 148 238 129 330 192 48 31 304 0,93
PFG_MOEA,1452,8,411.21,4974.5,0 382 383 10 391 271 39 46 54 268 272 30 66 166 205 208 6 204 154 305 326 283 65 297 62 241 110 140 286 317 333 180 220 158 189 64 20 126 124 7 56 217 55 25 367 170 361 209 287 0,55 62 66 220
PFG_MOEA,1452,9,411.21,4974.5,0 380 0,
PFG_MOEA,1452,10,411.21,4974.5,0 16 369 15 0,
PFG_MOEA,1452,11,411.21,4974.5,0 168 203 178 82 41 0,178
PFG_MOEA,1452,12,411.21,4974.5,0 335 360 338 202 306 370 342 144 176 27 98 78 196 296 347 332 216 47 125 9 150 147 324 211 244 223 104 310 282 143 309 5 195 379 79 160 50 60 270 257 210 45 153 278 87 171 353 348 75 328 248 258 376 368 290 343 349 344 243 117 0,
PFG_MOEA,1453,1,312.55,5795.78,0 336 138 239 122 296 347 332 324 275 277 104 211 244 223 102 352 363 323 194 147 101 95 222 0,122 211 222 277
PFG_MOEA,1453,2,312.55,5795.78,0 335 360 207 307 313 359 187 100 310 282 143 79 160 50 60 257 270 379 195 5 309 280 351 237 256 274 49 198 252 236 381 23 90 12 214 185 118 281 26 334 298 371 72 52 130 44 386 80 0,5 307
PFG_MOEA,1453,3,312.55,5795.78,0 13 19 226 57 127 109 59 137 136 273 77 151 218 197 388 261 106 173 302 107 164 67 312 201 362 123 51 145 294 174 339 132 142 120 269 321 299 0,174
PFG_MOEA,1453,4,312.55,5795.78,0 340 233 135 88 249 35 235 161 68 58 34 231 289 366 267 228 141 266 303 357 319 86 199 156 94 0,303
PFG_MOEA,1453,5,312.55,5795.78,0 38 172 182 397 36 11 92 374 230 311 350 4 314 193 37 322 121 146 320 364 393 3 229 308 356 264 259 246 42 300 329 112 191 152 221 242 96 0,42 264
PFG_MOEA,1453,6,312.55,5795.78,0 200 165 129 0,
PFG_MOEA,1453,7,312.55,5795.78,0 304 330 395 400 394 188 301 372 21 167 291 139 149 157 63 316 387 17 43 33 71 224 260 0,
PFG_MOEA,1453,8,312.55,5795.78,0 399 247 28 250 345 377 262 1 255 327 254 73 215 85 93 179 232 225 97 148 238 192 48 31 0,93
PFG_MOEA,1453,9,312.55,5795.78,0 378 69 183 354 265 346 315 99 175 251 190 390 18 103 155 83 234 213 227 398 209 361 170 367 25 55 217 56 7 180 333 317 286 140 110 62 297 65 283 326 305 154 204 6 208 241 220 158 189 64 20 126 124 0,175
PFG_MOEA,1453,10,312.55,5795.78,0 287 382 383 10 268 272 30 66 166 205 271 39 391 53 293 133 331 285 392 115 245 396 240 385 288 177 181 358 337 384 111 116 76 113 81 29 325 355 131 84 114 389 105 341 219 0,
PFG_MOEA,1453,11,312.55,5795.78,0 91 24 212 375 14 108 169 373 8 263 292 70 318 184 284 74 279 159 162 22 134 186 89 216 47 125 9 150 163 61 365 253 206 46 54 0,
PFG_MOEA,1453,12,312.55,5795.78,0 41 82 178 117 243 344 349 343 290 368 376 258 248 328 75 171 87 153 278 210 45 353 348 2 119 128 295 40 32 276 196 78 98 27 176 144 342 370 306 202 338 203 168 369 380 16 15 0,16 87 203
PFG_MOEA,1454,1,389.39,5146.42,0 163 78 53 293 133 331 285 392 98 115 245 27 396 240 385 288 177 181 358 337 384 111 116 76 113 81 29 325 355 131 84 114 389 91 279 74 159 162 371 219 298 341 22 134 186 105 118 185 0,
PFG_MOEA,1454,2,389.39,5146.42,0 281 26 334 24 212 375 284 14 184 318 70 292 263 8 373 169 108 72 52 130 44 386 51 145 123 362 201 294 312 67 164 107 302 173 106 261 388 197 218 151 77 273 136 137 59 109 127 57 226 19 13 80 0,
PFG_MOEA,1454,3,389.39,5146.42,0 142 339 174 132 120 269 321 299 340 233 135 88 249 35 235 161 68 58 34 231 289 366 267 228 141 266 303 357 319 86 199 156 94 230 374 92 11 36 397 350 311 4 314 193 0,88
PFG_MOEA,1454,4,389.39,5146.42,0 182 172 38 0,
PFG_MOEA,1454,5,389.39,5146.42,0 37 322 121 146 320 364 393 3 229 308 356 264 259 246 42 300 329 112 152 191 165 200 221 242 96 0,152 264 329
PFG_MOEA,1454,6,389.39,5146.42,0 129 33 71 224 260 0,
PFG_MOEA,1454,7,389.39,5146.42,0 399 247 255 1 262 250 28 345 377 395 400 394 188 301 372 21 167 291 139 149 157 63 316 387 17 43 73 254 327 183 354 69 215 85 93 179 232 225 97 148 48 238 330 192 31 304 0,395
PFG_MOEA,1454,8,389.39,5146.42,0 16 15 168 203 369 380 391 271 39 268 272 30 66 166 205 208 6 204 154 305 326 283 65 297 62 241 110 140 286 317 333 180 220 158 189 64 20 126 124 7 56 217 55 25 367 170 361 209 398 227 234 213 190 251 175 99 315 346 265 390 18 103 155 83 378 54 46 287 10 383 382 41 0,7 16 20 103 272
PFG_MOEA,1454,9,389.39,5146.42,0 82 178 117 243 368 376 258 353 153 171 87 278 210 143 237 256 274 49 100 282 310 104 102 277 275 194 323 363 352 101 198 95 222 138 122 276 336 252 236 128 23 381 90 119 2 12 0,
PFG_MOEA,1454,10,389.39,5146.42,0 344 349 351 280 309 5 79 160 50 60 257 270 379 195 45 348 75 328 248 290 343 187 0,
PFG_MOEA,1454,11,389.39,5146.42,0 214 295 40 32 239 370 342 144 176 150 47 9 125 216 89 61 207 307 313 359 206 253 365 360 335 0,176
PFG_MOEA,1454,12,389.39,5146.42,0 338 202 306 196 296 347 332 324 147 211 244 223 0,
PFG_MOEA,1455,1,413.96,4915.5,0 187 206 253 365 359 313 307 207 61 12 89 2 119 128 236 252 336 138 163 222 95 198 351 280 237 256 274 49 100 102 277 275 194 323 363 352 101 53 293 133 331 285 392 122 239 276 32 40 295 23 381 90 113 81 29 76 116 111 384 337 358 181 177 288 385 240 396 245 115 22 118 185 214 0,245 381
PFG_MOEA,1455,2,413.96,4915.5,0 281 84 131 325 355 114 389 186 134 341 298 26 334 0,
PFG_MOEA,1455,3,413.96,4915.5,0 371 219 105 162 159 74 279 91 24 212 375 284 14 184 318 70 292 263 8 373 169 108 72 52 130 44 386 362 201 312 67 164 107 302 173 106 261 388 197 218 151 77 273 136 137 59 0,
PFG_MOEA,1455,4,413.96,4915.5,0 57 127 109 226 0,
PFG_MOEA,1455,5,413.96,4915.5,0 19 0,
PFG_MOEA,1455,6,413.96,4915.5,0 38 303 357 266 141 86 199 228 267 366 289 231 34 58 68 161 235 35 249 88 135 233 319 182 172 13 80 0,88
PFG_MOEA,1455,7,413.96,4915.5,0 399 397 36 11 92 156 94 230 374 350 311 4 314 193 340 299 321 269 120 142 37 51 123 145 132 339 322 121 146 294 174 320 364 393 3 229 308 356 264 259 246 42 300 329 112 191 165 200 221 242 96 0,11 340 374 393
PFG_MOEA,1455,8,413.96,4915.5,0 152 247 255 1 262 250 28 345 377 395 400 394 188 301 372 21 167 291 139 149 157 63 316 387 327 17 43 85 215 73 254 183 354 69 265 346 315 99 175 251 190 390 18 103 155 83 378 213 234 227 398 93 0,1 152 175 227
PFG_MOEA,1455,9,413.96,4915.5,0 304 31 48 192 330 238 129 148 260 391 271 39 268 272 30 66 166 205 208 6 204 154 305 326 283 65 297 62 241 110 140 286 317 333 180 220 158 189 64 20 126 124 7 56 217 55 25 367 170 361 209 71 33 97 225 232 179 224 0,55 391
PFG_MOEA,1455,10,413.96,4915.5,0 287 10 383 382 0,
PFG_MOEA,1455,11,413.96,4915.5,0 16 15 168 203 369 380 82 178 117 243 349 344 54 46 41 0,
PFG_MOEA,1455,12,413.96,4915.5,0 335 360 216 150 9 47 125 309 5 343 290 368 376 258 248 328 75 171 87 278 153 353 348 45 210 195 379 270 257 60 50 160 79 143 282 310 104 223 244 211 324 147 332 347 296 196 78 98 27 176 144 342 370 306 202 338 0,
PFG_MOEA,1456,1,320.55,5348.04,0 80 13 172 182 397 36 11 92 233 135 88 249 35 235 161 68 58 34 231 289 319 399 0,
PFG_MOEA,1456,2,320.55,5348.04,0 374 230 94 156 311 350 4 314 193 340 299 321 269 120 142 132 339 174 320 364 308 229 3 393 294 146 121 322 123 145 51 37 0,393
PFG_MOEA,1456,3,320.55,5348.04,0 96 242 221 200 165 112 329 300 191 152 247 255 1 262 42 250 28 246 259 264 356 345 377 395 400 394 188 301 372 21 167 291 139 149 157 63 316 387 327 17 43 85 215 73 254 183 354 69 265 346 315 99 175 251 190 0,215
PFG_MOEA,1456,4,320.55,5348.04,0 304 31 192 330 238 129 398 227 234 213 18 390 286 140 110 241 93 260 148 48 0,
PFG_MOEA,1456,5,320.55,5348.04,0 317 333 0,
PFG_MOEA,1456,6,320.55,5348.04,0 33 71 209 361 170 367 25 55 217 56 7 180 220 158 189 64 20 126 124 224 10 383 382 16 203 168 15 0,25
PFG_MOEA,1456,7,320.55,5348.04,0 380 369 335 360 216 150 9 47 125 309 5 195 379 270 210 45 348 353 153 278 87 171 75 328 248 258 376 368 290 343 54 46 344 349 243 117 178 82 41 0,
PFG_MOEA,1456,8,320.55,5348.04,0 338 202 306 370 342 144 176 27 98 78 196 296 347 332 147 324 211 244 223 104 310 282 143 79 160 50 60 257 6 204 154 305 326 283 62 297 65 208 205 166 66 30 272 268 0,66
PFG_MOEA,1456,9,320.55,5348.04,0 187 206 253 365 359 313 307 207 61 12 89 2 119 128 236 252 336 138 163 222 95 198 351 256 237 280 391 271 39 378 83 155 103 232 179 287 225 97 0,138 307
PFG_MOEA,1456,10,320.55,5348.04,0 22 389 114 84 131 325 355 29 81 113 76 116 111 384 337 358 181 177 288 385 240 396 245 115 392 285 331 133 293 53 101 352 363 323 194 275 277 102 100 49 274 122 239 276 32 40 295 23 381 90 214 185 281 118 0,323 331
PFG_MOEA,1456,11,320.55,5348.04,0 334 298 26 105 186 134 341 219 371 24 212 375 14 184 318 70 292 263 8 373 169 284 74 279 91 159 162 0,134
PFG_MOEA,1456,12,320.55,5348.04,0 38 19 226 57 127 109 59 137 136 273 77 151 218 197 388 261 106 173 302 107 164 67 312 201 362 366 267 228 386 44 130 52 72 108 303 357 266 141 86 199 0,106 386
PFG_MOEA,1457,1,270.73,5843.94,0 335 187 309 5 195 379 270 257 60 50 160 79 143 280 351 237 256 274 49 198 252 236 381 23 90 12 207 307 0,
PFG_MOEA,1457,2,270.73,5843.94,0 61 313 359 206 253 365 360 214 185 118 281 26 334 298 371 22 134 186 162 159 292 263 8 373 318 70 184 284 74 279 0,134 284 313 318
PFG_MOEA,1457,3,270.73,5843.94,0 91 169 108 14 375 212 24 192 330 238 129 200 165 112 191 152 127 57 109 59 137 273 136 247 17 43 85 215 33 71 224 260 148 48 31 304 0,33 200
PFG_MOEA,1457,4,270.73,5843.94,0 73 254 69 354 183 327 387 157 149 188 394 316 63 262 1 255 250 28 42 400 395 377 345 356 264 259 246 308 229 197 218 151 77 107 164 67 302 388 3 106 173 261 320 364 0,
PFG_MOEA,1457,5,270.73,5843.94,0 329 300 362 123 51 145 322 121 146 201 312 393 294 174 339 132 120 142 0,145 174
PFG_MOEA,1457,6,270.73,5843.94,0 37 269 321 299 340 219 341 105 84 131 29 81 113 76 116 111 181 358 337 384 325 355 114 389 0,341
PFG_MOEA,1457,7,270.73,5843.94,0 89 216 47 125 9 150 163 53 293 133 331 285 392 115 245 396 240 385 288 177 34 58 235 135 233 88 249 35 161 68 0,133 240
PFG_MOEA,1457,8,270.73,5843.94,0 172 182 193 314 4 350 397 36 11 374 311 230 94 156 199 92 86 319 266 141 289 231 386 366 267 228 44 130 52 72 303 357 13 19 226 221 242 96 0,141 386
PFG_MOEA,1457,9,270.73,5843.94,0 38 80 378 83 291 139 21 167 301 372 346 315 265 390 99 175 251 190 18 103 155 234 227 398 93 54 46 268 272 30 39 271 391 179 0,
PFG_MOEA,1457,10,270.73,5843.94,0 97 225 232 209 361 213 170 367 328 248 258 376 368 290 343 66 349 344 243 117 178 82 41 16 380 369 196 78 98 27 176 144 342 370 306 202 338 203 168 15 399 0,82 176 225
PFG_MOEA,1457,11,270.73,5843.94,0 287 64 166 205 75 348 353 45 210 278 153 171 87 6 208 158 189 220 241 62 297 65 283 204 154 305 326 110 140 180 333 317 286 25 55 217 56 7 124 126 20 10 0,65 126
PFG_MOEA,1457,12,270.73,5843.94,0 2 119 128 295 40 32 276 239 122 296 332 347 138 336 222 95 101 194 147 324 275 323 363 352 277 102 223 244 211 104 310 100 282 383 382 0,2
PFG_MOEA,1458,1,369.23,5154.87,0 90 295 40 32 276 239 122 222 95 101 323 363 352 102 277 275 194 53 293 133 331 285 392 115 245 396 240 385 288 177 181 358 337 384 111 116 76 113 81 29 325 131 84 355 114 389 279 74 159 162 371 219 341 22 134 186 105 298 334 26 281 118 185 214 0,40 240 245 331
PFG_MOEA,1458,2,369.23,5154.87,0 91 24 212 375 284 14 184 318 70 292 263 8 373 169 108 72 52 130 44 386 0,318
PFG_MOEA,1458,3,369.23,5154.87,0 362 201 312 67 164 107 302 173 106 261 388 197 218 151 77 273 136 0,106
PFG_MOEA,1458,4,369.23,5154.87,0 399 172 182 397 36 11 92 86 141 266 303 357 319 199 228 267 366 289 231 34 58 68 161 235 35 249 88 135 233 156 94 230 374 350 311 4 314 193 340 299 321 269 120 142 37 51 145 123 137 59 109 127 57 226 19 13 80 38 0,340
PFG_MOEA,1458,5,369.23,5154.87,0 132 339 322 0,
PFG_MOEA,1458,6,369.23,5154.87,0 96 242 221 200 165 112 191 152 329 300 121 146 294 174 320 364 393 3 229 308 259 246 264 356 345 377 395 400 42 250 28 247 255 1 262 63 157 291 167 21 372 301 188 394 139 149 316 387 327 17 43 85 215 73 254 183 354 69 265 346 315 99 0,1 200 393
PFG_MOEA,1458,7,369.23,5154.87,0 93 398 227 234 213 190 251 175 390 18 103 155 83 378 31 304 0,
PFG_MOEA,1458,8,369.23,5154.87,0 48 192 330 238 129 148 260 391 0,
PFG_MOEA,1458,9,369.23,5154.87,0 268 272 30 65 283 326 305 154 204 6 208 205 166 66 271 39 0,272
PFG_MOEA,1458,10,369.23,5154.87,0 124 126 20 64 189 158 220 241 297 62 110 140 286 317 333 180 7 56 217 55 25 367 170 361 209 71 97 33 0,
PFG_MOEA,1458,11,369.23,5154.87,0 15 16 380 369 168 203 338 202 306 370 342 144 176 27 98 78 196 296 347 332 324 147 211 244 223 210 45 348 353 153 278 87 171 75 328 248 258 376 368 290 343 54 46 224 225 232 179 287 10 383 382 41 344 349 243 117 178 82 125 9 47 150 216 360 335 0,47 87 353
PFG_MOEA,1458,12,369.23,5154.87,0 207 307 313 359 365 253 206 187 100 310 104 282 143 79 160 50 60 257 270 379 195 5 309 280 351 237 256 274 49 198 163 138 336 252 236 381 23 128 119 2 89 12 61 0,
PFG_MOEA,1459,1,337.93,5308.22,0 187 206 253 313 359 365 0,
PFG_MOEA,1459,2,337.93,5308.22,0 207 307 198 280 351 256 237 101 53 293 133 331 285 392 95 222 163 138 336 252 236 128 119 2 89 12 61 0,133 222
PFG_MOEA,1459,3,337.93,5308.22,0 323 363 352 194 275 277 102 100 49 274 122 239 276 32 40 295 23 381 90 0,
PFG_MOEA,1459,4,337.93,5308.22,0 22 115 245 396 240 385 288 177 181 358 337 384 111 116 76 113 81 29 131 84 281 118 185 214 0,
PFG_MOEA,1459,5,337.93,5308.22,0 334 26 298 371 219 341 134 186 105 355 325 114 389 162 159 74 279 91 24 212 375 284 14 184 318 70 292 263 8 373 169 108 72 52 130 44 386 362 201 312 0,284
PFG_MOEA,1459,6,337.93,5308.22,0 399 172 182 397 36 11 92 86 141 266 303 357 319 199 228 267 366 289 231 34 58 68 161 235 35 249 88 135 233 156 94 230 57 127 109 59 137 136 273 77 151 218 197 388 261 106 173 302 107 164 67 294 226 19 13 80 38 0,
PFG_MOEA,1459,7,337.93,5308.22,0 374 350 311 4 314 193 340 299 321 269 120 142 37 51 145 123 146 121 322 339 132 174 320 364 393 3 229 308 356 264 259 246 42 1 255 247 152 191 112 329 300 165 200 221 242 96 0,132 264 340 393
PFG_MOEA,1459,8,337.93,5308.22,0 28 250 262 400 395 345 377 394 188 301 372 21 167 291 139 149 157 63 316 387 327 17 43 85 215 73 254 183 354 69 265 346 315 99 175 251 190 0,
PFG_MOEA,1459,9,337.93,5308.22,0 304 192 330 238 129 378 83 155 103 18 390 213 234 227 398 140 110 241 62 297 65 283 326 305 154 204 6 208 205 166 66 93 30 272 268 39 271 391 260 148 48 31 0,65 391
PFG_MOEA,1459,10,337.93,5308.22,0 33 71 225 97 232 209 361 170 367 25 55 217 56 7 317 286 333 180 220 158 189 64 20 126 124 224 10 287 179 0,
PFG_MOEA,1459,11,337.93,5308.22,0 15 168 203 369 16 380 335 360 216 150 9 47 125 309 5 195 379 270 210 45 348 353 153 278 87 171 75 328 248 54 46 383 382 344 349 243 117 178 82 41 0,82 87 195 353
PFG_MOEA,1459,12,337.93,5308.22,0 338 202 306 370 342 144 176 27 98 78 196 296 347 332 147 324 211 244 223 104 310 282 143 79 160 50 60 257 258 376 368 290 343 0,290
PFG_MOEA,1460,1,319.42,5478.6,0 222 0,
PFG_MOEA,1460,2,319.42,5478.6,0 95 101 323 363 352 102 277 275 194 53 293 133 331 285 392 115 245 396 240 385 288 177 181 358 337 384 111 116 76 113 81 29 325 131 84 355 114 389 279 74 159 162 371 219 341 22 134 186 105 298 334 26 281 0,105
PFG_MOEA,1460,3,319.42,5478.6,0 118 91 284 184 14 375 212 24 0,375
PFG_MOEA,1460,4,319.42,5478.6,0 399 397 36 11 92 199 86 141 266 319 357 303 289 366 267 228 8 263 292 70 318 373 169 108 72 52 130 44 386 362 201 312 67 164 107 302 173 106 261 388 197 218 151 77 273 136 182 172 0,86 197 318 362
PFG_MOEA,1460,5,319.42,5478.6,0 38 80 13 19 226 57 127 109 59 137 123 145 51 132 142 120 269 321 299 37 340 193 314 4 350 311 156 233 135 88 249 35 235 161 68 58 34 231 94 230 374 0,
PFG_MOEA,1460,6,319.42,5478.6,0 96 242 200 191 112 165 322 339 174 393 3 229 364 320 294 121 146 300 329 152 221 0,200 393
PFG_MOEA,1460,7,319.42,5478.6,0 93 85 247 28 246 259 308 264 356 345 377 395 400 42 250 255 1 262 63 157 291 167 21 372 301 188 394 139 149 316 387 327 17 43 73 215 254 183 354 69 265 346 315 99 390 175 251 190 18 213 234 227 398 0,
PFG_MOEA,1460,8,319.42,5478.6,0 304 31 48 330 192 129 238 148 260 391 271 66 166 205 208 6 204 154 305 326 283 65 62 297 241 158 189 220 110 140 103 155 83 378 124 126 20 64 30 272 268 39 0,62 205 220 391
PFG_MOEA,1460,9,319.42,5478.6,0 7 180 333 286 317 56 217 55 0,
PFG_MOEA,1460,10,319.42,5478.6,0 15 16 380 369 168 203 338 202 306 370 342 144 176 27 98 78 196 296 347 332 324 147 211 244 223 210 45 348 353 153 278 87 171 75 328 248 258 376 368 290 343 54 46 209 361 170 367 25 232 179 224 225 97 71 33 0,16 353 370
PFG_MOEA,1460,11,319.42,5478.6,0 365 253 206 61 89 2 119 128 216 336 138 163 150 47 125 9 100 282 310 104 143 79 160 50 60 257 270 379 195 5 309 280 351 237 256 287 10 383 382 344 349 243 117 178 82 41 0,47 138 178 206 243
PFG_MOEA,1460,12,319.42,5478.6,0 335 187 359 313 360 207 307 198 49 274 122 239 276 32 40 295 23 381 236 252 90 12 214 185 0,
PFG_MOEA,1461,1,312.87,5623.42,0 216 98 370 342 144 176 27 78 196 296 347 332 147 324 211 244 223 104 310 282 79 160 50 379 195 5 309 143 150 47 9 125 0,
PFG_MOEA,1461,2,312.87,5623.42,0 117 243 344 349 343 290 368 376 258 248 328 75 348 353 171 87 278 153 45 210 257 60 270 237 256 274 49 198 222 138 336 239 276 32 177 181 358 337 384 111 116 76 23 381 90 12 0,290 336 353
PFG_MOEA,1461,3,312.87,5623.42,0 22 118 185 214 2 119 128 236 252 40 295 122 392 285 331 133 293 53 101 352 363 323 194 275 277 102 100 351 280 95 163 61 89 207 307 313 359 253 365 0,307
PFG_MOEA,1461,4,312.87,5623.42,0 206 187 0,
PFG_MOEA,1461,5,312.87,5623.42,0 281 26 334 298 219 371 341 134 186 105 115 245 396 240 385 288 113 81 29 325 355 131 84 114 389 162 159 74 279 91 0,341
PFG_MOEA,1461,6,312.87,5623.42,0 80 13 19 226 57 127 109 59 137 136 273 77 151 218 197 388 261 106 173 302 107 164 67 312 201 362 386 44 130 52 72 108 169 373 8 263 292 70 318 184 14 284 375 212 24 303 357 319 182 172 38 0,318 362
PFG_MOEA,1461,7,312.87,5623.42,0 266 141 86 199 228 267 366 289 231 34 58 68 161 235 35 249 88 135 233 156 94 230 374 92 0,
PFG_MOEA,1461,8,312.87,5623.42,0 399 397 36 11 350 311 4 314 193 340 299 321 269 120 142 37 51 123 145 132 339 322 121 146 294 174 320 364 393 3 229 308 356 264 259 246 42 300 329 112 191 165 200 221 242 96 0,51 145 174 264 329
PFG_MOEA,1461,9,312.87,5623.42,0 152 247 28 250 345 377 395 400 394 188 301 372 167 21 139 291 262 1 255 0,
PFG_MOEA,1461,10,312.87,5623.42,0 85 215 73 43 17 327 387 316 149 157 63 354 183 254 69 265 346 315 99 175 251 190 390 18 103 155 83 378 0,175 390
PFG_MOEA,1461,11,312.87,5623.42,0 304 31 48 192 330 129 238 148 260 383 10 224 391 271 39 46 93 398 227 234 213 179 232 225 97 71 33 382 0,
PFG_MOEA,1461,12,312.87,5623.42,0 209 361 170 367 25 55 217 56 7 124 126 20 64 189 158 220 180 333 317 286 140 110 241 62 297 65 283 326 305 154 204 6 208 205 166 66 30 272 268 54 287 178 82 41 335 360 380 369 203 338 202 306 168 15 16 0,7 166 203 361
PFG_MOEA,1462,1,350.97,5291.61,0 22 118 185 214 2 119 252 236 128 381 23 40 32 295 239 122 392 285 331 133 293 53 101 352 363 323 194 275 277 102 100 274 256 237 351 280 376 368 290 343 349 344 243 117 0,23 293 352
PFG_MOEA,1462,2,350.97,5291.61,0 365 359 313 307 207 89 61 163 95 206 253 187 281 26 334 298 219 371 341 134 186 105 115 245 396 240 385 288 177 181 358 337 384 111 116 76 113 81 29 325 355 131 84 114 389 162 159 279 74 284 70 318 184 14 375 212 24 91 0,
PFG_MOEA,1462,3,350.97,5291.61,0 292 263 8 373 169 108 72 52 130 44 386 362 201 312 67 164 107 302 173 106 261 388 197 218 151 77 273 136 137 59 109 0,362 388
PFG_MOEA,1462,4,350.97,5291.61,0 38 80 13 19 226 57 127 68 161 58 34 231 289 366 267 228 199 86 141 266 357 303 319 182 172 0,182
PFG_MOEA,1462,5,350.97,5291.61,0 397 36 11 92 374 350 311 4 314 193 230 94 156 35 88 249 235 135 233 340 299 321 269 120 142 37 51 0,
PFG_MOEA,1462,6,350.97,5291.61,0 399 96 242 200 165 112 329 300 123 145 322 121 146 294 339 132 174 320 364 393 3 229 308 356 264 259 246 28 250 42 262 1 255 247 152 191 221 0,152 174 200 229 246
PFG_MOEA,1462,7,350.97,5291.61,0 345 377 395 400 394 188 301 372 21 167 291 139 149 157 63 316 387 327 17 43 85 215 73 254 183 354 69 265 346 315 99 175 251 190 390 18 103 155 213 234 83 378 0,
PFG_MOEA,1462,8,350.97,5291.61,0 224 93 398 227 71 97 225 232 179 0,
PFG_MOEA,1462,9,350.97,5291.61,0 304 31 48 192 330 129 238 148 33 209 361 170 367 25 55 217 56 7 124 126 20 64 189 158 220 180 333 317 286 140 110 241 62 297 65 283 326 305 154 204 6 208 205 166 66 30 272 268 54 46 39 271 391 10 287 383 382 260 16 369 380 0,39
PFG_MOEA,1462,10,350.97,5291.61,0 15 168 203 178 82 41 0,
PFG_MOEA,1462,11,350.97,5291.61,0 335 0,
PFG_MOEA,1462,12,350.97,5291.61,0 360 90 216 336 47 9 125 198 49 309 5 258 248 328 75 348 353 171 87 278 153 45 379 195 210 257 270 60 50 160 79 143 282 310 104 223 244 211 324 147 222 150 138 276 332 347 296 196 78 98 27 176 144 342 370 306 202 338 12 0,223 370
PFG_MOEA,1463,1,748.42,4875.65,0 399 38 80 96 242 221 226 19 13 172 182 319 303 357 266 141 86 199 228 267 366 289 231 34 58 68 161 235 35 249 88 135 233 156 94 230 374 92 11 36 397 350 311 4 314 193 340 299 321 269 37 142 120 132 339 51 145 123 300 329 112 165 200 191 152 57 127 109 59 137 136 247 255 1 262 42 250 28 273 77 151 146 121 322 294 174 320 364 393 3 106 261 388 229 218 197 246 259 308 264 356 345 377 395 400 394 188 301 372 21 167 291 139 149 157 63 316 387 327 17 43 85 215 73 254 183 354 69 265 346 315 99 175 251 190 390 18 103 155 83 378 213 234 227 0,1 94 174 314 340 390 395
PFG_MOEA,1463,2,748.42,4875.65,0 260 224 93 398 71 33 148 0,
PFG_MOEA,1463,3,748.42,4875.65,0 304 31 192 330 129 238 48 382 383 10 391 271 39 30 272 268 54 46 0,
PFG_MOEA,1463,4,748.42,4875.65,0 15 168 203 369 380 16 41 82 178 209 361 170 367 25 55 217 56 7 124 126 20 64 189 158 220 180 333 317 286 140 110 241 62 297 65 283 326 305 154 204 6 208 205 166 66 335 0,65 220 361
PFG_MOEA,1463,5,748.42,4875.65,0 12 90 381 216 47 125 9 150 360 117 243 349 344 287 97 225 232 179 343 290 368 376 258 248 328 75 348 353 171 87 278 153 45 210 257 270 60 50 160 79 379 195 5 309 143 282 310 104 223 244 211 324 147 347 332 331 285 296 196 78 392 98 115 245 27 176 144 342 240 370 396 385 288 306 177 181 358 337 384 111 116 76 113 81 29 325 355 131 84 338 202 114 389 22 0,176 210 370
PFG_MOEA,1463,6,748.42,4875.65,0 23 32 276 239 336 138 222 49 274 198 0,
PFG_MOEA,1463,7,748.42,4875.65,0 118 185 214 2 119 128 236 252 40 295 122 133 293 53 101 352 363 323 194 275 277 102 100 237 280 351 256 95 163 61 89 207 307 313 0,133 323
PFG_MOEA,1463,8,748.42,4875.65,0 365 359 253 206 0,
PFG_MOEA,1463,9,748.42,4875.65,0 187 0,
PFG_MOEA,1463,10,748.42,4875.65,0 281 26 334 298 341 105 186 134 162 371 219 0,
PFG_MOEA,1463,11,748.42,4875.65,0 159 279 74 284 184 318 70 292 14 375 212 24 91 0,375
PFG_MOEA,1463,12,748.42,4875.65,0 263 8 373 169 108 72 52 130 44 386 107 164 173 302 67 312 201 362 0,386
PFG_MOEA,1464,1,759.34,4800.0,0 219 341 105 389 114 84 131 355 325 29 81 113 76 116 111 384 337 358 181 177 288 385 240 396 245 115 392 285 331 133 293 53 163 150 9 125 47 216 89 61 206 253 365 0,245
PFG_MOEA,1464,2,759.34,4800.0,0 22 134 186 162 159 279 74 284 184 318 70 292 263 8 373 169 108 14 375 212 24 91 0,318
PFG_MOEA,1464,3,759.34,4800.0,0 304 31 48 148 260 224 71 33 129 238 330 192 200 165 112 191 152 127 57 109 59 137 273 136 247 17 43 85 215 73 254 69 354 183 327 387 157 149 188 394 316 63 262 1 255 250 28 42 400 395 377 345 356 264 259 246 308 229 197 218 151 77 107 164 67 302 388 3 106 173 261 320 364 393 312 201 362 329 300 123 51 145 322 121 146 294 174 339 132 120 142 37 269 321 299 340 233 135 88 249 35 161 235 68 58 34 386 231 289 366 267 228 44 130 52 72 303 357 319 266 141 86 92 199 156 94 230 311 374 11 36 397 350 4 314 193 182 172 13 19 226 221 242 96 80 38 0,33 106 174 200 303 311 394
PFG_MOEA,1464,4,759.34,4800.0,0 378 83 155 103 18 190 251 175 99 315 346 372 301 167 21 139 291 265 390 234 0,
PFG_MOEA,1464,5,759.34,4800.0,0 179 391 271 39 30 272 268 46 54 93 398 227 213 232 0,391
PFG_MOEA,1464,6,759.34,4800.0,0 225 0,
PFG_MOEA,1464,7,759.34,4800.0,0 97 209 361 170 367 0,
PFG_MOEA,1464,8,759.34,4800.0,0 399 15 168 203 338 202 306 370 342 144 176 27 98 78 196 369 380 16 41 82 178 117 243 344 349 66 343 290 368 376 258 248 328 75 348 353 45 210 278 153 171 87 6 208 205 166 158 189 220 241 62 297 65 283 204 154 305 326 110 140 180 333 317 286 25 55 217 56 7 124 126 20 64 287 10 383 382 0,62 66 205 220 342
PFG_MOEA,1464,9,759.34,4800.0,0 2 119 128 295 40 32 276 239 122 296 332 347 138 336 222 95 101 194 147 324 275 323 363 352 277 102 223 244 211 104 310 100 282 143 79 160 50 60 257 270 379 195 5 309 280 351 237 256 274 49 198 252 236 0,
PFG_MOEA,1464,10,759.34,4800.0,0 381 23 90 12 207 307 0,
PFG_MOEA,1464,11,759.34,4800.0,0 335 187 359 313 360 214 0,
PFG_MOEA,1464,12,759.34,4800.0,0 185 118 281 26 334 298 371 0,
PFG_MOEA,1465,1,314.81,5596.11,0 12 90 128 236 252 336 276 138 222 198 49 274 256 237 351 280 309 5 290 343 313 207 0,222
PFG_MOEA,1465,2,314.81,5596.11,0 91 292 263 8 373 169 108 14 375 212 24 371 219 341 298 334 26 281 118 185 214 295 40 32 239 122 95 101 352 363 323 194 275 277 102 100 23 381 119 2 307 359 187 148 48 31 304 0,23
PFG_MOEA,1465,3,314.81,5596.11,0 260 224 71 33 127 152 191 112 165 200 129 238 330 192 0,33
PFG_MOEA,1465,4,314.81,5596.11,0 57 67 302 173 106 3 388 164 107 77 151 218 197 229 308 246 259 264 356 345 377 395 400 42 28 250 255 1 262 63 316 394 188 149 157 387 327 183 354 69 254 73 215 85 43 17 247 136 273 137 59 109 0,
PFG_MOEA,1465,5,314.81,5596.11,0 329 300 362 123 51 145 322 121 146 201 261 320 364 393 312 294 174 339 132 206 253 365 360 335 0,362 393
PFG_MOEA,1465,6,314.81,5596.11,0 61 358 181 177 288 385 240 396 245 115 392 285 331 133 293 53 163 150 9 125 47 216 89 0,
PFG_MOEA,1465,7,314.81,5596.11,0 80 13 19 226 35 161 235 58 34 386 231 289 366 267 228 44 130 52 72 318 70 184 284 74 279 159 162 389 114 355 325 384 337 111 116 76 113 81 29 131 84 105 186 134 22 0,
PFG_MOEA,1465,8,314.81,5596.11,0 38 96 242 221 172 182 397 350 311 4 314 193 230 94 156 374 36 11 92 319 357 303 266 141 86 199 68 135 88 249 233 340 299 321 269 120 142 37 301 21 139 291 167 372 346 315 99 175 251 0,182
PFG_MOEA,1465,9,314.81,5596.11,0 97 225 232 179 391 271 158 241 62 297 65 283 204 154 305 326 110 140 286 317 333 180 220 126 124 7 56 217 55 25 367 170 361 209 227 234 213 190 390 265 18 103 155 83 378 398 93 54 46 268 272 30 39 0,65 154
PFG_MOEA,1465,10,314.81,5596.11,0 399 15 16 380 41 82 178 117 243 344 349 20 189 64 166 205 208 6 87 171 153 278 210 353 258 376 368 66 287 10 383 382 0,243
PFG_MOEA,1465,11,314.81,5596.11,0 369 338 203 168 0,
PFG_MOEA,1465,12,314.81,5596.11,0 202 306 370 342 144 176 27 98 78 196 296 347 332 324 147 211 244 223 104 310 282 143 79 160 50 60 257 270 379 195 45 348 75 328 248 0,370
PFG_MOEA,1466,1,411.21,4974.5,0 12 90 381 23 32 276 239 336 138 222 198 49 274 256 237 351 280 252 236 128 119 2 0,23
PFG_MOEA,1466,2,411.21,4974.5,0 22 118 185 214 295 40 122 392 285 331 133 293 53 101 352 363 323 194 275 277 102 100 95 163 61 89 207 307 313 359 365 253 206 187 0,22 100
PFG_MOEA,1466,3,411.21,4974.5,0 115 0,
PFG_MOEA,1466,4,411.21,4974.5,0 245 396 240 385 288 177 181 358 337 384 111 116 76 113 81 29 325 355 0,
PFG_MOEA,1466,5,411.21,4974.5,0 281 26 334 298 341 134 186 131 84 114 389 105 219 371 162 159 74 279 91 24 212 375 284 14 184 318 70 292 263 8 373 169 108 72 52 130 44 386 362 201 312 67 164 107 302 173 106 261 388 197 218 151 77 273 136 137 59 109 127 57 226 19 13 80 0,77 106 284
PFG_MOEA,1466,6,411.21,4974.5,0 38 172 182 319 303 357 266 141 86 199 228 267 366 289 231 34 58 68 161 235 35 249 88 135 233 156 94 230 374 92 11 36 397 350 311 4 314 193 340 299 321 269 120 142 37 51 123 145 132 339 322 121 146 294 174 320 364 393 3 229 308 356 264 259 246 42 300 329 112 221 242 96 0,51 174 229 246 299
PFG_MOEA,1466,7,411.21,4974.5,0 399 200 165 191 152 247 255 1 262 250 28 345 377 395 400 394 188 301 372 21 167 291 139 149 157 63 316 387 327 17 43 85 215 73 254 183 354 69 265 346 315 99 175 251 190 390 18 103 155 83 378 213 234 227 398 93 224 179 232 225 97 71 33 260 148 238 129 330 192 48 31 304 0,93
PFG_MOEA,1466,8,411.21,4974.5,0 382 383 10 391 271 39 46 54 268 272 30 66 166 205 208 6 204 154 305 326 283 65 297 62 241 110 140 286 317 333 180 220 158 189 64 20 126 124 7 56 217 55 25 367 170 361 209 287 0,55 62 66 220
PFG_MOEA,1466,9,411.21,4974.5,0 380 0,
PFG_MOEA,1466,10,411.21,4974.5,0 16 369 15 0,
PFG_MOEA,1466,11,411.21,4974.5,0 168 203 178 82 41 0,178
PFG_MOEA,1466,12,411.21,4974.5,0 335 360 338 202 306 370 342 144 176 27 98 78 196 296 347 332 216 47 125 9 150 147 324 211 244 223 104 310 282 143 309 5 195 379 79 160 50 60 270 257 210 45 153 278 87 171 353 348 75 328 248 258 376 368 290 343 349 344 243 117 0,
PFG_MOEA,1467,1,312.55,5795.78,0 336 138 239 122 296 347 332 324 275 277 104 211 244 223 102 352 363 323 194 147 101 95 222 0,122 211 222 277
PFG_MOEA,1467,2,312.55,5795.78,0 335 360 207 307 313 359 187 100 310 282 143 79 160 50 60 257 270 379 195 5 309 280 351 237 256 274 49 198 252 236 381 23 90 12 214 185 118 281 26 334 298 371 72 52 130 44 386 80 0,5 307
PFG_MOEA,1467,3,312.55,5795.78,0 13 19 226 57 127 109 59 137 136 273 77 151 218 197 388 261 106 173 302 107 164 67 312 201 362 123 51 145 294 174 339 132 142 120 269 321 299 0,174
PFG_MOEA,1467,4,312.55,5795.78,0 340 233 135 88 249 35 235 161 68 58 34 231 289 366 267 228 141 266 303 357 319 86 199 156 94 0,303
PFG_MOEA,1467,5,312.55,5795.78,0 38 172 182 397 36 11 92 374 230 311 350 4 314 193 37 322 121 146 320 364 393 3 229 308 356 264 259 246 42 300 329 112 191 152 221 242 96 0,42 264
PFG_MOEA,1467,6,312.55,5795.78,0 200 165 129 0,
PFG_MOEA,1467,7,312.55,5795.78,0 304 330 395 400 394 188 301 372 21 167 291 139 149 157 63 316 387 17 43 33 71 224 260 0,
PFG_MOEA,1467,8,312.55,5795.78,0 399 247 28 250 345 377 262 1 255 327 254 73 215 85 93 179 232 225 97 148 238 192 48 31 0,93
PFG_MOEA,1467,9,312.55,5795.78,0 378 69 183 354 265 346 315 99 175 251 190 390 18 103 155 83 234 213 227 398 209 361 170 367 25 55 217 56 7 180 333 317 286 140 110 62 297 65 283 326 305 154 204 6 208 241 220 158 189 64 20 126 124 0,175
PFG_MOEA,1467,10,312.55,5795.78,0 287 382 383 10 268 272 30 66 166 205 271 39 391 53 293 133 331 285 392 115 245 396 240 385 288 177 181 358 337 384 111 116 76 113 81 29 325 355 131 84 114 389 105 341 219 0,
PFG_MOEA,1467,11,312.55,5795.78,0 91 24 212 375 14 108 169 373 8 263 292 70 318 184 284 74 279 159 162 22 134 186 89 216 47 125 9 150 163 61 365 253 206 46 54 0,
PFG_MOEA,1467,12,312.55,5795.78,0 41 82 178 117 243 344 349 343 290 368 376 258 248 328 75 171 87 153 278 210 45 353 348 2 119 128 295 40 32 276 196 78 98 27 176 144 342 370 306 202 338 203 168 369 380 16 15 0,16 87 203
PFG_MOEA,1468,1,389.39,5146.42,0 163 78 53 293 133 331 285 392 98 115 245 27 396 240 385 288 177 181 358 337 384 111 116 76 113 81 29 325 355 131 84 114 389 91 279 74 159 162 371 219 298 341 22 134 186 105 118 185 0,
PFG_MOEA,1468,2,389.39,5146.42,0 281 26 334 24 212 375 284 14 184 318 70 292 263 8 373 169 108 72 52 130 44 386 51 145 123 362 201 294 312 67 164 107 302 173 106 261 388 197 218 151 77 273 136 137 59 109 127 57 226 19 13 80 0,
PFG_MOEA,1468,3,389.39,5146.42,0 142 339 174 132 120 269 321 299 340 233 135 88 249 35 235 161 68 58 34 231 289 366 267 228 141 266 303 357 319 86 199 156 94 230 374 92 11 36 397 350 311 4 314 193 0,88
PFG_MOEA,1468,4,389.39,5146.42,0 182 172 38 0,
PFG_MOEA,1468,5,389.39,5146.42,0 37 322 121 146 320 364 393 3 229 308 356 264 259 246 42 300 329 112 152 191 165 200 221 242 96 0,152 264 329
PFG_MOEA,1468,6,389.39,5146.42,0 129 33 71 224 260 0,
PFG_MOEA,1468,7,389.39,5146.42,0 399 247 255 1 262 250 28 345 377 395 400 394 188 301 372 21 167 291 139 149 157 63 316 387 17 43 73 254 327 183 354 69 215 85 93 179 232 225 97 148 48 238 330 192 31 304 0,395
PFG_MOEA,1468,8,389.39,5146.42,0 16 15 168 203 369 380 391 271 39 268 272 30 66 166 205 208 6 204 154 305 326 283 65 297 62 241 110 140 286 317 333 180 220 158 189 64 20 126 124 7 56 217 55 25 367 170 361 209 398 227 234 213 190 251 175 99 315 346 265 390 18 103 155 83 378 54 46 287 10 383 382 41 0,7 16 20 103 272
PFG_MOEA,1468,9,389.39,5146.42,0 82 178 117 243 368 376 258 353 153 171 87 278 210 143 237 256 274 49 100 282 310 104 102 277 275 194 323 363 352 101 198 95 222 138 122 276 336 252 236 128 23 381 90 119 2 12 0,
PFG_MOEA,1468,10,389.39,5146.42,0 344 349 351 280 309 5 79 160 50 60 257 270 379 195 45 348 75 328 248 290 343 187 0,
PFG_MOEA,1468,11,389.39,5146.42,0 214 295 40 32 239 370 342 144 176 150 47 9 125 216 89 61 207 307 313 359 206 253 365 360 335 0,176
PFG_MOEA,1468,12,389.39,5146.42,0 338 202 306 196 296 347 332 324 147 211 244 223 0,
PFG_MOEA,1469,1,413.96,4915.5,0 187 206 253 365 359 313 307 207 61 12 89 2 119 128 236 252 336 138 163 222 95 198 351 280 237 256 274 49 100 102 277 275 194 323 363 352 101 53 293 133 331 285 392 122 239 276 32 40 295 23 381 90 113 81 29 76 116 111 384 337 358 181 177 288 385 240 396 245 115 22 118 185 214 0,245 381
PFG_MOEA,1469,2,413.96,4915.5,0 281 84 131 325 355 114 389 186 134 341 298 26 334 0,
PFG_MOEA,1469,3,413.96,4915.5,0 371 219 105 162 159 74 279 91 24 212 375 284 14 184 318 70 292 263 8 373 169 108 72 52 130 44 386 362 201 312 67 164 107 302 173 106 261 388 197 218 151 77 273 136 137 59 0,
PFG_MOEA,1469,4,413.96,4915.5,0 57 127 109 226 0,
PFG_MOEA,1469,5,413.96,4915.5,0 19 0,
PFG_MOEA,1469,6,413.96,4915.5,0 38 303 357 266 141 86 199 228 267 366 289 231 34 58 68 161 235 35 249 88 135 233 319 182 172 13 80 0,88
PFG_MOEA,1469,7,413.96,4915.5,0 399 397 36 11 92 156 94 230 374 350 311 4 314 193 340 299 321 269 120 142 37 51 123 145 132 339 322 121 146 294 174 320 364 393 3 229 308 356 264 259 246 42 300 329 112 191 165 200 221 242 96 0,11 340 374 393
PFG_MOEA,1469,8,413.96,4915.5,0 152 247 255 1 262 250 28 345 377 395 400 394 188 301 372 21 167 291 139 149 157 63 316 387 327 17 43 85 215 73 254 183 354 69 265 346 315 99 175 251 190 390 18 103 155 83 378 213 234 227 398 93 0,1 152 175 227
PFG_MOEA,1469,9,413.96,4915.5,0 304 31 48 192 330 238 129 148 260 391 271 39 268 272 30 66 166 205 208 6 204 154 305 326 283 65 297 62 241 110 140 286 317 333 180 220 158 189 64 20 126 124 7 56 217 55 25 367 170 361 209 71 33 97 225 232 179 224 0,55 391
PFG_MOEA,1469,10,413.96,4915.5,0 287 10 383 382 0,
PFG_MOEA,1469,11,413.96,4915.5,0 16 15 168 203 369 380 82 178 117 243 349 344 54 46 41 0,
PFG_MOEA,1469,12,413.96,4915.5,0 335 360 216 150 9 47 125 309 5 343 290 368 376 258 248 328 75 171 87 278 153 353 348 45 210 195 379 270 257 60 50 160 79 143 282 310 104 223 244 211 324 147 332 347 296 196 78 98 27 176 144 342 370 306 202 338 0,
PFG_MOEA,1470,1,320.55,5348.04,0 80 13 172 182 397 36 11 92 233 135 88 249 35 235 161 68 58 34 231 289 319 399 0,
PFG_MOEA,1470,2,320.55,5348.04,0 374 230 94 156 311 350 4 314 193 340 299 321 269 120 142 132 339 174 320 364 308 229 3 393 294 146 121 322 123 145 51 37 0,393
PFG_MOEA,1470,3,320.55,5348.04,0 96 242 221 200 165 112 329 300 191 152 247 255 1 262 42 250 28 246 259 264 356 345 377 395 400 394 188 301 372 21 167 291 139 149 157 63 316 387 327 17 43 85 215 73 254 183 354 69 265 346 315 99 175 251 190 0,215
PFG_MOEA,1470,4,320.55,5348.04,0 304 31 192 330 238 129 398 227 234 213 18 390 286 140 110 241 93 260 148 48 0,
PFG_MOEA,1470,5,320.55,5348.04,0 317 333 0,
PFG_MOEA,1470,6,320.55,5348.04,0 33 71 209 361 170 367 25 55 217 56 7 180 220 158 189 64 20 126 124 224 10 383 382 16 203 168 15 0,25
PFG_MOEA,1470,7,320.55,5348.04,0 380 369 335 360 216 150 9 47 125 309 5 195 379 270 210 45 348 353 153 278 87 171 75 328 248 258 376 368 290 343 54 46 344 349 243 117 178 82 41 0,
PFG_MOEA,1470,8,320.55,5348.04,0 338 202 306 370 342 144 176 27 98 78 196 296 347 332 147 324 211 244 223 104 310 282 143 79 160 50 60 257 6 204 154 305 326 283 62 297 65 208 205 166 66 30 272 268 0,66
PFG_MOEA,1470,9,320.55,5348.04,0 187 206 253 365 359 313 307 207 61 12 89 2 119 128 236 252 336 138 163 222 95 198 351 256 237 280 391 271 39 378 83 155 103 232 179 287 225 97 0,138 307
PFG_MOEA,1470,10,320.55,5348.04,0 22 389 114 84 131 325 355 29 81 113 76 116 111 384 337 358 181 177 288 385 240 396 245 115 392 285 331 133 293 53 101 352 363 323 194 275 277 102 100 49 274 122 239 276 32 40 295 23 381 90 214 185 281 118 0,323 331
PFG_MOEA,1470,11,320.55,5348.04,0 334 298 26 105 186 134 341 219 371 24 212 375 14 184 318 70 292 263 8 373 169 284 74 279 91 159 162 0,134
PFG_MOEA,1470,12,320.55,5348.04,0 38 19 226 57 127 109 59 137 136 273 77 151 218 197 388 261 106 173 302 107 164 67 312 201 362 366 267 228 386 44 130 52 72 108 303 357 266 141 86 199 0,106 386
PFG_MOEA,1471,1,270.73,5843.94,0 335 187 309 5 195 379 270 257 60 50 160 79 143 280 351 237 256 274 49 198 252 236 381 23 90 12 207 307 0,
PFG_MOEA,1471,2,270.73,5843.94,0 61 313 359 206 253 365 360 214 185 118 281 26 334 298 371 22 134 186 162 159 292 263 8 373 318 70 184 284 74 279 0,134 284 313 318
PFG_MOEA,1471,3,270.73,5843.94,0 91 169 108 14 375 212 24 192 330 238 129 200 165 112 191 152 127 57 109 59 137 273 136 247 17 43 85 215 33 71 224 260 148 48 31 304 0,33 200
PFG_MOEA,1471,4,270.73,5843.94,0 73 254 69 354 183 327 387 157 149 188 394 316 63 262 1 255 250 28 42 400 395 377 345 356 264 259 246 308 229 197 218 151 77 107 164 67 302 388 3 106 173 261 320 364 0,
PFG_MOEA,1471,5,270.73,5843.94,0 329 300 362 123 51 145 322 121 146 201 312 393 294 174 339 132 120 142 0,145 174
PFG_MOEA,1471,6,270.73,5843.94,0 37 269 321 299 340 219 341 105 84 131 29 81 113 76 116 111 181 358 337 384 325 355 114 389 0,341
PFG_MOEA,1471,7,270.73,5843.94,0 89 216 47 125 9 150 163 53 293 133 331 285 392 115 245 396 240 385 288 177 34 58 235 135 233 88 249 35 161 68 0,133 240
PFG_MOEA,1471,8,270.73,5843.94,0 172 182 193 314 4 350 397 36 11 374 311 230 94 156 199 92 86 319 266 141 289 231 386 366 267 228 44 130 52 72 303 357 13 19 226 221 242 96 0,141 386
PFG_MOEA,1471,9,270.73,5843.94,0 38 80 378 83 291 139 21 167 301 372 346 315 265 390 99 175 251 190 18 103 155 234 227 398 93 54 46 268 272 30 39 271 391 179 0,
PFG_MOEA,1471,10,270.73,5843.94,0 97 225 232 209 361 213 170 367 328 248 258 376 368 290 343 66 349 344 243 117 178 82 41 16 380 369 196 78 98 27 176 144 342 370 306 202 338 203 168 15 399 0,82 176 225
PFG_MOEA,1471,11,270.73,5843.94,0 287 64 166 205 75 348 353 45 210 278 153 171 87 6 208 158 189 220 241 62 297 65 283 204 154 305 326 110 140 180 333 317 286 25 55 217 56 7 124 126 20 10 0,65 126
PFG_MOEA,1471,12,270.73,5843.94,0 2 119 128 295 40 32 276 239 122 296 332 347 138 336 222 95 101 194 147 324 275 323 363 352 277 102 223 244 211 104 310 100 282 383 382 0,2
PFG_MOEA,1472,1,369.23,5154.87,0 90 295 40 32 276 239 122 222 95 101 323 363 352 102 277 275 194 53 293 133 331 285 392 115 245 396 240 385 288 177 181 358 337 384 111 116 76 113 81 29 325 131 84 355 114 389 279 74 159 162 371 219 341 22 134 186 105 298 334 26 281 118 185 214 0,40 240 245 331
PFG_MOEA,1472,2,369.23,5154.87,0 91 24 212 375 284 14 184 318 70 292 263 8 373 169 108 72 52 130 44 386 0,318
PFG_MOEA,1472,3,369.23,5154.87,0 362 201 312 67 164 107 302 173 106 261 388 197 218 151 77 273 136 0,106
PFG_MOEA,1472,4,369.23,5154.87,0 399 172 182 397 36 11 92 86 141 266 303 357 319 199 228 267 366 289 231 34 58 68 161 235 35 249 88 135 233 156 94 230 374 350 311 4 314 193 340 299 321 269 120 142 37 51 145 123 137 59 109 127 57 226 19 13 80 38 0,340
PFG_MOEA,1472,5,369.23,5154.87,0 132 339 322 0,
PFG_MOEA,1472,6,369.23,5154.87,0 96 242 221 200 165 112 191 152 329 300 121 146 294 174 320 364 393 3 229 308 259 246 264 356 345 377 395 400 42 250 28 247 255 1 262 63 157 291 167 21 372 301 188 394 139 149 316 387 327 17 43 85 215 73 254 183 354 69 265 346 315 99 0,1 200 393
PFG_MOEA,1472,7,369.23,5154.87,0 93 398 227 234 213 190 251 175 390 18 103 155 83 378 31 304 0,
PFG_MOEA,1472,8,369.23,5154.87,0 48 192 330 238 129 148 260 391 0,
PFG_MOEA,1472,9,369.23,5154.87,0 268 272 30 65 283 326 305 154 204 6 208 205 166 66 271 39 0,272
PFG_MOEA,1472,10,369.23,5154.87,0 124 126 20 64 189 158 220 241 297 62 110 140 286 317 333 180 7 56 217 55 25 367 170 361 209 71 97 33 0,
PFG_MOEA,1472,11,369.23,5154.87,0 15 16 380 369 168 203 338 202 306 370 342 144 176 27 98 78 196 296 347 332 324 147 211 244 223 210 45 348 353 153 278 87 171 75 328 248 258 376 368 290 343 54 46 224 225 232 179 287 10 383 382 41 344 349 243 117 178 82 125 9 47 150 216 360 335 0,47 87 353
PFG_MOEA,1472,12,369.23,5154.87,0 207 307 313 359 365 253 206 187 100 310 104 282 143 79 160 50 60 257 270 379 195 5 309 280 351 237 256 274 49 198 163 138 336 252 236 381 23 128 119 2 89 12 61 0,
PFG_MOEA,1473,1,337.93,5308.22,0 187 206 253 313 359 365 0,
PFG_MOEA,1473,2,337.93,5308.22,0 207 307 198 280 351 256 237 101 53 293 133 331 285 392 95 222 163 138 336 252 236 128 119 2 89 12 61 0,133 222
PFG_MOEA,1473,3,337.93,5308.22,0 323 363 352 194 275 277 102 100 49 274 122 239 276 32 40 295 23 381 90 0,
PFG_MOEA,1473,4,337.93,5308.22,0 22 115 245 396 240 385 288 177 181 358 337 384 111 116 76 113 81 29 131 84 281 118 185 214 0,
PFG_MOEA,1473,5,337.93,5308.22,0 334 26 298 371 219 341 134 186 105 355 325 114 389 162 159 74 279 91 24 212 375 284 14 184 318 70 292 263 8 373 169 108 72 52 130 44 386 362 201 312 0,284
PFG_MOEA,1473,6,337.93,5308.22,0 399 172 182 397 36 11 92 86 141 266 303 357 319 199 228 267 366 289 231 34 58 68 161 235 35 249 88 135 233 156 94 230 57 127 109 59 137 136 273 77 151 218 197 388 261 106 173 302 107 164 67 294 226 19 13 80 38 0,
PFG_MOEA,1473,7,337.93,5308.22,0 374 350 311 4 314 193 340 299 321 269 120 142 37 51 145 123 146 121 322 339 132 174 320 364 393 3 229 308 356 264 259 246 42 1 255 247 152 191 112 329 300 165 200 221 242 96 0,132 264 340 393
PFG_MOEA,1473,8,337.93,5308.22,0 28 250 262 400 395 345 377 394 188 301 372 21 167 291 139 149 157 63 316 387 327 17 43 85 215 73 254 183 354 69 265 346 315 99 175 251 190 0,
PFG_MOEA,1473,9,337.93,5308.22,0 304 192 330 238 129 378 83 155 103 18 390 213 234 227 398 140 110 241 62 297 65 283 326 305 154 204 6 208 205 166 66 93 30 272 268 39 271 391 260 148 48 31 0,65 391
PFG_MOEA,1473,10,337.93,5308.22,0 33 71 225 97 232 209 361 170 367 25 55 217 56 7 317 286 333 180 220 158 189 64 20 126 124 224 10 287 179 0,
PFG_MOEA,1473,11,337.93,5308.22,0 15 168 203 369 16 380 335 360 216 150 9 47 125 309 5 195 379 270 210 45 348 353 153 278 87 171 75 328 248 54 46 383 382 344 349 243 117 178 82 41 0,82 87 195 353
PFG_MOEA,1473,12,337.93,5308.22,0 338 202 306 370 342 144 176 27 98 78 196 296 347 332 147 324 211 244 223 104 310 282 143 79 160 50 60 257 258 376 368 290 343 0,290
PFG_MOEA,1474,1,319.42,5478.6,0 222 0,
PFG_MOEA,1474,2,319.42,5478.6,0 95 101 323 363 352 102 277 275 194 53 293 133 331 285 392 115 245 396 240 385 288 177 181 358 337 384 111 116 76 113 81 29 325 131 84 355 114 389 279 74 159 162 371 219 341 22 134 186 105 298 334 26 281 0,105
PFG_MOEA,1474,3,319.42,5478.6,0 118 91 284 184 14 375 212 24 0,375
PFG_MOEA,1474,4,319.42,5478.6,0 399 397 36 11 92 199 86 141 266 319 357 303 289 366 267 228 8 263 292 70 318 373 169 108 72 52 130 44 386 362 201 312 67 164 107 302 173 106 261 388 197 218 151 77 273 136 182 172 0,86 197 318 362
PFG_MOEA,1474,5,319.42,5478.6,0 38 80 13 19 226 57 127 109 59 137 123 145 51 132 142 120 269 321 299 37 340 193 314 4 350 311 156 233 135 88 249 35 235 161 68 58 34 231 94 230 374 0,
PFG_MOEA,1474,6,319.42,5478.6,0 96 242 200 191 112 165 322 339 174 393 3 229 364 320 294 121 146 300 329 152 221 0,200 393
PFG_MOEA,1474,7,319.42,5478.6,0 93 85 247 28 246 259 308 264 356 345 377 395 400 42 250 255 1 262 63 157 291 167 21 372 301 188 394 139 149 316 387 327 17 43 73 215 254 183 354 69 265 346 315 99 390 175 251 190 18 213 234 227 398 0,
PFG_MOEA,1474,8,319.42,5478.6,0 304 31 48 330 192 129 238 148 260 391 271 66 166 205 208 6 204 154 305 326 283 65 62 297 241 158 189 220 110 140 103 155 83 378 124 126 20 64 30 272 268 39 0,62 205 220 391
PFG_MOEA,1474,9,319.42,5478.6,0 7 180 333 286 317 56 217 55 0,
PFG_MOEA,1474,10,319.42,5478.6,0 15 16 380 369 168 203 338 202 306 370 342 144 176 27 98 78 196 296 347 332 324 147 211 244 223 210 45 348 353 153 278 87 171 75 328 248 258 376 368 290 343 54 46 209 361 170 367 25 232 179 224 225 97 71 33 0,16 353 370
PFG_MOEA,1474,11,319.42,5478.6,0 365 253 206 61 89 2 119 128 216 336 138 163 150 47 125 9 100 282 310 104 143 79 160 50 60 257 270 379 195 5 309 280 351 237 256 287 10 383 382 344 349 243 117 178 82 41 0,47 138 178 206 243
PFG_MOEA,1474,12,319.42,5478.6,0 335 187 359 313 360 207 307 198 49 274 122 239 276 32 40 295 23 381 236 252 90 12 214 185 0,
PFG_MOEA,1475,1,312.87,5623.42,0 216 98 370 342 144 176 27 78 196 296 347 332 147 324 211 244 223 104 310 282 79 160 50 379 195 5 309 143 150 47 9 125 0,
PFG_MOEA,1475,2,312.87,5623.42,0 117 243 344 349 343 290 368 376 258 248 328 75 348 353 171 87 278 153 45 210 257 60 270 237 256 274 49 198 222 138 336 239 276 32 177 181 358 337 384 111 116 76 23 381 90 12 0,290 336 353
PFG_MOEA,1475,3,312.87,5623.42,0 22 118 185 214 2 119 128 236 252 40 295 122 392 285 331 133 293 53 101 352 363 323 194 275 277 102 100 351 280 95 163 61 89 207 307 313 359 253 365 0,307
PFG_MOEA,1475,4,312.87,5623.42,0 206 187 0,
PFG_MOEA,1475,5,312.87,5623.42,0 281 26 334 298 219 371 341 134 186 105 115 245 396 240 385 288 113 81 29 325 355 131 84 114 389 162 159 74 279 91 0,341
PFG_MOEA,1475,6,312.87,5623.42,0 80 13 19 226 57 127 109 59 137 136 273 77 151 218 197 388 261 106 173 302 107 164 67 312 201 362 386 44 130 52 72 108 169 373 8 263 292 70 318 184 14 284 375 212 24 303 357 319 182 172 38 0,318 362
PFG_MOEA,1475,7,312.87,5623.42,0 266 141 86 199 228 267 366 289 231 34 58 68 161 235 35 249 88 135 233 156 94 230 374 92 0,
PFG_MOEA,1475,8,312.87,5623.42,0 399 397 36 11 350 311 4 314 193 340 299 321 269 120 142 37 51 123 145 132 339 322 121 146 294 174 320 364 393 3 229 308 356 264 259 246 42 300 329 112 191 165 200 221 242 96 0,51 145 174 264 329
PFG_MOEA,1475,9,312.87,5623.42,0 152 247 28 250 345 377 395 400 394 188 301 372 167 21 139 291 262 1 255 0,
PFG_MOEA,1475,10,312.87,5623.42,0 85 215 73 43 17 327 387 316 149 157 63 354 183 254 69 265 346 315 99 175 251 190 390 18 103 155 83 378 0,175 390
PFG_MOEA,1475,11,312.87,5623.42,0 304 31 48 192 330 129 238 148 260 383 10 224 391 271 39 46 93 398 227 234 213 179 232 225 97 71 33 382 0,
PFG_MOEA,1475,12,312.87,5623.42,0 209 361 170 367 25 55 217 56 7 124 126 20 64 189 158 220 180 333 317 286 140 110 241 62 297 65 283 326 305 154 204 6 208 205 166 66 30 272 268 54 287 178 82 41 335 360 380 369 203 338 202 306 168 15 16 0,7 166 203 361
PFG_MOEA,1476,1,350.97,5291.61,0 22 118 185 214 2 119 252 236 128 381 23 40 32 295 239 122 392 285 331 133 293 53 101 352 363 323 194 275 277 102 100 274 256 237 351 280 376 368 290 343 349 344 243 117 0,23 293 352
PFG_MOEA,1476,2,350.97,5291.61,0 365 359 313 307 207 89 61 163 95 206 253 187 281 26 334 298 219 371 341 134 186 105 115 245 396 240 385 288 177 181 358 337 384 111 116 76 113 81 29 325 355 131 84 114 389 162 159 279 74 284 70 318 184 14 375 212 24 91 0,
PFG_MOEA,1476,3,350.97,5291.61,0 292 263 8 373 169 108 72 52 130 44 386 362 201 312 67 164 107 302 173 106 261 388 197 218 151 77 273 136 137 59 109 0,362 388
PFG_MOEA,1476,4,350.97,5291.61,0 38 80 13 19 226 57 127 68 161 58 34 231 289 366 267 228 199 86 141 266 357 303 319 182 172 0,182
PFG_MOEA,1476,5,350.97,5291.61,0 397 36 11 92 374 350 311 4 314 193 230 94 156 35 88 249 235 135 233 340 299 321 269 120 142 37 51 0,
PFG_MOEA,1476,6,350.97,5291.61,0 399 96 242 200 165 112 329 300 123 145 322 121 146 294 339 132 174 320 364 393 3 229 308 356 264 259 246 28 250 42 262 1 255 247 152 191 221 0,152 174 200 229 246
PFG_MOEA,1476,7,350.97,5291.61,0 345 377 395 400 394 188 301 372 21 167 291 139 149 157 63 316 387 327 17 43 85 215 73 254 183 354 69 265 346 315 99 175 251 190 390 18 103 155 213 234 83 378 0,
PFG_MOEA,1476,8,350.97,5291.61,0 224 93 398 227 71 97 225 232 179 0,
PFG_MOEA,1476,9,350.97,5291.61,0 304 31 48 192 330 129 238 148 33 209 361 170 367 25 55 217 56 7 124 126 20 64 189 158 220 180 333 317 286 140 110 241 62 297 65 283 326 305 154 204 6 208 205 166 66 30 272 268 54 46 39 271 391 10 287 383 382 260 16 369 380 0,39
PFG_MOEA,1476,10,350.97,5291.61,0 15 168 203 178 82 41 0,
PFG_MOEA,1476,11,350.97,5291.61,0 335 0,
PFG_MOEA,1476,12,350.97,5291.61,0 360 90 216 336 47 9 125 198 49 309 5 258 248 328 75 348 353 171 87 278 153 45 379 195 210 257 270 60 50 160 79 143 282 310 104 223 244 211 324 147 222 150 138 276 332 347 296 196 78 98 27 176 144 342 370 306 202 338 12 0,223 370
PFG_MOEA,1477,1,748.42,4875.65,0 399 38 80 96 242 221 226 19 13 172 182 319 303 357 266 141 86 199 228 267 366 289 231 34 58 68 161 235 35 249 88 135 233 156 94 230 374 92 11 36 397 350 311 4 314 193 340 299 321 269 37 142 120 132 339 51 145 123 300 329 112 165 200 191 152 57 127 109 59 137 136 247 255 1 262 42 250 28 273 77 151 146 121 322 294 174 320 364 393 3 106 261 388 229 218 197 246 259 308 264 356 345 377 395 400 394 188 301 372 21 167 291 139 149 157 63 316 387 327 17 43 85 215 73 254 183 354 69 265 346 315 99 175 251 190 390 18 103 155 83 378 213 234 227 0,1 94 174 314 340 390 395
PFG_MOEA,1477,2,748.42,4875.65,0 260 224 93 398 71 33 148 0,
PFG_MOEA,1477,3,748.42,4875.65,0 304 31 192 330 129 238 48 382 383 10 391 271 39 30 272 268 54 46 0,
PFG_MOEA,1477,4,748.42,4875.65,0 15 168 203 369 380 16 41 82 178 209 361 170 367 25 55 217 56 7 124 126 20 64 189 158 220 180 333 317 286 140 110 241 62 297 65 283 326 305 154 204 6 208 205 166 66 335 0,65 220 361
PFG_MOEA,1477,5,748.42,4875.65,0 12 90 381 216 47 125 9 150 360 117 243 349 344 287 97 225 232 179 343 290 368 376 258 248 328 75 348 353 171 87 278 153 45 210 257 270 60 50 160 79 379 195 5 309 143 282 310 104 223 244 211 324 147 347 332 331 285 296 196 78 392 98 115 245 27 176 144 342 240 370 396 385 288 306 177 181 358 337 384 111 116 76 113 81 29 325 355 131 84 338 202 114 389 22 0,176 210 370
PFG_MOEA,1477,6,748.42,4875.65,0 23 32 276 239 336 138 222 49 274 198 0,
PFG_MOEA,1477,7,748.42,4875.65,0 118 185 214 2 119 128 236 252 40 295 122 133 293 53 101 352 363 323 194 275 277 102 100 237 280 351 256 95 163 61 89 207 307 313 0,133 323
PFG_MOEA,1477,8,748.42,4875.65,0 365 359 253 206 0,
PFG_MOEA,1477,9,748.42,4875.65,0 187 0,
PFG_MOEA,1477,10,748.42,4875.65,0 281 26 334 298 341 105 186 134 162 371 219 0,
PFG_MOEA,1477,11,748.42,4875.65,0 159 279 74 284 184 318 70 292 14 375 212 24 91 0,375
PFG_MOEA,1477,12,748.42,4875.65,0 263 8 373 169 108 72 52 130 44 386 107 164 173 302 67 312 201 362 0,386
PFG_MOEA,1478,1,759.34,4800.0,0 219 341 105 389 114 84 131 355 325 29 81 113 76 116 111 384 337 358 181 177 288 385 240 396 245 115 392 285 331 133 293 53 163 150 9 125 47 216 89 61 206 253 365 0,245
PFG_MOEA,1478,2,759.34,4800.0,0 22 134 186 162 159 279 74 284 184 318 70 292 263 8 373 169 108 14 375 212 24 91 0,318
PFG_MOEA,1478,3,759.34,4800.0,0 304 31 48 148 260 224 71 33 129 238 330 192 200 165 112 191 152 127 57 109 59 137 273 136 247 17 43 85 215 73 254 69 354 183 327 387 157 149 188 394 316 63 262 1 255 250 28 42 400 395 377 345 356 264 259 246 308 229 197 218 151 77 107 164 67 302 388 3 106 173 261 320 364 393 312 201 362 329 300 123 51 145 322 121 146 294 174 339 132 120 142 37 269 321 299 340 233 135 88 249 35 161 235 68 58 34 386 231 289 366 267 228 44 130 52 72 303 357 319 266 141 86 92 199 156 94 230 311 374 11 36 397 350 4 314 193 182 172 13 19 226 221 242 96 80 38 0,33 106 174 200 303 311 394
PFG_MOEA,1478,4,759.34,4800.0,0 378 83 155 103 18 190 251 175 99 315 346 372 301 167 21 139 291 265 390 234 0,
PFG_MOEA,1478,5,759.34,4800.0,0 179 391 271 39 30 272 268 46 54 93 398 227 213 232 0,391
PFG_MOEA,1478,6,759.34,4800.0,0 225 0,
PFG_MOEA,1478,7,759.34,4800.0,0 97 209 361 170 367 0,
PFG_MOEA,1478,8,759.34,4800.0,0 399 15 168 203 338 202 306 370 342 144 176 27 98 78 196 369 380 16 41 82 178 117 243 344 349 66 343 290 368 376 258 248 328 75 348 353 45 210 278 153 171 87 6 208 205 166 158 189 220 241 62 297 65 283 204 154 305 326 110 140 180 333 317 286 25 55 217 56 7 124 126 20 64 287 10 383 382 0,62 66 205 220 342
PFG_MOEA,1478,9,759.34,4800.0,0 2 119 128 295 40 32 276 239 122 296 332 347 138 336 222 95 101 194 147 324 275 323 363 352 277 102 223 244 211 104 310 100 282 143 79 160 50 60 257 270 379 195 5 309 280 351 237 256 274 49 198 252 236 0,
PFG_MOEA,1478,10,759.34,4800.0,0 381 23 90 12 207 307 0,
PFG_MOEA,1478,11,759.34,4800.0,0 335 187 359 313 360 214 0,
PFG_MOEA,1478,12,759.34,4800.0,0 185 118 281 26 334 298 371 0,
PFG_MOEA,1479,1,314.81,5596.11,0 12 90 128 236 252 336 276 138 222 198 49 274 256 237 351 280 309 5 290 343 313 207 0,222
PFG_MOEA,1479,2,314.81,5596.11,0 91 292 263 8 373 169 108 14 375 212 24 371 219 341 298 334 26 281 118 185 214 295 40 32 239 122 95 101 352 363 323 194 275 277 102 100 23 381 119 2 307 359 187 148 48 31 304 0,23
PFG_MOEA,1479,3,314.81,5596.11,0 260 224 71 33 127 152 191 112 165 200 129 238 330 192 0,33
PFG_MOEA,1479,4,314.81,5596.11,0 57 67 302 173 106 3 388 164 107 77 151 218 197 229 308 246 259 264 356 345 377 395 400 42 28 250 255 1 262 63 316 394 188 149 157 387 327 183 354 69 254 73 215 85 43 17 247 136 273 137 59 109 0,
PFG_MOEA,1479,5,314.81,5596.11,0 329 300 362 123 51 145 322 121 146 201 261 320 364 393 312 294 174 339 132 206 253 365 360 335 0,362 393
PFG_MOEA,1479,6,314.81,5596.11,0 61 358 181 177 288 385 240 396 245 115 392 285 331 133 293 53 163 150 9 125 47 216 89 0,
PFG_MOEA,1479,7,314.81,5596.11,0 80 13 19 226 35 161 235 58 34 386 231 289 366 267 228 44 130 52 72 318 70 184 284 74 279 159 162 389 114 355 325 384 337 111 116 76 113 81 29 131 84 105 186 134 22 0,
PFG_MOEA,1479,8,314.81,5596.11,0 38 96 242 221 172 182 397 350 311 4 314 193 230 94 156 374 36 11 92 319 357 303 266 141 86 199 68 135 88 249 233 340 299 321 269 120 142 37 301 21 139 291 167 372 346 315 99 175 251 0,182
PFG_MOEA,1479,9,314.81,5596.11,0 97 225 232 179 391 271 158 241 62 297 65 283 204 154 305 326 110 140 286 317 333 180 220 126 124 7 56 217 55 25 367 170 361 209 227 234 213 190 390 265 18 103 155 83 378 398 93 54 46 268 272 30 39 0,65 154
PFG_MOEA,1479,10,314.81,5596.11,0 399 15 16 380 41 82 178 117 243 344 349 20 189 64 166 205 208 6 87 171 153 278 210 353 258 376 368 66 287 10 383 382 0,243
PFG_MOEA,1479,11,314.81,5596.11,0 369 338 203 168 0,
PFG_MOEA,1479,12,314.81,5596.11,0 202 306 370 342 144 176 27 98 78 196 296 347 332 324 147 211 244 223 104 310 282 143 79 160 50 60 257 270 379 195 45 348 75 328 248 0,370
PFG_MOEA,1480,1,411.21,4974.5,0 12 90 381 23 32 276 239 336 138 222 198 49 274 256 237 351 280 252 236 128 119 2 0,23
PFG_MOEA,1480,2,411.21,4974.5,0 22 118 185 214 295 40 122 392 285 331 133 293 53 101 352 363 323 194 275 277 102 100 95 163 61 89 207 307 313 359 365 253 206 187 0,22 100
PFG_MOEA,1480,3,411.21,4974.5,0 115 0,
PFG_MOEA,1480,4,411.21,4974.5,0 245 396 240 385 288 177 181 358 337 384 111 116 76 113 81 29 325 355 0,
PFG_MOEA,1480,5,411.21,4974.5,0 281 26 334 298 341 134 186 131 84 114 389 105 219 371 162 159 74 279 91 24 212 375 284 14 184 318 70 292 263 8 373 169 108 72 52 130 44 386 362 201 312 67 164 107 302 173 106 261 388 197 218 151 77 273 136 137 59 109 127 57 226 19 13 80 0,77 106 284
PFG_MOEA,1480,6,411.21,4974.5,0 38 172 182 319 303 357 266 141 86 199 228 267 366 289 231 34 58 68 161 235 35 249 88 135 233 156 94 230 374 92 11 36 397 350 311 4 314 193 340 299 321 269 120 142 37 51 123 145 132 339 322 121 146 294 174 320 364 393 3 229 308 356 264 259 246 42 300 329 112 221 242 96 0,51 174 229 246 299
PFG_MOEA,1480,7,411.21,4974.5,0 399 200 165 191 152 247 255 1 262 250 28 345 377 395 400 394 188 301 372 21 167 291 139 149 157 63 316 387 327 17 43 85 215 73 254 183 354 69 265 346 315 99 175 251 190 390 18 103 155 83 378 213 234 227 398 93 224 179 232 225 97 71 33 260 148 238 129 330 192 48 31 304 0,93
PFG_MOEA,1480,8,411.21,4974.5,0 382 383 10 391 271 39 46 54 268 272 30 66 166 205 208 6 204 154 305 326 283 65 297 62 241 110 140 286 317 333 180 220 158 189 64 20 126 124 7 56 217 55 25 367 170 361 209 287 0,55 62 66 220
PFG_MOEA,1480,9,411.21,4974.5,0 380 0,
PFG_MOEA,1480,10,411.21,4974.5,0 16 369 15 0,
PFG_MOEA,1480,11,411.21,4974.5,0 168 203 178 82 41 0,178
PFG_MOEA,1480,12,411.21,4974.5,0 335 360 338 202 306 370 342 144 176 27 98 78 196 296 347 332 216 47 125 9 150 147 324 211 244 223 104 310 282 143 309 5 195 379 79 160 50 60 270 257 210 45 153 278 87 171 353 348 75 328 248 258 376 368 290 343 349 344 243 117 0,
PFG_MOEA,1481,1,312.55,5795.78,0 336 138 239 122 296 347 332 324 275 277 104 211 244 223 102 352 363 323 194 147 101 95 222 0,122 211 222 277
PFG_MOEA,1481,2,312.55,5795.78,0 335 360 207 307 313 359 187 100 310 282 143 79 160 50 60 257 270 379 195 5 309 280 351 237 256 274 49 198 252 236 381 23 90 12 214 185 118 281 26 334 298 371 72 52 130 44 386 80 0,5 307
PFG_MOEA,1481,3,312.55,5795.78,0 13 19 226 57 127 109 59 137 136 273 77 151 218 197 388 261 106 173 302 107 164 67 312 201 362 123 51 145 294 174 339 132 142 120 269 321 299 0,174
PFG_MOEA,1481,4,312.55,5795.78,0 340 233 135 88 249 35 235 161 68 58 34 231 289 366 267 228 141 266 303 357 319 86 199 156 94 0,303
PFG_MOEA,1481,5,312.55,5795.78,0 38 172 182 397 36 11 92 374 230 311 350 4 314 193 37 322 121 146 320 364 393 3 229 308 356 264 259 246 42 300 329 112 191 152 221 242 96 0,42 264
PFG_MOEA,1481,6,312.55,5795.78,0 200 165 129 0,
PFG_MOEA,1481,7,312.55,5795.78,0 304 330 395 400 394 188 301 372 21 167 291 139 149 157 63 316 387 17 43 33 71 224 260 0,
PFG_MOEA,1481,8,312.55,5795.78,0 399 247 28 250 345 377 262 1 255 327 254 73 215 85 93 179 232 225 97 148 238 192 48 31 0,93
PFG_MOEA,1481,9,312.55,5795.78,0 378 69 183 354 265 346 315 99 175 251 190 390 18 103 155 83 234 213 227 398 209 361 170 367 25 55 217 56 7 180 333 317 286 140 110 62 297 65 283 326 305 154 204 6 208 241 220 158 189 64 20 126 124 0,175
PFG_MOEA,1481,10,312.55,5795.78,0 287 382 383 10 268 272 30 66 166 205 271 39 391 53 293 133 331 285 392 115 245 396 240 385 288 177 181 358 337 384 111 116 76 113 81 29 325 355 131 84 114 389 105 341 219 0,
PFG_MOEA,1481,11,312.55,5795.78,0 91 24 212 375 14 108 169 373 8 263 292 70 318 184 284 74 279 159 162 22 134 186 89 216 47 125 9 150 163 61 365 253 206 46 54 0,
PFG_MOEA,1481,12,312.55,5795.78,0 41 82 178 117 243 344 349 343 290 368 376 258 248 328 75 171 87 153 278 210 45 353 348 2 119 128 295 40 32 276 196 78 98 27 176 144 342 370 306 202 338 203 168 369 380 16 15 0,16 87 203
PFG_MOEA,1482,1,389.39,5146.42,0 163 78 53 293 133 331 285 392 98 115 245 27 396 240 385 288 177 181 358 337 384 111 116 76 113 81 29 325 355 131 84 114 389 91 279 74 159 162 371 219 298 341 22 134 186 105 118 185 0,
PFG_MOEA,1482,2,389.39,5146.42,0 281 26 334 24 212 375 284 14 184 318 70 292 263 8 373 169 108 72 52 130 44 386 51 145 123 362 201 294 312 67 164 107 302 173 106 261 388 197 218 151 77 273 136 137 59 109 127 57 226 19 13 80 0,
PFG_MOEA,1482,3,389.39,5146.42,0 142 339 174 132 120 269 321 299 340 233 135 88 249 35 235 161 68 58 34 231 289 366 267 228 141 266 303 357 319 86 199 156 94 230 374 92 11 36 397 350 311 4 314 193 0,88
PFG_MOEA,1482,4,389.39,5146.42,0 182 172 38 0,
PFG_MOEA,1482,5,389.39,5146.42,0 37 322 121 146 320 364 393 3 229 308 356 264 259 246 42 300 329 112 152 191 165 200 221 242 96 0,152 264 329
PFG_MOEA,1482,6,389.39,5146.42,0 129 33 71 224 260 0,
PFG_MOEA,1482,7,389.39,5146.42,0 399 247 255 1 262 250 28 345 377 395 400 394 188 301 372 21 167 291 139 149 157 63 316 387 17 43 73 254 327 183 354 69 215 85 93 179 232 225 97 148 48 238 330 192 31 304 0,395
PFG_MOEA,1482,8,389.39,5146.42,0 16 15 168 203 369 380 391 271 39 268 272 30 66 166 205 208 6 204 154 305 326 283 65 297 62 241 110 140 286 317 333 180 220 158 189 64 20 126 124 7 56 217 55 25 367 170 361 209 398 227 234 213 190 251 175 99 315 346 265 390 18 103 155 83 378 54 46 287 10 383 382 41 0,7 16 20 103 272
PFG_MOEA,1482,9,389.39,5146.42,0 82 178 117 243 368 376 258 353 153 171 87 278 210 143 237 256 274 49 100 282 310 104 102 277 275 194 323 363 352 101 198 95 222 138 122 276 336 252 236 128 23 381 90 119 2 12 0,
PFG_MOEA,1482,10,389.39,5146.42,0 344 349 351 280 309 5 79 160 50 60 257 270 379 195 45 348 75 328 248 290 343 187 0,
PFG_MOEA,1482,11,389.39,5146.42,0 214 295 40 32 239 370 342 144 176 150 47 9 125 216 89 61 207 307 313 359 206 253 365 360 335 0,176
PFG_MOEA,1482,12,389.39,5146.42,0 338 202 306 196 296 347 332 324 147 211 244 223 0,
PFG_MOEA,1483,1,413.96,4915.5,0 187 206 253 365 359 313 307 207 61 12 89 2 119 128 236 252 336 138 163 222 95 198 351 280 237 256 274 49 100 102 277 275 194 323 363 352 101 53 293 133 331 285 392 122 239 276 32 40 295 23 381 90 113 81 29 76 116 111 384 337 358 181 177 288 385 240 396 245 115 22 118 185 214 0,245 381
PFG_MOEA,1483,2,413.96,4915.5,0 281 84 131 325 355 114 389 186 134 341 298 26 334 0,
PFG_MOEA,1483,3,413.96,4915.5,0 371 219 105 162 159 74 279 91 24 212 375 284 14 184 318 70 292 263 8 373 169 108 72 52 130 44 386 362 201 312 67 164 107 302 173 106 261 388 197 218 151 77 273 136 137 59 0,
PFG_MOEA,1483,4,413.96,4915.5,0 57 127 109 226 0,
PFG_MOEA,1483,5,413.96,4915.5,0 19 0,
PFG_MOEA,1483,6,413.96,4915.5,0 38 303 357 266 141 86 199 228 267 366 289 231 34 58 68 161 235 35 249 88 135 233 319 182 172 13 80 0,88
PFG_MOEA,1483,7,413.96,4915.5,0 399 397 36 11 92 156 94 230 374 350 311 4 314 193 340 299 321 269 120 142 37 51 123 145 132 339 322 121 146 294 174 320 364 393 3 229 308 356 264 259 246 42 300 329 112 191 165 200 221 242 96 0,11 340 374 393
PFG_MOEA,1483,8,413.96,4915.5,0 152 247 255 1 262 250 28 345 377 395 400 394 188 301 372 21 167 291 139 149 157 63 316 387 327 17 43 85 215 73 254 183 354 69 265 346 315 99 175 251 190 390 18 103 155 83 378 213 234 227 398 93 0,1 152 175 227
PFG_MOEA,1483,9,413.96,4915.5,0 304 31 48 192 330 238 129 148 260 391 271 39 268 272 30 66 166 205 208 6 204 154 305 326 283 65 297 62 241 110 140 286 317 333 180 220 158 189 64 20 126 124 7 56 217 55 25 367 170 361 209 71 33 97 225 232 179 224 0,55 391
PFG_MOEA,1483,10,413.96,4915.5,0 287 10 383 382 0,
PFG_MOEA,1483,11,413.96,4915.5,0 16 15 168 203 369 380 82 178 117 243 349 344 54 46 41 0,
PFG_MOEA,1483,12,413.96,4915.5,0 335 360 216 150 9 47 125 309 5 343 290 368 376 258 248 328 75 171 87 278 153 353 348 45 210 195 379 270 257 60 50 160 79 143 282 310 104 223 244 211 324 147 332 347 296 196 78 98 27 176 144 342 370 306 202 338 0,
PFG_MOEA,1484,1,320.55,5348.04,0 80 13 172 182 397 36 11 92 233 135 88 249 35 235 161 68 58 34 231 289 319 399 0,
PFG_MOEA,1484,2,320.55,5348.04,0 374 230 94 156 311 350 4 314 193 340 299 321 269 120 142 132 339 174 320 364 308 229 3 393 294 146 121 322 123 145 51 37 0,393
PFG_MOEA,1484,3,320.55,5348.04,0 96 242 221 200 165 112 329 300 191 152 247 255 1 262 42 250 28 246 259 264 356 345 377 395 400 394 188 301 372 21 167 291 139 149 157 63 316 387 327 17 43 85 215 73 254 183 354 69 265 346 315 99 175 251 190 0,215
PFG_MOEA,1484,4,320.55,5348.04,0 304 31 192 330 238 129 398 227 234 213 18 390 286 140 110 241 93 260 148 48 0,
PFG_MOEA,1484,5,320.55,5348.04,0 317 333 0,
PFG_MOEA,1484,6,320.55,5348.04,0 33 71 209 361 170 367 25 55 217 56 7 180 220 158 189 64 20 126 124 224 10 383 382 16 203 168 15 0,25
PFG_MOEA,1484,7,320.55,5348.04,0 380 369 335 360 216 150 9 47 125 309 5 195 379 270 210 45 348 353 153 278 87 171 75 328 248 258 376 368 290 343 54 46 344 349 243 117 178 82 41 0,
PFG_MOEA,1484,8,320.55,5348.04,0 338 202 306 370 342 144 176 27 98 78 196 296 347 332 147 324 211 244 223 104 310 282 143 79 160 50 60 257 6 204 154 305 326 283 62 297 65 208 205 166 66 30 272 268 0,66
PFG_MOEA,1484,9,320.55,5348.04,0 187 206 253 365 359 313 307 207 61 12 89 2 119 128 236 252 336 138 163 222 95 198 351 256 237 280 391 271 39 378 83 155 103 232 179 287 225 97 0,138 307
PFG_MOEA,1484,10,320.55,5348.04,0 22 389 114 84 131 325 355 29 81 113 76 116 111 384 337 358 181 177 288 385 240 396 245 115 392 285 331 133 293 53 101 352 363 323 194 275 277 102 100 49 274 122 239 276 32 40 295 23 381 90 214 185 281 118 0,323 331
PFG_MOEA,1484,11,320.55,5348.04,0 334 298 26 105 186 134 341 219 371 24 212 375 14 184 318 70 292 263 8 373 169 284 74 279 91 159 162 0,134
PFG_MOEA,1484,12,320.55,5348.04,0 38 19 226 57 127 109 59 137 136 273 77 151 218 197 388 261 106 173 302 107 164 67 312 201 362 366 267 228 386 44 130 52 72 108 303 357 266 141 86 199 0,106 386
PFG_MOEA,1485,1,270.73,5843.94,0 335 187 309 5 195 379 270 257 60 50 160 79 143 280 351 237 256 274 49 198 252 236 381 23 90 12 207 307 0,
PFG_MOEA,1485,2,270.73,5843.94,0 61 313 359 206 253 365 360 214 185 118 281 26 334 298 371 22 134 186 162 159 292 263 8 373 318 70 184 284 74 279 0,134 284 313 318
PFG_MOEA,1485,3,270.73,5843.94,0 91 169 108 14 375 212 24 192 330 238 129 200 165 112 191 152 127 57 109 59 137 273 136 247 17 43 85 215 33 71 224 260 148 48 31 304 0,33 200
PFG_MOEA,1485,4,270.73,5843.94,0 73 254 69 354 183 327 387 157 149 188 394 316 63 262 1 255 250 28 42 400 395 377 345 356 264 259 246 308 229 197 218 151 77 107 164 67 302 388 3 106 173 261 320 364 0,
PFG_MOEA,1485,5,270.73,5843.94,0 329 300 362 123 51 145 322 121 146 201 312 393 294 174 339 132 120 142 0,145 174
PFG_MOEA,1485,6,270.73,5843.94,0 37 269 321 299 340 219 341 105 84 131 29 81 113 76 116 111 181 358 337 384 325 355 114 389 0,341
PFG_MOEA,1485,7,270.73,5843.94,0 89 216 47 125 9 150 163 53 293 133 331 285 392 115 245 396 240 385 288 177 34 58 235 135 233 88 249 35 161 68 0,133 240
PFG_MOEA,1485,8,270.73,5843.94,0 172 182 193 314 4 350 397 36 11 374 311 230 94 156 199 92 86 319 266 141 289 231 386 366 267 228 44 130 52 72 303 357 13 19 226 221 242 96 0,141 386
PFG_MOEA,1485,9,270.73,5843.94,0 38 80 378 83 291 139 21 167 301 372 346 315 265 390 99 175 251 190 18 103 155 234 227 398 93 54 46 268 272 30 39 271 391 179 0,
PFG_MOEA,1485,10,270.73,5843.94,0 97 225 232 209 361 213 170 367 328 248 258 376 368 290 343 66 349 344 243 117 178 82 41 16 380 369 196 78 98 27 176 144 342 370 306 202 338 203 168 15 399 0,82 176 225
PFG_MOEA,1485,11,270.73,5843.94,0 287 64 166 205 75 348 353 45 210 278 153 171 87 6 208 158 189 220 241 62 297 65 283 204 154 305 326 110 140 180 333 317 286 25 55 217 56 7 124 126 20 10 0,65 126
PFG_MOEA,1485,12,270.73,5843.94,0 2 119 128 295 40 32 276 239 122 296 332 347 138 336 222 95 101 194 147 324 275 323 363 352 277 102 223 244 211 104 310 100 282 383 382 0,2
PFG_MOEA,1486,1,369.23,5154.87,0 90 295 40 32 276 239 122 222 95 101 323 363 352 102 277 275 194 53 293 133 331 285 392 115 245 396 240 385 288 177 181 358 337 384 111 116 76 113 81 29 325 131 84 355 114 389 279 74 159 162 371 219 341 22 134 186 105 298 334 26 281 118 185 214 0,40 240 245 331
PFG_MOEA,1486,2,369.23,5154.87,0 91 24 212 375 284 14 184 318 70 292 263 8 373 169 108 72 52 130 44 386 0,318
PFG_MOEA,1486,3,369.23,5154.87,0 362 201 312 67 164 107 302 173 106 261 388 197 218 151 77 273 136 0,106
PFG_MOEA,1486,4,369.23,5154.87,0 399 172 182 397 36 11 92 86 141 266 303 357 319 199 228 267 366 289 231 34 58 68 161 235 35 249 88 135 233 156 94 230 374 350 311 4 314 193 340 299 321 269 120 142 37 51 145 123 137 59 109 127 57 226 19 13 80 38 0,340
PFG_MOEA,1486,5,369.23,5154.87,0 132 339 322 0,
PFG_MOEA,1486,6,369.23,5154.87,0 96 242 221 200 165 112 191 152 329 300 121 146 294 174 320 364 393 3 229 308 259 246 264 356 345 377 395 400 42 250 28 247 255 1 262 63 157 291 167 21 372 301 188 394 139 149 316 387 327 17 43 85 215 73 254 183 354 69 265 346 315 99 0,1 200 393
PFG_MOEA,1486,7,369.23,5154.87,0 93 398 227 234 213 190 251 175 390 18 103 155 83 378 31 304 0,
PFG_MOEA,1486,8,369.23,5154.87,0 48 192 330 238 129 148 260 391 0,
PFG_MOEA,1486,9,369.23,5154.87,0 268 272 30 65 283 326 305 154 204 6 208 205 166 66 271 39 0,272
PFG_MOEA,1486,10,369.23,5154.87,0 124 126 20 64 189 158 220 241 297 62 110 140 286 317 333 180 7 56 217 55 25 367 170 361 209 71 97 33 0,
PFG_MOEA,1486,11,369.23,5154.87,0 15 16 380 369 168 203 338 202 306 370 342 144 176 27 98 78 196 296 347 332 324 147 211 244 223 210 45 348 353 153 278 87 171 75 328 248 258 376 368 290 343 54 46 224 225 232 179 287 10 383 382 41 344 349 243 117 178 82 125 9 47 150 216 360 335 0,47 87 353
PFG_MOEA,1486,12,369.23,5154.87,0 207 307 313 359 365 253 206 187 100 310 104 282 143 79 160 50 60 257 270 379 195 5 309 280 351 237 256 274 49 198 163 138 336 252 236 381 23 128 119 2 89 12 61 0,
PFG_MOEA,1487,1,337.93,5308.22,0 187 206 253 313 359 365 0,
PFG_MOEA,1487,2,337.93,5308.22,0 207 307 198 280 351 256 237 101 53 293 133 331 285 392 95 222 163 138 336 252 236 128 119 2 89 12 61 0,133 222
PFG_MOEA,1487,3,337.93,5308.22,0 323 363 352 194 275 277 102 100 49 274 122 239 276 32 40 295 23 381 90 0,
PFG_MOEA,1487,4,337.93,5308.22,0 22 115 245 396 240 385 288 177 181 358 337 384 111 116 76 113 81 29 131 84 281 118 185 214 0,
PFG_MOEA,1487,5,337.93,5308.22,0 334 26 298 371 219 341 134 186 105 355 325 114 389 162 159 74 279 91 24 212 375 284 14 184 318 70 292 263 8 373 169 108 72 52 130 44 386 362 201 312 0,284
PFG_MOEA,1487,6,337.93,5308.22,0 399 172 182 397 36 11 92 86 141 266 303 357 319 199 228 267 366 289 231 34 58 68 161 235 35 249 88 135 233 156 94 230 57 127 109 59 137 136 273 77 151 218 197 388 261 106 173 302 107 164 67 294 226 19 13 80 38 0,
PFG_MOEA,1487,7,337.93,5308.22,0 374 350 311 4 314 193 340 299 321 269 120 142 37 51 145 123 146 121 322 339 132 174 320 364 393 3 229 308 356 264 259 246 42 1 255 247 152 191 112 329 300 165 200 221 242 96 0,132 264 340 393
PFG_MOEA,1487,8,337.93,5308.22,0 28 250 262 400 395 345 377 394 188 301 372 21 167 291 139 149 157 63 316 387 327 17 43 85 215 73 254 183 354 69 265 346 315 99 175 251 190 0,
PFG_MOEA,1487,9,337.93,5308.22,0 304 192 330 238 129 378 83 155 103 18 390 213 234 227 398 140 110 241 62 297 65 283 326 305 154 204 6 208 205 166 66 93 30 272 268 39 271 391 260 148 48 31 0,65 391
PFG_MOEA,1487,10,337.93,5308.22,0 33 71 225 97 232 209 361 170 367 25 55 217 56 7 317 286 333 180 220 158 189 64 20 126 124 224 10 287 179 0,
PFG_MOEA,1487,11,337.93,5308.22,0 15 168 203 369 16 380 335 360 216 150 9 47 125 309 5 195 379 270 210 45 348 353 153 278 87 171 75 328 248 54 46 383 382 344 349 243 117 178 82 41 0,82 87 195 353
PFG_MOEA,1487,12,337.93,5308.22,0 338 202 306 370 342 144 176 27 98 78 196 296 347 332 147 324 211 244 223 104 310 282 143 79 160 50 60 257 258 376 368 290 343 0,290
PFG_MOEA,1488,1,319.42,5478.6,0 222 0,
PFG_MOEA,1488,2,319.42,5478.6,0 95 101 323 363 352 102 277 275 194 53 293 133 331 285 392 115 245 396 240 385 288 177 181 358 337 384 111 116 76 113 81 29 325 131 84 355 114 389 279 74 159 162 371 219 341 22 134 186 105 298 334 26 281 0,105
PFG_MOEA,1488,3,319.42,5478.6,0 118 91 284 184 14 375 212 24 0,375
PFG_MOEA,1488,4,319.42,5478.6,0 399 397 36 11 92 199 86 141 266 319 357 303 289 366 267 228 8 263 292 70 318 373 169 108 72 52 130 44 386 362 201 312 67 164 107 302 173 106 261 388 197 218 151 77 273 136 182 172 0,86 197 318 362
PFG_MOEA,1488,5,319.42,5478.6,0 38 80 13 19 226 57 127 109 59 137 123 145 51 132 142 120 269 321 299 37 340 193 314 4 350 311 156 233 135 88 249 35 235 161 68 58 34 231 94 230 374 0,
PFG_MOEA,1488,6,319.42,5478.6,0 96 242 200 191 112 165 322 339 174 393 3 229 364 320 294 121 146 300 329 152 221 0,200 393
PFG_MOEA,1488,7,319.42,5478.6,0 93 85 247 28 246 259 308 264 356 345 377 395 400 42 250 255 1 262 63 157 291 167 21 372 301 188 394 139 149 316 387 327 17 43 73 215 254 183 354 69 265 346 315 99 390 175 251 190 18 213 234 227 398 0,
PFG_MOEA,1488,8,319.42,5478.6,0 304 31 48 330 192 129 238 148 260 391 271 66 166 205 208 6 204 154 305 326 283 65 62 297 241 158 189 220 110 140 103 155 83 378 124 126 20 64 30 272 268 39 0,62 205 220 391
PFG_MOEA,1488,9,319.42,5478.6,0 7 180 333 286 317 56 217 55 0,
PFG_MOEA,1488,10,319.42,5478.6,0 15 16 380 369 168 203 338 202 306 370 342 144 176 27 98 78 196 296 347 332 324 147 211 244 223 210 45 348 353 153 278 87 171 75 328 248 258 376 368 290 343 54 46 209 361 170 367 25 232 179 224 225 97 71 33 0,16 353 370
PFG_MOEA,1488,11,319.42,5478.6,0 365 253 206 61 89 2 119 128 216 336 138 163 150 47 125 9 100 282 310 104 143 79 160 50 60 257 270 379 195 5 309 280 351 237 256 287 10 383 382 344 349 243 117 178 82 41 0,47 138 178 206 243
PFG_MOEA,1488,12,319.42,5478.6,0 335 187 359 313 360 207 307 198 49 274 122 239 276 32 40 295 23 381 236 252 90 12 214 185 0,
PFG_MOEA,1489,1,312.87,5623.42,0 216 98 370 342 144 176 27 78 196 296 347 332 147 324 211 244 223 104 310 282 79 160 50 379 195 5 309 143 150 47 9 125 0,
PFG_MOEA,1489,2,312.87,5623.42,0 117 243 344 349 343 290 368 376 258 248 328 75 348 353 171 87 278 153 45 210 257 60 270 237 256 274 49 198 222 138 336 239 276 32 177 181 358 337 384 111 116 76 23 381 90 12 0,290 336 353
PFG_MOEA,1489,3,312.87,5623.42,0 22 118 185 214 2 119 128 236 252 40 295 122 392 285 331 133 293 53 101 352 363 323 194 275 277 102 100 351 280 95 163 61 89 207 307 313 359 253 365 0,307
PFG_MOEA,1489,4,312.87,5623.42,0 206 187 0,
PFG_MOEA,1489,5,312.87,5623.42,0 281 26 334 298 219 371 341 134 186 105 115 245 396 240 385 288 113 81 29 325 355 131 84 114 389 162 159 74 279 91 0,341
PFG_MOEA,1489,6,312.87,5623.42,0 80 13 19 226 57 127 109 59 137 136 273 77 151 218 197 388 261 106 173 302 107 164 67 312 201 362 386 44 130 52 72 108 169 373 8 263 292 70 318 184 14 284 375 212 24 303 357 319 182 172 38 0,318 362
PFG_MOEA,1489,7,312.87,5623.42,0 266 141 86 199 228 267 366 289 231 34 58 68 161 235 35 249 88 135 233 156 94 230 374 92 0,
PFG_MOEA,1489,8,312.87,5623.42,0 399 397 36 11 350 311 4 314 193 340 299 321 269 120 142 37 51 123 145 132 339 322 121 146 294 174 320 364 393 3 229 308 356 264 259 246 42 300 329 112 191 165 200 221 242 96 0,51 145 174 264 329
PFG_MOEA,1489,9,312.87,5623.42,0 152 247 28 250 345 377 395 400 394 188 301 372 167 21 139 291 262 1 255 0,
PFG_MOEA,1489,10,312.87,5623.42,0 85 215 73 43 17 327 387 316 149 157 63 354 183 254 69 265 346 315 99 175 251 190 390 18 103 155 83 378 0,175 390
PFG_MOEA,1489,11,312.87,5623.42,0 304 31 48 192 330 129 238 148 260 383 10 224 391 271 39 46 93 398 227 234 213 179 232 225 97 71 33 382 0,
PFG_MOEA,1489,12,312.87,5623.42,0 209 361 170 367 25 55 217 56 7 124 126 20 64 189 158 220 180 333 317 286 140 110 241 62 297 65 283 326 305 154 204 6 208 205 166 66 30 272 268 54 287 178 82 41 335 360 380 369 203 338 202 306 168 15 16 0,7 166 203 361
PFG_MOEA,1490,1,350.97,5291.61,0 22 118 185 214 2 119 252 236 128 381 23 40 32 295 239 122 392 285 331 133 293 53 101 352 363 323 194 275 277 102 100 274 256 237 351 280 376 368 290 343 349 344 243 117 0,23 293 352
PFG_MOEA,1490,2,350.97,5291.61,0 365 359 313 307 207 89 61 163 95 206 253 187 281 26 334 298 219 371 341 134 186 105 115 245 396 240 385 288 177 181 358 337 384 111 116 76 113 81 29 325 355 131 84 114 389 162 159 279 74 284 70 318 184 14 375 212 24 91 0,
PFG_MOEA,1490,3,350.97,5291.61,0 292 263 8 373 169 108 72 52 130 44 386 362 201 312 67 164 107 302 173 106 261 388 197 218 151 77 273 136 137 59 109 0,362 388
PFG_MOEA,1490,4,350.97,5291.61,0 38 80 13 19 226 57 127 68 161 58 34 231 289 366 267 228 199 86 141 266 357 303 319 182 172 0,182
PFG_MOEA,1490,5,350.97,5291.61,0 397 36 11 92 374 350 311 4 314 193 230 94 156 35 88 249 235 135 233 340 299 321 269 120 142 37 51 0,
PFG_MOEA,1490,6,350.97,5291.61,0 399 96 242 200 165 112 329 300 123 145 322 121 146 294 339 132 174 320 364 393 3 229 308 356 264 259 246 28 250 42 262 1 255 247 152 191 221 0,152 174 200 229 246
PFG_MOEA,1490,7,350.97,5291.61,0 345 377 395 400 394 188 301 372 21 167 291 139 149 157 63 316 387 327 17 43 85 215 73 254 183 354 69 265 346 315 99 175 251 190 390 18 103 155 213 234 83 378 0,
PFG_MOEA,1490,8,350.97,5291.61,0 224 93 398 227 71 97 225 232 179 0,
PFG_MOEA,1490,9,350.97,5291.61,0 304 31 48 192 330 129 238 148 33 209 361 170 367 25 55 217 56 7 124 126 20 64 189 158 220 180 333 317 286 140 110 241 62 297 65 283 326 305 154 204 6 208 205 166 66 30 272 268 54 46 39 271 391 10 287 383 382 260 16 369 380 0,39
PFG_MOEA,1490,10,350.97,5291.61,0 15 168 203 178 82 41 0,
PFG_MOEA,1490,11,350.97,5291.61,0 335 0,
PFG_MOEA,1490,12,350.97,5291.61,0 360 90 216 336 47 9 125 198 49 309 5 258 248 328 75 348 353 171 87 278 153 45 379 195 210 257 270 60 50 160 79 143 282 310 104 223 244 211 324 147 222 150 138 276 332 347 296 196 78 98 27 176 144 342 370 306 202 338 12 0,223 370
PFG_MOEA,1491,1,748.42,4875.65,0 399 38 80 96 242 221 226 19 13 172 182 319 303 357 266 141 86 199 228 267 366 289 231 34 58 68 161 235 35 249 88 135 233 156 94 230 374 92 11 36 397 350 311 4 314 193 340 299 321 269 37 142 120 132 339 51 145 123 300 329 112 165 200 191 152 57 127 109 59 137 136 247 255 1 262 42 250 28 273 77 151 146 121 322 294 174 320 364 393 3 106 261 388 229 218 197 246 259 308 264 356 345 377 395 400 394 188 301 372 21 167 291 139 149 157 63 316 387 327 17 43 85 215 73 254 183 354 69 265 346 315 99 175 251 190 390 18 103 155 83 378 213 234 227 0,1 94 174 314 340 390 395
PFG_MOEA,1491,2,748.42,4875.65,0 260 224 93 398 71 33 148 0,
PFG_MOEA,1491,3,748.42,4875.65,0 304 31 192 330 129 238 48 382 383 10 391 271 39 30 272 268 54 46 0,
PFG_MOEA,1491,4,748.42,4875.65,0 15 168 203 369 380 16 41 82 178 209 361 170 367 25 55 217 56 7 124 126 20 64 189 158 220 180 333 317 286 140 110 241 62 297 65 283 326 305 154 204 6 208 205 166 66 335 0,65 220 361
PFG_MOEA,1491,5,748.42,4875.65,0 12 90 381 216 47 125 9 150 360 117 243 349 344 287 97 225 232 179 343 290 368 376 258 248 328 75 348 353 171 87 278 153 45 210 257 270 60 50 160 79 379 195 5 309 143 282 310 104 223 244 211 324 147 347 332 331 285 296 196 78 392 98 115 245 27 176 144 342 240 370 396 385 288 306 177 181 358 337 384 111 116 76 113 81 29 325 355 131 84 338 202 114 389 22 0,176 210 370
PFG_MOEA,1491,6,748.42,4875.65,0 23 32 276 239 336 138 222 49 274 198 0,
PFG_MOEA,1491,7,748.42,4875.65,0 118 185 214 2 119 128 236 252 40 295 122 133 293 53 101 352 363 323 194 275 277 102 100 237 280 351 256 95 163 61 89 207 307 313 0,133 323
PFG_MOEA,1491,8,748.42,4875.65,0 365 359 253 206 0,
PFG_MOEA,1491,9,748.42,4875.65,0 187 0,
PFG_MOEA,1491,10,748.42,4875.65,0 281 26 334 298 341 105 186 134 162 371 219 0,
PFG_MOEA,1491,11,748.42,4875.65,0 159 279 74 284 184 318 70 292 14 375 212 24 91 0,375
PFG_MOEA,1491,12,748.42,4875.65,0 263 8 373 169 108 72 52 130 44 386 107 164 173 302 67 312 201 362 0,386
PFG_MOEA,1492,1,759.34,4800.0,0 219 341 105 389 114 84 131 355 325 29 81 113 76 116 111 384 337 358 181 177 288 385 240 396 245 115 392 285 331 133 293 53 163 150 9 125 47 216 89 61 206 253 365 0,245
PFG_MOEA,1492,2,759.34,4800.0,0 22 134 186 162 159 279 74 284 184 318 70 292 263 8 373 169 108 14 375 212 24 91 0,318
PFG_MOEA,1492,3,759.34,4800.0,0 304 31 48 148 260 224 71 33 129 238 330 192 200 165 112 191 152 127 57 109 59 137 273 136 247 17 43 85 215 73 254 69 354 183 327 387 157 149 188 394 316 63 262 1 255 250 28 42 400 395 377 345 356 264 259 246 308 229 197 218 151 77 107 164 67 302 388 3 106 173 261 320 364 393 312 201 362 329 300 123 51 145 322 121 146 294 174 339 132 120 142 37 269 321 299 340 233 135 88 249 35 161 235 68 58 34 386 231 289 366 267 228 44 130 52 72 303 357 319 266 141 86 92 199 156 94 230 311 374 11 36 397 350 4 314 193 182 172 13 19 226 221 242 96 80 38 0,33 106 174 200 303 311 394
PFG_MOEA,1492,4,759.34,4800.0,0 378 83 155 103 18 190 251 175 99 315 346 372 301 167 21 139 291 265 390 234 0,
PFG_MOEA,1492,5,759.34,4800.0,0 179 391 271 39 30 272 268 46 54 93 398 227 213 232 0,391
PFG_MOEA,1492,6,759.34,4800.0,0 225 0,
PFG_MOEA,1492,7,759.34,4800.0,0 97 209 361 170 367 0,
PFG_MOEA,1492,8,759.34,4800.0,0 399 15 168 203 338 202 306 370 342 144 176 27 98 78 196 369 380 16 41 82 178 117 243 344 349 66 343 290 368 376 258 248 328 75 348 353 45 210 278 153 171 87 6 208 205 166 158 189 220 241 62 297 65 283 204 154 305 326 110 140 180 333 317 286 25 55 217 56 7 124 126 20 64 287 10 383 382 0,62 66 205 220 342
PFG_MOEA,1492,9,759.34,4800.0,0 2 119 128 295 40 32 276 239 122 296 332 347 138 336 222 95 101 194 147 324 275 323 363 352 277 102 223 244 211 104 310 100 282 143 79 160 50 60 257 270 379 195 5 309 280 351 237 256 274 49 198 252 236 0,
PFG_MOEA,1492,10,759.34,4800.0,0 381 23 90 12 207 307 0,
PFG_MOEA,1492,11,759.34,4800.0,0 335 187 359 313 360 214 0,
PFG_MOEA,1492,12,759.34,4800.0,0 185 118 281 26 334 298 371 0,
PFG_MOEA,1493,1,314.81,5596.11,0 12 90 128 236 252 336 276 138 222 198 49 274 256 237 351 280 309 5 290 343 313 207 0,222
PFG_MOEA,1493,2,314.81,5596.11,0 91 292 263 8 373 169 108 14 375 212 24 371 219 341 298 334 26 281 118 185 214 295 40 32 239 122 95 101 352 363 323 194 275 277 102 100 23 381 119 2 307 359 187 148 48 31 304 0,23
PFG_MOEA,1493,3,314.81,5596.11,0 260 224 71 33 127 152 191 112 165 200 129 238 330 192 0,33
PFG_MOEA,1493,4,314.81,5596.11,0 57 67 302 173 106 3 388 164 107 77 151 218 197 229 308 246 259 264 356 345 377 395 400 42 28 250 255 1 262 63 316 394 188 149 157 387 327 183 354 69 254 73 215 85 43 17 247 136 273 137 59 109 0,
PFG_MOEA,1493,5,314.81,5596.11,0 329 300 362 123 51 145 322 121 146 201 261 320 364 393 312 294 174 339 132 206 253 365 360 335 0,362 393
PFG_MOEA,1493,6,314.81,5596.11,0 61 358 181 177 288 385 240 396 245 115 392 285 331 133 293 53 163 150 9 125 47 216 89 0,
PFG_MOEA,1493,7,314.81,5596.11,0 80 13 19 226 35 161 235 58 34 386 231 289 366 267 228 44 130 52 72 318 70 184 284 74 279 159 162 389 114 355 325 384 337 111 116 76 113 81 29 131 84 105 186 134 22 0,
PFG_MOEA,1493,8,314.81,5596.11,0 38 96 242 221 172 182 397 350 311 4 314 193 230 94 156 374 36 11 92 319 357 303 266 141 86 199 68 135 88 249 233 340 299 321 269 120 142 37 301 21 139 291 167 372 346 315 99 175 251 0,182
PFG_MOEA,1493,9,314.81,5596.11,0 97 225 232 179 391 271 158 241 62 297 65 283 204 154 305 326 110 140 286 317 333 180 220 126 124 7 56 217 55 25 367 170 361 209 227 234 213 190 390 265 18 103 155 83 378 398 93 54 46 268 272 30 39 0,65 154
PFG_MOEA,1493,10,314.81,5596.11,0 399 15 16 380 41 82 178 117 243 344 349 20 189 64 166 205 208 6 87 171 153 278 210 353 258 376 368 66 287 10 383 382 0,243
PFG_MOEA,1493,11,314.81,5596.11,0 369 338 203 168 0,
PFG_MOEA,1493,12,314.81,5596.11,0 202 306 370 342 144 176 27 98 78 196 296 347 332 324 147 211 244 223 104 310 282 143 79 160 50 60 257 270 379 195 45 348 75 328 248 0,370
PFG_MOEA,1494,1,411.21,4974.5,0 12 90 381 23 32 276 239 336 138 222 198 49 274 256 237 351 280 252 236 128 119 2 0,23
PFG_MOEA,1494,2,411.21,4974.5,0 22 118 185 214 295 40 122 392 285 331 133 293 53 101 352 363 323 194 275 277 102 100 95 163 61 89 207 307 313 359 365 253 206 187 0,22 100
PFG_MOEA,1494,3,411.21,4974.5,0 115 0,
PFG_MOEA,1494,4,411.21,4974.5,0 245 396 240 385 288 177 181 358 337 384 111 116 76 113 81 29 325 355 0,
PFG_MOEA,1494,5,411.21,4974.5,0 281 26 334 298 341 134 186 131 84 114 389 105 219 371 162 159 74 279 91 24 212 375 284 14 184 318 70 292 263 8 373 169 108 72 52 130 44 386 362 201 312 67 164 107 302 173 106 261 388 197 218 151 77 273 136 137 59 109 127 57 226 19 13 80 0,77 106 284
PFG_MOEA,1494,6,411.21,4974.5,0 38 172 182 319 303 357 266 141 86 199 228 267 366 289 231 34 58 68 161 235 35 249 88 135 233 156 94 230 374 92 11 36 397 350 311 4 314 193 340 299 321 269 120 142 37 51 123 145 132 339 322 121 146 294 174 320 364 393 3 229 308 356 264 259 246 42 300 329 112 221 242 96 0,51 174 229 246 299
PFG_MOEA,1494,7,411.21,4974.5,0 399 200 165 191 152 247 255 1 262 250 28 345 377 395 400 394 188 301 372 21 167 291 139 149 157 63 316 387 327 17 43 85 215 73 254 183 354 69 265 346 315 99 175 251 190 390 18 103 155 83 378 213 234 227 398 93 224 179 232 225 97 71 33 260 148 238 129 330 192 48 31 304 0,93
PFG_MOEA,1494,8,411.21,4974.5,0 382 383 10 391 271 39 46 54 268 272 30 66 166 205 208 6 204 154 305 326 283 65 297 62 241 110 140 286 317 333 180 220 158 189 64 20 126 124 7 56 217 55 25 367 170 361 209 287 0,55 62 66 220
PFG_MOEA,1494,9,411.21,4974.5,0 380 0,
PFG_MOEA,1494,10,411.21,4974.5,0 16 369 15 0,
PFG_MOEA,1494,11,411.21,4974.5,0 168 203 178 82 41 0,178
PFG_MOEA,1494,12,411.21,4974.5,0 335 360 338 202 306 370 342 144 176 27 98 78 196 296 347 332 216 47 125 9 150 147 324 211 244 223 104 310 282 143 309 5 195 379 79 160 50 60 270 257 210 45 153 278 87 171 353 348 75 328 248 258 376 368 290 343 349 344 243 117 0,
PFG_MOEA,1495,1,312.55,5795.78,0 336 138 239 122 296 347 332 324 275 277 104 211 244 223 102 352 363 323 194 147 101 95 222 0,122 211 222 277
PFG_MOEA,1495,2,312.55,5795.78,0 335 360 207 307 313 359 187 100 310 282 143 79 160 50 60 257 270 379 195 5 309 280 351 237 256 274 49 198 252 236 381 23 90 12 214 185 118 281 26 334 298 371 72 52 130 44 386 80 0,5 307
PFG_MOEA,1495,3,312.55,5795.78,0 13 19 226 57 127 109 59 137 136 273 77 151 218 197 388 261 106 173 302 107 164 67 312 201 362 123 51 145 294 174 339 132 142 120 269 321 299 0,174
PFG_MOEA,1495,4,312.55,5795.78,0 340 233 135 88 249 35 235 161 68 58 34 231 289 366 267 228 141 266 303 357 319 86 199 156 94 0,303
PFG_MOEA,1495,5,312.55,5795.78,0 38 172 182 397 36 11 92 374 230 311 350 4 314 193 37 322 121 146 320 364 393 3 229 308 356 264 259 246 42 300 329 112 191 152 221 242 96 0,42 264
PFG_MOEA,1495,6,312.55,5795.78,0 200 165 129 0,
PFG_MOEA,1495,7,312.55,5795.78,0 304 330 395 400 394 188 301 372 21 167 291 139 149 157 63 316 387 17 43 33 71 224 260 0,
PFG_MOEA,1495,8,312.55,5795.78,0 399 247 28 250 345 377 262 1 255 327 254 73 215 85 93 179 232 225 97 148 238 192 48 31 0,93
PFG_MOEA,1495,9,312.55,5795.78,0 378 69 183 354 265 346 315 99 175 251 190 390 18 103 155 83 234 213 227 398 209 361 170 367 25 55 217 56 7 180 333 317 286 140 110 62 297 65 283 326 305 154 204 6 208 241 220 158 189 64 20 126 124 0,175
PFG_MOEA,1495,10,312.55,5795.78,0 287 382 383 10 268 272 30 66 166 205 271 39 391 53 293 133 331 285 392 115 245 396 240 385 288 177 181 358 337 384 111 116 76 113 81 29 325 355 131 84 114 389 105 341 219 0,
PFG_MOEA,1495,11,312.55,5795.78,0 91 24 212 375 14 108 169 373 8 263 292 70 318 184 284 74 279 159 162 22 134 186 89 216 47 125 9 150 163 61 365 253 206 46 54 0,
PFG_MOEA,1495,12,312.55,5795.78,0 41 82 178 117 243 344 349 343 290 368 376 258 248 328 75 171 87 153 278 210 45 353 348 2 119 128 295 40 32 276 196 78 98 27 176 144 342 370 306 202 338 203 168 369 380 16 15 0,16 87 203
PFG_MOEA,1496,1,389.39,5146.42,0 163 78 53 293 133 331 285 392 98 115 245 27 396 240 385 288 177 181 358 337 384 111 116 76 113 81 29 325 355 131 84 114 389 91 279 74 159 162 371 219 298 341 22 134 186 105 118 185 0,
PFG_MOEA,1496,2,389.39,5146.42,0 281 26 334 24 212 375 284 14 184 318 70 292 263 8 373 169 108 72 52 130 44 386 51 145 123 362 201 294 312 67 164 107 302 173 106 261 388 197 218 151 77 273 136 137 59 109 127 57 226 19 13 80 0,
PFG_MOEA,1496,3,389.39,5146.42,0 142 339 174 132 120 269 321 299 340 233 135 88 249 35 235 161 68 58 34 231 289 366 267 228 141 266 303 357 319 86 199 156 94 230 374 92 11 36 397 350 311 4 314 193 0,88
PFG_MOEA,1496,4,389.39,5146.42,0 182 172 38 0,
PFG_MOEA,1496,5,389.39,5146.42,0 37 322 121 146 320 364 393 3 229 308 356 264 259 246 42 300 329 112 152 191 165 200 221 242 96 0,152 264 329
PFG_MOEA,1496,6,389.39,5146.42,0 129 33 71 224 260 0,
PFG_MOEA,1496,7,389.39,5146.42,0 399 247 255 1 262 250 28 345 377 395 400 394 188 301 372 21 167 291 139 149 157 63 316 387 17 43 73 254 327 183 354 69 215 85 93 179 232 225 97 148 48 238 330 192 31 304 0,395
PFG_MOEA,1496,8,389.39,5146.42,0 16 15 168 203 369 380 391 271 39 268 272 30 66 166 205 208 6 204 154 305 326 283 65 297 62 241 110 140 286 317 333 180 220 158 189 64 20 126 124 7 56 217 55 25 367 170 361 209 398 227 234 213 190 251 175 99 315 346 265 390 18 103 155 83 378 54 46 287 10 383 382 41 0,7 16 20 103 272
PFG_MOEA,1496,9,389.39,5146.42,0 82 178 117 243 368 376 258 353 153 171 87 278 210 143 237 256 274 49 100 282 310 104 102 277 275 194 323 363 352 101 198 95 222 138 122 276 336 252 236 128 23 381 90 119 2 12 0,
PFG_MOEA,1496,10,389.39,5146.42,0 344 349 351 280 309 5 79 160 50 60 257 270 379 195 45 348 75 328 248 290 343 187 0,
PFG_MOEA,1496,11,389.39,5146.42,0 214 295 40 32 239 370 342 144 176 150 47 9 125 216 89 61 207 307 313 359 206 253 365 360 335 0,176
PFG_MOEA,1496,12,389.39,5146.42,0 338 202 306 196 296 347 332 324 147 211 244 223 0,
PFG_MOEA,1497,1,413.96,4915.5,0 187 206 253 365 359 313 307 207 61 12 89 2 119 128 236 252 336 138 163 222 95 198 351 280 237 256 274 49 100 102 277 275 194 323 363 352 101 53 293 133 331 285 392 122 239 276 32 40 295 23 381 90 113 81 29 76 116 111 384 337 358 181 177 288 385 240 396 245 115 22 118 185 214 0,245 381
PFG_MOEA,1497,2,413.96,4915.5,0 281 84 131 325 355 114 389 186 134 341 298 26 334 0,
PFG_MOEA,1497,3,413.96,4915.5,0 371 219 105 162 159 74 279 91 24 212 375 284 14 184 318 70 292 263 8 373 169 108 72 52 130 44 386 362 201 312 67 164 107 302 173 106 261 388 197 218 151 77 273 136 137 59 0,
PFG_MOEA,1497,4,413.96,4915.5,0 57 127 109 226 0,
PFG_MOEA,1497,5,413.96,4915.5,0 19 0,
PFG_MOEA,1497,6,413.96,4915.5,0 38 303 357 266 141 86 199 228 267 366 289 231 34 58 68 161 235 35 249 88 135 233 319 182 172 13 80 0,88
PFG_MOEA,1497,7,413.96,4915.5,0 399 397 36 11 92 156 94 230 374 350 311 4 314 193 340 299 321 269 120 142 37 51 123 145 132 339 322 121 146 294 174 320 364 393 3 229 308 356 264 259 246 42 300 329 112 191 165 200 221 242 96 0,11 340 374 393
PFG_MOEA,1497,8,413.96,4915.5,0 152 247 255 1 262 250 28 345 377 395 400 394 188 301 372 21 167 291 139 149 157 63 316 387 327 17 43 85 215 73 254 183 354 69 265 346 315 99 175 251 190 390 18 103 155 83 378 213 234 227 398 93 0,1 152 175 227
PFG_MOEA,1497,9,413.96,4915.5,0 304 31 48 192 330 238 129 148 260 391 271 39 268 272 30 66 166 205 208 6 204 154 305 326 283 65 297 62 241 110 140 286 317 333 180 220 158 189 64 20 126 124 7 56 217 55 25 367 170 361 209 71 33 97 225 232 179 224 0,55 391
PFG_MOEA,1497,10,413.96,4915.5,0 287 10 383 382 0,
PFG_MOEA,1497,11,413.96,4915.5,0 16 15 168 203 369 380 82 178 117 243 349 344 54 46 41 0,
PFG_MOEA,1497,12,413.96,4915.5,0 335 360 216 150 9 47 125 309 5 343 290 368 376 258 248 328 75 171 87 278 153 353 348 45 210 195 379 270 257 60 50 160 79 143 282 310 104 223 244 211 324 147 332 347 296 196 78 98 27 176 144 342 370 306 202 338 0,
PFG_MOEA,1498,1,320.55,5348.04,0 80 13 172 182 397 36 11 92 233 135 88 249 35 235 161 68 58 34 231 289 319 399 0,
PFG_MOEA,1498,2,320.55,5348.04,0 374 230 94 156 311 350 4 314 193 340 299 321 269 120 142 132 339 174 320 364 308 229 3 393 294 146 121 322 123 145 51 37 0,393
PFG_MOEA,1498,3,320.55,5348.04,0 96 242 221 200 165 112 329 300 191 152 247 255 1 262 42 250 28 246 259 264 356 345 377 395 400 394 188 301 372 21 167 291 139 149 157 63 316 387 327 17 43 85 215 73 254 183 354 69 265 346 315 99 175 251 190 0,215
PFG_MOEA,1498,4,320.55,5348.04,0 304 31 192 330 238 129 398 227 234 213 18 390 286 140 110 241 93 260 148 48 0,
PFG_MOEA,1498,5,320.55,5348.04,0 317 333 0,
PFG_MOEA,1498,6,320.55,5348.04,0 33 71 209 361 170 367 25 55 217 56 7 180 220 158 189 64 20 126 124 224 10 383 382 16 203 168 15 0,25
PFG_MOEA,1498,7,320.55,5348.04,0 380 369 335 360 216 150 9 47 125 309 5 195 379 270 210 45 348 353 153 278 87 171 75 328 248 258 376 368 290 343 54 46 344 349 243 117 178 82 41 0,
PFG_MOEA,1498,8,320.55,5348.04,0 338 202 306 370 342 144 176 27 98 78 196 296 347 332 147 324 211 244 223 104 310 282 143 79 160 50 60 257 6 204 154 305 326 283 62 297 65 208 205 166 66 30 272 268 0,66
PFG_MOEA,1498,9,320.55,5348.04,0 187 206 253 365 359 313 307 207 61 12 89 2 119 128 236 252 336 138 163 222 95 198 351 256 237 280 391 271 39 378 83 155 103 232 179 287 225 97 0,138 307
PFG_MOEA,1498,10,320.55,5348.04,0 22 389 114 84 131 325 355 29 81 113 76 116 111 384 337 358 181 177 288 385 240 396 245 115 392 285 331 133 293 53 101 352 363 323 194 275 277 102 100 49 274 122 239 276 32 40 295 23 381 90 214 185 281 118 0,323 331
PFG_MOEA,1498,11,320.55,5348.04,0 334 298 26 105 186 134 341 219 371 24 212 375 14 184 318 70 292 263 8 373 169 284 74 279 91 159 162 0,134
PFG_MOEA,1498,12,320.55,5348.04,0 38 19 226 57 127 109 59 137 136 273 77 151 218 197 388 261 106 173 302 107 164 67 312 201 362 366 267 228 386 44 130 52 72 108 303 357 266 141 86 199 0,106 386
PFG_MOEA,1499,1,270.73,5843.94,0 335 187 309 5 195 379 270 257 60 50 160 79 143 280 351 237 256 274 49 198 252 236 381 23 90 12 207 307 0,
PFG_MOEA,1499,2,270.73,5843.94,0 61 313 359 206 253 365 360 214 185 118 281 26 334 298 371 22 134 186 162 159 292 263 8 373 318 70 184 284 74 279 0,134 284 313 318
PFG_MOEA,1499,3,270.73,5843.94,0 91 169 108 14 375 212 24 192 330 238 129 200 165 112 191 152 127 57 109 59 137 273 136 247 17 43 85 215 33 71 224 260 148 48 31 304 0,33 200
PFG_MOEA,1499,4,270.73,5843.94,0 73 254 69 354 183 327 387 157 149 188 394 316 63 262 1 255 250 28 42 400 395 377 345 356 264 259 246 308 229 197 218 151 77 107 164 67 302 388 3 106 173 261 320 364 0,
PFG_MOEA,1499,5,270.73,5843.94,0 329 300 362 123 51 145 322 121 146 201 312 393 294 174 339 132 120 142 0,145 174
PFG_MOEA,1499,6,270.73,5843.94,0 37 269 321 299 340 219 341 105 84 131 29 81 113 76 116 111 181 358 337 384 325 355 114 389 0,341
PFG_MOEA,1499,7,270.73,5843.94,0 89 216 47 125 9 150 163 53 293 133 331 285 392 115 245 396 240 385 288 177 34 58 235 135 233 88 249 35 161 68 0,133 240
PFG_MOEA,1499,8,270.73,5843.94,0 172 182 193 314 4 350 397 36 11 374 311 230 94 156 199 92 86 319 266 141 289 231 386 366 267 228 44 130 52 72 303 357 13 19 226 221 242 96 0,141 386
PFG_MOEA,1499,9,270.73,5843.94,0 38 80 378 83 291 139 21 167 301 372 346 315 265 390 99 175 251 190 18 103 155 234 227 398 93 54 46 268 272 30 39 271 391 179 0,
PFG_MOEA,1499,10,270.73,5843.94,0 97 225 232 209 361 213 170 367 328 248 258 376 368 290 343 66 349 344 243 117 178 82 41 16 380 369 196 78 98 27 176 144 342 370 306 202 338 203 168 15 399 0,82 176 225
PFG_MOEA,1499,11,270.73,5843.94,0 287 64 166 205 75 348 353 45 210 278 153 171 87 6 208 158 189 220 241 62 297 65 283 204 154 305 326 110 140 180 333 317 286 25 55 217 56 7 124 126 20 10 0,65 126
PFG_MOEA,1499,12,270.73,5843.94,0 2 119 128 295 40 32 276 239 122 296 332 347 138 336 222 95 101 194 147 324 275 323 363 352 277 102 223 244 211 104 310 100 282 383 382 0,2
PFG_MOEA,1500,1,369.23,5154.87,0 90 295 40 32 276 239 122 222 95 101 323 363 352 102 277 275 194 53 293 133 331 285 392 115 245 396 240 385 288 177 181 358 337 384 111 116 76 113 81 29 325 131 84 355 114 389 279 74 159 162 371 219 341 22 134 186 105 298 334 26 281 118 185 214 0,40 240 245 331
PFG_MOEA,1500,2,369.23,5154.87,0 91 24 212 375 284 14 184 318 70 292 263 8 373 169 108 72 52 130 44 386 0,318
PFG_MOEA,1500,3,369.23,5154.87,0 362 201 312 67 164 107 302 173 106 261 388 197 218 151 77 273 136 0,106
PFG_MOEA,1500,4,369.23,5154.87,0 399 172 182 397 36 11 92 86 141 266 303 357 319 199 228 267 366 289 231 34 58 68 161 235 35 249 88 135 233 156 94 230 374 350 311 4 314 193 340 299 321 269 120 142 37 51 145 123 137 59 109 127 57 226 19 13 80 38 0,340
PFG_MOEA,1500,5,369.23,5154.87,0 132 339 322 0,
PFG_MOEA,1500,6,369.23,5154.87,0 96 242 221 200 165 112 191 152 329 300 121 146 294 174 320 364 393 3 229 308 259 246 264 356 345 377 395 400 42 250 28 247 255 1 262 63 157 291 167 21 372 301 188 394 139 149 316 387 327 17 43 85 215 73 254 183 354 69 265 346 315 99 0,1 200 393
PFG_MOEA,1500,7,369.23,5154.87,0 93 398 227 234 213 190 251 175 390 18 103 155 83 378 31 304 0,
PFG_MOEA,1500,8,369.23,5154.87,0 48 192 330 238 129 148 260 391 0,
PFG_MOEA,1500,9,369.23,5154.87,0 268 272 30 65 283 326 305 154 204 6 208 205 166 66 271 39 0,272
PFG_MOEA,1500,10,369.23,5154.87,0 124 126 20 64 189 158 220 241 297 62 110 140 286 317 333 180 7 56 217 55 25 367 170 361 209 71 97 33 0,
PFG_MOEA,1500,11,369.23,5154.87,0 15 16 380 369 168 203 338 202 306 370 342 144 176 27 98 78 196 296 347 332 324 147 211 244 223 210 45 348 353 153 278 87 171 75 328 248 258 376 368 290 343 54 46 224 225 232 179 287 10 383 382 41 344 349 243 117 178 82 125 9 47 150 216 360 335 0,47 87 353
PFG_MOEA,1500,12,369.23,5154.87,0 207 307 313 359 365 253 206 187 100 310 104 282 143 79 160 50 60 257 270 379 195 5 309 280 351 237 256 274 49 198 163 138 336 252 236 381 23 128 119 2 89 12 61 0,
PFG_MOEA,1501,1,337.93,5308.22,0 187 206 253 313 359 365 0,
PFG_MOEA,1501,2,337.93,5308.22,0 207 307 198 280 351 256 237 101 53 293 133 331 285 392 95 222 163 138 336 252 236 128 119 2 89 12 61 0,133 222
PFG_MOEA,1501,3,337.93,5308.22,0 323 363 352 194 275 277 102 100 49 274 122 239 276 32 40 295 23 381 90 0,
PFG_MOEA,1501,4,337.93,5308.22,0 22 115 245 396 240 385 288 177 181 358 337 384 111 116 76 113 81 29 131 84 281 118 185 214 0,
PFG_MOEA,1501,5,337.93,5308.22,0 334 26 298 371 219 341 134 186 105 355 325 114 389 162 159 74 279 91 24 212 375 284 14 184 318 70 292 263 8 373 169 108 72 52 130 44 386 362 201 312 0,284
PFG_MOEA,1501,6,337.93,5308.22,0 399 172 182 397 36 11 92 86 141 266 303 357 319 199 228 267 366 289 231 34 58 68 161 235 35 249 88 135 233 156 94 230 57 127 109 59 137 136 273 77 151 218 197 388 261 106 173 302 107 164 67 294 226 19 13 80 38 0,
PFG_MOEA,1501,7,337.93,5308.22,0 374 350 311 4 314 193 340 299 321 269 120 142 37 51 145 123 146 121 322 339 132 174 320 364 393 3 229 308 356 264 259 246 42 1 255 247 152 191 112 329 300 165 200 221 242 96 0,132 264 340 393
PFG_MOEA,1501,8,337.93,5308.22,0 28 250 262 400 395 345 377 394 188 301 372 21 167 291 139 149 157 63 316 387 327 17 43 85 215 73 254 183 354 69 265 346 315 99 175 251 190 0,
PFG_MOEA,1501,9,337.93,5308.22,0 304 192 330 238 129 378 83 155 103 18 390 213 234 227 398 140 110 241 62 297 65 283 326 305 154 204 6 208 205 166 66 93 30 272 268 39 271 391 260 148 48 31 0,65 391
PFG_MOEA,1501,10,337.93,5308.22,0 33 71 225 97 232 209 361 170 367 25 55 217 56 7 317 286 333 180 220 158 189 64 20 126 124 224 10 287 179 0,
PFG_MOEA,1501,11,337.93,5308.22,0 15 168 203 369 16 380 335 360 216 150 9 47 125 309 5 195 379 270 210 45 348 353 153 278 87 171 75 328 248 54 46 383 382 344 349 243 117 178 82 41 0,82 87 195 353
PFG_MOEA,1501,12,337.93,5308.22,0 338 202 306 370 342 144 176 27 98 78 196 296 347 332 147 324 211 244 223 104 310 282 143 79 160 50 60 257 258 376 368 290 343 0,290
PFG_MOEA,1502,1,319.42,5478.6,0 222 0,
PFG_MOEA,1502,2,319.42,5478.6,0 95 101 323 363 352 102 277 275 194 53 293 133 331 285 392 115 245 396 240 385 288 177 181 358 337 384 111 116 76 113 81 29 325 131 84 355 114 389 279 74 159 162 371 219 341 22 134 186 105 298 334 26 281 0,105
PFG_MOEA,1502,3,319.42,5478.6,0 118 91 284 184 14 375 212 24 0,375
PFG_MOEA,1502,4,319.42,5478.6,0 399 397 36 11 92 199 86 141 266 319 357 303 289 366 267 228 8 263 292 70 318 373 169 108 72 52 130 44 386 362 201 312 67 164 107 302 173 106 261 388 197 218 151 77 273 136 182 172 0,86 197 318 362
PFG_MOEA,1502,5,319.42,5478.6,0 38 80 13 19 226 57 127 109 59 137 123 145 51 132 142 120 269 321 299 37 340 193 314 4 350 311 156 233 135 88 249 35 235 161 68 58 34 231 94 230 374 0,
PFG_MOEA,1502,6,319.42,5478.6,0 96 242 200 191 112 165 322 339 174 393 3 229 364 320 294 121 146 300 329 152 221 0,200 393
PFG_MOEA,1502,7,319.42,5478.6,0 93 85 247 28 246 259 308 264 356 345 377 395 400 42 250 255 1 262 63 157 291 167 21 372 301 188 394 139 149 316 387 327 17 43 73 215 254 183 354 69 265 346 315 99 390 175 251 190 18 213 234 227 398 0,
PFG_MOEA,1502,8,319.42,5478.6,0 304 31 48 330 192 129 238 148 260 391 271 66 166 205 208 6 204 154 305 326 283 65 62 297 241 158 189 220 110 140 103 155 83 378 124 126 20 64 30 272 268 39 0,62 205 220 391
PFG_MOEA,1502,9,319.42,5478.6,0 7 180 333 286 317 56 217 55 0,
PFG_MOEA,1502,10,319.42,5478.6,0 15 16 380 369 168 203 338 202 306 370 342 144 176 27 98 78 196 296 347 332 324 147 211 244 223 210 45 348 353 153 278 87 171 75 328 248 258 376 368 290 343 54 46 209 361 170 367 25 232 179 224 225 97 71 33 0,16 353 370
PFG_MOEA,1502,11,319.42,5478.6,0 365 253 206 61 89 2 119 128 216 336 138 163 150 47 125 9 100 282 310 104 143 79 160 50 60 257 270 379 195 5 309 280 351 237 256 287 10 383 382 344 349 243 117 178 82 41 0,47 138 178 206 243
PFG_MOEA,1502,12,319.42,5478.6,0 335 187 359 313 360 207 307 198 49 274 122 239 276 32 40 295 23 381 236 252 90 12 214 185 0,
PFG_MOEA,1503,1,312.87,5623.42,0 216 98 370 342 144 176 27 78 196 296 347 332 147 324 211 244 223 104 310 282 79 160 50 379 195 5 309 143 150 47 9 125 0,
PFG_MOEA,1503,2,312.87,5623.42,0 117 243 344 349 343 290 368 376 258 248 328 75 348 353 171 87 278 153 45 210 257 60 270 237 256 274 49 198 222 138 336 239 276 32 177 181 358 337 384 111 116 76 23 381 90 12 0,290 336 353
PFG_MOEA,1503,3,312.87,5623.42,0 22 118 185 214 2 119 128 236 252 40 295 122 392 285 331 133 293 53 101 352 363 323 194 275 277 102 100 351 280 95 163 61 89 207 307 313 359 253 365 0,307
PFG_MOEA,1503,4,312.87,5623.42,0 206 187 0,
PFG_MOEA,1503,5,312.87,5623.42,0 281 26 334 298 219 371 341 134 186 105 115 245 396 240 385 288 113 81 29 325 355 131 84 114 389 162 159 74 279 91 0,341
PFG_MOEA,1503,6,312.87,5623.42,0 80 13 19 226 57 127 109 59 137 136 273 77 151 218 197 388 261 106 173 302 107 164 67 312 201 362 386 44 130 52 72 108 169 373 8 263 292 70 318 184 14 284 375 212 24 303 357 319 182 172 38 0,318 362
PFG_MOEA,1503,7,312.87,5623.42,0 266 141 86 199 228 267 366 289 231 34 58 68 161 235 35 249 88 135 233 156 94 230 374 92 0,
PFG_MOEA,1503,8,312.87,5623.42,0 399 397 36 11 350 311 4 314 193 340 299 321 269 120 142 37 51 123 145 132 339 322 121 146 294 174 320 364 393 3 229 308 356 264 259 246 42 300 329 112 191 165 200 221 242 96 0,51 145 174 264 329
PFG_MOEA,1503,9,312.87,5623.42,0 152 247 28 250 345 377 395 400 394 188 301 372 167 21 139 291 262 1 255 0,
PFG_MOEA,1503,10,312.87,5623.42,0 85 215 73 43 17 327 387 316 149 157 63 354 183 254 69 265 346 315 99 175 251 190 390 18 103 155 83 378 0,175 390
PFG_MOEA,1503,11,312.87,5623.42,0 304 31 48 192 330 129 238 148 260 383 10 224 391 271 39 46 93 398 227 234 213 179 232 225 97 71 33 382 0,
PFG_MOEA,1503,12,312.87,5623.42,0 209 361 170 367 25 55 217 56 7 124 126 20 64 189 158 220 180 333 317 286 140 110 241 62 297 65 283 326 305 154 204 6 208 205 166 66 30 272 268 54 287 178 82 41 335 360 380 369 203 338 202 306 168 15 16 0,7 166 203 361
PFG_MOEA,1504,1,350.97,5291.61,0 22 118 185 214 2 119 252 236 128 381 23 40 32 295 239 122 392 285 331 133 293 53 101 352 363 323 194 275 277 102 100 274 256 237 351 280 376 368 290 343 349 344 243 117 0,23 293 352
PFG_MOEA,1504,2,350.97,5291.61,0 365 359 313 307 207 89 61 163 95 206 253 187 281 26 334 298 219 371 341 134 186 105 115 245 396 240 385 288 177 181 358 337 384 111 116 76 113 81 29 325 355 131 84 114 389 162 159 279 74 284 70 318 184 14 375 212 24 91 0,
PFG_MOEA,1504,3,350.97,5291.61,0 292 263 8 373 169 108 72 52 130 44 386 362 201 312 67 164 107 302 173 106 261 388 197 218 151 77 273 136 137 59 109 0,362 388
PFG_MOEA,1504,4,350.97,5291.61,0 38 80 13 19 226 57 127 68 161 58 34 231 289 366 267 228 199 86 141 266 357 303 319 182 172 0,182
PFG_MOEA,1504,5,350.97,5291.61,0 397 36 11 92 374 350 311 4 314 193 230 94 156 35 88 249 235 135 233 340 299 321 269 120 142 37 51 0,
PFG_MOEA,1504,6,350.97,5291.61,0 399 96 242 200 165 112 329 300 123 145 322 121 146 294 339 132 174 320 364 393 3 229 308 356 264 259 246 28 250 42 262 1 255 247 152 191 221 0,152 174 200 229 246
PFG_MOEA,1504,7,350.97,5291.61,0 345 377 395 400 394 188 301 372 21 167 291 139 149 157 63 316 387 327 17 43 85 215 73 254 183 354 69 265 346 315 99 175 251 190 390 18 103 155 213 234 83 378 0,
PFG_MOEA,1504,8,350.97,5291.61,0 224 93 398 227 71 97 225 232 179 0,
PFG_MOEA,1504,9,350.97,5291.61,0 304 31 48 192 330 129 238 148 33 209 361 170 367 25 55 217 56 7 124 126 20 64 189 158 220 180 333 317 286 140 110 241 62 297 65 283 326 305 154 204 6 208 205 166 66 30 272 268 54 46 39 271 391 10 287 383 382 260 16 369 380 0,39
PFG_MOEA,1504,10,350.97,5291.61,0 15 168 203 178 82 41 0,
PFG_MOEA,1504,11,350.97,5291.61,0 335 0,
PFG_MOEA,1504,12,350.97,5291.61,0 360 90 216 336 47 9 125 198 49 309 5 258 248 328 75 348 353 171 87 278 153 45 379 195 210 257 270 60 50 160 79 143 282 310 104 223 244 211 324 147 222 150 138 276 332 347 296 196 78 98 27 176 144 342 370 306 202 338 12 0,223 370
PFG_MOEA,1505,1,748.42,4875.65,0 399 38 80 96 242 221 226 19 13 172 182 319 303 357 266 141 86 199 228 267 366 289 231 34 58 68 161 235 35 249 88 135 233 156 94 230 374 92 11 36 397 350 311 4 314 193 340 299 321 269 37 142 120 132 339 51 145 123 300 329 112 165 200 191 152 57 127 109 59 137 136 247 255 1 262 42 250 28 273 77 151 146 121 322 294 174 320 364 393 3 106 261 388 229 218 197 246 259 308 264 356 345 377 395 400 394 188 301 372 21 167 291 139 149 157 63 316 387 327 17 43 85 215 73 254 183 354 69 265 346 315 99 175 251 190 390 18 103 155 83 378 213 234 227 0,1 94 174 314 340 390 395
PFG_MOEA,1505,2,748.42,4875.65,0 260 224 93 398 71 33 148 0,
PFG_MOEA,1505,3,748.42,4875.65,0 304 31 192 330 129 238 48 382 383 10 391 271 39 30 272 268 54 46 0,
PFG_MOEA,1505,4,748.42,4875.65,0 15 168 203 369 380 16 41 82 178 209 361 170 367 25 55 217 56 7 124 126 20 64 189 158 220 180 333 317 286 140 110 241 62 297 65 283 326 305 154 204 6 208 205 166 66 335 0,65 220 361
PFG_MOEA,1505,5,748.42,4875.65,0 12 90 381 216 47 125 9 150 360 117 243 349 344 287 97 225 232 179 343 290 368 376 258 248 328 75 348 353 171 87 278 153 45 210 257 270 60 50 160 79 379 195 5 309 143 282 310 104 223 244 211 324 147 347 332 331 285 296 196 78 392 98 115 245 27 176 144 342 240 370 396 385 288 306 177 181 358 337 384 111 116 76 113 81 29 325 355 131 84 338 202 114 389 22 0,176 210 370
PFG_MOEA,1505,6,748.42,4875.65,0 23 32 276 239 336 138 222 49 274 198 0,
PFG_MOEA,1505,7,748.42,4875.65,0 118 185 214 2 119 128 236 252 40 295 122 133 293 53 101 352 363 323 194 275 277 102 100 237 280 351 256 95 163 61 89 207 307 313 0,133 323
PFG_MOEA,1505,8,748.42,4875.65,0 365 359 253 206 0,
PFG_MOEA,1505,9,748.42,4875.65,0 187 0,
PFG_MOEA,1505,10,748.42,4875.65,0 281 26 334 298 341 105 186 134 162 371 219 0,
PFG_MOEA,1505,11,748.42,4875.65,0 159 279 74 284 184 318 70 292 14 375 212 24 91 0,375
PFG_MOEA,1505,12,748.42,4875.65,0 263 8 373 169 108 72 52 130 44 386 107 164 173 302 67 312 201 362 0,386
PFG_MOEA,1506,1,759.34,4800.0,0 219 341 105 389 114 84 131 355 325 29 81 113 76 116 111 384 337 358 181 177 288 385 240 396 245 115 392 285 331 133 293 53 163 150 9 125 47 216 89 61 206 253 365 0,245
PFG_MOEA,1506,2,759.34,4800.0,0 22 134 186 162 159 279 74 284 184 318 70 292 263 8 373 169 108 14 375 212 24 91 0,318
PFG_MOEA,1506,3,759.34,4800.0,0 304 31 48 148 260 224 71 33 129 238 330 192 200 165 112 191 152 127 57 109 59 137 273 136 247 17 43 85 215 73 254 69 354 183 327 387 157 149 188 394 316 63 262 1 255 250 28 42 400 395 377 345 356 264 259 246 308 229 197 218 151 77 107 164 67 302 388 3 106 173 261 320 364 393 312 201 362 329 300 123 51 145 322 121 146 294 174 339 132 120 142 37 269 321 299 340 233 135 88 249 35 161 235 68 58 34 386 231 289 366 267 228 44 130 52 72 303 357 319 266 141 86 92 199 156 94 230 311 374 11 36 397 350 4 314 193 182 172 13 19 226 221 242 96 80 38 0,33 106 174 200 303 311 394
PFG_MOEA,1506,4,759.34,4800.0,0 378 83 155 103 18 190 251 175 99 315 346 372 301 167 21 139 291 265 390 234 0,
PFG_MOEA,1506,5,759.34,4800.0,0 179 391 271 39 30 272 268 46 54 93 398 227 213 232 0,391
PFG_MOEA,1506,6,759.34,4800.0,0 225 0,
PFG_MOEA,1506,7,759.34,4800.0,0 97 209 361 170 367 0,
PFG_MOEA,1506,8,759.34,4800.0,0 399 15 168 203 338 202 306 370 342 144 176 27 98 78 196 369 380 16 41 82 178 117 243 344 349 66 343 290 368 376 258 248 328 75 348 353 45 210 278 153 171 87 6 208 205 166 158 189 220 241 62 297 65 283 204 154 305 326 110 140 180 333 317 286 25 55 217 56 7 124 126 20 64 287 10 383 382 0,62 66 205 220 342
PFG_MOEA,1506,9,759.34,4800.0,0 2 119 128 295 40 32 276 239 122 296 332 347 138 336 222 95 101 194 147 324 275 323 363 352 277 102 223 244 211 104 310 100 282 143 79 160 50 60 257 270 379 195 5 309 280 351 237 256 274 49 198 252 236 0,
PFG_MOEA,1506,10,759.34,4800.0,0 381 23 90 12 207 307 0,
PFG_MOEA,1506,11,759.34,4800.0,0 335 187 359 313 360 214 0,
PFG_MOEA,1506,12,759.34,4800.0,0 185 118 281 26 334 298 371 0,
PFG_MOEA,1507,1,314.81,5596.11,0 12 90 128 236 252 336 276 138 222 198 49 274 256 237 351 280 309 5 290 343 313 207 0,222
PFG_MOEA,1507,2,314.81,5596.11,0 91 292 263 8 373 169 108 14 375 212 24 371 219 341 298 334 26 281 118 185 214 295 40 32 239 122 95 101 352 363 323 194 275 277 102 100 23 381 119 2 307 359 187 148 48 31 304 0,23
PFG_MOEA,1507,3,314.81,5596.11,0 260 224 71 33 127 152 191 112 165 200 129 238 330 192 0,33
PFG_MOEA,1507,4,314.81,5596.11,0 57 67 302 173 106 3 388 164 107 77 151 218 197 229 308 246 259 264 356 345 377 395 400 42 28 250 255 1 262 63 316 394 188 149 157 387 327 183 354 69 254 73 215 85 43 17 247 136 273 137 59 109 0,
PFG_MOEA,1507,5,314.81,5596.11,0 329 300 362 123 51 145 322 121 146 201 261 320 364 393 312 294 174 339 132 206 253 365 360 335 0,362 393
PFG_MOEA,1507,6,314.81,5596.11,0 61 358 181 177 288 385 240 396 245 115 392 285 331 133 293 53 163 150 9 125 47 216 89 0,
PFG_MOEA,1507,7,314.81,5596.11,0 80 13 19 226 35 161 235 58 34 386 231 289 366 267 228 44 130 52 72 318 70 184 284 74 279 159 162 389 114 355 325 384 337 111 116 76 113 81 29 131 84 105 186 134 22 0,
PFG_MOEA,1507,8,314.81,5596.11,0 38 96 242 221 172 182 397 350 311 4 314 193 230 94 156 374 36 11 92 319 357 303 266 141 86 199 68 135 88 249 233 340 299 321 269 120 142 37 301 21 139 291 167 372 346 315 99 175 251 0,182
PFG_MOEA,1507,9,314.81,5596.11,0 97 225 232 179 391 271 158 241 62 297 65 283 204 154 305 326 110 140 286 317 333 180 220 126 124 7 56 217 55 25 367 170 361 209 227 234 213 190 390 265 18 103 155 83 378 398 93 54 46 268 272 30 39 0,65 154
PFG_MOEA,1507,10,314.81,5596.11,0 399 15 16 380 41 82 178 117 243 344 349 20 189 64 166 205 208 6 87 171 153 278 210 353 258 376 368 66 287 10 383 382 0,243
PFG_MOEA,1507,11,314.81,5596.11,0 369 338 203 168 0,
PFG_MOEA,1507,12,314.81,5596.11,0 202 306 370 342 144 176 27 98 78 196 296 347 332 324 147 211 244 223 104 310 282 143 79 160 50 60 257 270 379 195 45 348 75 328 248 0,370
PFG_MOEA,1508,1,411.21,4974.5,0 12 90 381 23 32 276 239 336 138 222 198 49 274 256 237 351 280 252 236 128 119 2 0,23
PFG_MOEA,1508,2,411.21,4974.5,0 22 118 185 214 295 40 122 392 285 331 133 293 53 101 352 363 323 194 275 277 102 100 95 163 61 89 207 307 313 359 365 253 206 187 0,22 100
PFG_MOEA,1508,3,411.21,4974.5,0 115 0,
PFG_MOEA,1508,4,411.21,4974.5,0 245 396 240 385 288 177 181 358 337 384 111 116 76 113 81 29 325 355 0,
PFG_MOEA,1508,5,411.21,4974.5,0 281 26 334 298 341 134 186 131 84 114 389 105 219 371 162 159 74 279 91 24 212 375 284 14 184 318 70 292 263 8 373 169 108 72 52 130 44 386 362 201 312 67 164 107 302 173 106 261 388 197 218 151 77 273 136 137 59 109 127 57 226 19 13 80 0,77 106 284
PFG_MOEA,1508,6,411.21,4974.5,0 38 172 182 319 303 357 266 141 86 199 228 267 366 289 231 34 58 68 161 235 35 249 88 135 233 156 94 230 374 92 11 36 397 350 311 4 314 193 340 299 321 269 120 142 37 51 123 145 132 339 322 121 146 294 174 320 364 393 3 229 308 356 264 259 246 42 300 329 112 221 242 96 0,51 174 229 246 299
PFG_MOEA,1508,7,411.21,4974.5,0 399 200 165 191 152 247 255 1 262 250 28 345 377 395 400 394 188 301 372 21 167 291 139 149 157 63 316 387 327 17 43 85 215 73 254 183 354 69 265 346 315 99 175 251 190 390 18 103 155 83 378 213 234 227 398 93 224 179 232 225 97 71 33 260 148 238 129 330 192 48 31 304 0,93
PFG_MOEA,1508,8,411.21,4974.5,0 382 383 10 391 271 39 46 54 268 272 30 66 166 205 208 6 204 154 305 326 283 65 297 62 241 110 140 286 317 333 180 220 158 189 64 20 126 124 7 56 217 55 25 367 170 361 209 287 0,55 62 66 220
PFG_MOEA,1508,9,411.21,4974.5,0 380 0,
PFG_MOEA,1508,10,411.21,4974.5,0 16 369 15 0,
PFG_MOEA,1508,11,411.21,4974.5,0 168 203 178 82 41 0,178
PFG_MOEA,1508,12,411.21,4974.5,0 335 360 338 202 306 370 342 144 176 27 98 78 196 296 347 332 216 47 125 9 150 147 324 211 244 223 104 310 282 143 309 5 195 379 79 160 50 60 270 257 210 45 153 278 87 171 353 348 75 328 248 258 376 368 290 343 349 344 243 117 0,
PFG_MOEA,1509,1,312.55,5795.78,0 336 138 239 122 296 347 332 324 275 277 104 211 244 223 102 352 363 323 194 147 101 95 222 0,122 211 222 277
PFG_MOEA,1509,2,312.55,5795.78,0 335 360 207 307 313 359 187 100 310 282 143 79 160 50 60 257 270 379 195 5 309 280 351 237 256 274 49 198 252 236 381 23 90 12 214 185 118 281 26 334 298 371 72 52 130 44 386 80 0,5 307
PFG_MOEA,1509,3,312.55,5795.78,0 13 19 226 57 127 109 59 137 136 273 77 151 218 197 388 261 106 173 302 107 164 67 312 201 362 123 51 145 294 174 339 132 142 120 269 321 299 0,174
PFG_MOEA,1509,4,312.55,5795.78,0 340 233 135 88 249 35 235 161 68 58 34 231 289 366 267 228 141 266 303 357 319 86 199 156 94 0,303
PFG_MOEA,1509,5,312.55,5795.78,0 38 172 182 397 36 11 92 374 230 311 350 4 314 193 37 322 121 146 320 364 393 3 229 308 356 264 259 246 42 300 329 112 191 152 221 242 96 0,42 264
PFG_MOEA,1509,6,312.55,5795.78,0 200 165 129 0,
PFG_MOEA,1509,7,312.55,5795.78,0 304 330 395 400 394 188 301 372 21 167 291 139 149 157 63 316 387 17 43 33 71 224 260 0,
PFG_MOEA,1509,8,312.55,5795.78,0 399 247 28 250 345 377 262 1 255 327 254 73 215 85 93 179 232 225 97 148 238 192 48 31 0,93
PFG_MOEA,1509,9,312.55,5795.78,0 378 69 183 354 265 346 315 99 175 251 190 390 18 103 155 83 234 213 227 398 209 361 170 367 25 55 217 56 7 180 333 317 286 140 110 62 297 65 283 326 305 154 204 6 208 241 220 158 189 64 20 126 124 0,175
PFG_MOEA,1509,10,312.55,5795.78,0 287 382 383 10 268 272 30 66 166 205 271 39 391 53 293 133 331 285 392 115 245 396 240 385 288 177 181 358 337 384 111 116 76 113 81 29 325 355 131 84 114 389 105 341 219 0,
PFG_MOEA,1509,11,312.55,5795.78,0 91 24 212 375 14 108 169 373 8 263 292 70 318 184 284 74 279 159 162 22 134 186 89 216 47 125 9 150 163 61 365 253 206 46 54 0,
PFG_MOEA,1509,12,312.55,5795.78,0 41 82 178 117 243 344 349 343 290 368 376 258 248 328 75 171 87 153 278 210 45 353 348 2 119 128 295 40 32 276 196 78 98 27 176 144 342 370 306 202 338 203 168 369 380 16 15 0,16 87 203
PFG_MOEA,1510,1,389.39,5146.42,0 163 78 53 293 133 331 285 392 98 115 245 27 396 240 385 288 177 181 358 337 384 111 116 76 113 81 29 325 355 131 84 114 389 91 279 74 159 162 371 219 298 341 22 134 186 105 118 185 0,
PFG_MOEA,1510,2,389.39,5146.42,0 281 26 334 24 212 375 284 14 184 318 70 292 263 8 373 169 108 72 52 130 44 386 51 145 123 362 201 294 312 67 164 107 302 173 106 261 388 197 218 151 77 273 136 137 59 109 127 57 226 19 13 80 0,
PFG_MOEA,1510,3,389.39,5146.42,0 142 339 174 132 120 269 321 299 340 233 135 88 249 35 235 161 68 58 34 231 289 366 267 228 141 266 303 357 319 86 199 156 94 230 374 92 11 36 397 350 311 4 314 193 0,88
PFG_MOEA,1510,4,389.39,5146.42,0 182 172 38 0,
PFG_MOEA,1510,5,389.39,5146.42,0 37 322 121 146 320 364 393 3 229 308 356 264 259 246 42 300 329 112 152 191 165 200 221 242 96 0,152 264 329
PFG_MOEA,1510,6,389.39,5146.42,0 129 33 71 224 260 0,
PFG_MOEA,1510,7,389.39,5146.42,0 399 247 255 1 262 250 28 345 377 395 400 394 188 301 372 21 167 291 139 149 157 63 316 387 17 43 73 254 327 183 354 69 215 85 93 179 232 225 97 148 48 238 330 192 31 304 0,395
PFG_MOEA,1510,8,389.39,5146.42,0 16 15 168 203 369 380 391 271 39 268 272 30 66 166 205 208 6 204 154 305 326 283 65 297 62 241 110 140 286 317 333 180 220 158 189 64 20 126 124 7 56 217 55 25 367 170 361 209 398 227 234 213 190 251 175 99 315 346 265 390 18 103 155 83 378 54 46 287 10 383 382 41 0,7 16 20 103 272
PFG_MOEA,1510,9,389.39,5146.42,0 82 178 117 243 368 376 258 353 153 171 87 278 210 143 237 256 274 49 100 282 310 104 102 277 275 194 323 363 352 101 198 95 222 138 122 276 336 252 236 128 23 381 90 119 2 12 0,
PFG_MOEA,1510,10,389.39,5146.42,0 344 349 351 280 309 5 79 160 50 60 257 270 379 195 45 348 75 328 248 290 343 187 0,
PFG_MOEA,1510,11,389.39,5146.42,0 214 295 40 32 239 370 342 144 176 150 47 9 125 216 89 61 207 307 313 359 206 253 365 360 335 0,176
PFG_MOEA,1510,12,389.39,5146.42,0 338 202 306 196 296 347 332 324 147 211 244 223 0,
PFG_MOEA,1511,1,413.96,4915.5,0 187 206 253 365 359 313 307 207 61 12 89 2 119 128 236 252 336 138 163 222 95 198 351 280 237 256 274 49 100 102 277 275 194 323 363 352 101 53 293 133 331 285 392 122 239 276 32 40 295 23 381 90 113 81 29 76 116 111 384 337 358 181 177 288 385 240 396 245 115 22 118 185 214 0,245 381
PFG_MOEA,1511,2,413.96,4915.5,0 281 84 131 325 355 114 389 186 134 341 298 26 334 0,
PFG_MOEA,1511,3,413.96,4915.5,0 371 219 105 162 159 74 279 91 24 212 375 284 14 184 318 70 292 263 8 373 169 108 72 52 130 44 386 362 201 312 67 164 107 302 173 106 261 388 197 218 151 77 273 136 137 59 0,
PFG_MOEA,1511,4,413.96,4915.5,0 57 127 109 226 0,
PFG_MOEA,1511,5,413.96,4915.5,0 19 0,
PFG_MOEA,1511,6,413.96,4915.5,0 38 303 357 266 141 86 199 228 267 366 289 231 34 58 68 161 235 35 249 88 135 233 319 182 172 13 80 0,88
PFG_MOEA,1511,7,413.96,4915.5,0 399 397 36 11 92 156 94 230 374 350 311 4 314 193 340 299 321 269 120 142 37 51 123 145 132 339 322 121 146 294 174 320 364 393 3 229 308 356 264 259 246 42 300 329 112 191 165 200 221 242 96 0,11 340 374 393
PFG_MOEA,1511,8,413.96,4915.5,0 152 247 255 1 262 250 28 345 377 395 400 394 188 301 372 21 167 291 139 149 157 63 316 387 327 17 43 85 215 73 254 183 354 69 265 346 315 99 175 251 190 390 18 103 155 83 378 213 234 227 398 93 0,1 152 175 227
PFG_MOEA,1511,9,413.96,4915.5,0 304 31 48 192 330 238 129 148 260 391 271 39 268 272 30 66 166 205 208 6 204 154 305 326 283 65 297 62 241 110 140 286 317 333 180 220 158 189 64 20 126 124 7 56 217 55 25 367 170 361 209 71 33 97 225 232 179 224 0,55 391
PFG_MOEA,1511,10,413.96,4915.5,0 287 10 383 382 0,
PFG_MOEA,1511,11,413.96,4915.5,0 16 15 168 203 369 380 82 178 117 243 349 344 54 46 41 0,
PFG_MOEA,1511,12,413.96,4915.5,0 335 360 216 150 9 47 125 309 5 343 290 368 376 258 248 328 75 171 87 278 153 353 348 45 210 195 379 270 257 60 50 160 79 143 282 310 104 223 244 211 324 147 332 347 296 196 78 98 27 176 144 342 370 306 202 338 0,
PFG_MOEA,1512,1,320.55,5348.04,0 80 13 172 182 397 36 11 92 233 135 88 249 35 235 161 68 58 34 231 289 319 399 0,
PFG_MOEA,1512,2,320.55,5348.04,0 374 230 94 156 311 350 4 314 193 340 299 321 269 120 142 132 339 174 320 364 308 229 3 393 294 146 121 322 123 145 51 37 0,393
PFG_MOEA,1512,3,320.55,5348.04,0 96 242 221 200 165 112 329 300 191 152 247 255 1 262 42 250 28 246 259 264 356 345 377 395 400 394 188 301 372 21 167 291 139 149 157 63 316 387 327 17 43 85 215 73 254 183 354 69 265 346 315 99 175 251 190 0,215
PFG_MOEA,1512,4,320.55,5348.04,0 304 31 192 330 238 129 398 227 234 213 18 390 286 140 110 241 93 260 148 48 0,
PFG_MOEA,1512,5,320.55,5348.04,0 317 333 0,
PFG_MOEA,1512,6,320.55,5348.04,0 33 71 209 361 170 367 25 55 217 56 7 180 220 158 189 64 20 126 124 224 10 383 382 16 203 168 15 0,25
PFG_MOEA,1512,7,320.55,5348.04,0 380 369 335 360 216 150 9 47 125 309 5 195 379 270 210 45 348 353 153 278 87 171 75 328 248 258 376 368 290 343 54 46 344 349 243 117 178 82 41 0,
PFG_MOEA,1512,8,320.55,5348.04,0 338 202 306 370 342 144 176 27 98 78 196 296 347 332 147 324 211 244 223 104 310 282 143 79 160 50 60 257 6 204 154 305 326 283 62 297 65 208 205 166 66 30 272 268 0,66
PFG_MOEA,1512,9,320.55,5348.04,0 187 206 253 365 359 313 307 207 61 12 89 2 119 128 236 252 336 138 163 222 95 198 351 256 237 280 391 271 39 378 83 155 103 232 179 287 225 97 0,138 307
PFG_MOEA,1512,10,320.55,5348.04,0 22 389 114 84 131 325 355 29 81 113 76 116 111 384 337 358 181 177 288 385 240 396 245 115 392 285 331 133 293 53 101 352 363 323 194 275 277 102 100 49 274 122 239 276 32 40 295 23 381 90 214 185 281 118 0,323 331
PFG_MOEA,1512,11,320.55,5348.04,0 334 298 26 105 186 134 341 219 371 24 212 375 14 184 318 70 292 263 8 373 169 284 74 279 91 159 162 0,134
PFG_MOEA,1512,12,320.55,5348.04,0 38 19 226 57 127 109 59 137 136 273 77 151 218 197 388 261 106 173 302 107 164 67 312 201 362 366 267 228 386 44 130 52 72 108 303 357 266 141 86 199 0,106 386
PFG_MOEA,1513,1,270.73,5843.94,0 335 187 309 5 195 379 270 257 60 50 160 79 143 280 351 237 256 274 49 198 252 236 381 23 90 12 207 307 0,
PFG_MOEA,1513,2,270.73,5843.94,0 61 313 359 206 253 365 360 214 185 118 281 26 334 298 371 22 134 186 162 159 292 263 8 373 318 70 184 284 74 279 0,134 284 313 318
PFG_MOEA,1513,3,270.73,5843.94,0 91 169 108 14 375 212 24 192 330 238 129 200 165 112 191 152 127 57 109 59 137 273 136 247 17 43 85 215 33 71 224 260 148 48 31 304 0,33 200
PFG_MOEA,1513,4,270.73,5843.94,0 73 254 69 354 183 327 387 157 149 188 394 316 63 262 1 255 250 28 42 400 395 377 345 356 264 259 246 308 229 197 218 151 77 107 164 67 302 388 3 106 173 261 320 364 0,
PFG_MOEA,1513,5,270.73,5843.94,0 329 300 362 123 51 145 322 121 146 201 312 393 294 174 339 132 120 142 0,145 174
PFG_MOEA,1513,6,270.73,5843.94,0 37 269 321 299 340 219 341 105 84 131 29 81 113 76 116 111 181 358 337 384 325 355 114 389 0,341
PFG_MOEA,1513,7,270.73,5843.94,0 89 216 47 125 9 150 163 53 293 133 331 285 392 115 245 396 240 385 288 177 34 58 235 135 233 88 249 35 161 68 0,133 240
PFG_MOEA,1513,8,270.73,5843.94,0 172 182 193 314 4 350 397 36 11 374 311 230 94 156 199 92 86 319 266 141 289 231 386 366 267 228 44 130 52 72 303 357 13 19 226 221 242 96 0,141 386
PFG_MOEA,1513,9,270.73,5843.94,0 38 80 378 83 291 139 21 167 301 372 346 315 265 390 99 175 251 190 18 103 155 234 227 398 93 54 46 268 272 30 39 271 391 179 0,
PFG_MOEA,1513,10,270.73,5843.94,0 97 225 232 209 361 213 170 367 328 248 258 376 368 290 343 66 349 344 243 117 178 82 41 16 380 369 196 78 98 27 176 144 342 370 306 202 338 203 168 15 399 0,82 176 225
PFG_MOEA,1513,11,270.73,5843.94,0 287 64 166 205 75 348 353 45 210 278 153 171 87 6 208 158 189 220 241 62 297 65 283 204 154 305 326 110 140 180 333 317 286 25 55 217 56 7 124 126 20 10 0,65 126
PFG_MOEA,1513,12,270.73,5843.94,0 2 119 128 295 40 32 276 239 122 296 332 347 138 336 222 95 101 194 147 324 275 323 363 352 277 102 223 244 211 104 310 100 282 383 382 0,2
PFG_MOEA,1514,1,369.23,5154.87,0 90 295 40 32 276 239 122 222 95 101 323 363 352 102 277 275 194 53 293 133 331 285 392 115 245 396 240 385 288 177 181 358 337 384 111 116 76 113 81 29 325 131 84 355 114 389 279 74 159 162 371 219 341 22 134 186 105 298 334 26 281 118 185 214 0,40 240 245 331
PFG_MOEA,1514,2,369.23,5154.87,0 91 24 212 375 284 14 184 318 70 292 263 8 373 169 108 72 52 130 44 386 0,318
PFG_MOEA,1514,3,369.23,5154.87,0 362 201 312 67 164 107 302 173 106 261 388 197 218 151 77 273 136 0,106
PFG_MOEA,1514,4,369.23,5154.87,0 399 172 182 397 36 11 92 86 141 266 303 357 319 199 228 267 366 289 231 34 58 68 161 235 35 249 88 135 233 156 94 230 374 350 311 4 314 193 340 299 321 269 120 142 37 51 145 123 137 59 109 127 57 226 19 13 80 38 0,340
PFG_MOEA,1514,5,369.23,5154.87,0 132 339 322 0,
PFG_MOEA,1514,6,369.23,5154.87,0 96 242 221 200 165 112 191 152 329 300 121 146 294 174 320 364 393 3 229 308 259 246 264 356 345 377 395 400 42 250 28 247 255 1 262 63 157 291 167 21 372 301 188 394 139 149 316 387 327 17 43 85 215 73 254 183 354 69 265 346 315 99 0,1 200 393
PFG_MOEA,1514,7,369.23,5154.87,0 93 398 227 234 213 190 251 175 390 18 103 155 83 378 31 304 0,
PFG_MOEA,1514,8,369.23,5154.87,0 48 192 330 238 129 148 260 391 0,
PFG_MOEA,1514,9,369.23,5154.87,0 268 272 30 65 283 326 305 154 204 6 208 205 166 66 271 39 0,272
PFG_MOEA,1514,10,369.23,5154.87,0 124 126 20 64 189 158 220 241 297 62 110 140 286 317 333 180 7 56 217 55 25 367 170 361 209 71 97 33 0,
PFG_MOEA,1514,11,369.23,5154.87,0 15 16 380 369 168 203 338 202 306 370 342 144 176 27 98 78 196 296 347 332 324 147 211 244 223 210 45 348 353 153 278 87 171 75 328 248 258 376 368 290 343 54 46 224 225 232 179 287 10 383 382 41 344 349 243 117 178 82 125 9 47 150 216 360 335 0,47 87 353
PFG_MOEA,1514,12,369.23,5154.87,0 207 307 313 359 365 253 206 187 100 310 104 282 143 79 160 50 60 257 270 379 195 5 309 280 351 237 256 274 49 198 163 138 336 252 236 381 23 128 119 2 89 12 61 0,
PFG_MOEA,1515,1,337.93,5308.22,0 187 206 253 313 359 365 0,
PFG_MOEA,1515,2,337.93,5308.22,0 207 307 198 280 351 256 237 101 53 293 133 331 285 392 95 222 163 138 336 252 236 128 119 2 89 12 61 0,133 222
PFG_MOEA,1515,3,337.93,5308.22,0 323 363 352 194 275 277 102 100 49 274 122 239 276 32 40 295 23 381 90 0,
PFG_MOEA,1515,4,337.93,5308.22,0 22 115 245 396 240 385 288 177 181 358 337 384 111 116 76 113 81 29 131 84 281 118 185 214 0,
PFG_MOEA,1515,5,337.93,5308.22,0 334 26 298 371 219 341 134 186 105 355 325 114 389 162 159 74 279 91 24 212 375 284 14 184 318 70 292 263 8 373 169 108 72 52 130 44 386 362 201 312 0,284
PFG_MOEA,1515,6,337.93,5308.22,0 399 172 182 397 36 11 92 86 141 266 303 357 319 199 228 267 366 289 231 34 58 68 161 235 35 249 88 135 233 156 94 230 57 127 109 59 137 136 273 77 151 218 197 388 261 106 173 302 107 164 67 294 226 19 13 80 38 0,
PFG_MOEA,1515,7,337.93,5308.22,0 374 350 311 4 314 193 340 299 321 269 120 142 37 51 145 123 146 121 322 339 132 174 320 364 393 3 229 308 356 264 259 246 42 1 255 247 152 191 112 329 300 165 200 221 242 96 0,132 264 340 393
PFG_MOEA,1515,8,337.93,5308.22,0 28 250 262 400 395 345 377 394 188 301 372 21 167 291 139 149 157 63 316 387 327 17 43 85 215 73 254 183 354 69 265 346 315 99 175 251 190 0,
PFG_MOEA,1515,9,337.93,5308.22,0 304 192 330 238 129 378 83 155 103 18 390 213 234 227 398 140 110 241 62 297 65 283 326 305 154 204 6 208 205 166 66 93 30 272 268 39 271 391 260 148 48 31 0,65 391
PFG_MOEA,1515,10,337.93,5308.22,0 33 71 225 97 232 209 361 170 367 25 55 217 56 7 317 286 333 180 220 158 189 64 20 126 124 224 10 287 179 0,
PFG_MOEA,1515,11,337.93,5308.22,0 15 168 203 369 16 380 335 360 216 150 9 47 125 309 5 195 379 270 210 45 348 353 153 278 87 171 75 328 248 54 46 383 382 344 349 243 117 178 82 41 0,82 87 195 353
PFG_MOEA,1515,12,337.93,5308.22,0 338 202 306 370 342 144 176 27 98 78 196 296 347 332 147 324 211 244 223 104 310 282 143 79 160 50 60 257 258 376 368 290 343 0,290
PFG_MOEA,1516,1,319.42,5478.6,0 222 0,
PFG_MOEA,1516,2,319.42,5478.6,0 95 101 323 363 352 102 277 275 194 53 293 133 331 285 392 115 245 396 240 385 288 177 181 358 337 384 111 116 76 113 81 29 325 131 84 355 114 389 279 74 159 162 371 219 341 22 134 186 105 298 334 26 281 0,105
PFG_MOEA,1516,3,319.42,5478.6,0 118 91 284 184 14 375 212 24 0,375
PFG_MOEA,1516,4,319.42,5478.6,0 399 397 36 11 92 199 86 141 266 319 357 303 289 366 267 228 8 263 292 70 318 373 169 108 72 52 130 44 386 362 201 312 67 164 107 302 173 106 261 388 197 218 151 77 273 136 182 172 0,86 197 318 362
PFG_MOEA,1516,5,319.42,5478.6,0 38 80 13 19 226 57 127 109 59 137 123 145 51 132 142 120 269 321 299 37 340 193 314 4 350 311 156 233 135 88 249 35 235 161 68 58 34 231 94 230 374 0,
PFG_MOEA,1516,6,319.42,5478.6,0 96 242 200 191 112 165 322 339 174 393 3 229 364 320 294 121 146 300 329 152 221 0,200 393
PFG_MOEA,1516,7,319.42,5478.6,0 93 85 247 28 246 259 308 264 356 345 377 395 400 42 250 255 1 262 63 157 291 167 21 372 301 188 394 139 149 316 387 327 17 43 73 215 254 183 354 69 265 346 315 99 390 175 251 190 18 213 234 227 398 0,
PFG_MOEA,1516,8,319.42,5478.6,0 304 31 48 330 192 129 238 148 260 391 271 66 166 205 208 6 204 154 305 326 283 65 62 297 241 158 189 220 110 140 103 155 83 378 124 126 20 64 30 272 268 39 0,62 205 220 391
PFG_MOEA,1516,9,319.42,5478.6,0 7 180 333 286 317 56 217 55 0,
PFG_MOEA,1516,10,319.42,5478.6,0 15 16 380 369 168 203 338 202 306 370 342 144 176 27 98 78 196 296 347 332 324 147 211 244 223 210 45 348 353 153 278 87 171 75 328 248 258 376 368 290 343 54 46 209 361 170 367 25 232 179 224 225 97 71 33 0,16 353 370
PFG_MOEA,1516,11,319.42,5478.6,0 365 253 206 61 89 2 119 128 216 336 138 163 150 47 125 9 100 282 310 104 143 79 160 50 60 257 270 379 195 5 309 280 351 237 256 287 10 383 382 344 349 243 117 178 82 41 0,47 138 178 206 243
PFG_MOEA,1516,12,319.42,5478.6,0 335 187 359 313 360 207 307 198 49 274 122 239 276 32 40 295 23 381 236 252 90 12 214 185 0,
PFG_MOEA,1517,1,312.87,5623.42,0 216 98 370 342 144 176 27 78 196 296 347 332 147 324 211 244 223 104 310 282 79 160 50 379 195 5 309 143 150 47 9 125 0,
PFG_MOEA,1517,2,312.87,5623.42,0 117 243 344 349 343 290 368 376 258 248 328 75 348 353 171 87 278 153 45 210 257 60 270 237 256 274 49 198 222 138 336 239 276 32 177 181 358 337 384 111 116 76 23 381 90 12 0,290 336 353
PFG_MOEA,1517,3,312.87,5623.42,0 22 118 185 214 2 119 128 236 252 40 295 122 392 285 331 133 293 53 101 352 363 323 194 275 277 102 100 351 280 95 163 61 89 207 307 313 359 253 365 0,307
PFG_MOEA,1517,4,312.87,5623.42,0 206 187 0,
PFG_MOEA,1517,5,312.87,5623.42,0 281 26 334 298 219 371 341 134 186 105 115 245 396 240 385 288 113 81 29 325 355 131 84 114 389 162 159 74 279 91 0,341
PFG_MOEA,1517,6,312.87,5623.42,0 80 13 19 226 57 127 109 59 137 136 273 77 151 218 197 388 261 106 173 302 107 164 67 312 201 362 386 44 130 52 72 108 169 373 8 263 292 70 318 184 14 284 375 212 24 303 357 319 182 172 38 0,318 362
PFG_MOEA,1517,7,312.87,5623.42,0 266 141 86 199 228 267 366 289 231 34 58 68 161 235 35 249 88 135 233 156 94 230 374 92 0,
PFG_MOEA,1517,8,312.87,5623.42,0 399 397 36 11 350 311 4 314 193 340 299 321 269 120 142 37 51 123 145 132 339 322 121 146 294 174 320 364 393 3 229 308 356 264 259 246 42 300 329 112 191 165 200 221 242 96 0,51 145 174 264 329
PFG_MOEA,1517,9,312.87,5623.42,0 152 247 28 250 345 377 395 400 394 188 301 372 167 21 139 291 262 1 255 0,
PFG_MOEA,1517,10,312.87,5623.42,0 85 215 73 43 17 327 387 316 149 157 63 354 183 254 69 265 346 315 99 175 251 190 390 18 103 155 83 378 0,175 390
PFG_MOEA,1517,11,312.87,5623.42,0 304 31 48 192 330 129 238 148 260 383 10 224 391 271 39 46 93 398 227 234 213 179 232 225 97 71 33 382 0,
PFG_MOEA,1517,12,312.87,5623.42,0 209 361 170 367 25 55 217 56 7 124 126 20 64 189 158 220 180 333 317 286 140 110 241 62 297 65 283 326 305 154 204 6 208 205 166 66 30 272 268 54 287 178 82 41 335 360 380 369 203 338 202 306 168 15 16 0,7 166 203 361
PFG_MOEA,1518,1,350.97,5291.61,0 22 118 185 214 2 119 252 236 128 381 23 40 32 295 239 122 392 285 331 133 293 53 101 352 363 323 194 275 277 102 100 274 256 237 351 280 376 368 290 343 349 344 243 117 0,23 293 352
PFG_MOEA,1518,2,350.97,5291.61,0 365 359 313 307 207 89 61 163 95 206 253 187 281 26 334 298 219 371 341 134 186 105 115 245 396 240 385 288 177 181 358 337 384 111 116 76 113 81 29 325 355 131 84 114 389 162 159 279 74 284 70 318 184 14 375 212 24 91 0,
PFG_MOEA,1518,3,350.97,5291.61,0 292 263 8 373 169 108 72 52 130 44 386 362 201 312 67 164 107 302 173 106 261 388 197 218 151 77 273 136 137 59 109 0,362 388
PFG_MOEA,1518,4,350.97,5291.61,0 38 80 13 19 226 57 127 68 161 58 34 231 289 366 267 228 199 86 141 266 357 303 319 182 172 0,182
PFG_MOEA,1518,5,350.97,5291.61,0 397 36 11 92 374 350 311 4 314 193 230 94 156 35 88 249 235 135 233 340 299 321 269 120 142 37 51 0,
PFG_MOEA,1518,6,350.97,5291.61,0 399 96 242 200 165 112 329 300 123 145 322 121 146 294 339 132 174 320 364 393 3 229 308 356 264 259 246 28 250 42 262 1 255 247 152 191 221 0,152 174 200 229 246
PFG_MOEA,1518,7,350.97,5291.61,0 345 377 395 400 394 188 301 372 21 167 291 139 149 157 63 316 387 327 17 43 85 215 73 254 183 354 69 265 346 315 99 175 251 190 390 18 103 155 213 234 83 378 0,
PFG_MOEA,1518,8,350.97,5291.61,0 224 93 398 227 71 97 225 232 179 0,
PFG_MOEA,1518,9,350.97,5291.61,0 304 31 48 192 330 129 238 148 33 209 361 170 367 25 55 217 56 7 124 126 20 64 189 158 220 180 333 317 286 140 110 241 62 297 65 283 326 305 154 204 6 208 205 166 66 30 272 268 54 46 39 271 391 10 287 383 382 260 16 369 380 0,39
PFG_MOEA,1518,10,350.97,5291.61,0 15 168 203 178 82 41 0,
PFG_MOEA,1518,11,350.97,5291.61,0 335 0,
PFG_MOEA,1518,12,350.97,5291.61,0 360 90 216 336 47 9 125 198 49 309 5 258 248 328 75 348 353 171 87 278 153 45 379 195 210 257 270 60 50 160 79 143 282 310 104 223 244 211 324 147 222 150 138 276 332 347 296 196 78 98 27 176 144 342 370 306 202 338 12 0,223 370
PFG_MOEA,1519,1,748.42,4875.65,0 399 38 80 96 242 221 226 19 13 172 182 319 303 357 266 141 86 199 228 267 366 289 231 34 58 68 161 235 35 249 88 135 233 156 94 230 374 92 11 36 397 350 311 4 314 193 340 299 321 269 37 142 120 132 339 51 145 123 300 329 112 165 200 191 152 57 127 109 59 137 136 247 255 1 262 42 250 28 273 77 151 146 121 322 294 174 320 364 393 3 106 261 388 229 218 197 246 259 308 264 356 345 377 395 400 394 188 301 372 21 167 291 139 149 157 63 316 387 327 17 43 85 215 73 254 183 354 69 265 346 315 99 175 251 190 390 18 103 155 83 378 213 234 227 0,1 94 174 314 340 390 395
PFG_MOEA,1519,2,748.42,4875.65,0 260 224 93 398 71 33 148 0,
PFG_MOEA,1519,3,748.42,4875.65,0 304 31 192 330 129 238 48 382 383 10 391 271 39 30 272 268 54 46 0,
PFG_MOEA,1519,4,748.42,4875.65,0 15 168 203 369 380 16 41 82 178 209 361 170 367 25 55 217 56 7 124 126 20 64 189 158 220 180 333 317 286 140 110 241 62 297 65 283 326 305 154 204 6 208 205 166 66 335 0,65 220 361
PFG_MOEA,1519,5,748.42,4875.65,0 12 90 381 216 47 125 9 150 360 117 243 349 344 287 97 225 232 179 343 290 368 376 258 248 328 75 348 353 171 87 278 153 45 210 257 270 60 50 160 79 379 195 5 309 143 282 310 104 223 244 211 324 147 347 332 331 285 296 196 78 392 98 115 245 27 176 144 342 240 370 396 385 288 306 177 181 358 337 384 111 116 76 113 81 29 325 355 131 84 338 202 114 389 22 0,176 210 370
PFG_MOEA,1519,6,748.42,4875.65,0 23 32 276 239 336 138 222 49 274 198 0,
PFG_MOEA,1519,7,748.42,4875.65,0 118 185 214 2 119 128 236 252 40 295 122 133 293 53 101 352 363 323 194 275 277 102 100 237 280 351 256 95 163 61 89 207 307 313 0,133 323
PFG_MOEA,1519,8,748.42,4875.65,0 365 359 253 206 0,
PFG_MOEA,1519,9,748.42,4875.65,0 187 0,
PFG_MOEA,1519,10,748.42,4875.65,0 281 26 334 298 341 105 186 134 162 371 219 0,
PFG_MOEA,1519,11,748.42,4875.65,0 159 279 74 284 184 318 70 292 14 375 212 24 91 0,375
PFG_MOEA,1519,12,748.42,4875.65,0 263 8 373 169 108 72 52 130 44 386 107 164 173 302 67 312 201 362 0,386
PFG_MOEA,1520,1,404.27,5140.48,0 89 90 381 23 295 32 276 40 45 353 348 171 87 153 278 210 379 195 270 257 60 50 160 79 143 282 310 104 223 244 211 324 147 163 53 347 332 133 331 296 293 196 78 245 98 115 27 176 144 342 240 370 396 385 288 306 177 181 358 337 384 111 116 76 113 81 29 202 338 22 118 185 214 0,177 223 245 379
PFG_MOEA,1520,2,404.27,5140.48,0 281 105 26 334 298 219 371 341 134 186 84 131 325 355 114 389 162 159 74 279 91 24 212 375 284 14 184 318 70 292 263 8 373 169 108 72 52 130 44 386 362 0,134 362
PFG_MOEA,1520,3,404.27,5140.48,0 57 127 109 59 137 136 273 77 151 218 197 388 261 106 173 302 107 164 67 312 201 0,
PFG_MOEA,1520,4,404.27,5140.48,0 38 80 13 19 226 182 172 303 357 319 266 141 86 233 135 88 249 35 235 161 68 58 34 231 289 366 267 228 199 11 36 397 399 0,266
PFG_MOEA,1520,5,404.27,5140.48,0 92 156 94 230 374 350 311 4 314 193 340 299 321 269 37 142 120 132 339 51 145 123 322 121 146 294 174 320 364 393 3 229 308 356 264 259 246 42 247 152 191 112 329 300 165 200 221 242 96 0,299 329
PFG_MOEA,1520,6,404.27,5140.48,0 255 1 262 377 345 250 28 0,
PFG_MOEA,1520,7,404.27,5140.48,0 395 400 394 188 301 372 21 167 291 139 149 0,
PFG_MOEA,1520,8,404.27,5140.48,0 304 31 48 148 129 238 330 192 85 215 73 43 17 327 387 316 63 157 354 183 254 69 265 346 315 99 175 251 190 390 18 103 155 83 378 213 234 227 398 93 260 0,93
PFG_MOEA,1520,9,404.27,5140.48,0 391 271 0,
PFG_MOEA,1520,10,404.27,5140.48,0 39 268 272 30 66 166 205 208 6 204 154 305 326 283 65 297 62 241 110 140 286 0,
PFG_MOEA,1520,11,404.27,5140.48,0 15 168 203 369 380 16 82 178 117 243 349 344 46 54 124 126 20 64 189 158 220 180 317 333 7 56 217 55 25 367 170 361 209 33 71 225 97 232 179 287 224 10 383 382 0,16
PFG_MOEA,1520,12,404.27,5140.48,0 335 360 365 253 206 359 313 307 207 61 12 2 119 128 236 252 216 336 138 239 122 392 285 194 275 277 352 363 323 101 95 222 150 9 47 125 198 100 102 49 274 256 237 351 280 309 5 75 328 248 258 376 368 290 343 187 41 0,100 206
PFG_MOEA,1521,1,759.34,4800.0,0 219 341 105 389 114 84 131 355 325 29 81 113 76 116 111 384 337 358 181 177 288 385 240 396 245 115 392 285 331 133 293 53 163 150 9 125 47 216 89 61 206 253 365 0,245
PFG_MOEA,1521,2,759.34,4800.0,0 22 134 186 162 159 279 74 284 184 318 70 292 263 8 373 169 108 14 375 212 24 91 0,318
PFG_MOEA,1521,3,759.34,4800.0,0 304 31 48 148 260 224 71 33 129 238 330 192 200 165 112 191 152 127 57 109 59 137 273 136 247 17 43 85 215 73 254 69 354 183 327 387 157 149 188 394 316 63 262 1 255 250 28 42 400 395 377 345 356 264 259 246 308 229 197 218 151 77 107 164 67 302 388 3 106 173 261 320 364 393 312 201 362 329 300 123 51 145 322 121 146 294 174 339 132 120 142 37 269 321 299 340 233 135 88 249 35 161 235 68 58 34 386 231 289 366 267 228 44 130 52 72 303 357 319 266 141 86 92 199 156 94 230 311 374 11 36 397 350 4 314 193 182 172 13 19 226 221 242 96 80 38 0,33 106 174 200 303 311 394
PFG_MOEA,1521,4,759.34,4800.0,0 378 83 155 103 18 190 251 175 99 315 346 372 301 167 21 139 291 265 390 234 0,
PFG_MOEA,1521,5,759.34,4800.0,0 179 391 271 39 30 272 268 46 54 93 398 227 213 232 0,391
PFG_MOEA,1521,6,759.34,4800.0,0 225 0,
PFG_MOEA,1521,7,759.34,4800.0,0 97 209 361 170 367 0,
PFG_MOEA,1521,8,759.34,4800.0,0 399 15 168 203 338 202 306 370 342 144 176 27 98 78 196 369 380 16 41 82 178 117 243 344 349 66 343 290 368 376 258 248 328 75 348 353 45 210 278 153 171 87 6 208 205 166 158 189 220 241 62 297 65 283 204 154 305 326 110 140 180 333 317 286 25 55 217 56 7 124 126 20 64 287 10 383 382 0,62 66 205 220 342
PFG_MOEA,1521,9,759.34,4800.0,0 2 119 128 295 40 32 276 239 122 296 332 347 138 336 222 95 101 194 147 324 275 323 363 352 277 102 223 244 211 104 310 100 282 143 79 160 50 60 257 270 379 195 5 309 280 351 237 256 274 49 198 252 236 0,
PFG_MOEA,1521,10,759.34,4800.0,0 381 23 90 12 207 307 0,
PFG_MOEA,1521,11,759.34,4800.0,0 335 187 359 313 360 214 0,
PFG_MOEA,1521,12,759.34,4800.0,0 185 118 281 26 334 298 371 0,
PFG_MOEA,1522,1,314.81,5596.11,0 12 90 128 236 252 336 276 138 222 198 49 274 256 237 351 280 309 5 290 343 313 207 0,222
PFG_MOEA,1522,2,314.81,5596.11,0 91 292 263 8 373 169 108 14 375 212 24 371 219 341 298 334 26 281 118 185 214 295 40 32 239 122 95 101 352 363 323 194 275 277 102 100 23 381 119 2 307 359 187 148 48 31 304 0,23
PFG_MOEA,1522,3,314.81,5596.11,0 260 224 71 33 127 152 191 112 165 200 129 238 330 192 0,33
PFG_MOEA,1522,4,314.81,5596.11,0 57 67 302 173 106 3 388 164 107 77 151 218 197 229 308 246 259 264 356 345 377 395 400 42 28 250 255 1 262 63 316 394 188 149 157 387 327 183 354 69 254 73 215 85 43 17 247 136 273 137 59 109 0,
PFG_MOEA,1522,5,314.81,5596.11,0 329 300 362 123 51 145 322 121 146 201 261 320 364 393 312 294 174 339 132 206 253 365 360 335 0,362 393
PFG_MOEA,1522,6,314.81,5596.11,0 61 358 181 177 288 385 240 396 245 115 392 285 331 133 293 53 163 150 9 125 47 216 89 0,
PFG_MOEA,1522,7,314.81,5596.11,0 80 13 19 226 35 161 235 58 34 386 231 289 366 267 228 44 130 52 72 318 70 184 284 74 279 159 162 389 114 355 325 384 337 111 116 76 113 81 29 131 84 105 186 134 22 0,
PFG_MOEA,1522,8,314.81,5596.11,0 38 96 242 221 172 182 397 350 311 4 314 193 230 94 156 374 36 11 92 319 357 303 266 141 86 199 68 135 88 249 233 340 299 321 269 120 142 37 301 21 139 291 167 372 346 315 99 175 251 0,182
PFG_MOEA,1522,9,314.81,5596.11,0 97 225 232 179 391 271 158 241 62 297 65 283 204 154 305 326 110 140 286 317 333 180 220 126 124 7 56 217 55 25 367 170 361 209 227 234 213 190 390 265 18 103 155 83 378 398 93 54 46 268 272 30 39 0,65 154
PFG_MOEA,1522,10,314.81,5596.11,0 399 15 16 380 41 82 178 117 243 344 349 20 189 64 166 205 208 6 87 171 153 278 210 353 258 376 368 66 287 10 383 382 0,243
PFG_MOEA,1522,11,314.81,5596.11,0 369 338 203 168 0,
PFG_MOEA,1522,12,314.81,5596.11,0 202 306 370 342 144 176 27 98 78 196 296 347 332 324 147 211 244 223 104 310 282 143 79 160 50 60 257 270 379 195 45 348 75 328 248 0,370
PFG_MOEA,1523,1,411.21,4974.5,0 12 90 381 23 32 276 239 336 138 222 198 49 274 256 237 351 280 252 236 128 119 2 0,23
PFG_MOEA,1523,2,411.21,4974.5,0 22 118 185 214 295 40 122 392 285 331 133 293 53 101 352 363 323 194 275 277 102 100 95 163 61 89 207 307 313 359 365 253 206 187 0,22 100
PFG_MOEA,1523,3,411.21,4974.5,0 115 0,
PFG_MOEA,1523,4,411.21,4974.5,0 245 396 240 385 288 177 181 358 337 384 111 116 76 113 81 29 325 355 0,
PFG_MOEA,1523,5,411.21,4974.5,0 281 26 334 298 341 134 186 131 84 114 389 105 219 371 162 159 74 279 91 24 212 375 284 14 184 318 70 292 263 8 373 169 108 72 52 130 44 386 362 201 312 67 164 107 302 173 106 261 388 197 218 151 77 273 136 137 59 109 127 57 226 19 13 80 0,77 106 284
PFG_MOEA,1523,6,411.21,4974.5,0 38 172 182 319 303 357 266 141 86 199 228 267 366 289 231 34 58 68 161 235 35 249 88 135 233 156 94 230 374 92 11 36 397 350 311 4 314 193 340 299 321 269 120 142 37 51 123 145 132 339 322 121 146 294 174 320 364 393 3 229 308 356 264 259 246 42 300 329 112 221 242 96 0,51 174 229 246 299
PFG_MOEA,1523,7,411.21,4974.5,0 399 200 165 191 152 247 255 1 262 250 28 345 377 395 400 394 188 301 372 21 167 291 139 149 157 63 316 387 327 17 43 85 215 73 254 183 354 69 265 346 315 99 175 251 190 390 18 103 155 83 378 213 234 227 398 93 224 179 232 225 97 71 33 260 148 238 129 330 192 48 31 304 0,93
PFG_MOEA,1523,8,411.21,4974.5,0 382 383 10 391 271 39 46 54 268 272 30 66 166 205 208 6 204 154 305 326 283 65 297 62 241 110 140 286 317 333 180 220 158 189 64 20 126 124 7 56 217 55 25 367 170 361 209 287 0,55 62 66 220
PFG_MOEA,1523,9,411.21,4974.5,0 380 0,
PFG_MOEA,1523,10,411.21,4974.5,0 16 369 15 0,
PFG_MOEA,1523,11,411.21,4974.5,0 168 203 178 82 41 0,178
PFG_MOEA,1523,12,411.21,4974.5,0 335 360 338 202 306 370 342 144 176 27 98 78 196 296 347 332 216 47 125 9 150 147 324 211 244 223 104 310 282 143 309 5 195 379 79 160 50 60 270 257 210 45 153 278 87 171 353 348 75 328 248 258 376 368 290 343 349 344 243 117 0,
PFG_MOEA,1524,1,312.55,5795.78,0 336 138 239 122 296 347 332 324 275 277 104 211 244 223 102 352 363 323 194 147 101 95 222 0,122 211 222 277
PFG_MOEA,1524,2,312.55,5795.78,0 335 360 207 307 313 359 187 100 310 282 143 79 160 50 60 257 270 379 195 5 309 280 351 237 256 274 49 198 252 236 381 23 90 12 214 185 118 281 26 334 298 371 72 52 130 44 386 80 0,5 307
PFG_MOEA,1524,3,312.55,5795.78,0 13 19 226 57 127 109 59 137 136 273 77 151 218 197 388 261 106 173 302 107 164 67 312 201 362 123 51 145 294 174 339 132 142 120 269 321 299 0,174
PFG_MOEA,1524,4,312.55,5795.78,0 340 233 135 88 249 35 235 161 68 58 34 231 289 366 267 228 141 266 303 357 319 86 199 156 94 0,303
PFG_MOEA,1524,5,312.55,5795.78,0 38 172 182 397 36 11 92 374 230 311 350 4 314 193 37 322 121 146 320 364 393 3 229 308 356 264 259 246 42 300 329 112 191 152 221 242 96 0,42 264
PFG_MOEA,1524,6,312.55,5795.78,0 200 165 129 0,
PFG_MOEA,1524,7,312.55,5795.78,0 304 330 395 400 394 188 301 372 21 167 291 139 149 157 63 316 387 17 43 33 71 224 260 0,
PFG_MOEA,1524,8,312.55,5795.78,0 399 247 28 250 345 377 262 1 255 327 254 73 215 85 93 179 232 225 97 148 238 192 48 31 0,93
PFG_MOEA,1524,9,312.55,5795.78,0 378 69 183 354 265 346 315 99 175 251 190 390 18 103 155 83 234 213 227 398 209 361 170 367 25 55 217 56 7 180 333 317 286 140 110 62 297 65 283 326 305 154 204 6 208 241 220 158 189 64 20 126 124 0,175
PFG_MOEA,1524,10,312.55,5795.78,0 287 382 383 10 268 272 30 66 166 205 271 39 391 53 293 133 331 285 392 115 245 396 240 385 288 177 181 358 337 384 111 116 76 113 81 29 325 355 131 84 114 389 105 341 219 0,
PFG_MOEA,1524,11,312.55,5795.78,0 91 24 212 375 14 108 169 373 8 263 292 70 318 184 284 74 279 159 162 22 134 186 89 216 47 125 9 150 163 61 365 253 206 46 54 0,
PFG_MOEA,1524,12,312.55,5795.78,0 41 82 178 117 243 344 349 343 290 368 376 258 248 328 75 171 87 153 278 210 45 353 348 2 119 128 295 40 32 276 196 78 98 27 176 144 342 370 306 202 338 203 168 369 380 16 15 0,16 87 203
PFG_MOEA,1525,1,389.39,5146.42,0 163 78 53 293 133 331 285 392 98 115 245 27 396 240 385 288 177 181 358 337 384 111 116 76 113 81 29 325 355 131 84 114 389 91 279 74 159 162 371 219 298 341 22 134 186 105 118 185 0,
PFG_MOEA,1525,2,389.39,5146.42,0 281 26 334 24 212 375 284 14 184 318 70 292 263 8 373 169 108 72 52 130 44 386 51 145 123 362 201 294 312 67 164 107 302 173 106 261 388 197 218 151 77 273 136 137 59 109 127 57 226 19 13 80 0,
PFG_MOEA,1525,3,389.39,5146.42,0 142 339 174 132 120 269 321 299 340 233 135 88 249 35 235 161 68 58 34 231 289 366 267 228 141 266 303 357 319 86 199 156 94 230 374 92 11 36 397 350 311 4 314 193 0,88
PFG_MOEA,1525,4,389.39,5146.42,0 182 172 38 0,
PFG_MOEA,1525,5,389.39,5146.42,0 37 322 121 146 320 364 393 3 229 308 356 264 259 246 42 300 329 112 152 191 165 200 221 242 96 0,152 264 329
PFG_MOEA,1525,6,389.39,5146.42,0 129 33 71 224 260 0,
PFG_MOEA,1525,7,389.39,5146.42,0 399 247 255 1 262 250 28 345 377 395 400 394 188 301 372 21 167 291 139 149 157 63 316 387 17 43 73 254 327 183 354 69 215 85 93 179 232 225 97 148 48 238 330 192 31 304 0,395
PFG_MOEA,1525,8,389.39,5146.42,0 16 15 168 203 369 380 391 271 39 268 272 30 66 166 205 208 6 204 154 305 326 283 65 297 62 241 110 140 286 317 333 180 220 158 189 64 20 126 124 7 56 217 55 25 367 170 361 209 398 227 234 213 190 251 175 99 315 346 265 390 18 103 155 83 378 54 46 287 10 383 382 41 0,7 16 20 103 272
PFG_MOEA,1525,9,389.39,5146.42,0 82 178 117 243 368 376 258 353 153 171 87 278 210 143 237 256 274 49 100 282 310 104 102 277 275 194 323 363 352 101 198 95 222 138 122 276 336 252 236 128 23 381 90 119 2 12 0,
PFG_MOEA,1525,10,389.39,5146.42,0 344 349 351 280 309 5 79 160 50 60 257 270 379 195 45 348 75 328 248 290 343 187 0,
PFG_MOEA,1525,11,389.39,5146.42,0 214 295 40 32 239 370 342 144 176 150 47 9 125 216 89 61 207 307 313 359 206 253 365 360 335 0,176
PFG_MOEA,1525,12,389.39,5146.42,0 338 202 306 196 296 347 332 324 147 211 244 223 0,
PFG_MOEA,1526,1,413.96,4915.5,0 187 206 253 365 359 313 307 207 61 12 89 2 119 128 236 252 336 138 163 222 95 198 351 280 237 256 274 49 100 102 277 275 194 323 363 352 101 53 293 133 331 285 392 122 239 276 32 40 295 23 381 90 113 81 29 76 116 111 384 337 358 181 177 288 385 240 396 245 115 22 118 185 214 0,245 381
PFG_MOEA,1526,2,413.96,4915.5,0 281 84 131 325 355 114 389 186 134 341 298 26 334 0,
PFG_MOEA,1526,3,413.96,4915.5,0 371 219 105 162 159 74 279 91 24 212 375 284 14 184 318 70 292 263 8 373 169 108 72 52 130 44 386 362 201 312 67 164 107 302 173 106 261 388 197 218 151 77 273 136 137 59 0,
PFG_MOEA,1526,4,413.96,4915.5,0 57 127 109 226 0,
PFG_MOEA,1526,5,413.96,4915.5,0 19 0,
PFG_MOEA,1526,6,413.96,4915.5,0 38 303 357 266 141 86 199 228 267 366 289 231 34 58 68 161 235 35 249 88 135 233 319 182 172 13 80 0,88
PFG_MOEA,1526,7,413.96,4915.5,0 399 397 36 11 92 156 94 230 374 350 311 4 314 193 340 299 321 269 120 142 37 51 123 145 132 339 322 121 146 294 174 320 364 393 3 229 308 356 264 259 246 42 300 329 112 191 165 200 221 242 96 0,11 340 374 393
PFG_MOEA,1526,8,413.96,4915.5,0 152 247 255 1 262 250 28 345 377 395 400 394 188 301 372 21 167 291 139 149 157 63 316 387 327 17 43 85 215 73 254 183 354 69 265 346 315 99 175 251 190 390 18 103 155 83 378 213 234 227 398 93 0,1 152 175 227
PFG_MOEA,1526,9,413.96,4915.5,0 304 31 48 192 330 238 129 148 260 391 271 39 268 272 30 66 166 205 208 6 204 154 305 326 283 65 297 62 241 110 140 286 317 333 180 220 158 189 64 20 126 124 7 56 217 55 25 367 170 361 209 71 33 97 225 232 179 224 0,55 391
PFG_MOEA,1526,10,413.96,4915.5,0 287 10 383 382 0,
PFG_MOEA,1526,11,413.96,4915.5,0 16 15 168 203 369 380 82 178 117 243 349 344 54 46 41 0,
PFG_MOEA,1526,12,413.96,4915.5,0 335 360 216 150 9 47 125 309 5 343 290 368 376 258 248 328 75 171 87 278 153 353 348 45 210 195 379 270 257 60 50 160 79 143 282 310 104 223 244 211 324 147 332 347 296 196 78 98 27 176 144 342 370 306 202 338 0,
PFG_MOEA,1527,1,320.55,5348.04,0 80 13 172 182 397 36 11 92 233 135 88 249 35 235 161 68 58 34 231 289 319 399 0,
PFG_MOEA,1527,2,320.55,5348.04,0 374 230 94 156 311 350 4 314 193 340 299 321 269 120 142 132 339 174 320 364 308 229 3 393 294 146 121 322 123 145 51 37 0,393
PFG_MOEA,1527,3,320.55,5348.04,0 96 242 221 200 165 112 329 300 191 152 247 255 1 262 42 250 28 246 259 264 356 345 377 395 400 394 188 301 372 21 167 291 139 149 157 63 316 387 327 17 43 85 215 73 254 183 354 69 265 346 315 99 175 251 190 0,215
PFG_MOEA,1527,4,320.55,5348.04,0 304 31 192 330 238 129 398 227 234 213 18 390 286 140 110 241 93 260 148 48 0,
PFG_MOEA,1527,5,320.55,5348.04,0 317 333 0,
PFG_MOEA,1527,6,320.55,5348.04,0 33 71 209 361 170 367 25 55 217 56 7 180 220 158 189 64 20 126 124 224 10 383 382 16 203 168 15 0,25
PFG_MOEA,1527,7,320.55,5348.04,0 380 369 335 360 216 150 9 47 125 309 5 195 379 270 210 45 348 353 153 278 87 171 75 328 248 258 376 368 290 343 54 46 344 349 243 117 178 82 41 0,
PFG_MOEA,1527,8,320.55,5348.04,0 338 202 306 370 342 144 176 27 98 78 196 296 347 332 147 324 211 244 223 104 310 282 143 79 160 50 60 257 6 204 154 305 326 283 62 297 65 208 205 166 66 30 272 268 0,66
PFG_MOEA,1527,9,320.55,5348.04,0 187 206 253 365 359 313 307 207 61 12 89 2 119 128 236 252 336 138 163 222 95 198 351 256 237 280 391 271 39 378 83 155 103 232 179 287 225 97 0,138 307
PFG_MOEA,1527,10,320.55,5348.04,0 22 389 114 84 131 325 355 29 81 113 76 116 111 384 337 358 181 177 288 385 240 396 245 115 392 285 331 133 293 53 101 352 363 323 194 275 277 102 100 49 274 122 239 276 32 40 295 23 381 90 214 185 281 118 0,323 331
PFG_MOEA,1527,11,320.55,5348.04,0 334 298 26 105 186 134 341 219 371 24 212 375 14 184 318 70 292 263 8 373 169 284 74 279 91 159 162 0,134
PFG_MOEA,1527,12,320.55,5348.04,0 38 19 226 57 127 109 59 137 136 273 77 151 218 197 388 261 106 173 302 107 164 67 312 201 362 366 267 228 386 44 130 52 72 108 303 357 266 141 86 199 0,106 386
PFG_MOEA,1528,1,270.73,5843.94,0 335 187 309 5 195 379 270 257 60 50 160 79 143 280 351 237 256 274 49 198 252 236 381 23 90 12 207 307 0,
PFG_MOEA,1528,2,270.73,5843.94,0 61 313 359 206 253 365 360 214 185 118 281 26 334 298 371 22 134 186 162 159 292 263 8 373 318 70 184 284 74 279 0,134 284 313 318
PFG_MOEA,1528,3,270.73,5843.94,0 91 169 108 14 375 212 24 192 330 238 129 200 165 112 191 152 127 57 109 59 137 273 136 247 17 43 85 215 33 71 224 260 148 48 31 304 0,33 200
PFG_MOEA,1528,4,270.73,5843.94,0 73 254 69 354 183 327 387 157 149 188 394 316 63 262 1 255 250 28 42 400 395 377 345 356 264 259 246 308 229 197 218 151 77 107 164 67 302 388 3 106 173 261 320 364 0,
PFG_MOEA,1528,5,270.73,5843.94,0 329 300 362 123 51 145 322 121 146 201 312 393 294 174 339 132 120 142 0,145 174
PFG_MOEA,1528,6,270.73,5843.94,0 37 269 321 299 340 219 341 105 84 131 29 81 113 76 116 111 181 358 337 384 325 355 114 389 0,341
PFG_MOEA,1528,7,270.73,5843.94,0 89 216 47 125 9 150 163 53 293 133 331 285 392 115 245 396 240 385 288 177 34 58 235 135 233 88 249 35 161 68 0,133 240
PFG_MOEA,1528,8,270.73,5843.94,0 172 182 193 314 4 350 397 36 11 374 311 230 94 156 199 92 86 319 266 141 289 231 386 366 267 228 44 130 52 72 303 357 13 19 226 221 242 96 0,141 386
PFG_MOEA,1528,9,270.73,5843.94,0 38 80 378 83 291 139 21 167 301 372 346 315 265 390 99 175 251 190 18 103 155 234 227 398 93 54 46 268 272 30 39 271 391 179 0,
PFG_MOEA,1528,10,270.73,5843.94,0 97 225 232 209 361 213 170 367 328 248 258 376 368 290 343 66 349 344 243 117 178 82 41 16 380 369 196 78 98 27 176 144 342 370 306 202 338 203 168 15 399 0,82 176 225
PFG_MOEA,1528,11,270.73,5843.94,0 287 64 166 205 75 348 353 45 210 278 153 171 87 6 208 158 189 220 241 62 297 65 283 204 154 305 326 110 140 180 333 317 286 25 55 217 56 7 124 126 20 10 0,65 126
PFG_MOEA,1528,12,270.73,5843.94,0 2 119 128 295 40 32 276 239 122 296 332 347 138 336 222 95 101 194 147 324 275 323 363 352 277 102 223 244 211 104 310 100 282 383 382 0,2
PFG_MOEA,1529,1,369.23,5154.87,0 90 295 40 32 276 239 122 222 95 101 323 363 352 102 277 275 194 53 293 133 331 285 392 115 245 396 240 385 288 177 181 358 337 384 111 116 76 113 81 29 325 131 84 355 114 389 279 74 159 162 371 219 341 22 134 186 105 298 334 26 281 118 185 214 0,40 240 245 331
PFG_MOEA,1529,2,369.23,5154.87,0 91 24 212 375 284 14 184 318 70 292 263 8 373 169 108 72 52 130 44 386 0,318
PFG_MOEA,1529,3,369.23,5154.87,0 362 201 312 67 164 107 302 173 106 261 388 197 218 151 77 273 136 0,106
PFG_MOEA,1529,4,369.23,5154.87,0 399 172 182 397 36 11 92 86 141 266 303 357 319 199 228 267 366 289 231 34 58 68 161 235 35 249 88 135 233 156 94 230 374 350 311 4 314 193 340 299 321 269 120 142 37 51 145 123 137 59 109 127 57 226 19 13 80 38 0,340
PFG_MOEA,1529,5,369.23,5154.87,0 132 339 322 0,
PFG_MOEA,1529,6,369.23,5154.87,0 96 242 221 200 165 112 191 152 329 300 121 146 294 174 320 364 393 3 229 308 259 246 264 356 345 377 395 400 42 250 28 247 255 1 262 63 157 291 167 21 372 301 188 394 139 149 316 387 327 17 43 85 215 73 254 183 354 69 265 346 315 99 0,1 200 393
PFG_MOEA,1529,7,369.23,5154.87,0 93 398 227 234 213 190 251 175 390 18 103 155 83 378 31 304 0,
PFG_MOEA,1529,8,369.23,5154.87,0 48 192 330 238 129 148 260 391 0,
PFG_MOEA,1529,9,369.23,5154.87,0 268 272 30 65 283 326 305 154 204 6 208 205 166 66 271 39 0,272
PFG_MOEA,1529,10,369.23,5154.87,0 124 126 20 64 189 158 220 241 297 62 110 140 286 317 333 180 7 56 217 55 25 367 170 361 209 71 97 33 0,
PFG_MOEA,1529,11,369.23,5154.87,0 15 16 380 369 168 203 338 202 306 370 342 144 176 27 98 78 196 296 347 332 324 147 211 244 223 210 45 348 353 153 278 87 171 75 328 248 258 376 368 290 343 54 46 224 225 232 179 287 10 383 382 41 344 349 243 117 178 82 125 9 47 150 216 360 335 0,47 87 353
PFG_MOEA,1529,12,369.23,5154.87,0 207 307 313 359 365 253 206 187 100 310 104 282 143 79 160 50 60 257 270 379 195 5 309 280 351 237 256 274 49 198 163 138 336 252 236 381 23 128 119 2 89 12 61 0,
PFG_MOEA,1530,1,337.93,5308.22,0 187 206 253 313 359 365 0,
PFG_MOEA,1530,2,337.93,5308.22,0 207 307 198 280 351 256 237 101 53 293 133 331 285 392 95 222 163 138 336 252 236 128 119 2 89 12 61 0,133 222
PFG_MOEA,1530,3,337.93,5308.22,0 323 363 352 194 275 277 102 100 49 274 122 239 276 32 40 295 23 381 90 0,
PFG_MOEA,1530,4,337.93,5308.22,0 22 115 245 396 240 385 288 177 181 358 337 384 111 116 76 113 81 29 131 84 281 118 185 214 0,
PFG_MOEA,1530,5,337.93,5308.22,0 334 26 298 371 219 341 134 186 105 355 325 114 389 162 159 74 279 91 24 212 375 284 14 184 318 70 292 263 8 373 169 108 72 52 130 44 386 362 201 312 0,284
PFG_MOEA,1530,6,337.93,5308.22,0 399 172 182 397 36 11 92 86 141 266 303 357 319 199 228 267 366 289 231 34 58 68 161 235 35 249 88 135 233 156 94 230 57 127 109 59 137 136 273 77 151 218 197 388 261 106 173 302 107 164 67 294 226 19 13 80 38 0,
PFG_MOEA,1530,7,337.93,5308.22,0 374 350 311 4 314 193 340 299 321 269 120 142 37 51 145 123 146 121 322 339 132 174 320 364 393 3 229 308 356 264 259 246 42 1 255 247 152 191 112 329 300 165 200 221 242 96 0,132 264 340 393
PFG_MOEA,1530,8,337.93,5308.22,0 28 250 262 400 395 345 377 394 188 301 372 21 167 291 139 149 157 63 316 387 327 17 43 85 215 73 254 183 354 69 265 346 315 99 175 251 190 0,
PFG_MOEA,1530,9,337.93,5308.22,0 304 192 330 238 129 378 83 155 103 18 390 213 234 227 398 140 110 241 62 297 65 283 326 305 154 204 6 208 205 166 66 93 30 272 268 39 271 391 260 148 48 31 0,65 391
PFG_MOEA,1530,10,337.93,5308.22,0 33 71 225 97 232 209 361 170 367 25 55 217 56 7 317 286 333 180 220 158 189 64 20 126 124 224 10 287 179 0,
PFG_MOEA,1530,11,337.93,5308.22,0 15 168 203 369 16 380 335 360 216 150 9 47 125 309 5 195 379 270 210 45 348 353 153 278 87 171 75 328 248 54 46 383 382 344 349 243 117 178 82 41 0,82 87 195 353
PFG_MOEA,1530,12,337.93,5308.22,0 338 202 306 370 342 144 176 27 98 78 196 296 347 332 147 324 211 244 223 104 310 282 143 79 160 50 60 257 258 376 368 290 343 0,290
PFG_MOEA,1531,1,319.42,5478.6,0 222 0,
PFG_MOEA,1531,2,319.42,5478.6,0 95 101 323 363 352 102 277 275 194 53 293 133 331 285 392 115 245 396 240 385 288 177 181 358 337 384 111 116 76 113 81 29 325 131 84 355 114 389 279 74 159 162 371 219 341 22 134 186 105 298 334 26 281 0,105
PFG_MOEA,1531,3,319.42,5478.6,0 118 91 284 184 14 375 212 24 0,375
PFG_MOEA,1531,4,319.42,5478.6,0 399 397 36 11 92 199 86 141 266 319 357 303 289 366 267 228 8 263 292 70 318 373 169 108 72 52 130 44 386 362 201 312 67 164 107 302 173 106 261 388 197 218 151 77 273 136 182 172 0,86 197 318 362
PFG_MOEA,1531,5,319.42,5478.6,0 38 80 13 19 226 57 127 109 59 137 123 145 51 132 142 120 269 321 299 37 340 193 314 4 350 311 156 233 135 88 249 35 235 161 68 58 34 231 94 230 374 0,
PFG_MOEA,1531,6,319.42,5478.6,0 96 242 200 191 112 165 322 339 174 393 3 229 364 320 294 121 146 300 329 152 221 0,200 393
PFG_MOEA,1531,7,319.42,5478.6,0 93 85 247 28 246 259 308 264 356 345 377 395 400 42 250 255 1 262 63 157 291 167 21 372 301 188 394 139 149 316 387 327 17 43 73 215 254 183 354 69 265 346 315 99 390 175 251 190 18 213 234 227 398 0,
PFG_MOEA,1531,8,319.42,5478.6,0 304 31 48 330 192 129 238 148 260 391 271 66 166 205 208 6 204 154 305 326 283 65 62 297 241 158 189 220 110 140 103 155 83 378 124 126 20 64 30 272 268 39 0,62 205 220 391
PFG_MOEA,1531,9,319.42,5478.6,0 7 180 333 286 317 56 217 55 0,
PFG_MOEA,1531,10,319.42,5478.6,0 15 16 380 369 168 203 338 202 306 370 342 144 176 27 98 78 196 296 347 332 324 147 211 244 223 210 45 348 353 153 278 87 171 75 328 248 258 376 368 290 343 54 46 209 361 170 367 25 232 179 224 225 97 71 33 0,16 353 370
PFG_MOEA,1531,11,319.42,5478.6,0 365 253 206 61 89 2 119 128 216 336 138 163 150 47 125 9 100 282 310 104 143 79 160 50 60 257 270 379 195 5 309 280 351 237 256 287 10 383 382 344 349 243 117 178 82 41 0,47 138 178 206 243
PFG_MOEA,1531,12,319.42,5478.6,0 335 187 359 313 360 207 307 198 49 274 122 239 276 32 40 295 23 381 236 252 90 12 214 185 0,
PFG_MOEA,1532,1,312.87,5623.42,0 216 98 370 342 144 176 27 78 196 296 347 332 147 324 211 244 223 104 310 282 79 160 50 379 195 5 309 143 150 47 9 125 0,
PFG_MOEA,1532,2,312.87,5623.42,0 117 243 344 349 343 290 368 376 258 248 328 75 348 353 171 87 278 153 45 210 257 60 270 237 256 274 49 198 222 138 336 239 276 32 177 181 358 337 384 111 116 76 23 381 90 12 0,290 336 353
PFG_MOEA,1532,3,312.87,5623.42,0 22 118 185 214 2 119 128 236 252 40 295 122 392 285 331 133 293 53 101 352 363 323 194 275 277 102 100 351 280 95 163 61 89 207 307 313 359 253 365 0,307
PFG_MOEA,1532,4,312.87,5623.42,0 206 187 0,
PFG_MOEA,1532,5,312.87,5623.42,0 281 26 334 298 219 371 341 134 186 105 115 245 396 240 385 288 113 81 29 325 355 131 84 114 389 162 159 74 279 91 0,341
PFG_MOEA,1532,6,312.87,5623.42,0 80 13 19 226 57 127 109 59 137 136 273 77 151 218 197 388 261 106 173 302 107 164 67 312 201 362 386 44 130 52 72 108 169 373 8 263 292 70 318 184 14 284 375 212 24 303 357 319 182 172 38 0,318 362
PFG_MOEA,1532,7,312.87,5623.42,0 266 141 86 199 228 267 366 289 231 34 58 68 161 235 35 249 88 135 233 156 94 230 374 92 0,
PFG_MOEA,1532,8,312.87,5623.42,0 399 397 36 11 350 311 4 314 193 340 299 321 269 120 142 37 51 123 145 132 339 322 121 146 294 174 320 364 393 3 229 308 356 264 259 246 42 300 329 112 191 165 200 221 242 96 0,51 145 174 264 329
PFG_MOEA,1532,9,312.87,5623.42,0 152 247 28 250 345 377 395 400 394 188 301 372 167 21 139 291 262 1 255 0,
PFG_MOEA,1532,10,312.87,5623.42,0 85 215 73 43 17 327 387 316 149 157 63 354 183 254 69 265 346 315 99 175 251 190 390 18 103 155 83 378 0,175 390
PFG_MOEA,1532,11,312.87,5623.42,0 304 31 48 192 330 129 238 148 260 383 10 224 391 271 39 46 93 398 227 234 213 179 232 225 97 71 33 382 0,
PFG_MOEA,1532,12,312.87,5623.42,0 209 361 170 367 25 55 217 56 7 124 126 20 64 189 158 220 180 333 317 286 140 110 241 62 297 65 283 326 305 154 204 6 208 205 166 66 30 272 268 54 287 178 82 41 335 360 380 369 203 338 202 306 168 15 16 0,7 166 203 361
PFG_MOEA,1533,1,350.97,5291.61,0 22 118 185 214 2 119 252 236 128 381 23 40 32 295 239 122 392 285 331 133 293 53 101 352 363 323 194 275 277 102 100 274 256 237 351 280 376 368 290 343 349 344 243 117 0,23 293 352
PFG_MOEA,1533,2,350.97,5291.61,0 365 359 313 307 207 89 61 163 95 206 253 187 281 26 334 298 219 371 341 134 186 105 115 245 396 240 385 288 177 181 358 337 384 111 116 76 113 81 29 325 355 131 84 114 389 162 159 279 74 284 70 318 184 14 375 212 24 91 0,
PFG_MOEA,1533,3,350.97,5291.61,0 292 263 8 373 169 108 72 52 130 44 386 362 201 312 67 164 107 302 173 106 261 388 197 218 151 77 273 136 137 59 109 0,362 388
PFG_MOEA,1533,4,350.97,5291.61,0 38 80 13 19 226 57 127 68 161 58 34 231 289 366 267 228 199 86 141 266 357 303 319 182 172 0,182
PFG_MOEA,1533,5,350.97,5291.61,0 397 36 11 92 374 350 311 4 314 193 230 94 156 35 88 249 235 135 233 340 299 321 269 120 142 37 51 0,
PFG_MOEA,1533,6,350.97,5291.61,0 399 96 242 200 165 112 329 300 123 145 322 121 146 294 339 132 174 320 364 393 3 229 308 356 264 259 246 28 250 42 262 1 255 247 152 191 221 0,152 174 200 229 246
PFG_MOEA,1533,7,350.97,5291.61,0 345 377 395 400 394 188 301 372 21 167 291 139 149 157 63 316 387 327 17 43 85 215 73 254 183 354 69 265 346 315 99 175 251 190 390 18 103 155 213 234 83 378 0,
PFG_MOEA,1533,8,350.97,5291.61,0 224 93 398 227 71 97 225 232 179 0,
PFG_MOEA,1533,9,350.97,5291.61,0 304 31 48 192 330 129 238 148 33 209 361 170 367 25 55 217 56 7 124 126 20 64 189 158 220 180 333 317 286 140 110 241 62 297 65 283 326 305 154 204 6 208 205 166 66 30 272 268 54 46 39 271 391 10 287 383 382 260 16 369 380 0,39
PFG_MOEA,1533,10,350.97,5291.61,0 15 168 203 178 82 41 0,
PFG_MOEA,1533,11,350.97,5291.61,0 335 0,
PFG_MOEA,1533,12,350.97,5291.61,0 360 90 216 336 47 9 125 198 49 309 5 258 248 328 75 348 353 171 87 278 153 45 379 195 210 257 270 60 50 160 79 143 282 310 104 223 244 211 324 147 222 150 138 276 332 347 296 196 78 98 27 176 144 342 370 306 202 338 12 0,223 370
PFG_MOEA,1534,1,748.42,4875.65,0 399 38 80 96 242 221 226 19 13 172 182 319 303 357 266 141 86 199 228 267 366 289 231 34 58 68 161 235 35 249 88 135 233 156 94 230 374 92 11 36 397 350 311 4 314 193 340 299 321 269 37 142 120 132 339 51 145 123 300 329 112 165 200 191 152 57 127 109 59 137 136 247 255 1 262 42 250 28 273 77 151 146 121 322 294 174 320 364 393 3 106 261 388 229 218 197 246 259 308 264 356 345 377 395 400 394 188 301 372 21 167 291 139 149 157 63 316 387 327 17 43 85 215 73 254 183 354 69 265 346 315 99 175 251 190 390 18 103 155 83 378 213 234 227 0,1 94 174 314 340 390 395
PFG_MOEA,1534,2,748.42,4875.65,0 260 224 93 398 71 33 148 0,
PFG_MOEA,1534,3,748.42,4875.65,0 304 31 192 330 129 238 48 382 383 10 391 271 39 30 272 268 54 46 0,
PFG_MOEA,1534,4,748.42,4875.65,0 15 168 203 369 380 16 41 82 178 209 361 170 367 25 55 217 56 7 124 126 20 64 189 158 220 180 333 317 286 140 110 241 62 297 65 283 326 305 154 204 6 208 205 166 66 335 0,65 220 361
PFG_MOEA,1534,5,748.42,4875.65,0 12 90 381 216 47 125 9 150 360 117 243 349 344 287 97 225 232 179 343 290 368 376 258 248 328 75 348 353 171 87 278 153 45 210 257 270 60 50 160 79 379 195 5 309 143 282 310 104 223 244 211 324 147 347 332 331 285 296 196 78 392 98 115 245 27 176 144 342 240 370 396 385 288 306 177 181 358 337 384 111 116 76 113 81 29 325 355 131 84 338 202 114 389 22 0,176 210 370
PFG_MOEA,1534,6,748.42,4875.65,0 23 32 276 239 336 138 222 49 274 198 0,
PFG_MOEA,1534,7,748.42,4875.65,0 118 185 214 2 119 128 236 252 40 295 122 133 293 53 101 352 363 323 194 275 277 102 100 237 280 351 256 95 163 61 89 207 307 313 0,133 323
PFG_MOEA,1534,8,748.42,4875.65,0 365 359 253 206 0,
PFG_MOEA,1534,9,748.42,4875.65,0 187 0,
PFG_MOEA,1534,10,748.42,4875.65,0 281 26 334 298 341 105 186 134 162 371 219 0,
PFG_MOEA,1534,11,748.42,4875.65,0 159 279 74 284 184 318 70 292 14 375 212 24 91 0,375
PFG_MOEA,1534,12,748.42,4875.65,0 263 8 373 169 108 72 52 130 44 386 107 164 173 302 67 312 201 362 0,386
PFG_MOEA,1535,1,404.27,5140.48,0 89 90 381 23 295 32 276 40 45 353 348 171 87 153 278 210 379 195 270 257 60 50 160 79 143 282 310 104 223 244 211 324 147 163 53 347 332 133 331 296 293 196 78 245 98 115 27 176 144 342 240 370 396 385 288 306 177 181 358 337 384 111 116 76 113 81 29 202 338 22 118 185 214 0,177 223 245 379
PFG_MOEA,1535,2,404.27,5140.48,0 281 105 26 334 298 219 371 341 134 186 84 131 325 355 114 389 162 159 74 279 91 24 212 375 284 14 184 318 70 292 263 8 373 169 108 72 52 130 44 386 362 0,134 362
PFG_MOEA,1535,3,404.27,5140.48,0 57 127 109 59 137 136 273 77 151 218 197 388 261 106 173 302 107 164 67 312 201 0,
PFG_MOEA,1535,4,404.27,5140.48,0 38 80 13 19 226 182 172 303 357 319 266 141 86 233 135 88 249 35 235 161 68 58 34 231 289 366 267 228 199 11 36 397 399 0,266
PFG_MOEA,1535,5,404.27,5140.48,0 92 156 94 230 374 350 311 4 314 193 340 299 321 269 37 142 120 132 339 51 145 123 322 121 146 294 174 320 364 393 3 229 308 356 264 259 246 42 247 152 191 112 329 300 165 200 221 242 96 0,299 329
PFG_MOEA,1535,6,404.27,5140.48,0 255 1 262 377 345 250 28 0,
PFG_MOEA,1535,7,404.27,5140.48,0 395 400 394 188 301 372 21 167 291 139 149 0,
PFG_MOEA,1535,8,404.27,5140.48,0 304 31 48 148 129 238 330 192 85 215 73 43 17 327 387 316 63 157 354 183 254 69 265 346 315 99 175 251 190 390 18 103 155 83 378 213 234 227 398 93 260 0,93
PFG_MOEA,1535,9,404.27,5140.48,0 391 271 0,
PFG_MOEA,1535,10,404.27,5140.48,0 39 268 272 30 66 166 205 208 6 204 154 305 326 283 65 297 62 241 110 140 286 0,
PFG_MOEA,1535,11,404.27,5140.48,0 15 168 203 369 380 16 82 178 117 243 349 344 46 54 124 126 20 64 189 158 220 180 317 333 7 56 217 55 25 367 170 361 209 33 71 225 97 232 179 287 224 10 383 382 0,16
PFG_MOEA,1535,12,404.27,5140.48,0 335 360 365 253 206 359 313 307 207 61 12 2 119 128 236 252 216 336 138 239 122 392 285 194 275 277 352 363 323 101 95 222 150 9 47 125 198 100 102 49 274 256 237 351 280 309 5 75 328 248 258 376 368 290 343 187 41 0,100 206
PFG_MOEA,1536,1,759.34,4800.0,0 219 341 105 389 114 84 131 355 325 29 81 113 76 116 111 384 337 358 181 177 288 385 240 396 245 115 392 285 331 133 293 53 163 150 9 125 47 216 89 61 206 253 365 0,245
PFG_MOEA,1536,2,759.34,4800.0,0 22 134 186 162 159 279 74 284 184 318 70 292 263 8 373 169 108 14 375 212 24 91 0,318
PFG_MOEA,1536,3,759.34,4800.0,0 304 31 48 148 260 224 71 33 129 238 330 192 200 165 112 191 152 127 57 109 59 137 273 136 247 17 43 85 215 73 254 69 354 183 327 387 157 149 188 394 316 63 262 1 255 250 28 42 400 395 377 345 356 264 259 246 308 229 197 218 151 77 107 164 67 302 388 3 106 173 261 320 364 393 312 201 362 329 300 123 51 145 322 121 146 294 174 339 132 120 142 37 269 321 299 340 233 135 88 249 35 161 235 68 58 34 386 231 289 366 267 228 44 130 52 72 303 357 319 266 141 86 92 199 156 94 230 311 374 11 36 397 350 4 314 193 182 172 13 19 226 221 242 96 80 38 0,33 106 174 200 303 311 394
PFG_MOEA,1536,4,759.34,4800.0,0 378 83 155 103 18 190 251 175 99 315 346 372 301 167 21 139 291 265 390 234 0,
PFG_MOEA,1536,5,759.34,4800.0,0 179 391 271 39 30 272 268 46 54 93 398 227 213 232 0,391
PFG_MOEA,1536,6,759.34,4800.0,0 225 0,
PFG_MOEA,1536,7,759.34,4800.0,0 97 209 361 170 367 0,
PFG_MOEA,1536,8,759.34,4800.0,0 399 15 168 203 338 202 306 370 342 144 176 27 98 78 196 369 380 16 41 82 178 117 243 344 349 66 343 290 368 376 258 248 328 75 348 353 45 210 278 153 171 87 6 208 205 166 158 189 220 241 62 297 65 283 204 154 305 326 110 140 180 333 317 286 25 55 217 56 7 124 126 20 64 287 10 383 382 0,62 66 205 220 342
PFG_MOEA,1536,9,759.34,4800.0,0 2 119 128 295 40 32 276 239 122 296 332 347 138 336 222 95 101 194 147 324 275 323 363 352 277 102 223 244 211 104 310 100 282 143 79 160 50 60 257 270 379 195 5 309 280 351 237 256 274 49 198 252 236 0,
PFG_MOEA,1536,10,759.34,4800.0,0 381 23 90 12 207 307 0,
PFG_MOEA,1536,11,759.34,4800.0,0 335 187 359 313 360 214 0,
PFG_MOEA,1536,12,759.34,4800.0,0 185 118 281 26 334 298 371 0,
PFG_MOEA,1537,1,314.81,5596.11,0 12 90 128 236 252 336 276 138 222 198 49 274 256 237 351 280 309 5 290 343 313 207 0,222
PFG_MOEA,1537,2,314.81,5596.11,0 91 292 263 8 373 169 108 14 375 212 24 371 219 341 298 334 26 281 118 185 214 295 40 32 239 122 95 101 352 363 323 194 275 277 102 100 23 381 119 2 307 359 187 148 48 31 304 0,23
PFG_MOEA,1537,3,314.81,5596.11,0 260 224 71 33 127 152 191 112 165 200 129 238 330 192 0,33
PFG_MOEA,1537,4,314.81,5596.11,0 57 67 302 173 106 3 388 164 107 77 151 218 197 229 308 246 259 264 356 345 377 395 400 42 28 250 255 1 262 63 316 394 188 149 157 387 327 183 354 69 254 73 215 85 43 17 247 136 273 137 59 109 0,
PFG_MOEA,1537,5,314.81,5596.11,0 329 300 362 123 51 145 322 121 146 201 261 320 364 393 312 294 174 339 132 206 253 365 360 335 0,362 393
PFG_MOEA,1537,6,314.81,5596.11,0 61 358 181 177 288 385 240 396 245 115 392 285 331 133 293 53 163 150 9 125 47 216 89 0,
PFG_MOEA,1537,7,314.81,5596.11,0 80 13 19 226 35 161 235 58 34 386 231 289 366 267 228 44 130 52 72 318 70 184 284 74 279 159 162 389 114 355 325 384 337 111 116 76 113 81 29 131 84 105 186 134 22 0,
PFG_MOEA,1537,8,314.81,5596.11,0 38 96 242 221 172 182 397 350 311 4 314 193 230 94 156 374 36 11 92 319 357 303 266 141 86 199 68 135 88 249 233 340 299 321 269 120 142 37 301 21 139 291 167 372 346 315 99 175 251 0,182
PFG_MOEA,1537,9,314.81,5596.11,0 97 225 232 179 391 271 158 241 62 297 65 283 204 154 305 326 110 140 286 317 333 180 220 126 124 7 56 217 55 25 367 170 361 209 227 234 213 190 390 265 18 103 155 83 378 398 93 54 46 268 272 30 39 0,65 154
PFG_MOEA,1537,10,314.81,5596.11,0 399 15 16 380 41 82 178 117 243 344 349 20 189 64 166 205 208 6 87 171 153 278 210 353 258 376 368 66 287 10 383 382 0,243
PFG_MOEA,1537,11,314.81,5596.11,0 369 338 203 168 0,
PFG_MOEA,1537,12,314.81,5596.11,0 202 306 370 342 144 176 27 98 78 196 296 347 332 324 147 211 244 223 104 310 282 143 79 160 50 60 257 270 379 195 45 348 75 328 248 0,370
PFG_MOEA,1538,1,411.21,4974.5,0 12 90 381 23 32 276 239 336 138 222 198 49 274 256 237 351 280 252 236 128 119 2 0,23
PFG_MOEA,1538,2,411.21,4974.5,0 22 118 185 214 295 40 122 392 285 331 133 293 53 101 352 363 323 194 275 277 102 100 95 163 61 89 207 307 313 359 365 253 206 187 0,22 100
PFG_MOEA,1538,3,411.21,4974.5,0 115 0,
PFG_MOEA,1538,4,411.21,4974.5,0 245 396 240 385 288 177 181 358 337 384 111 116 76 113 81 29 325 355 0,
PFG_MOEA,1538,5,411.21,4974.5,0 281 26 334 298 341 134 186 131 84 114 389 105 219 371 162 159 74 279 91 24 212 375 284 14 184 318 70 292 263 8 373 169 108 72 52 130 44 386 362 201 312 67 164 107 302 173 106 261 388 197 218 151 77 273 136 137 59 109 127 57 226 19 13 80 0,77 106 284
PFG_MOEA,1538,6,411.21,4974.5,0 38 172 182 319 303 357 266 141 86 199 228 267 366 289 231 34 58 68 161 235 35 249 88 135 233 156 94 230 374 92 11 36 397 350 311 4 314 193 340 299 321 269 120 142 37 51 123 145 132 339 322 121 146 294 174 320 364 393 3 229 308 356 264 259 246 42 300 329 112 221 242 96 0,51 174 229 246 299
PFG_MOEA,1538,7,411.21,4974.5,0 399 200 165 191 152 247 255 1 262 250 28 345 377 395 400 394 188 301 372 21 167 291 139 149 157 63 316 387 327 17 43 85 215 73 254 183 354 69 265 346 315 99 175 251 190 390 18 103 155 83 378 213 234 227 398 93 224 179 232 225 97 71 33 260 148 238 129 330 192 48 31 304 0,93
PFG_MOEA,1538,8,411.21,4974.5,0 382 383 10 391 271 39 46 54 268 272 30 66 166 205 208 6 204 154 305 326 283 65 297 62 241 110 140 286 317 333 180 220 158 189 64 20 126 124 7 56 217 55 25 367 170 361 209 287 0,55 62 66 220
PFG_MOEA,1538,9,411.21,4974.5,0 380 0,
PFG_MOEA,1538,10,411.21,4974.5,0 16 369 15 0,
PFG_MOEA,1538,11,411.21,4974.5,0 168 203 178 82 41 0,178
PFG_MOEA,1538,12,411.21,4974.5,0 335 360 338 202 306 370 342 144 176 27 98 78 196 296 347 332 216 47 125 9 150 147 324 211 244 223 104 310 282 143 309 5 195 379 79 160 50 60 270 257 210 45 153 278 87 171 353 348 75 328 248 258 376 368 290 343 349 344 243 117 0,
PFG_MOEA,1539,1,312.55,5795.78,0 336 138 239 122 296 347 332 324 275 277 104 211 244 223 102 352 363 323 194 147 101 95 222 0,122 211 222 277
PFG_MOEA,1539,2,312.55,5795.78,0 335 360 207 307 313 359 187 100 310 282 143 79 160 50 60 257 270 379 195 5 309 280 351 237 256 274 49 198 252 236 381 23 90 12 214 185 118 281 26 334 298 371 72 52 130 44 386 80 0,5 307
PFG_MOEA,1539,3,312.55,5795.78,0 13 19 226 57 127 109 59 137 136 273 77 151 218 197 388 261 106 173 302 107 164 67 312 201 362 123 51 145 294 174 339 132 142 120 269 321 299 0,174
PFG_MOEA,1539,4,312.55,5795.78,0 340 233 135 88 249 35 235 161 68 58 34 231 289 366 267 228 141 266 303 357 319 86 199 156 94 0,303
PFG_MOEA,1539,5,312.55,5795.78,0 38 172 182 397 36 11 92 374 230 311 350 4 314 193 37 322 121 146 320 364 393 3 229 308 356 264 259 246 42 300 329 112 191 152 221 242 96 0,42 264
PFG_MOEA,1539,6,312.55,5795.78,0 200 165 129 0,
PFG_MOEA,1539,7,312.55,5795.78,0 304 330 395 400 394 188 301 372 21 167 291 139 149 157 63 316 387 17 43 33 71 224 260 0,
PFG_MOEA,1539,8,312.55,5795.78,0 399 247 28 250 345 377 262 1 255 327 254 73 215 85 93 179 232 225 97 148 238 192 48 31 0,93
PFG_MOEA,1539,9,312.55,5795.78,0 378 69 183 354 265 346 315 99 175 251 190 390 18 103 155 83 234 213 227 398 209 361 170 367 25 55 217 56 7 180 333 317 286 140 110 62 297 65 283 326 305 154 204 6 208 241 220 158 189 64 20 126 124 0,175
PFG_MOEA,1539,10,312.55,5795.78,0 287 382 383 10 268 272 30 66 166 205 271 39 391 53 293 133 331 285 392 115 245 396 240 385 288 177 181 358 337 384 111 116 76 113 81 29 325 355 131 84 114 389 105 341 219 0,
PFG_MOEA,1539,11,312.55,5795.78,0 91 24 212 375 14 108 169 373 8 263 292 70 318 184 284 74 279 159 162 22 134 186 89 216 47 125 9 150 163 61 365 253 206 46 54 0,
PFG_MOEA,1539,12,312.55,5795.78,0 41 82 178 117 243 344 349 343 290 368 376 258 248 328 75 171 87 153 278 210 45 353 348 2 119 128 295 40 32 276 196 78 98 27 176 144 342 370 306 202 338 203 168 369 380 16 15 0,16 87 203
PFG_MOEA,1540,1,389.39,5146.42,0 163 78 53 293 133 331 285 392 98 115 245 27 396 240 385 288 177 181 358 337 384 111 116 76 113 81 29 325 355 131 84 114 389 91 279 74 159 162 371 219 298 341 22 134 186 105 118 185 0,
PFG_MOEA,1540,2,389.39,5146.42,0 281 26 334 24 212 375 284 14 184 318 70 292 263 8 373 169 108 72 52 130 44 386 51 145 123 362 201 294 312 67 164 107 302 173 106 261 388 197 218 151 77 273 136 137 59 109 127 57 226 19 13 80 0,
PFG_MOEA,1540,3,389.39,5146.42,0 142 339 174 132 120 269 321 299 340 233 135 88 249 35 235 161 68 58 34 231 289 366 267 228 141 266 303 357 319 86 199 156 94 230 374 92 11 36 397 350 311 4 314 193 0,88
PFG_MOEA,1540,4,389.39,5146.42,0 182 172 38 0,
PFG_MOEA,1540,5,389.39,5146.42,0 37 322 121 146 320 364 393 3 229 308 356 264 259 246 42 300 329 112 152 191 165 200 221 242 96 0,152 264 329
PFG_MOEA,1540,6,389.39,5146.42,0 129 33 71 224 260 0,
PFG_MOEA,1540,7,389.39,5146.42,0 399 247 255 1 262 250 28 345 377 395 400 394 188 301 372 21 167 291 139 149 157 63 316 387 17 43 73 254 327 183 354 69 215 85 93 179 232 225 97 148 48 238 330 192 31 304 0,395
PFG_MOEA,1540,8,389.39,5146.42,0 16 15 168 203 369 380 391 271 39 268 272 30 66 166 205 208 6 204 154 305 326 283 65 297 62 241 110 140 286 317 333 180 220 158 189 64 20 126 124 7 56 217 55 25 367 170 361 209 398 227 234 213 190 251 175 99 315 346 265 390 18 103 155 83 378 54 46 287 10 383 382 41 0,7 16 20 103 272
PFG_MOEA,1540,9,389.39,5146.42,0 82 178 117 243 368 376 258 353 153 171 87 278 210 143 237 256 274 49 100 282 310 104 102 277 275 194 323 363 352 101 198 95 222 138 122 276 336 252 236 128 23 381 90 119 2 12 0,
PFG_MOEA,1540,10,389.39,5146.42,0 344 349 351 280 309 5 79 160 50 60 257 270 379 195 45 348 75 328 248 290 343 187 0,
PFG_MOEA,1540,11,389.39,5146.42,0 214 295 40 32 239 370 342 144 176 150 47 9 125 216 89 61 207 307 313 359 206 253 365 360 335 0,176
PFG_MOEA,1540,12,389.39,5146.42,0 338 202 306 196 296 347 332 324 147 211 244 223 0,
PFG_MOEA,1541,1,413.96,4915.5,0 187 206 253 365 359 313 307 207 61 12 89 2 119 128 236 252 336 138 163 222 95 198 351 280 237 256 274 49 100 102 277 275 194 323 363 352 101 53 293 133 331 285 392 122 239 276 32 40 295 23 381 90 113 81 29 76 116 111 384 337 358 181 177 288 385 240 396 245 115 22 118 185 214 0,245 381
PFG_MOEA,1541,2,413.96,4915.5,0 281 84 131 325 355 114 389 186 134 341 298 26 334 0,
PFG_MOEA,1541,3,413.96,4915.5,0 371 219 105 162 159 74 279 91 24 212 375 284 14 184 318 70 292 263 8 373 169 108 72 52 130 44 386 362 201 312 67 164 107 302 173 106 261 388 197 218 151 77 273 136 137 59 0,
PFG_MOEA,1541,4,413.96,4915.5,0 57 127 109 226 0,
PFG_MOEA,1541,5,413.96,4915.5,0 19 0,
PFG_MOEA,1541,6,413.96,4915.5,0 38 303 357 266 141 86 199 228 267 366 289 231 34 58 68 161 235 35 249 88 135 233 319 182 172 13 80 0,88
PFG_MOEA,1541,7,413.96,4915.5,0 399 397 36 11 92 156 94 230 374 350 311 4 314 193 340 299 321 269 120 142 37 51 123 145 132 339 322 121 146 294 174 320 364 393 3 229 308 356 264 259 246 42 300 329 112 191 165 200 221 242 96 0,11 340 374 393
PFG_MOEA,1541,8,413.96,4915.5,0 152 247 255 1 262 250 28 345 377 395 400 394 188 301 372 21 167 291 139 149 157 63 316 387 327 17 43 85 215 73 254 183 354 69 265 346 315 99 175 251 190 390 18 103 155 83 378 213 234 227 398 93 0,1 152 175 227
PFG_MOEA,1541,9,413.96,4915.5,0 304 31 48 192 330 238 129 148 260 391 271 39 268 272 30 66 166 205 208 6 204 154 305 326 283 65 297 62 241 110 140 286 317 333 180 220 158 189 64 20 126 124 7 56 217 55 25 367 170 361 209 71 33 97 225 232 179 224 0,55 391
PFG_MOEA,1541,10,413.96,4915.5,0 287 10 383 382 0,
PFG_MOEA,1541,11,413.96,4915.5,0 16 15 168 203 369 380 82 178 117 243 349 344 54 46 41 0,
PFG_MOEA,1541,12,413.96,4915.5,0 335 360 216 150 9 47 125 309 5 343 290 368 376 258 248 328 75 171 87 278 153 353 348 45 210 195 379 270 257 60 50 160 79 143 282 310 104 223 244 211 324 147 332 347 296 196 78 98 27 176 144 342 370 306 202 338 0,
PFG_MOEA,1542,1,320.55,5348.04,0 80 13 172 182 397 36 11 92 233 135 88 249 35 235 161 68 58 34 231 289 319 399 0,
PFG_MOEA,1542,2,320.55,5348.04,0 374 230 94 156 311 350 4 314 193 340 299 321 269 120 142 132 339 174 320 364 308 229 3 393 294 146 121 322 123 145 51 37 0,393
PFG_MOEA,1542,3,320.55,5348.04,0 96 242 221 200 165 112 329 300 191 152 247 255 1 262 42 250 28 246 259 264 356 345 377 395 400 394 188 301 372 21 167 291 139 149 157 63 316 387 327 17 43 85 215 73 254 183 354 69 265 346 315 99 175 251 190 0,215
PFG_MOEA,1542,4,320.55,5348.04,0 304 31 192 330 238 129 398 227 234 213 18 390 286 140 110 241 93 260 148 48 0,
PFG_MOEA,1542,5,320.55,5348.04,0 317 333 0,
PFG_MOEA,1542,6,320.55,5348.04,0 33 71 209 361 170 367 25 55 217 56 7 180 220 158 189 64 20 126 124 224 10 383 382 16 203 168 15 0,25
PFG_MOEA,1542,7,320.55,5348.04,0 380 369 335 360 216 150 9 47 125 309 5 195 379 270 210 45 348 353 153 278 87 171 75 328 248 258 376 368 290 343 54 46 344 349 243 117 178 82 41 0,
PFG_MOEA,1542,8,320.55,5348.04,0 338 202 306 370 342 144 176 27 98 78 196 296 347 332 147 324 211 244 223 104 310 282 143 79 160 50 60 257 6 204 154 305 326 283 62 297 65 208 205 166 66 30 272 268 0,66
PFG_MOEA,1542,9,320.55,5348.04,0 187 206 253 365 359 313 307 207 61 12 89 2 119 128 236 252 336 138 163 222 95 198 351 256 237 280 391 271 39 378 83 155 103 232 179 287 225 97 0,138 307
PFG_MOEA,1542,10,320.55,5348.04,0 22 389 114 84 131 325 355 29 81 113 76 116 111 384 337 358 181 177 288 385 240 396 245 115 392 285 331 133 293 53 101 352 363 323 194 275 277 102 100 49 274 122 239 276 32 40 295 23 381 90 214 185 281 118 0,323 331
PFG_MOEA,1542,11,320.55,5348.04,0 334 298 26 105 186 134 341 219 371 24 212 375 14 184 318 70 292 263 8 373 169 284 74 279 91 159 162 0,134
PFG_MOEA,1542,12,320.55,5348.04,0 38 19 226 57 127 109 59 137 136 273 77 151 218 197 388 261 106 173 302 107 164 67 312 201 362 366 267 228 386 44 130 52 72 108 303 357 266 141 86 199 0,106 386
PFG_MOEA,1543,1,270.73,5843.94,0 335 187 309 5 195 379 270 257 60 50 160 79 143 280 351 237 256 274 49 198 252 236 381 23 90 12 207 307 0,
PFG_MOEA,1543,2,270.73,5843.94,0 61 313 359 206 253 365 360 214 185 118 281 26 334 298 371 22 134 186 162 159 292 263 8 373 318 70 184 284 74 279 0,134 284 313 318
PFG_MOEA,1543,3,270.73,5843.94,0 91 169 108 14 375 212 24 192 330 238 129 200 165 112 191 152 127 57 109 59 137 273 136 247 17 43 85 215 33 71 224 260 148 48 31 304 0,33 200
PFG_MOEA,1543,4,270.73,5843.94,0 73 254 69 354 183 327 387 157 149 188 394 316 63 262 1 255 250 28 42 400 395 377 345 356 264 259 246 308 229 197 218 151 77 107 164 67 302 388 3 106 173 261 320 364 0,
PFG_MOEA,1543,5,270.73,5843.94,0 329 300 362 123 51 145 322 121 146 201 312 393 294 174 339 132 120 142 0,145 174
PFG_MOEA,1543,6,270.73,5843.94,0 37 269 321 299 340 219 341 105 84 131 29 81 113 76 116 111 181 358 337 384 325 355 114 389 0,341
PFG_MOEA,1543,7,270.73,5843.94,0 89 216 47 125 9 150 163 53 293 133 331 285 392 115 245 396 240 385 288 177 34 58 235 135 233 88 249 35 161 68 0,133 240
PFG_MOEA,1543,8,270.73,5843.94,0 172 182 193 314 4 350 397 36 11 374 311 230 94 156 199 92 86 319 266 141 289 231 386 366 267 228 44 130 52 72 303 357 13 19 226 221 242 96 0,141 386
PFG_MOEA,1543,9,270.73,5843.94,0 38 80 378 83 291 139 21 167 301 372 346 315 265 390 99 175 251 190 18 103 155 234 227 398 93 54 46 268 272 30 39 271 391 179 0,
PFG_MOEA,1543,10,270.73,5843.94,0 97 225 232 209 361 213 170 367 328 248 258 376 368 290 343 66 349 344 243 117 178 82 41 16 380 369 196 78 98 27 176 144 342 370 306 202 338 203 168 15 399 0,82 176 225
PFG_MOEA,1543,11,270.73,5843.94,0 287 64 166 205 75 348 353 45 210 278 153 171 87 6 208 158 189 220 241 62 297 65 283 204 154 305 326 110 140 180 333 317 286 25 55 217 56 7 124 126 20 10 0,65 126
PFG_MOEA,1543,12,270.73,5843.94,0 2 119 128 295 40 32 276 239 122 296 332 347 138 336 222 95 101 194 147 324 275 323 363 352 277 102 223 244 211 104 310 100 282 383 382 0,2
PFG_MOEA,1544,1,369.23,5154.87,0 90 295 40 32 276 239 122 222 95 101 323 363 352 102 277 275 194 53 293 133 331 285 392 115 245 396 240 385 288 177 181 358 337 384 111 116 76 113 81 29 325 131 84 355 114 389 279 74 159 162 371 219 341 22 134 186 105 298 334 26 281 118 185 214 0,40 240 245 331
PFG_MOEA,1544,2,369.23,5154.87,0 91 24 212 375 284 14 184 318 70 292 263 8 373 169 108 72 52 130 44 386 0,318
PFG_MOEA,1544,3,369.23,5154.87,0 362 201 312 67 164 107 302 173 106 261 388 197 218 151 77 273 136 0,106
PFG_MOEA,1544,4,369.23,5154.87,0 399 172 182 397 36 11 92 86 141 266 303 357 319 199 228 267 366 289 231 34 58 68 161 235 35 249 88 135 233 156 94 230 374 350 311 4 314 193 340 299 321 269 120 142 37 51 145 123 137 59 109 127 57 226 19 13 80 38 0,340
PFG_MOEA,1544,5,369.23,5154.87,0 132 339 322 0,
PFG_MOEA,1544,6,369.23,5154.87,0 96 242 221 200 165 112 191 152 329 300 121 146 294 174 320 364 393 3 229 308 259 246 264 356 345 377 395 400 42 250 28 247 255 1 262 63 157 291 167 21 372 301 188 394 139 149 316 387 327 17 43 85 215 73 254 183 354 69 265 346 315 99 0,1 200 393
PFG_MOEA,1544,7,369.23,5154.87,0 93 398 227 234 213 190 251 175 390 18 103 155 83 378 31 304 0,
PFG_MOEA,1544,8,369.23,5154.87,0 48 192 330 238 129 148 260 391 0,
PFG_MOEA,1544,9,369.23,5154.87,0 268 272 30 65 283 326 305 154 204 6 208 205 166 66 271 39 0,272
PFG_MOEA,1544,10,369.23,5154.87,0 124 126 20 64 189 158 220 241 297 62 110 140 286 317 333 180 7 56 217 55 25 367 170 361 209 71 97 33 0,
PFG_MOEA,1544,11,369.23,5154.87,0 15 16 380 369 168 203 338 202 306 370 342 144 176 27 98 78 196 296 347 332 324 147 211 244 223 210 45 348 353 153 278 87 171 75 328 248 258 376 368 290 343 54 46 224 225 232 179 287 10 383 382 41 344 349 243 117 178 82 125 9 47 150 216 360 335 0,47 87 353
PFG_MOEA,1544,12,369.23,5154.87,0 207 307 313 359 365 253 206 187 100 310 104 282 143 79 160 50 60 257 270 379 195 5 309 280 351 237 256 274 49 198 163 138 336 252 236 381 23 128 119 2 89 12 61 0,
PFG_MOEA,1545,1,337.93,5308.22,0 187 206 253 313 359 365 0,
PFG_MOEA,1545,2,337.93,5308.22,0 207 307 198 280 351 256 237 101 53 293 133 331 285 392 95 222 163 138 336 252 236 128 119 2 89 12 61 0,133 222
PFG_MOEA,1545,3,337.93,5308.22,0 323 363 352 194 275 277 102 100 49 274 122 239 276 32 40 295 23 381 90 0,
PFG_MOEA,1545,4,337.93,5308.22,0 22 115 245 396 240 385 288 177 181 358 337 384 111 116 76 113 81 29 131 84 281 118 185 214 0,
PFG_MOEA,1545,5,337.93,5308.22,0 334 26 298 371 219 341 134 186 105 355 325 114 389 162 159 74 279 91 24 212 375 284 14 184 318 70 292 263 8 373 169 108 72 52 130 44 386 362 201 312 0,284
PFG_MOEA,1545,6,337.93,5308.22,0 399 172 182 397 36 11 92 86 141 266 303 357 319 199 228 267 366 289 231 34 58 68 161 235 35 249 88 135 233 156 94 230 57 127 109 59 137 136 273 77 151 218 197 388 261 106 173 302 107 164 67 294 226 19 13 80 38 0,
PFG_MOEA,1545,7,337.93,5308.22,0 374 350 311 4 314 193 340 299 321 269 120 142 37 51 145 123 146 121 322 339 132 174 320 364 393 3 229 308 356 264 259 246 42 1 255 247 152 191 112 329 300 165 200 221 242 96 0,132 264 340 393
PFG_MOEA,1545,8,337.93,5308.22,0 28 250 262 400 395 345 377 394 188 301 372 21 167 291 139 149 157 63 316 387 327 17 43 85 215 73 254 183 354 69 265 346 315 99 175 251 190 0,
PFG_MOEA,1545,9,337.93,5308.22,0 304 192 330 238 129 378 83 155 103 18 390 213 234 227 398 140 110 241 62 297 65 283 326 305 154 204 6 208 205 166 66 93 30 272 268 39 271 391 260 148 48 31 0,65 391
PFG_MOEA,1545,10,337.93,5308.22,0 33 71 225 97 232 209 361 170 367 25 55 217 56 7 317 286 333 180 220 158 189 64 20 126 124 224 10 287 179 0,
PFG_MOEA,1545,11,337.93,5308.22,0 15 168 203 369 16 380 335 360 216 150 9 47 125 309 5 195 379 270 210 45 348 353 153 278 87 171 75 328 248 54 46 383 382 344 349 243 117 178 82 41 0,82 87 195 353
PFG_MOEA,1545,12,337.93,5308.22,0 338 202 306 370 342 144 176 27 98 78 196 296 347 332 147 324 211 244 223 104 310 282 143 79 160 50 60 257 258 376 368 290 343 0,290
PFG_MOEA,1546,1,319.42,5478.6,0 222 0,
PFG_MOEA,1546,2,319.42,5478.6,0 95 101 323 363 352 102 277 275 194 53 293 133 331 285 392 115 245 396 240 385 288 177 181 358 337 384 111 116 76 113 81 29 325 131 84 355 114 389 279 74 159 162 371 219 341 22 134 186 105 298 334 26 281 0,105
PFG_MOEA,1546,3,319.42,5478.6,0 118 91 284 184 14 375 212 24 0,375
PFG_MOEA,1546,4,319.42,5478.6,0 399 397 36 11 92 199 86 141 266 319 357 303 289 366 267 228 8 263 292 70 318 373 169 108 72 52 130 44 386 362 201 312 67 164 107 302 173 106 261 388 197 218 151 77 273 136 182 172 0,86 197 318 362
PFG_MOEA,1546,5,319.42,5478.6,0 38 80 13 19 226 57 127 109 59 137 123 145 51 132 142 120 269 321 299 37 340 193 314 4 350 311 156 233 135 88 249 35 235 161 68 58 34 231 94 230 374 0,
PFG_MOEA,1546,6,319.42,5478.6,0 96 242 200 191 112 165 322 339 174 393 3 229 364 320 294 121 146 300 329 152 221 0,200 393
PFG_MOEA,1546,7,319.42,5478.6,0 93 85 247 28 246 259 308 264 356 345 377 395 400 42 250 255 1 262 63 157 291 167 21 372 301 188 394 139 149 316 387 327 17 43 73 215 254 183 354 69 265 346 315 99 390 175 251 190 18 213 234 227 398 0,
PFG_MOEA,1546,8,319.42,5478.6,0 304 31 48 330 192 129 238 148 260 391 271 66 166 205 208 6 204 154 305 326 283 65 62 297 241 158 189 220 110 140 103 155 83 378 124 126 20 64 30 272 268 39 0,62 205 220 391
PFG_MOEA,1546,9,319.42,5478.6,0 7 180 333 286 317 56 217 55 0,
PFG_MOEA,1546,10,319.42,5478.6,0 15 16 380 369 168 203 338 202 306 370 342 144 176 27 98 78 196 296 347 332 324 147 211 244 223 210 45 348 353 153 278 87 171 75 328 248 258 376 368 290 343 54 46 209 361 170 367 25 232 179 224 225 97 71 33 0,16 353 370
PFG_MOEA,1546,11,319.42,5478.6,0 365 253 206 61 89 2 119 128 216 336 138 163 150 47 125 9 100 282 310 104 143 79 160 50 60 257 270 379 195 5 309 280 351 237 256 287 10 383 382 344 349 243 117 178 82 41 0,47 138 178 206 243
PFG_MOEA,1546,12,319.42,5478.6,0 335 187 359 313 360 207 307 198 49 274 122 239 276 32 40 295 23 381 236 252 90 12 214 185 0,
PFG_MOEA,1547,1,312.87,5623.42,0 216 98 370 342 144 176 27 78 196 296 347 332 147 324 211 244 223 104 310 282 79 160 50 379 195 5 309 143 150 47 9 125 0,
PFG_MOEA,1547,2,312.87,5623.42,0 117 243 344 349 343 290 368 376 258 248 328 75 348 353 171 87 278 153 45 210 257 60 270 237 256 274 49 198 222 138 336 239 276 32 177 181 358 337 384 111 116 76 23 381 90 12 0,290 336 353
PFG_MOEA,1547,3,312.87,5623.42,0 22 118 185 214 2 119 128 236 252 40 295 122 392 285 331 133 293 53 101 352 363 323 194 275 277 102 100 351 280 95 163 61 89 207 307 313 359 253 365 0,307
PFG_MOEA,1547,4,312.87,5623.42,0 206 187 0,
PFG_MOEA,1547,5,312.87,5623.42,0 281 26 334 298 219 371 341 134 186 105 115 245 396 240 385 288 113 81 29 325 355 131 84 114 389 162 159 74 279 91 0,341
PFG_MOEA,1547,6,312.87,5623.42,0 80 13 19 226 57 127 109 59 137 136 273 77 151 218 197 388 261 106 173 302 107 164 67 312 201 362 386 44 130 52 72 108 169 373 8 263 292 70 318 184 14 284 375 212 24 303 357 319 182 172 38 0,318 362
PFG_MOEA,1547,7,312.87,5623.42,0 266 141 86 199 228 267 366 289 231 34 58 68 161 235 35 249 88 135 233 156 94 230 374 92 0,
PFG_MOEA,1547,8,312.87,5623.42,0 399 397 36 11 350 311 4 314 193 340 299 321 269 120 142 37 51 123 145 132 339 322 121 146 294 174 320 364 393 3 229 308 356 264 259 246 42 300 329 112 191 165 200 221 242 96 0,51 145 174 264 329
PFG_MOEA,1547,9,312.87,5623.42,0 152 247 28 250 345 377 395 400 394 188 301 372 167 21 139 291 262 1 255 0,
PFG_MOEA,1547,10,312.87,5623.42,0 85 215 73 43 17 327 387 316 149 157 63 354 183 254 69 265 346 315 99 175 251 190 390 18 103 155 83 378 0,175 390
PFG_MOEA,1547,11,312.87,5623.42,0 304 31 48 192 330 129 238 148 260 383 10 224 391 271 39 46 93 398 227 234 213 179 232 225 97 71 33 382 0,
PFG_MOEA,1547,12,312.87,5623.42,0 209 361 170 367 25 55 217 56 7 124 126 20 64 189 158 220 180 333 317 286 140 110 241 62 297 65 283 326 305 154 204 6 208 205 166 66 30 272 268 54 287 178 82 41 335 360 380 369 203 338 202 306 168 15 16 0,7 166 203 361
PFG_MOEA,1548,1,350.97,5291.61,0 22 118 185 214 2 119 252 236 128 381 23 40 32 295 239 122 392 285 331 133 293 53 101 352 363 323 194 275 277 102 100 274 256 237 351 280 376 368 290 343 349 344 243 117 0,23 293 352
PFG_MOEA,1548,2,350.97,5291.61,0 365 359 313 307 207 89 61 163 95 206 253 187 281 26 334 298 219 371 341 134 186 105 115 245 396 240 385 288 177 181 358 337 384 111 116 76 113 81 29 325 355 131 84 114 389 162 159 279 74 284 70 318 184 14 375 212 24 91 0,
PFG_MOEA,1548,3,350.97,5291.61,0 292 263 8 373 169 108 72 52 130 44 386 362 201 312 67 164 107 302 173 106 261 388 197 218 151 77 273 136 137 59 109 0,362 388
PFG_MOEA,1548,4,350.97,5291.61,0 38 80 13 19 226 57 127 68 161 58 34 231 289 366 267 228 199 86 141 266 357 303 319 182 172 0,182
PFG_MOEA,1548,5,350.97,5291.61,0 397 36 11 92 374 350 311 4 314 193 230 94 156 35 88 249 235 135 233 340 299 321 269 120 142 37 51 0,
PFG_MOEA,1548,6,350.97,5291.61,0 399 96 242 200 165 112 329 300 123 145 322 121 146 294 339 132 174 320 364 393 3 229 308 356 264 259 246 28 250 42 262 1 255 247 152 191 221 0,152 174 200 229 246
PFG_MOEA,1548,7,350.97,5291.61,0 345 377 395 400 394 188 301 372 21 167 291 139 149 157 63 316 387 327 17 43 85 215 73 254 183 354 69 265 346 315 99 175 251 190 390 18 103 155 213 234 83 378 0,
PFG_MOEA,1548,8,350.97,5291.61,0 224 93 398 227 71 97 225 232 179 0,
PFG_MOEA,1548,9,350.97,5291.61,0 304 31 48 192 330 129 238 148 33 209 361 170 367 25 55 217 56 7 124 126 20 64 189 158 220 180 333 317 286 140 110 241 62 297 65 283 326 305 154 204 6 208 205 166 66 30 272 268 54 46 39 271 391 10 287 383 382 260 16 369 380 0,39
PFG_MOEA,1548,10,350.97,5291.61,0 15 168 203 178 82 41 0,
PFG_MOEA,1548,11,350.97,5291.61,0 335 0,
PFG_MOEA,1548,12,350.97,5291.61,0 360 90 216 336 47 9 125 198 49 309 5 258 248 328 75 348 353 171 87 278 153 45 379 195 210 257 270 60 50 160 79 143 282 310 104 223 244 211 324 147 222 150 138 276 332 347 296 196 78 98 27 176 144 342 370 306 202 338 12 0,223 370
PFG_MOEA,1549,1,748.42,4875.65,0 399 38 80 96 242 221 226 19 13 172 182 319 303 357 266 141 86 199 228 267 366 289 231 34 58 68 161 235 35 249 88 135 233 156 94 230 374 92 11 36 397 350 311 4 314 193 340 299 321 269 37 142 120 132 339 51 145 123 300 329 112 165 200 191 152 57 127 109 59 137 136 247 255 1 262 42 250 28 273 77 151 146 121 322 294 174 320 364 393 3 106 261 388 229 218 197 246 259 308 264 356 345 377 395 400 394 188 301 372 21 167 291 139 149 157 63 316 387 327 17 43 85 215 73 254 183 354 69 265 346 315 99 175 251 190 390 18 103 155 83 378 213 234 227 0,1 94 174 314 340 390 395
PFG_MOEA,1549,2,748.42,4875.65,0 260 224 93 398 71 33 148 0,
PFG_MOEA,1549,3,748.42,4875.65,0 304 31 192 330 129 238 48 382 383 10 391 271 39 30 272 268 54 46 0,
PFG_MOEA,1549,4,748.42,4875.65,0 15 168 203 369 380 16 41 82 178 209 361 170 367 25 55 217 56 7 124 126 20 64 189 158 220 180 333 317 286 140 110 241 62 297 65 283 326 305 154 204 6 208 205 166 66 335 0,65 220 361
PFG_MOEA,1549,5,748.42,4875.65,0 12 90 381 216 47 125 9 150 360 117 243 349 344 287 97 225 232 179 343 290 368 376 258 248 328 75 348 353 171 87 278 153 45 210 257 270 60 50 160 79 379 195 5 309 143 282 310 104 223 244 211 324 147 347 332 331 285 296 196 78 392 98 115 245 27 176 144 342 240 370 396 385 288 306 177 181 358 337 384 111 116 76 113 81 29 325 355 131 84 338 202 114 389 22 0,176 210 370
PFG_MOEA,1549,6,748.42,4875.65,0 23 32 276 239 336 138 222 49 274 198 0,
PFG_MOEA,1549,7,748.42,4875.65,0 118 185 214 2 119 128 236 252 40 295 122 133 293 53 101 352 363 323 194 275 277 102 100 237 280 351 256 95 163 61 89 207 307 313 0,133 323
PFG_MOEA,1549,8,748.42,4875.65,0 365 359 253 206 0,
PFG_MOEA,1549,9,748.42,4875.65,0 187 0,
PFG_MOEA,1549,10,748.42,4875.65,0 281 26 334 298 341 105 186 134 162 371 219 0,
PFG_MOEA,1549,11,748.42,4875.65,0 159 279 74 284 184 318 70 292 14 375 212 24 91 0,375
PFG_MOEA,1549,12,748.42,4875.65,0 263 8 373 169 108 72 52 130 44 386 107 164 173 302 67 312 201 362 0,386
PFG_MOEA,1550,1,404.27,5140.48,0 89 90 381 23 295 32 276 40 45 353 348 171 87 153 278 210 379 195 270 257 60 50 160 79 143 282 310 104 223 244 211 324 147 163 53 347 332 133 331 296 293 196 78 245 98 115 27 176 144 342 240 370 396 385 288 306 177 181 358 337 384 111 116 76 113 81 29 202 338 22 118 185 214 0,177 223 245 379
PFG_MOEA,1550,2,404.27,5140.48,0 281 105 26 334 298 219 371 341 134 186 84 131 325 355 114 389 162 159 74 279 91 24 212 375 284 14 184 318 70 292 263 8 373 169 108 72 52 130 44 386 362 0,134 362
PFG_MOEA,1550,3,404.27,5140.48,0 57 127 109 59 137 136 273 77 151 218 197 388 261 106 173 302 107 164 67 312 201 0,
PFG_MOEA,1550,4,404.27,5140.48,0 38 80 13 19 226 182 172 303 357 319 266 141 86 233 135 88 249 35 235 161 68 58 34 231 289 366 267 228 199 11 36 397 399 0,266
PFG_MOEA,1550,5,404.27,5140.48,0 92 156 94 230 374 350 311 4 314 193 340 299 321 269 37 142 120 132 339 51 145 123 322 121 146 294 174 320 364 393 3 229 308 356 264 259 246 42 247 152 191 112 329 300 165 200 221 242 96 0,299 329
PFG_MOEA,1550,6,404.27,5140.48,0 255 1 262 377 345 250 28 0,
PFG_MOEA,1550,7,404.27,5140.48,0 395 400 394 188 301 372 21 167 291 139 149 0,
PFG_MOEA,1550,8,404.27,5140.48,0 304 31 48 148 129 238 330 192 85 215 73 43 17 327 387 316 63 157 354 183 254 69 265 346 315 99 175 251 190 390 18 103 155 83 378 213 234 227 398 93 260 0,93
PFG_MOEA,1550,9,404.27,5140.48,0 391 271 0,
PFG_MOEA,1550,10,404.27,5140.48,0 39 268 272 30 66 166 205 208 6 204 154 305 326 283 65 297 62 241 110 140 286 0,
PFG_MOEA,1550,11,404.27,5140.48,0 15 168 203 369 380 16 82 178 117 243 349 344 46 54 124 126 20 64 189 158 220 180 317 333 7 56 217 55 25 367 170 361 209 33 71 225 97 232 179 287 224 10 383 382 0,16
PFG_MOEA,1550,12,404.27,5140.48,0 335 360 365 253 206 359 313 307 207 61 12 2 119 128 236 252 216 336 138 239 122 392 285 194 275 277 352 363 323 101 95 222 150 9 47 125 198 100 102 49 274 256 237 351 280 309 5 75 328 248 258 376 368 290 343 187 41 0,100 206
PFG_MOEA,1551,1,759.34,4800.0,0 219 341 105 389 114 84 131 355 325 29 81 113 76 116 111 384 337 358 181 177 288 385 240 396 245 115 392 285 331 133 293 53 163 150 9 125 47 216 89 61 206 253 365 0,245
PFG_MOEA,1551,2,759.34,4800.0,0 22 134 186 162 159 279 74 284 184 318 70 292 263 8 373 169 108 14 375 212 24 91 0,318
PFG_MOEA,1551,3,759.34,4800.0,0 304 31 48 148 260 224 71 33 129 238 330 192 200 165 112 191 152 127 57 109 59 137 273 136 247 17 43 85 215 73 254 69 354 183 327 387 157 149 188 394 316 63 262 1 255 250 28 42 400 395 377 345 356 264 259 246 308 229 197 218 151 77 107 164 67 302 388 3 106 173 261 320 364 393 312 201 362 329 300 123 51 145 322 121 146 294 174 339 132 120 142 37 269 321 299 340 233 135 88 249 35 161 235 68 58 34 386 231 289 366 267 228 44 130 52 72 303 357 319 266 141 86 92 199 156 94 230 311 374 11 36 397 350 4 314 193 182 172 13 19 226 221 242 96 80 38 0,33 106 174 200 303 311 394
PFG_MOEA,1551,4,759.34,4800.0,0 378 83 155 103 18 190 251 175 99 315 346 372 301 167 21 139 291 265 390 234 0,
PFG_MOEA,1551,5,759.34,4800.0,0 179 391 271 39 30 272 268 46 54 93 398 227 213 232 0,391
PFG_MOEA,1551,6,759.34,4800.0,0 225 0,
PFG_MOEA,1551,7,759.34,4800.0,0 97 209 361 170 367 0,
PFG_MOEA,1551,8,759.34,4800.0,0 399 15 168 203 338 202 306 370 342 144 176 27 98 78 196 369 380 16 41 82 178 117 243 344 349 66 343 290 368 376 258 248 328 75 348 353 45 210 278 153 171 87 6 208 205 166 158 189 220 241 62 297 65 283 204 154 305 326 110 140 180 333 317 286 25 55 217 56 7 124 126 20 64 287 10 383 382 0,62 66 205 220 342
PFG_MOEA,1551,9,759.34,4800.0,0 2 119 128 295 40 32 276 239 122 296 332 347 138 336 222 95 101 194 147 324 275 323 363 352 277 102 223 244 211 104 310 100 282 143 79 160 50 60 257 270 379 195 5 309 280 351 237 256 274 49 198 252 236 0,
PFG_MOEA,1551,10,759.34,4800.0,0 381 23 90 12 207 307 0,
PFG_MOEA,1551,11,759.34,4800.0,0 335 187 359 313 360 214 0,
PFG_MOEA,1551,12,759.34,4800.0,0 185 118 281 26 334 298 371 0,
PFG_MOEA,1552,1,314.81,5596.11,0 12 90 128 236 252 336 276 138 222 198 49 274 256 237 351 280 309 5 290 343 313 207 0,222
PFG_MOEA,1552,2,314.81,5596.11,0 91 292 263 8 373 169 108 14 375 212 24 371 219 341 298 334 26 281 118 185 214 295 40 32 239 122 95 101 352 363 323 194 275 277 102 100 23 381 119 2 307 359 187 148 48 31 304 0,23
PFG_MOEA,1552,3,314.81,5596.11,0 260 224 71 33 127 152 191 112 165 200 129 238 330 192 0,33
PFG_MOEA,1552,4,314.81,5596.11,0 57 67 302 173 106 3 388 164 107 77 151 218 197 229 308 246 259 264 356 345 377 395 400 42 28 250 255 1 262 63 316 394 188 149 157 387 327 183 354 69 254 73 215 85 43 17 247 136 273 137 59 109 0,
PFG_MOEA,1552,5,314.81,5596.11,0 329 300 362 123 51 145 322 121 146 201 261 320 364 393 312 294 174 339 132 206 253 365 360 335 0,362 393
PFG_MOEA,1552,6,314.81,5596.11,0 61 358 181 177 288 385 240 396 245 115 392 285 331 133 293 53 163 150 9 125 47 216 89 0,
PFG_MOEA,1552,7,314.81,5596.11,0 80 13 19 226 35 161 235 58 34 386 231 289 366 267 228 44 130 52 72 318 70 184 284 74 279 159 162 389 114 355 325 384 337 111 116 76 113 81 29 131 84 105 186 134 22 0,
PFG_MOEA,1552,8,314.81,5596.11,0 38 96 242 221 172 182 397 350 311 4 314 193 230 94 156 374 36 11 92 319 357 303 266 141 86 199 68 135 88 249 233 340 299 321 269 120 142 37 301 21 139 291 167 372 346 315 99 175 251 0,182
PFG_MOEA,1552,9,314.81,5596.11,0 97 225 232 179 391 271 158 241 62 297 65 283 204 154 305 326 110 140 286 317 333 180 220 126 124 7 56 217 55 25 367 170 361 209 227 234 213 190 390 265 18 103 155 83 378 398 93 54 46 268 272 30 39 0,65 154
PFG_MOEA,1552,10,314.81,5596.11,0 399 15 16 380 41 82 178 117 243 344 349 20 189 64 166 205 208 6 87 171 153 278 210 353 258 376 368 66 287 10 383 382 0,243
PFG_MOEA,1552,11,314.81,5596.11,0 369 338 203 168 0,
PFG_MOEA,1552,12,314.81,5596.11,0 202 306 370 342 144 176 27 98 78 196 296 347 332 324 147 211 244 223 104 310 282 143 79 160 50 60 257 270 379 195 45 348 75 328 248 0,370
PFG_MOEA,1553,1,411.21,4974.5,0 12 90 381 23 32 276 239 336 138 222 198 49 274 256 237 351 280 252 236 128 119 2 0,23
PFG_MOEA,1553,2,411.21,4974.5,0 22 118 185 214 295 40 122 392 285 331 133 293 53 101 352 363 323 194 275 277 102 100 95 163 61 89 207 307 313 359 365 253 206 187 0,22 100
PFG_MOEA,1553,3,411.21,4974.5,0 115 0,
PFG_MOEA,1553,4,411.21,4974.5,0 245 396 240 385 288 177 181 358 337 384 111 116 76 113 81 29 325 355 0,
PFG_MOEA,1553,5,411.21,4974.5,0 281 26 334 298 341 134 186 131 84 114 389 105 219 371 162 159 74 279 91 24 212 375 284 14 184 318 70 292 263 8 373 169 108 72 52 130 44 386 362 201 312 67 164 107 302 173 106 261 388 197 218 151 77 273 136 137 59 109 127 57 226 19 13 80 0,77 106 284
PFG_MOEA,1553,6,411.21,4974.5,0 38 172 182 319 303 357 266 141 86 199 228 267 366 289 231 34 58 68 161 235 35 249 88 135 233 156 94 230 374 92 11 36 397 350 311 4 314 193 340 299 321 269 120 142 37 51 123 145 132 339 322 121 146 294 174 320 364 393 3 229 308 356 264 259 246 42 300 329 112 221 242 96 0,51 174 229 246 299
PFG_MOEA,1553,7,411.21,4974.5,0 399 200 165 191 152 247 255 1 262 250 28 345 377 395 400 394 188 301 372 21 167 291 139 149 157 63 316 387 327 17 43 85 215 73 254 183 354 69 265 346 315 99 175 251 190 390 18 103 155 83 378 213 234 227 398 93 224 179 232 225 97 71 33 260 148 238 129 330 192 48 31 304 0,93
PFG_MOEA,1553,8,411.21,4974.5,0 382 383 10 391 271 39 46 54 268 272 30 66 166 205 208 6 204 154 305 326 283 65 297 62 241 110 140 286 317 333 180 220 158 189 64 20 126 124 7 56 217 55 25 367 170 361 209 287 0,55 62 66 220
PFG_MOEA,1553,9,411.21,4974.5,0 380 0,
PFG_MOEA,1553,10,411.21,4974.5,0 16 369 15 0,
PFG_MOEA,1553,11,411.21,4974.5,0 168 203 178 82 41 0,178
PFG_MOEA,1553,12,411.21,4974.5,0 335 360 338 202 306 370 342 144 176 27 98 78 196 296 347 332 216 47 125 9 150 147 324 211 244 223 104 310 282 143 309 5 195 379 79 160 50 60 270 257 210 45 153 278 87 171 353 348 75 328 248 258 376 368 290 343 349 344 243 117 0,
PFG_MOEA,1554,1,312.55,5795.78,0 336 138 239 122 296 347 332 324 275 277 104 211 244 223 102 352 363 323 194 147 101 95 222 0,122 211 222 277
PFG_MOEA,1554,2,312.55,5795.78,0 335 360 207 307 313 359 187 100 310 282 143 79 160 50 60 257 270 379 195 5 309 280 351 237 256 274 49 198 252 236 381 23 90 12 214 185 118 281 26 334 298 371 72 52 130 44 386 80 0,5 307
PFG_MOEA,1554,3,312.55,5795.78,0 13 19 226 57 127 109 59 137 136 273 77 151 218 197 388 261 106 173 302 107 164 67 312 201 362 123 51 145 294 174 339 132 142 120 269 321 299 0,174
PFG_MOEA,1554,4,312.55,5795.78,0 340 233 135 88 249 35 235 161 68 58 34 231 289 366 267 228 141 266 303 357 319 86 199 156 94 0,303
PFG_MOEA,1554,5,312.55,5795.78,0 38 172 182 397 36 11 92 374 230 311 350 4 314 193 37 322 121 146 320 364 393 3 229 308 356 264 259 246 42 300 329 112 191 152 221 242 96 0,42 264
PFG_MOEA,1554,6,312.55,5795.78,0 200 165 129 0,
PFG_MOEA,1554,7,312.55,5795.78,0 304 330 395 400 394 188 301 372 21 167 291 139 149 157 63 316 387 17 43 33 71 224 260 0,
PFG_MOEA,1554,8,312.55,5795.78,0 399 247 28 250 345 377 262 1 255 327 254 73 215 85 93 179 232 225 97 148 238 192 48 31 0,93
PFG_MOEA,1554,9,312.55,5795.78,0 378 69 183 354 265 346 315 99 175 251 190 390 18 103 155 83 234 213 227 398 209 361 170 367 25 55 217 56 7 180 333 317 286 140 110 62 297 65 283 326 305 154 204 6 208 241 220 158 189 64 20 126 124 0,175
PFG_MOEA,1554,10,312.55,5795.78,0 287 382 383 10 268 272 30 66 166 205 271 39 391 53 293 133 331 285 392 115 245 396 240 385 288 177 181 358 337 384 111 116 76 113 81 29 325 355 131 84 114 389 105 341 219 0,
PFG_MOEA,1554,11,312.55,5795.78,0 91 24 212 375 14 108 169 373 8 263 292 70 318 184 284 74 279 159 162 22 134 186 89 216 47 125 9 150 163 61 365 253 206 46 54 0,
PFG_MOEA,1554,12,312.55,5795.78,0 41 82 178 117 243 344 349 343 290 368 376 258 248 328 75 171 87 153 278 210 45 353 348 2 119 128 295 40 32 276 196 78 98 27 176 144 342 370 306 202 338 203 168 369 380 16 15 0,16 87 203
PFG_MOEA,1555,1,389.39,5146.42,0 163 78 53 293 133 331 285 392 98 115 245 27 396 240 385 288 177 181 358 337 384 111 116 76 113 81 29 325 355 131 84 114 389 91 279 74 159 162 371 219 298 341 22 134 186 105 118 185 0,
PFG_MOEA,1555,2,389.39,5146.42,0 281 26 334 24 212 375 284 14 184 318 70 292 263 8 373 169 108 72 52 130 44 386 51 145 123 362 201 294 312 67 164 107 302 173 106 261 388 197 218 151 77 273 136 137 59 109 127 57 226 19 13 80 0,
PFG_MOEA,1555,3,389.39,5146.42,0 142 339 174 132 120 269 321 299 340 233 135 88 249 35 235 161 68 58 34 231 289 366 267 228 141 266 303 357 319 86 199 156 94 230 374 92 11 36 397 350 311 4 314 193 0,88
PFG_MOEA,1555,4,389.39,5146.42,0 182 172 38 0,
PFG_MOEA,1555,5,389.39,5146.42,0 37 322 121 146 320 364 393 3 229 308 356 264 259 246 42 300 329 112 152 191 165 200 221 242 96 0,152 264 329
PFG_MOEA,1555,6,389.39,5146.42,0 129 33 71 224 260 0,
PFG_MOEA,1555,7,389.39,5146.42,0 399 247 255 1 262 250 28 345 377 395 400 394 188 301 372 21 167 291 139 149 157 63 316 387 17 43 73 254 327 183 354 69 215 85 93 179 232 225 97 148 48 238 330 192 31 304 0,395
PFG_MOEA,1555,8,389.39,5146.42,0 16 15 168 203 369 380 391 271 39 268 272 30 66 166 205 208 6 204 154 305 326 283 65 297 62 241 110 140 286 317 333 180 220 158 189 64 20 126 124 7 56 217 55 25 367 170 361 209 398 227 234 213 190 251 175 99 315 346 265 390 18 103 155 83 378 54 46 287 10 383 382 41 0,7 16 20 103 272
PFG_MOEA,1555,9,389.39,5146.42,0 82 178 117 243 368 376 258 353 153 171 87 278 210 143 237 256 274 49 100 282 310 104 102 277 275 194 323 363 352 101 198 95 222 138 122 276 336 252 236 128 23 381 90 119 2 12 0,
PFG_MOEA,1555,10,389.39,5146.42,0 344 349 351 280 309 5 79 160 50 60 257 270 379 195 45 348 75 328 248 290 343 187 0,
PFG_MOEA,1555,11,389.39,5146.42,0 214 295 40 32 239 370 342 144 176 150 47 9 125 216 89 61 207 307 313 359 206 253 365 360 335 0,176
PFG_MOEA,1555,12,389.39,5146.42,0 338 202 306 196 296 347 332 324 147 211 244 223 0,
PFG_MOEA,1556,1,413.96,4915.5,0 187 206 253 365 359 313 307 207 61 12 89 2 119 128 236 252 336 138 163 222 95 198 351 280 237 256 274 49 100 102 277 275 194 323 363 352 101 53 293 133 331 285 392 122 239 276 32 40 295 23 381 90 113 81 29 76 116 111 384 337 358 181 177 288 385 240 396 245 115 22 118 185 214 0,245 381
PFG_MOEA,1556,2,413.96,4915.5,0 281 84 131 325 355 114 389 186 134 341 298 26 334 0,
PFG_MOEA,1556,3,413.96,4915.5,0 371 219 105 162 159 74 279 91 24 212 375 284 14 184 318 70 292 263 8 373 169 108 72 52 130 44 386 362 201 312 67 164 107 302 173 106 261 388 197 218 151 77 273 136 137 59 0,
PFG_MOEA,1556,4,413.96,4915.5,0 57 127 109 226 0,
PFG_MOEA,1556,5,413.96,4915.5,0 19 0,
PFG_MOEA,1556,6,413.96,4915.5,0 38 303 357 266 141 86 199 228 267 366 289 231 34 58 68 161 235 35 249 88 135 233 319 182 172 13 80 0,88
PFG_MOEA,1556,7,413.96,4915.5,0 399 397 36 11 92 156 94 230 374 350 311 4 314 193 340 299 321 269 120 142 37 51 123 145 132 339 322 121 146 294 174 320 364 393 3 229 308 356 264 259 246 42 300 329 112 191 165 200 221 242 96 0,11 340 374 393
PFG_MOEA,1556,8,413.96,4915.5,0 152 247 255 1 262 250 28 345 377 395 400 394 188 301 372 21 167 291 139 149 157 63 316 387 327 17 43 85 215 73 254 183 354 69 265 346 315 99 175 251 190 390 18 103 155 83 378 213 234 227 398 93 0,1 152 175 227
PFG_MOEA,1556,9,413.96,4915.5,0 304 31 48 192 330 238 129 148 260 391 271 39 268 272 30 66 166 205 208 6 204 154 305 326 283 65 297 62 241 110 140 286 317 333 180 220 158 189 64 20 126 124 7 56 217 55 25 367 170 361 209 71 33 97 225 232 179 224 0,55 391
PFG_MOEA,1556,10,413.96,4915.5,0 287 10 383 382 0,
PFG_MOEA,1556,11,413.96,4915.5,0 16 15 168 203 369 380 82 178 117 243 349 344 54 46 41 0,
PFG_MOEA,1556,12,413.96,4915.5,0 335 360 216 150 9 47 125 309 5 343 290 368 376 258 248 328 75 171 87 278 153 353 348 45 210 195 379 270 257 60 50 160 79 143 282 310 104 223 244 211 324 147 332 347 296 196 78 98 27 176 144 342 370 306 202 338 0,
PFG_MOEA,1557,1,320.55,5348.04,0 80 13 172 182 397 36 11 92 233 135 88 249 35 235 161 68 58 34 231 289 319 399 0,
PFG_MOEA,1557,2,320.55,5348.04,0 374 230 94 156 311 350 4 314 193 340 299 321 269 120 142 132 339 174 320 364 308 229 3 393 294 146 121 322 123 145 51 37 0,393
PFG_MOEA,1557,3,320.55,5348.04,0 96 242 221 200 165 112 329 300 191 152 247 255 1 262 42 250 28 246 259 264 356 345 377 395 400 394 188 301 372 21 167 291 139 149 157 63 316 387 327 17 43 85 215 73 254 183 354 69 265 346 315 99 175 251 190 0,215
PFG_MOEA,1557,4,320.55,5348.04,0 304 31 192 330 238 129 398 227 234 213 18 390 286 140 110 241 93 260 148 48 0,
PFG_MOEA,1557,5,320.55,5348.04,0 317 333 0,
PFG_MOEA,1557,6,320.55,5348.04,0 33 71 209 361 170 367 25 55 217 56 7 180 220 158 189 64 20 126 124 224 10 383 382 16 203 168 15 0,25
PFG_MOEA,1557,7,320.55,5348.04,0 380 369 335 360 216 150 9 47 125 309 5 195 379 270 210 45 348 353 153 278 87 171 75 328 248 258 376 368 290 343 54 46 344 349 243 117 178 82 41 0,
PFG_MOEA,1557,8,320.55,5348.04,0 338 202 306 370 342 144 176 27 98 78 196 296 347 332 147 324 211 244 223 104 310 282 143 79 160 50 60 257 6 204 154 305 326 283 62 297 65 208 205 166 66 30 272 268 0,66
PFG_MOEA,1557,9,320.55,5348.04,0 187 206 253 365 359 313 307 207 61 12 89 2 119 128 236 252 336 138 163 222 95 198 351 256 237 280 391 271 39 378 83 155 103 232 179 287 225 97 0,138 307
PFG_MOEA,1557,10,320.55,5348.04,0 22 389 114 84 131 325 355 29 81 113 76 116 111 384 337 358 181 177 288 385 240 396 245 115 392 285 331 133 293 53 101 352 363 323 194 275 277 102 100 49 274 122 239 276 32 40 295 23 381 90 214 185 281 118 0,323 331
PFG_MOEA,1557,11,320.55,5348.04,0 334 298 26 105 186 134 341 219 371 24 212 375 14 184 318 70 292 263 8 373 169 284 74 279 91 159 162 0,134
PFG_MOEA,1557,12,320.55,5348.04,0 38 19 226 57 127 109 59 137 136 273 77 151 218 197 388 261 106 173 302 107 164 67 312 201 362 366 267 228 386 44 130 52 72 108 303 357 266 141 86 199 0,106 386
PFG_MOEA,1558,1,270.73,5843.94,0 335 187 309 5 195 379 270 257 60 50 160 79 143 280 351 237 256 274 49 198 252 236 381 23 90 12 207 307 0,
PFG_MOEA,1558,2,270.73,5843.94,0 61 313 359 206 253 365 360 214 185 118 281 26 334 298 371 22 134 186 162 159 292 263 8 373 318 70 184 284 74 279 0,134 284 313 318
PFG_MOEA,1558,3,270.73,5843.94,0 91 169 108 14 375 212 24 192 330 238 129 200 165 112 191 152 127 57 109 59 137 273 136 247 17 43 85 215 33 71 224 260 148 48 31 304 0,33 200
PFG_MOEA,1558,4,270.73,5843.94,0 73 254 69 354 183 327 387 157 149 188 394 316 63 262 1 255 250 28 42 400 395 377 345 356 264 259 246 308 229 197 218 151 77 107 164 67 302 388 3 106 173 261 320 364 0,
PFG_MOEA,1558,5,270.73,5843.94,0 329 300 362 123 51 145 322 121 146 201 312 393 294 174 339 132 120 142 0,145 174
PFG_MOEA,1558,6,270.73,5843.94,0 37 269 321 299 340 219 341 105 84 131 29 81 113 76 116 111 181 358 337 384 325 355 114 389 0,341
PFG_MOEA,1558,7,270.73,5843.94,0 89 216 47 125 9 150 163 53 293 133 331 285 392 115 245 396 240 385 288 177 34 58 235 135 233 88 249 35 161 68 0,133 240
PFG_MOEA,1558,8,270.73,5843.94,0 172 182 193 314 4 350 397 36 11 374 311 230 94 156 199 92 86 319 266 141 289 231 386 366 267 228 44 130 52 72 303 357 13 19 226 221 242 96 0,141 386
PFG_MOEA,1558,9,270.73,5843.94,0 38 80 378 83 291 139 21 167 301 372 346 315 265 390 99 175 251 190 18 103 155 234 227 398 93 54 46 268 272 30 39 271 391 179 0,
PFG_MOEA,1558,10,270.73,5843.94,0 97 225 232 209 361 213 170 367 328 248 258 376 368 290 343 66 349 344 243 117 178 82 41 16 380 369 196 78 98 27 176 144 342 370 306 202 338 203 168 15 399 0,82 176 225
PFG_MOEA,1558,11,270.73,5843.94,0 287 64 166 205 75 348 353 45 210 278 153 171 87 6 208 158 189 220 241 62 297 65 283 204 154 305 326 110 140 180 333 317 286 25 55 217 56 7 124 126 20 10 0,65 126
PFG_MOEA,1558,12,270.73,5843.94,0 2 119 128 295 40 32 276 239 122 296 332 347 138 336 222 95 101 194 147 324 275 323 363 352 277 102 223 244 211 104 310 100 282 383 382 0,2
PFG_MOEA,1559,1,369.23,5154.87,0 90 295 40 32 276 239 122 222 95 101 323 363 352 102 277 275 194 53 293 133 331 285 392 115 245 396 240 385 288 177 181 358 337 384 111 116 76 113 81 29 325 131 84 355 114 389 279 74 159 162 371 219 341 22 134 186 105 298 334 26 281 118 185 214 0,40 240 245 331
PFG_MOEA,1559,2,369.23,5154.87,0 91 24 212 375 284 14 184 318 70 292 263 8 373 169 108 72 52 130 44 386 0,318
PFG_MOEA,1559,3,369.23,5154.87,0 362 201 312 67 164 107 302 173 106 261 388 197 218 151 77 273 136 0,106
PFG_MOEA,1559,4,369.23,5154.87,0 399 172 182 397 36 11 92 86 141 266 303 357 319 199 228 267 366 289 231 34 58 68 161 235 35 249 88 135 233 156 94 230 374 350 311 4 314 193 340 299 321 269 120 142 37 51 145 123 137 59 109 127 57 226 19 13 80 38 0,340
PFG_MOEA,1559,5,369.23,5154.87,0 132 339 322 0,
PFG_MOEA,1559,6,369.23,5154.87,0 96 242 221 200 165 112 191 152 329 300 121 146 294 174 320 364 393 3 229 308 259 246 264 356 345 377 395 400 42 250 28 247 255 1 262 63 157 291 167 21 372 301 188 394 139 149 316 387 327 17 43 85 215 73 254 183 354 69 265 346 315 99 0,1 200 393
PFG_MOEA,1559,7,369.23,5154.87,0 93 398 227 234 213 190 251 175 390 18 103 155 83 378 31 304 0,
PFG_MOEA,1559,8,369.23,5154.87,0 48 192 330 238 129 148 260 391 0,
PFG_MOEA,1559,9,369.23,5154.87,0 268 272 30 65 283 326 305 154 204 6 208 205 166 66 271 39 0,272
PFG_MOEA,1559,10,369.23,5154.87,0 124 126 20 64 189 158 220 241 297 62 110 140 286 317 333 180 7 56 217 55 25 367 170 361 209 71 97 33 0,
PFG_MOEA,1559,11,369.23,5154.87,0 15 16 380 369 168 203 338 202 306 370 342 144 176 27 98 78 196 296 347 332 324 147 211 244 223 210 45 348 353 153 278 87 171 75 328 248 258 376 368 290 343 54 46 224 225 232 179 287 10 383 382 41 344 349 243 117 178 82 125 9 47 150 216 360 335 0,47 87 353
PFG_MOEA,1559,12,369.23,5154.87,0 207 307 313 359 365 253 206 187 100 310 104 282 143 79 160 50 60 257 270 379 195 5 309 280 351 237 256 274 49 198 163 138 336 252 236 381 23 128 119 2 89 12 61 0,
PFG_MOEA,1560,1,337.93,5308.22,0 187 206 253 313 359 365 0,
PFG_MOEA,1560,2,337.93,5308.22,0 207 307 198 280 351 256 237 101 53 293 133 331 285 392 95 222 163 138 336 252 236 128 119 2 89 12 61 0,133 222
PFG_MOEA,1560,3,337.93,5308.22,0 323 363 352 194 275 277 102 100 49 274 122 239 276 32 40 295 23 381 90 0,
PFG_MOEA,1560,4,337.93,5308.22,0 22 115 245 396 240 385 288 177 181 358 337 384 111 116 76 113 81 29 131 84 281 118 185 214 0,
PFG_MOEA,1560,5,337.93,5308.22,0 334 26 298 371 219 341 134 186 105 355 325 114 389 162 159 74 279 91 24 212 375 284 14 184 318 70 292 263 8 373 169 108 72 52 130 44 386 362 201 312 0,284
PFG_MOEA,1560,6,337.93,5308.22,0 399 172 182 397 36 11 92 86 141 266 303 357 319 199 228 267 366 289 231 34 58 68 161 235 35 249 88 135 233 156 94 230 57 127 109 59 137 136 273 77 151 218 197 388 261 106 173 302 107 164 67 294 226 19 13 80 38 0,
PFG_MOEA,1560,7,337.93,5308.22,0 374 350 311 4 314 193 340 299 321 269 120 142 37 51 145 123 146 121 322 339 132 174 320 364 393 3 229 308 356 264 259 246 42 1 255 247 152 191 112 329 300 165 200 221 242 96 0,132 264 340 393
PFG_MOEA,1560,8,337.93,5308.22,0 28 250 262 400 395 345 377 394 188 301 372 21 167 291 139 149 157 63 316 387 327 17 43 85 215 73 254 183 354 69 265 346 315 99 175 251 190 0,
PFG_MOEA,1560,9,337.93,5308.22,0 304 192 330 238 129 378 83 155 103 18 390 213 234 227 398 140 110 241 62 297 65 283 326 305 154 204 6 208 205 166 66 93 30 272 268 39 271 391 260 148 48 31 0,65 391
PFG_MOEA,1560,10,337.93,5308.22,0 33 71 225 97 232 209 361 170 367 25 55 217 56 7 317 286 333 180 220 158 189 64 20 126 124 224 10 287 179 0,
PFG_MOEA,1560,11,337.93,5308.22,0 15 168 203 369 16 380 335 360 216 150 9 47 125 309 5 195 379 270 210 45 348 353 153 278 87 171 75 328 248 54 46 383 382 344 349 243 117 178 82 41 0,82 87 195 353
PFG_MOEA,1560,12,337.93,5308.22,0 338 202 306 370 342 144 176 27 98 78 196 296 347 332 147 324 211 244 223 104 310 282 143 79 160 50 60 257 258 376 368 290 343 0,290
PFG_MOEA,1561,1,319.42,5478.6,0 222 0,
PFG_MOEA,1561,2,319.42,5478.6,0 95 101 323 363 352 102 277 275 194 53 293 133 331 285 392 115 245 396 240 385 288 177 181 358 337 384 111 116 76 113 81 29 325 131 84 355 114 389 279 74 159 162 371 219 341 22 134 186 105 298 334 26 281 0,105
PFG_MOEA,1561,3,319.42,5478.6,0 118 91 284 184 14 375 212 24 0,375
PFG_MOEA,1561,4,319.42,5478.6,0 399 397 36 11 92 199 86 141 266 319 357 303 289 366 267 228 8 263 292 70 318 373 169 108 72 52 130 44 386 362 201 312 67 164 107 302 173 106 261 388 197 218 151 77 273 136 182 172 0,86 197 318 362
PFG_MOEA,1561,5,319.42,5478.6,0 38 80 13 19 226 57 127 109 59 137 123 145 51 132 142 120 269 321 299 37 340 193 314 4 350 311 156 233 135 88 249 35 235 161 68 58 34 231 94 230 374 0,
PFG_MOEA,1561,6,319.42,5478.6,0 96 242 200 191 112 165 322 339 174 393 3 229 364 320 294 121 146 300 329 152 221 0,200 393
PFG_MOEA,1561,7,319.42,5478.6,0 93 85 247 28 246 259 308 264 356 345 377 395 400 42 250 255 1 262 63 157 291 167 21 372 301 188 394 139 149 316 387 327 17 43 73 215 254 183 354 69 265 346 315 99 390 175 251 190 18 213 234 227 398 0,
PFG_MOEA,1561,8,319.42,5478.6,0 304 31 48 330 192 129 238 148 260 391 271 66 166 205 208 6 204 154 305 326 283 65 62 297 241 158 189 220 110 140 103 155 83 378 124 126 20 64 30 272 268 39 0,62 205 220 391
PFG_MOEA,1561,9,319.42,5478.6,0 7 180 333 286 317 56 217 55 0,
PFG_MOEA,1561,10,319.42,5478.6,0 15 16 380 369 168 203 338 202 306 370 342 144 176 27 98 78 196 296 347 332 324 147 211 244 223 210 45 348 353 153 278 87 171 75 328 248 258 376 368 290 343 54 46 209 361 170 367 25 232 179 224 225 97 71 33 0,16 353 370
PFG_MOEA,1561,11,319.42,5478.6,0 365 253 206 61 89 2 119 128 216 336 138 163 150 47 125 9 100 282 310 104 143 79 160 50 60 257 270 379 195 5 309 280 351 237 256 287 10 383 382 344 349 243 117 178 82 41 0,47 138 178 206 243
PFG_MOEA,1561,12,319.42,5478.6,0 335 187 359 313 360 207 307 198 49 274 122 239 276 32 40 295 23 381 236 252 90 12 214 185 0,
PFG_MOEA,1562,1,312.87,5623.42,0 216 98 370 342 144 176 27 78 196 296 347 332 147 324 211 244 223 104 310 282 79 160 50 379 195 5 309 143 150 47 9 125 0,
PFG_MOEA,1562,2,312.87,5623.42,0 117 243 344 349 343 290 368 376 258 248 328 75 348 353 171 87 278 153 45 210 257 60 270 237 256 274 49 198 222 138 336 239 276 32 177 181 358 337 384 111 116 76 23 381 90 12 0,290 336 353
PFG_MOEA,1562,3,312.87,5623.42,0 22 118 185 214 2 119 128 236 252 40 295 122 392 285 331 133 293 53 101 352 363 323 194 275 277 102 100 351 280 95 163 61 89 207 307 313 359 253 365 0,307
PFG_MOEA,1562,4,312.87,5623.42,0 206 187 0,
PFG_MOEA,1562,5,312.87,5623.42,0 281 26 334 298 219 371 341 134 186 105 115 245 396 240 385 288 113 81 29 325 355 131 84 114 389 162 159 74 279 91 0,341
PFG_MOEA,1562,6,312.87,5623.42,0 80 13 19 226 57 127 109 59 137 136 273 77 151 218 197 388 261 106 173 302 107 164 67 312 201 362 386 44 130 52 72 108 169 373 8 263 292 70 318 184 14 284 375 212 24 303 357 319 182 172 38 0,318 362
PFG_MOEA,1562,7,312.87,5623.42,0 266 141 86 199 228 267 366 289 231 34 58 68 161 235 35 249 88 135 233 156 94 230 374 92 0,
PFG_MOEA,1562,8,312.87,5623.42,0 399 397 36 11 350 311 4 314 193 340 299 321 269 120 142 37 51 123 145 132 339 322 121 146 294 174 320 364 393 3 229 308 356 264 259 246 42 300 329 112 191 165 200 221 242 96 0,51 145 174 264 329
PFG_MOEA,1562,9,312.87,5623.42,0 152 247 28 250 345 377 395 400 394 188 301 372 167 21 139 291 262 1 255 0,
PFG_MOEA,1562,10,312.87,5623.42,0 85 215 73 43 17 327 387 316 149 157 63 354 183 254 69 265 346 315 99 175 251 190 390 18 103 155 83 378 0,175 390
PFG_MOEA,1562,11,312.87,5623.42,0 304 31 48 192 330 129 238 148 260 383 10 224 391 271 39 46 93 398 227 234 213 179 232 225 97 71 33 382 0,
PFG_MOEA,1562,12,312.87,5623.42,0 209 361 170 367 25 55 217 56 7 124 126 20 64 189 158 220 180 333 317 286 140 110 241 62 297 65 283 326 305 154 204 6 208 205 166 66 30 272 268 54 287 178 82 41 335 360 380 369 203 338 202 306 168 15 16 0,7 166 203 361
PFG_MOEA,1563,1,350.97,5291.61,0 22 118 185 214 2 119 252 236 128 381 23 40 32 295 239 122 392 285 331 133 293 53 101 352 363 323 194 275 277 102 100 274 256 237 351 280 376 368 290 343 349 344 243 117 0,23 293 352
PFG_MOEA,1563,2,350.97,5291.61,0 365 359 313 307 207 89 61 163 95 206 253 187 281 26 334 298 219 371 341 134 186 105 115 245 396 240 385 288 177 181 358 337 384 111 116 76 113 81 29 325 355 131 84 114 389 162 159 279 74 284 70 318 184 14 375 212 24 91 0,
PFG_MOEA,1563,3,350.97,5291.61,0 292 263 8 373 169 108 72 52 130 44 386 362 201 312 67 164 107 302 173 106 261 388 197 218 151 77 273 136 137 59 109 0,362 388
PFG_MOEA,1563,4,350.97,5291.61,0 38 80 13 19 226 57 127 68 161 58 34 231 289 366 267 228 199 86 141 266 357 303 319 182 172 0,182
PFG_MOEA,1563,5,350.97,5291.61,0 397 36 11 92 374 350 311 4 314 193 230 94 156 35 88 249 235 135 233 340 299 321 269 120 142 37 51 0,
PFG_MOEA,1563,6,350.97,5291.61,0 399 96 242 200 165 112 329 300 123 145 322 121 146 294 339 132 174 320 364 393 3 229 308 356 264 259 246 28 250 42 262 1 255 247 152 191 221 0,152 174 200 229 246
PFG_MOEA,1563,7,350.97,5291.61,0 345 377 395 400 394 188 301 372 21 167 291 139 149 157 63 316 387 327 17 43 85 215 73 254 183 354 69 265 346 315 99 175 251 190 390 18 103 155 213 234 83 378 0,
PFG_MOEA,1563,8,350.97,5291.61,0 224 93 398 227 71 97 225 232 179 0,
PFG_MOEA,1563,9,350.97,5291.61,0 304 31 48 192 330 129 238 148 33 209 361 170 367 25 55 217 56 7 124 126 20 64 189 158 220 180 333 317 286 140 110 241 62 297 65 283 326 305 154 204 6 208 205 166 66 30 272 268 54 46 39 271 391 10 287 383 382 260 16 369 380 0,39
PFG_MOEA,1563,10,350.97,5291.61,0 15 168 203 178 82 41 0,
PFG_MOEA,1563,11,350.97,5291.61,0 335 0,
PFG_MOEA,1563,12,350.97,5291.61,0 360 90 216 336 47 9 125 198 49 309 5 258 248 328 75 348 353 171 87 278 153 45 379 195 210 257 270 60 50 160 79 143 282 310 104 223 244 211 324 147 222 150 138 276 332 347 296 196 78 98 27 176 144 342 370 306 202 338 12 0,223 370
PFG_MOEA,1564,1,748.42,4875.65,0 399 38 80 96 242 221 226 19 13 172 182 319 303 357 266 141 86 199 228 267 366 289 231 34 58 68 161 235 35 249 88 135 233 156 94 230 374 92 11 36 397 350 311 4 314 193 340 299 321 269 37 142 120 132 339 51 145 123 300 329 112 165 200 191 152 57 127 109 59 137 136 247 255 1 262 42 250 28 273 77 151 146 121 322 294 174 320 364 393 3 106 261 388 229 218 197 246 259 308 264 356 345 377 395 400 394 188 301 372 21 167 291 139 149 157 63 316 387 327 17 43 85 215 73 254 183 354 69 265 346 315 99 175 251 190 390 18 103 155 83 378 213 234 227 0,1 94 174 314 340 390 395
PFG_MOEA,1564,2,748.42,4875.65,0 260 224 93 398 71 33 148 0,
PFG_MOEA,1564,3,748.42,4875.65,0 304 31 192 330 129 238 48 382 383 10 391 271 39 30 272 268 54 46 0,
PFG_MOEA,1564,4,748.42,4875.65,0 15 168 203 369 380 16 41 82 178 209 361 170 367 25 55 217 56 7 124 126 20 64 189 158 220 180 333 317 286 140 110 241 62 297 65 283 326 305 154 204 6 208 205 166 66 335 0,65 220 361
PFG_MOEA,1564,5,748.42,4875.65,0 12 90 381 216 47 125 9 150 360 117 243 349 344 287 97 225 232 179 343 290 368 376 258 248 328 75 348 353 171 87 278 153 45 210 257 270 60 50 160 79 379 195 5 309 143 282 310 104 223 244 211 324 147 347 332 331 285 296 196 78 392 98 115 245 27 176 144 342 240 370 396 385 288 306 177 181 358 337 384 111 116 76 113 81 29 325 355 131 84 338 202 114 389 22 0,176 210 370
PFG_MOEA,1564,6,748.42,4875.65,0 23 32 276 239 336 138 222 49 274 198 0,
PFG_MOEA,1564,7,748.42,4875.65,0 118 185 214 2 119 128 236 252 40 295 122 133 293 53 101 352 363 323 194 275 277 102 100 237 280 351 256 95 163 61 89 207 307 313 0,133 323
PFG_MOEA,1564,8,748.42,4875.65,0 365 359 253 206 0,
PFG_MOEA,1564,9,748.42,4875.65,0 187 0,
PFG_MOEA,1564,10,748.42,4875.65,0 281 26 334 298 341 105 186 134 162 371 219 0,
PFG_MOEA,1564,11,748.42,4875.65,0 159 279 74 284 184 318 70 292 14 375 212 24 91 0,375
PFG_MOEA,1564,12,748.42,4875.65,0 263 8 373 169 108 72 52 130 44 386 107 164 173 302 67 312 201 362 0,386
PFG_MOEA,1565,1,404.27,5140.48,0 89 90 381 23 295 32 276 40 45 353 348 171 87 153 278 210 379 195 270 257 60 50 160 79 143 282 310 104 223 244 211 324 147 163 53 347 332 133 331 296 293 196 78 245 98 115 27 176 144 342 240 370 396 385 288 306 177 181 358 337 384 111 116 76 113 81 29 202 338 22 118 185 214 0,177 223 245 379
PFG_MOEA,1565,2,404.27,5140.48,0 281 105 26 334 298 219 371 341 134 186 84 131 325 355 114 389 162 159 74 279 91 24 212 375 284 14 184 318 70 292 263 8 373 169 108 72 52 130 44 386 362 0,134 362
PFG_MOEA,1565,3,404.27,5140.48,0 57 127 109 59 137 136 273 77 151 218 197 388 261 106 173 302 107 164 67 312 201 0,
PFG_MOEA,1565,4,404.27,5140.48,0 38 80 13 19 226 182 172 303 357 319 266 141 86 233 135 88 249 35 235 161 68 58 34 231 289 366 267 228 199 11 36 397 399 0,266
PFG_MOEA,1565,5,404.27,5140.48,0 92 156 94 230 374 350 311 4 314 193 340 299 321 269 37 142 120 132 339 51 145 123 322 121 146 294 174 320 364 393 3 229 308 356 264 259 246 42 247 152 191 112 329 300 165 200 221 242 96 0,299 329
PFG_MOEA,1565,6,404.27,5140.48,0 255 1 262 377 345 250 28 0,
PFG_MOEA,1565,7,404.27,5140.48,0 395 400 394 188 301 372 21 167 291 139 149 0,
PFG_MOEA,1565,8,404.27,5140.48,0 304 31 48 148 129 238 330 192 85 215 73 43 17 327 387 316 63 157 354 183 254 69 265 346 315 99 175 251 190 390 18 103 155 83 378 213 234 227 398 93 260 0,93
PFG_MOEA,1565,9,404.27,5140.48,0 391 271 0,
PFG_MOEA,1565,10,404.27,5140.48,0 39 268 272 30 66 166 205 208 6 204 154 305 326 283 65 297 62 241 110 140 286 0,
PFG_MOEA,1565,11,404.27,5140.48,0 15 168 203 369 380 16 82 178 117 243 349 344 46 54 124 126 20 64 189 158 220 180 317 333 7 56 217 55 25 367 170 361 209 33 71 225 97 232 179 287 224 10 383 382 0,16
PFG_MOEA,1565,12,404.27,5140.48,0 335 360 365 253 206 359 313 307 207 61 12 2 119 128 236 252 216 336 138 239 122 392 285 194 275 277 352 363 323 101 95 222 150 9 47 125 198 100 102 49 274 256 237 351 280 309 5 75 328 248 258 376 368 290 343 187 41 0,100 206
PFG_MOEA,1566,1,759.34,4800.0,0 219 341 105 389 114 84 131 355 325 29 81 113 76 116 111 384 337 358 181 177 288 385 240 396 245 115 392 285 331 133 293 53 163 150 9 125 47 216 89 61 206 253 365 0,245
PFG_MOEA,1566,2,759.34,4800.0,0 22 134 186 162 159 279 74 284 184 318 70 292 263 8 373 169 108 14 375 212 24 91 0,318
PFG_MOEA,1566,3,759.34,4800.0,0 304 31 48 148 260 224 71 33 129 238 330 192 200 165 112 191 152 127 57 109 59 137 273 136 247 17 43 85 215 73 254 69 354 183 327 387 157 149 188 394 316 63 262 1 255 250 28 42 400 395 377 345 356 264 259 246 308 229 197 218 151 77 107 164 67 302 388 3 106 173 261 320 364 393 312 201 362 329 300 123 51 145 322 121 146 294 174 339 132 120 142 37 269 321 299 340 233 135 88 249 35 161 235 68 58 34 386 231 289 366 267 228 44 130 52 72 303 357 319 266 141 86 92 199 156 94 230 311 374 11 36 397 350 4 314 193 182 172 13 19 226 221 242 96 80 38 0,33 106 174 200 303 311 394
PFG_MOEA,1566,4,759.34,4800.0,0 378 83 155 103 18 190 251 175 99 315 346 372 301 167 21 139 291 265 390 234 0,
PFG_MOEA,1566,5,759.34,4800.0,0 179 391 271 39 30 272 268 46 54 93 398 227 213 232 0,391
PFG_MOEA,1566,6,759.34,4800.0,0 225 0,
PFG_MOEA,1566,7,759.34,4800.0,0 97 209 361 170 367 0,
PFG_MOEA,1566,8,759.34,4800.0,0 399 15 168 203 338 202 306 370 342 144 176 27 98 78 196 369 380 16 41 82 178 117 243 344 349 66 343 290 368 376 258 248 328 75 348 353 45 210 278 153 171 87 6 208 205 166 158 189 220 241 62 297 65 283 204 154 305 326 110 140 180 333 317 286 25 55 217 56 7 124 126 20 64 287 10 383 382 0,62 66 205 220 342
PFG_MOEA,1566,9,759.34,4800.0,0 2 119 128 295 40 32 276 239 122 296 332 347 138 336 222 95 101 194 147 324 275 323 363 352 277 102 223 244 211 104 310 100 282 143 79 160 50 60 257 270 379 195 5 309 280 351 237 256 274 49 198 252 236 0,
PFG_MOEA,1566,10,759.34,4800.0,0 381 23 90 12 207 307 0,
PFG_MOEA,1566,11,759.34,4800.0,0 335 187 359 313 360 214 0,
PFG_MOEA,1566,12,759.34,4800.0,0 185 118 281 26 334 298 371 0,
PFG_MOEA,1567,1,314.81,5596.11,0 12 90 128 236 252 336 276 138 222 198 49 274 256 237 351 280 309 5 290 343 313 207 0,222
PFG_MOEA,1567,2,314.81,5596.11,0 91 292 263 8 373 169 108 14 375 212 24 371 219 341 298 334 26 281 118 185 214 295 40 32 239 122 95 101 352 363 323 194 275 277 102 100 23 381 119 2 307 359 187 148 48 31 304 0,23
PFG_MOEA,1567,3,314.81,5596.11,0 260 224 71 33 127 152 191 112 165 200 129 238 330 192 0,33
PFG_MOEA,1567,4,314.81,5596.11,0 57 67 302 173 106 3 388 164 107 77 151 218 197 229 308 246 259 264 356 345 377 395 400 42 28 250 255 1 262 63 316 394 188 149 157 387 327 183 354 69 254 73 215 85 43 17 247 136 273 137 59 109 0,
PFG_MOEA,1567,5,314.81,5596.11,0 329 300 362 123 51 145 322 121 146 201 261 320 364 393 312 294 174 339 132 206 253 365 360 335 0,362 393
PFG_MOEA,1567,6,314.81,5596.11,0 61 358 181 177 288 385 240 396 245 115 392 285 331 133 293 53 163 150 9 125 47 216 89 0,
PFG_MOEA,1567,7,314.81,5596.11,0 80 13 19 226 35 161 235 58 34 386 231 289 366 267 228 44 130 52 72 318 70 184 284 74 279 159 162 389 114 355 325 384 337 111 116 76 113 81 29 131 84 105 186 134 22 0,
PFG_MOEA,1567,8,314.81,5596.11,0 38 96 242 221 172 182 397 350 311 4 314 193 230 94 156 374 36 11 92 319 357 303 266 141 86 199 68 135 88 249 233 340 299 321 269 120 142 37 301 21 139 291 167 372 346 315 99 175 251 0,182
PFG_MOEA,1567,9,314.81,5596.11,0 97 225 232 179 391 271 158 241 62 297 65 283 204 154 305 326 110 140 286 317 333 180 220 126 124 7 56 217 55 25 367 170 361 209 227 234 213 190 390 265 18 103 155 83 378 398 93 54 46 268 272 30 39 0,65 154
PFG_MOEA,1567,10,314.81,5596.11,0 399 15 16 380 41 82 178 117 243 344 349 20 189 64 166 205 208 6 87 171 153 278 210 353 258 376 368 66 287 10 383 382 0,243
PFG_MOEA,1567,11,314.81,5596.11,0 369 338 203 168 0,
PFG_MOEA,1567,12,314.81,5596.11,0 202 306 370 342 144 176 27 98 78 196 296 347 332 324 147 211 244 223 104 310 282 143 79 160 50 60 257 270 379 195 45 348 75 328 248 0,370
PFG_MOEA,1568,1,411.21,4974.5,0 12 90 381 23 32 276 239 336 138 222 198 49 274 256 237 351 280 252 236 128 119 2 0,23
PFG_MOEA,1568,2,411.21,4974.5,0 22 118 185 214 295 40 122 392 285 331 133 293 53 101 352 363 323 194 275 277 102 100 95 163 61 89 207 307 313 359 365 253 206 187 0,22 100
PFG_MOEA,1568,3,411.21,4974.5,0 115 0,
PFG_MOEA,1568,4,411.21,4974.5,0 245 396 240 385 288 177 181 358 337 384 111 116 76 113 81 29 325 355 0,
PFG_MOEA,1568,5,411.21,4974.5,0 281 26 334 298 341 134 186 131 84 114 389 105 219 371 162 159 74 279 91 24 212 375 284 14 184 318 70 292 263 8 373 169 108 72 52 130 44 386 362 201 312 67 164 107 302 173 106 261 388 197 218 151 77 273 136 137 59 109 127 57 226 19 13 80 0,77 106 284
PFG_MOEA,1568,6,411.21,4974.5,0 38 172 182 319 303 357 266 141 86 199 228 267 366 289 231 34 58 68 161 235 35 249 88 135 233 156 94 230 374 92 11 36 397 350 311 4 314 193 340 299 321 269 120 142 37 51 123 145 132 339 322 121 146 294 174 320 364 393 3 229 308 356 264 259 246 42 300 329 112 221 242 96 0,51 174 229 246 299
PFG_MOEA,1568,7,411.21,4974.5,0 399 200 165 191 152 247 255 1 262 250 28 345 377 395 400 394 188 301 372 21 167 291 139 149 157 63 316 387 327 17 43 85 215 73 254 183 354 69 265 346 315 99 175 251 190 390 18 103 155 83 378 213 234 227 398 93 224 179 232 225 97 71 33 260 148 238 129 330 192 48 31 304 0,93
PFG_MOEA,1568,8,411.21,4974.5,0 382 383 10 391 271 39 46 54 268 272 30 66 166 205 208 6 204 154 305 326 283 65 297 62 241 110 140 286 317 333 180 220 158 189 64 20 126 124 7 56 217 55 25 367 170 361 209 287 0,55 62 66 220
PFG_MOEA,1568,9,411.21,4974.5,0 380 0,
PFG_MOEA,1568,10,411.21,4974.5,0 16 369 15 0,
PFG_MOEA,1568,11,411.21,4974.5,0 168 203 178 82 41 0,178
PFG_MOEA,1568,12,411.21,4974.5,0 335 360 338 202 306 370 342 144 176 27 98 78 196 296 347 332 216 47 125 9 150 147 324 211 244 223 104 310 282 143 309 5 195 379 79 160 50 60 270 257 210 45 153 278 87 171 353 348 75 328 248 258 376 368 290 343 349 344 243 117 0,
PFG_MOEA,1569,1,312.55,5795.78,0 336 138 239 122 296 347 332 324 275 277 104 211 244 223 102 352 363 323 194 147 101 95 222 0,122 211 222 277
PFG_MOEA,1569,2,312.55,5795.78,0 335 360 207 307 313 359 187 100 310 282 143 79 160 50 60 257 270 379 195 5 309 280 351 237 256 274 49 198 252 236 381 23 90 12 214 185 118 281 26 334 298 371 72 52 130 44 386 80 0,5 307
PFG_MOEA,1569,3,312.55,5795.78,0 13 19 226 57 127 109 59 137 136 273 77 151 218 197 388 261 106 173 302 107 164 67 312 201 362 123 51 145 294 174 339 132 142 120 269 321 299 0,174
PFG_MOEA,1569,4,312.55,5795.78,0 340 233 135 88 249 35 235 161 68 58 34 231 289 366 267 228 141 266 303 357 319 86 199 156 94 0,303
PFG_MOEA,1569,5,312.55,5795.78,0 38 172 182 397 36 11 92 374 230 311 350 4 314 193 37 322 121 146 320 364 393 3 229 308 356 264 259 246 42 300 329 112 191 152 221 242 96 0,42 264
PFG_MOEA,1569,6,312.55,5795.78,0 200 165 129 0,
PFG_MOEA,1569,7,312.55,5795.78,0 304 330 395 400 394 188 301 372 21 167 291 139 149 157 63 316 387 17 43 33 71 224 260 0,
PFG_MOEA,1569,8,312.55,5795.78,0 399 247 28 250 345 377 262 1 255 327 254 73 215 85 93 179 232 225 97 148 238 192 48 31 0,93
PFG_MOEA,1569,9,312.55,5795.78,0 378 69 183 354 265 346 315 99 175 251 190 390 18 103 155 83 234 213 227 398 209 361 170 367 25 55 217 56 7 180 333 317 286 140 110 62 297 65 283 326 305 154 204 6 208 241 220 158 189 64 20 126 124 0,175
PFG_MOEA,1569,10,312.55,5795.78,0 287 382 383 10 268 272 30 66 166 205 271 39 391 53 293 133 331 285 392 115 245 396 240 385 288 177 181 358 337 384 111 116 76 113 81 29 325 355 131 84 114 389 105 341 219 0,
PFG_MOEA,1569,11,312.55,5795.78,0 91 24 212 375 14 108 169 373 8 263 292 70 318 184 284 74 279 159 162 22 134 186 89 216 47 125 9 150 163 61 365 253 206 46 54 0,
PFG_MOEA,1569,12,312.55,5795.78,0 41 82 178 117 243 344 349 343 290 368 376 258 248 328 75 171 87 153 278 210 45 353 348 2 119 128 295 40 32 276 196 78 98 27 176 144 342 370 306 202 338 203 168 369 380 16 15 0,16 87 203
PFG_MOEA,1570,1,389.39,5146.42,0 163 78 53 293 133 331 285 392 98 115 245 27 396 240 385 288 177 181 358 337 384 111 116 76 113 81 29 325 355 131 84 114 389 91 279 74 159 162 371 219 298 341 22 134 186 105 118 185 0,
PFG_MOEA,1570,2,389.39,5146.42,0 281 26 334 24 212 375 284 14 184 318 70 292 263 8 373 169 108 72 52 130 44 386 51 145 123 362 201 294 312 67 164 107 302 173 106 261 388 197 218 151 77 273 136 137 59 109 127 57 226 19 13 80 0,
PFG_MOEA,1570,3,389.39,5146.42,0 142 339 174 132 120 269 321 299 340 233 135 88 249 35 235 161 68 58 34 231 289 366 267 228 141 266 303 357 319 86 199 156 94 230 374 92 11 36 397 350 311 4 314 193 0,88
PFG_MOEA,1570,4,389.39,5146.42,0 182 172 38 0,
PFG_MOEA,1570,5,389.39,5146.42,0 37 322 121 146 320 364 393 3 229 308 356 264 259 246 42 300 329 112 152 191 165 200 221 242 96 0,152 264 329
PFG_MOEA,1570,6,389.39,5146.42,0 129 33 71 224 260 0,
PFG_MOEA,1570,7,389.39,5146.42,0 399 247 255 1 262 250 28 345 377 395 400 394 188 301 372 21 167 291 139 149 157 63 316 387 17 43 73 254 327 183 354 69 215 85 93 179 232 225 97 148 48 238 330 192 31 304 0,395
PFG_MOEA,1570,8,389.39,5146.42,0 16 15 168 203 369 380 391 271 39 268 272 30 66 166 205 208 6 204 154 305 326 283 65 297 62 241 110 140 286 317 333 180 220 158 189 64 20 126 124 7 56 217 55 25 367 170 361 209 398 227 234 213 190 251 175 99 315 346 265 390 18 103 155 83 378 54 46 287 10 383 382 41 0,7 16 20 103 272
PFG_MOEA,1570,9,389.39,5146.42,0 82 178 117 243 368 376 258 353 153 171 87 278 210 143 237 256 274 49 100 282 310 104 102 277 275 194 323 363 352 101 198 95 222 138 122 276 336 252 236 128 23 381 90 119 2 12 0,
PFG_MOEA,1570,10,389.39,5146.42,0 344 349 351 280 309 5 79 160 50 60 257 270 379 195 45 348 75 328 248 290 343 187 0,
PFG_MOEA,1570,11,389.39,5146.42,0 214 295 40 32 239 370 342 144 176 150 47 9 125 216 89 61 207 307 313 359 206 253 365 360 335 0,176
PFG_MOEA,1570,12,389.39,5146.42,0 338 202 306 196 296 347 332 324 147 211 244 223 0,
PFG_MOEA,1571,1,413.96,4915.5,0 187 206 253 365 359 313 307 207 61 12 89 2 119 128 236 252 336 138 163 222 95 198 351 280 237 256 274 49 100 102 277 275 194 323 363 352 101 53 293 133 331 285 392 122 239 276 32 40 295 23 381 90 113 81 29 76 116 111 384 337 358 181 177 288 385 240 396 245 115 22 118 185 214 0,245 381
PFG_MOEA,1571,2,413.96,4915.5,0 281 84 131 325 355 114 389 186 134 341 298 26 334 0,
PFG_MOEA,1571,3,413.96,4915.5,0 371 219 105 162 159 74 279 91 24 212 375 284 14 184 318 70 292 263 8 373 169 108 72 52 130 44 386 362 201 312 67 164 107 302 173 106 261 388 197 218 151 77 273 136 137 59 0,
PFG_MOEA,1571,4,413.96,4915.5,0 57 127 109 226 0,
PFG_MOEA,1571,5,413.96,4915.5,0 19 0,
PFG_MOEA,1571,6,413.96,4915.5,0 38 303 357 266 141 86 199 228 267 366 289 231 34 58 68 161 235 35 249 88 135 233 319 182 172 13 80 0,88
PFG_MOEA,1571,7,413.96,4915.5,0 399 397 36 11 92 156 94 230 374 350 311 4 314 193 340 299 321 269 120 142 37 51 123 145 132 339 322 121 146 294 174 320 364 393 3 229 308 356 264 259 246 42 300 329 112 191 165 200 221 242 96 0,11 340 374 393
PFG_MOEA,1571,8,413.96,4915.5,0 152 247 255 1 262 250 28 345 377 395 400 394 188 301 372 21 167 291 139 149 157 63 316 387 327 17 43 85 215 73 254 183 354 69 265 346 315 99 175 251 190 390 18 103 155 83 378 213 234 227 398 93 0,1 152 175 227
PFG_MOEA,1571,9,413.96,4915.5,0 304 31 48 192 330 238 129 148 260 391 271 39 268 272 30 66 166 205 208 6 204 154 305 326 283 65 297 62 241 110 140 286 317 333 180 220 158 189 64 20 126 124 7 56 217 55 25 367 170 361 209 71 33 97 225 232 179 224 0,55 391
PFG_MOEA,1571,10,413.96,4915.5,0 287 10 383 382 0,
PFG_MOEA,1571,11,413.96,4915.5,0 16 15 168 203 369 380 82 178 117 243 349 344 54 46 41 0,
PFG_MOEA,1571,12,413.96,4915.5,0 335 360 216 150 9 47 125 309 5 343 290 368 376 258 248 328 75 171 87 278 153 353 348 45 210 195 379 270 257 60 50 160 79 143 282 310 104 223 244 211 324 147 332 347 296 196 78 98 27 176 144 342 370 306 202 338 0,
PFG_MOEA,1572,1,320.55,5348.04,0 80 13 172 182 397 36 11 92 233 135 88 249 35 235 161 68 58 34 231 289 319 399 0,
PFG_MOEA,1572,2,320.55,5348.04,0 374 230 94 156 311 350 4 314 193 340 299 321 269 120 142 132 339 174 320 364 308 229 3 393 294 146 121 322 123 145 51 37 0,393
PFG_MOEA,1572,3,320.55,5348.04,0 96 242 221 200 165 112 329 300 191 152 247 255 1 262 42 250 28 246 259 264 356 345 377 395 400 394 188 301 372 21 167 291 139 149 157 63 316 387 327 17 43 85 215 73 254 183 354 69 265 346 315 99 175 251 190 0,215
PFG_MOEA,1572,4,320.55,5348.04,0 304 31 192 330 238 129 398 227 234 213 18 390 286 140 110 241 93 260 148 48 0,
PFG_MOEA,1572,5,320.55,5348.04,0 317 333 0,
PFG_MOEA,1572,6,320.55,5348.04,0 33 71 209 361 170 367 25 55 217 56 7 180 220 158 189 64 20 126 124 224 10 383 382 16 203 168 15 0,25
PFG_MOEA,1572,7,320.55,5348.04,0 380 369 335 360 216 150 9 47 125 309 5 195 379 270 210 45 348 353 153 278 87 171 75 328 248 258 376 368 290 343 54 46 344 349 243 117 178 82 41 0,
PFG_MOEA,1572,8,320.55,5348.04,0 338 202 306 370 342 144 176 27 98 78 196 296 347 332 147 324 211 244 223 104 310 282 143 79 160 50 60 257 6 204 154 305 326 283 62 297 65 208 205 166 66 30 272 268 0,66
PFG_MOEA,1572,9,320.55,5348.04,0 187 206 253 365 359 313 307 207 61 12 89 2 119 128 236 252 336 138 163 222 95 198 351 256 237 280 391 271 39 378 83 155 103 232 179 287 225 97 0,138 307
PFG_MOEA,1572,10,320.55,5348.04,0 22 389 114 84 131 325 355 29 81 113 76 116 111 384 337 358 181 177 288 385 240 396 245 115 392 285 331 133 293 53 101 352 363 323 194 275 277 102 100 49 274 122 239 276 32 40 295 23 381 90 214 185 281 118 0,323 331
PFG_MOEA,1572,11,320.55,5348.04,0 334 298 26 105 186 134 341 219 371 24 212 375 14 184 318 70 292 263 8 373 169 284 74 279 91 159 162 0,134
PFG_MOEA,1572,12,320.55,5348.04,0 38 19 226 57 127 109 59 137 136 273 77 151 218 197 388 261 106 173 302 107 164 67 312 201 362 366 267 228 386 44 130 52 72 108 303 357 266 141 86 199 0,106 386
PFG_MOEA,1573,1,270.73,5843.94,0 335 187 309 5 195 379 270 257 60 50 160 79 143 280 351 237 256 274 49 198 252 236 381 23 90 12 207 307 0,
PFG_MOEA,1573,2,270.73,5843.94,0 61 313 359 206 253 365 360 214 185 118 281 26 334 298 371 22 134 186 162 159 292 263 8 373 318 70 184 284 74 279 0,134 284 313 318
PFG_MOEA,1573,3,270.73,5843.94,0 91 169 108 14 375 212 24 192 330 238 129 200 165 112 191 152 127 57 109 59 137 273 136 247 17 43 85 215 33 71 224 260 148 48 31 304 0,33 200
PFG_MOEA,1573,4,270.73,5843.94,0 73 254 69 354 183 327 387 157 149 188 394 316 63 262 1 255 250 28 42 400 395 377 345 356 264 259 246 308 229 197 218 151 77 107 164 67 302 388 3 106 173 261 320 364 0,
PFG_MOEA,1573,5,270.73,5843.94,0 329 300 362 123 51 145 322 121 146 201 312 393 294 174 339 132 120 142 0,145 174
PFG_MOEA,1573,6,270.73,5843.94,0 37 269 321 299 340 219 341 105 84 131 29 81 113 76 116 111 181 358 337 384 325 355 114 389 0,341
PFG_MOEA,1573,7,270.73,5843.94,0 89 216 47 125 9 150 163 53 293 133 331 285 392 115 245 396 240 385 288 177 34 58 235 135 233 88 249 35 161 68 0,133 240
PFG_MOEA,1573,8,270.73,5843.94,0 172 182 193 314 4 350 397 36 11 374 311 230 94 156 199 92 86 319 266 141 289 231 386 366 267 228 44 130 52 72 303 357 13 19 226 221 242 96 0,141 386
PFG_MOEA,1573,9,270.73,5843.94,0 38 80 378 83 291 139 21 167 301 372 346 315 265 390 99 175 251 190 18 103 155 234 227 398 93 54 46 268 272 30 39 271 391 179 0,
PFG_MOEA,1573,10,270.73,5843.94,0 97 225 232 209 361 213 170 367 328 248 258 376 368 290 343 66 349 344 243 117 178 82 41 16 380 369 196 78 98 27 176 144 342 370 306 202 338 203 168 15 399 0,82 176 225
PFG_MOEA,1573,11,270.73,5843.94,0 287 64 166 205 75 348 353 45 210 278 153 171 87 6 208 158 189 220 241 62 297 65 283 204 154 305 326 110 140 180 333 317 286 25 55 217 56 7 124 126 20 10 0,65 126
PFG_MOEA,1573,12,270.73,5843.94,0 2 119 128 295 40 32 276 239 122 296 332 347 138 336 222 95 101 194 147 324 275 323 363 352 277 102 223 244 211 104 310 100 282 383 382 0,2
PFG_MOEA,1574,1,369.23,5154.87,0 90 295 40 32 276 239 122 222 95 101 323 363 352 102 277 275 194 53 293 133 331 285 392 115 245 396 240 385 288 177 181 358 337 384 111 116 76 113 81 29 325 131 84 355 114 389 279 74 159 162 371 219 341 22 134 186 105 298 334 26 281 118 185 214 0,40 240 245 331
PFG_MOEA,1574,2,369.23,5154.87,0 91 24 212 375 284 14 184 318 70 292 263 8 373 169 108 72 52 130 44 386 0,318
PFG_MOEA,1574,3,369.23,5154.87,0 362 201 312 67 164 107 302 173 106 261 388 197 218 151 77 273 136 0,106
PFG_MOEA,1574,4,369.23,5154.87,0 399 172 182 397 36 11 92 86 141 266 303 357 319 199 228 267 366 289 231 34 58 68 161 235 35 249 88 135 233 156 94 230 374 350 311 4 314 193 340 299 321 269 120 142 37 51 145 123 137 59 109 127 57 226 19 13 80 38 0,340
PFG_MOEA,1574,5,369.23,5154.87,0 132 339 322 0,
PFG_MOEA,1574,6,369.23,5154.87,0 96 242 221 200 165 112 191 152 329 300 121 146 294 174 320 364 393 3 229 308 259 246 264 356 345 377 395 400 42 250 28 247 255 1 262 63 157 291 167 21 372 301 188 394 139 149 316 387 327 17 43 85 215 73 254 183 354 69 265 346 315 99 0,1 200 393
PFG_MOEA,1574,7,369.23,5154.87,0 93 398 227 234 213 190 251 175 390 18 103 155 83 378 31 304 0,
PFG_MOEA,1574,8,369.23,5154.87,0 48 192 330 238 129 148 260 391 0,
PFG_MOEA,1574,9,369.23,5154.87,0 268 272 30 65 283 326 305 154 204 6 208 205 166 66 271 39 0,272
PFG_MOEA,1574,10,369.23,5154.87,0 124 126 20 64 189 158 220 241 297 62 110 140 286 317 333 180 7 56 217 55 25 367 170 361 209 71 97 33 0,
PFG_MOEA,1574,11,369.23,5154.87,0 15 16 380 369 168 203 338 202 306 370 342 144 176 27 98 78 196 296 347 332 324 147 211 244 223 210 45 348 353 153 278 87 171 75 328 248 258 376 368 290 343 54 46 224 225 232 179 287 10 383 382 41 344 349 243 117 178 82 125 9 47 150 216 360 335 0,47 87 353
PFG_MOEA,1574,12,369.23,5154.87,0 207 307 313 359 365 253 206 187 100 310 104 282 143 79 160 50 60 257 270 379 195 5 309 280 351 237 256 274 49 198 163 138 336 252 236 381 23 128 119 2 89 12 61 0,
PFG_MOEA,1575,1,337.93,5308.22,0 187 206 253 313 359 365 0,
PFG_MOEA,1575,2,337.93,5308.22,0 207 307 198 280 351 256 237 101 53 293 133 331 285 392 95 222 163 138 336 252 236 128 119 2 89 12 61 0,133 222
PFG_MOEA,1575,3,337.93,5308.22,0 323 363 352 194 275 277 102 100 49 274 122 239 276 32 40 295 23 381 90 0,
PFG_MOEA,1575,4,337.93,5308.22,0 22 115 245 396 240 385 288 177 181 358 337 384 111 116 76 113 81 29 131 84 281 118 185 214 0,
PFG_MOEA,1575,5,337.93,5308.22,0 334 26 298 371 219 341 134 186 105 355 325 114 389 162 159 74 279 91 24 212 375 284 14 184 318 70 292 263 8 373 169 108 72 52 130 44 386 362 201 312 0,284
PFG_MOEA,1575,6,337.93,5308.22,0 399 172 182 397 36 11 92 86 141 266 303 357 319 199 228 267 366 289 231 34 58 68 161 235 35 249 88 135 233 156 94 230 57 127 109 59 137 136 273 77 151 218 197 388 261 106 173 302 107 164 67 294 226 19 13 80 38 0,
PFG_MOEA,1575,7,337.93,5308.22,0 374 350 311 4 314 193 340 299 321 269 120 142 37 51 145 123 146 121 322 339 132 174 320 364 393 3 229 308 356 264 259 246 42 1 255 247 152 191 112 329 300 165 200 221 242 96 0,132 264 340 393
PFG_MOEA,1575,8,337.93,5308.22,0 28 250 262 400 395 345 377 394 188 301 372 21 167 291 139 149 157 63 316 387 327 17 43 85 215 73 254 183 354 69 265 346 315 99 175 251 190 0,
PFG_MOEA,1575,9,337.93,5308.22,0 304 192 330 238 129 378 83 155 103 18 390 213 234 227 398 140 110 241 62 297 65 283 326 305 154 204 6 208 205 166 66 93 30 272 268 39 271 391 260 148 48 31 0,65 391
PFG_MOEA,1575,10,337.93,5308.22,0 33 71 225 97 232 209 361 170 367 25 55 217 56 7 317 286 333 180 220 158 189 64 20 126 124 224 10 287 179 0,
PFG_MOEA,1575,11,337.93,5308.22,0 15 168 203 369 16 380 335 360 216 150 9 47 125 309 5 195 379 270 210 45 348 353 153 278 87 171 75 328 248 54 46 383 382 344 349 243 117 178 82 41 0,82 87 195 353
PFG_MOEA,1575,12,337.93,5308.22,0 338 202 306 370 342 144 176 27 98 78 196 296 347 332 147 324 211 244 223 104 310 282 143 79 160 50 60 257 258 376 368 290 343 0,290
PFG_MOEA,1576,1,319.42,5478.6,0 222 0,
PFG_MOEA,1576,2,319.42,5478.6,0 95 101 323 363 352 102 277 275 194 53 293 133 331 285 392 115 245 396 240 385 288 177 181 358 337 384 111 116 76 113 81 29 325 131 84 355 114 389 279 74 159 162 371 219 341 22 134 186 105 298 334 26 281 0,105
PFG_MOEA,1576,3,319.42,5478.6,0 118 91 284 184 14 375 212 24 0,375
PFG_MOEA,1576,4,319.42,5478.6,0 399 397 36 11 92 199 86 141 266 319 357 303 289 366 267 228 8 263 292 70 318 373 169 108 72 52 130 44 386 362 201 312 67 164 107 302 173 106 261 388 197 218 151 77 273 136 182 172 0,86 197 318 362
PFG_MOEA,1576,5,319.42,5478.6,0 38 80 13 19 226 57 127 109 59 137 123 145 51 132 142 120 269 321 299 37 340 193 314 4 350 311 156 233 135 88 249 35 235 161 68 58 34 231 94 230 374 0,
PFG_MOEA,1576,6,319.42,5478.6,0 96 242 200 191 112 165 322 339 174 393 3 229 364 320 294 121 146 300 329 152 221 0,200 393
PFG_MOEA,1576,7,319.42,5478.6,0 93 85 247 28 246 259 308 264 356 345 377 395 400 42 250 255 1 262 63 157 291 167 21 372 301 188 394 139 149 316 387 327 17 43 73 215 254 183 354 69 265 346 315 99 390 175 251 190 18 213 234 227 398 0,
PFG_MOEA,1576,8,319.42,5478.6,0 304 31 48 330 192 129 238 148 260 391 271 66 166 205 208 6 204 154 305 326 283 65 62 297 241 158 189 220 110 140 103 155 83 378 124 126 20 64 30 272 268 39 0,62 205 220 391
PFG_MOEA,1576,9,319.42,5478.6,0 7 180 333 286 317 56 217 55 0,
PFG_MOEA,1576,10,319.42,5478.6,0 15 16 380 369 168 203 338 202 306 370 342 144 176 27 98 78 196 296 347 332 324 147 211 244 223 210 45 348 353 153 278 87 171 75 328 248 258 376 368 290 343 54 46 209 361 170 367 25 232 179 224 225 97 71 33 0,16 353 370
PFG_MOEA,1576,11,319.42,5478.6,0 365 253 206 61 89 2 119 128 216 336 138 163 150 47 125 9 100 282 310 104 143 79 160 50 60 257 270 379 195 5 309 280 351 237 256 287 10 383 382 344 349 243 117 178 82 41 0,47 138 178 206 243
PFG_MOEA,1576,12,319.42,5478.6,0 335 187 359 313 360 207 307 198 49 274 122 239 276 32 40 295 23 381 236 252 90 12 214 185 0,
PFG_MOEA,1577,1,312.87,5623.42,0 216 98 370 342 144 176 27 78 196 296 347 332 147 324 211 244 223 104 310 282 79 160 50 379 195 5 309 143 150 47 9 125 0,
PFG_MOEA,1577,2,312.87,5623.42,0 117 243 344 349 343 290 368 376 258 248 328 75 348 353 171 87 278 153 45 210 257 60 270 237 256 274 49 198 222 138 336 239 276 32 177 181 358 337 384 111 116 76 23 381 90 12 0,290 336 353
PFG_MOEA,1577,3,312.87,5623.42,0 22 118 185 214 2 119 128 236 252 40 295 122 392 285 331 133 293 53 101 352 363 323 194 275 277 102 100 351 280 95 163 61 89 207 307 313 359 253 365 0,307
PFG_MOEA,1577,4,312.87,5623.42,0 206 187 0,
PFG_MOEA,1577,5,312.87,5623.42,0 281 26 334 298 219 371 341 134 186 105 115 245 396 240 385 288 113 81 29 325 355 131 84 114 389 162 159 74 279 91 0,341
PFG_MOEA,1577,6,312.87,5623.42,0 80 13 19 226 57 127 109 59 137 136 273 77 151 218 197 388 261 106 173 302 107 164 67 312 201 362 386 44 130 52 72 108 169 373 8 263 292 70 318 184 14 284 375 212 24 303 357 319 182 172 38 0,318 362
PFG_MOEA,1577,7,312.87,5623.42,0 266 141 86 199 228 267 366 289 231 34 58 68 161 235 35 249 88 135 233 156 94 230 374 92 0,
PFG_MOEA,1577,8,312.87,5623.42,0 399 397 36 11 350 311 4 314 193 340 299 321 269 120 142 37 51 123 145 132 339 322 121 146 294 174 320 364 393 3 229 308 356 264 259 246 42 300 329 112 191 165 200 221 242 96 0,51 145 174 264 329
PFG_MOEA,1577,9,312.87,5623.42,0 152 247 28 250 345 377 395 400 394 188 301 372 167 21 139 291 262 1 255 0,
PFG_MOEA,1577,10,312.87,5623.42,0 85 215 73 43 17 327 387 316 149 157 63 354 183 254 69 265 346 315 99 175 251 190 390 18 103 155 83 378 0,175 390
PFG_MOEA,1577,11,312.87,5623.42,0 304 31 48 192 330 129 238 148 260 383 10 224 391 271 39 46 93 398 227 234 213 179 232 225 97 71 33 382 0,
PFG_MOEA,1577,12,312.87,5623.42,0 209 361 170 367 25 55 217 56 7 124 126 20 64 189 158 220 180 333 317 286 140 110 241 62 297 65 283 326 305 154 204 6 208 205 166 66 30 272 268 54 287 178 82 41 335 360 380 369 203 338 202 306 168 15 16 0,7 166 203 361
PFG_MOEA,1578,1,350.97,5291.61,0 22 118 185 214 2 119 252 236 128 381 23 40 32 295 239 122 392 285 331 133 293 53 101 352 363 323 194 275 277 102 100 274 256 237 351 280 376 368 290 343 349 344 243 117 0,23 293 352
PFG_MOEA,1578,2,350.97,5291.61,0 365 359 313 307 207 89 61 163 95 206 253 187 281 26 334 298 219 371 341 134 186 105 115 245 396 240 385 288 177 181 358 337 384 111 116 76 113 81 29 325 355 131 84 114 389 162 159 279 74 284 70 318 184 14 375 212 24 91 0,
PFG_MOEA,1578,3,350.97,5291.61,0 292 263 8 373 169 108 72 52 130 44 386 362 201 312 67 164 107 302 173 106 261 388 197 218 151 77 273 136 137 59 109 0,362 388
PFG_MOEA,1578,4,350.97,5291.61,0 38 80 13 19 226 57 127 68 161 58 34 231 289 366 267 228 199 86 141 266 357 303 319 182 172 0,182
PFG_MOEA,1578,5,350.97,5291.61,0 397 36 11 92 374 350 311 4 314 193 230 94 156 35 88 249 235 135 233 340 299 321 269 120 142 37 51 0,
PFG_MOEA,1578,6,350.97,5291.61,0 399 96 242 200 165 112 329 300 123 145 322 121 146 294 339 132 174 320 364 393 3 229 308 356 264 259 246 28 250 42 262 1 255 247 152 191 221 0,152 174 200 229 246
PFG_MOEA,1578,7,350.97,5291.61,0 345 377 395 400 394 188 301 372 21 167 291 139 149 157 63 316 387 327 17 43 85 215 73 254 183 354 69 265 346 315 99 175 251 190 390 18 103 155 213 234 83 378 0,
PFG_MOEA,1578,8,350.97,5291.61,0 224 93 398 227 71 97 225 232 179 0,
PFG_MOEA,1578,9,350.97,5291.61,0 304 31 48 192 330 129 238 148 33 209 361 170 367 25 55 217 56 7 124 126 20 64 189 158 220 180 333 317 286 140 110 241 62 297 65 283 326 305 154 204 6 208 205 166 66 30 272 268 54 46 39 271 391 10 287 383 382 260 16 369 380 0,39
PFG_MOEA,1578,10,350.97,5291.61,0 15 168 203 178 82 41 0,
PFG_MOEA,1578,11,350.97,5291.61,0 335 0,
PFG_MOEA,1578,12,350.97,5291.61,0 360 90 216 336 47 9 125 198 49 309 5 258 248 328 75 348 353 171 87 278 153 45 379 195 210 257 270 60 50 160 79 143 282 310 104 223 244 211 324 147 222 150 138 276 332 347 296 196 78 98 27 176 144 342 370 306 202 338 12 0,223 370
PFG_MOEA,1579,1,748.42,4875.65,0 399 38 80 96 242 221 226 19 13 172 182 319 303 357 266 141 86 199 228 267 366 289 231 34 58 68 161 235 35 249 88 135 233 156 94 230 374 92 11 36 397 350 311 4 314 193 340 299 321 269 37 142 120 132 339 51 145 123 300 329 112 165 200 191 152 57 127 109 59 137 136 247 255 1 262 42 250 28 273 77 151 146 121 322 294 174 320 364 393 3 106 261 388 229 218 197 246 259 308 264 356 345 377 395 400 394 188 301 372 21 167 291 139 149 157 63 316 387 327 17 43 85 215 73 254 183 354 69 265 346 315 99 175 251 190 390 18 103 155 83 378 213 234 227 0,1 94 174 314 340 390 395
PFG_MOEA,1579,2,748.42,4875.65,0 260 224 93 398 71 33 148 0,
PFG_MOEA,1579,3,748.42,4875.65,0 304 31 192 330 129 238 48 382 383 10 391 271 39 30 272 268 54 46 0,
PFG_MOEA,1579,4,748.42,4875.65,0 15 168 203 369 380 16 41 82 178 209 361 170 367 25 55 217 56 7 124 126 20 64 189 158 220 180 333 317 286 140 110 241 62 297 65 283 326 305 154 204 6 208 205 166 66 335 0,65 220 361
PFG_MOEA,1579,5,748.42,4875.65,0 12 90 381 216 47 125 9 150 360 117 243 349 344 287 97 225 232 179 343 290 368 376 258 248 328 75 348 353 171 87 278 153 45 210 257 270 60 50 160 79 379 195 5 309 143 282 310 104 223 244 211 324 147 347 332 331 285 296 196 78 392 98 115 245 27 176 144 342 240 370 396 385 288 306 177 181 358 337 384 111 116 76 113 81 29 325 355 131 84 338 202 114 389 22 0,176 210 370
PFG_MOEA,1579,6,748.42,4875.65,0 23 32 276 239 336 138 222 49 274 198 0,
PFG_MOEA,1579,7,748.42,4875.65,0 118 185 214 2 119 128 236 252 40 295 122 133 293 53 101 352 363 323 194 275 277 102 100 237 280 351 256 95 163 61 89 207 307 313 0,133 323
PFG_MOEA,1579,8,748.42,4875.65,0 365 359 253 206 0,
PFG_MOEA,1579,9,748.42,4875.65,0 187 0,
PFG_MOEA,1579,10,748.42,4875.65,0 281 26 334 298 341 105 186 134 162 371 219 0,
PFG_MOEA,1579,11,748.42,4875.65,0 159 279 74 284 184 318 70 292 14 375 212 24 91 0,375
PFG_MOEA,1579,12,748.42,4875.65,0 263 8 373 169 108 72 52 130 44 386 107 164 173 302 67 312 201 362 0,386
PFG_MOEA,1580,1,404.27,5140.48,0 89 90 381 23 295 32 276 40 45 353 348 171 87 153 278 210 379 195 270 257 60 50 160 79 143 282 310 104 223 244 211 324 147 163 53 347 332 133 331 296 293 196 78 245 98 115 27 176 144 342 240 370 396 385 288 306 177 181 358 337 384 111 116 76 113 81 29 202 338 22 118 185 214 0,177 223 245 379
PFG_MOEA,1580,2,404.27,5140.48,0 281 105 26 334 298 219 371 341 134 186 84 131 325 355 114 389 162 159 74 279 91 24 212 375 284 14 184 318 70 292 263 8 373 169 108 72 52 130 44 386 362 0,134 362
PFG_MOEA,1580,3,404.27,5140.48,0 57 127 109 59 137 136 273 77 151 218 197 388 261 106 173 302 107 164 67 312 201 0,
PFG_MOEA,1580,4,404.27,5140.48,0 38 80 13 19 226 182 172 303 357 319 266 141 86 233 135 88 249 35 235 161 68 58 34 231 289 366 267 228 199 11 36 397 399 0,266
PFG_MOEA,1580,5,404.27,5140.48,0 92 156 94 230 374 350 311 4 314 193 340 299 321 269 37 142 120 132 339 51 145 123 322 121 146 294 174 320 364 393 3 229 308 356 264 259 246 42 247 152 191 112 329 300 165 200 221 242 96 0,299 329
PFG_MOEA,1580,6,404.27,5140.48,0 255 1 262 377 345 250 28 0,
PFG_MOEA,1580,7,404.27,5140.48,0 395 400 394 188 301 372 21 167 291 139 149 0,
PFG_MOEA,1580,8,404.27,5140.48,0 304 31 48 148 129 238 330 192 85 215 73 43 17 327 387 316 63 157 354 183 254 69 265 346 315 99 175 251 190 390 18 103 155 83 378 213 234 227 398 93 260 0,93
PFG_MOEA,1580,9,404.27,5140.48,0 391 271 0,
PFG_MOEA,1580,10,404.27,5140.48,0 39 268 272 30 66 166 205 208 6 204 154 305 326 283 65 297 62 241 110 140 286 0,
PFG_MOEA,1580,11,404.27,5140.48,0 15 168 203 369 380 16 82 178 117 243 349 344 46 54 124 126 20 64 189 158 220 180 317 333 7 56 217 55 25 367 170 361 209 33 71 225 97 232 179 287 224 10 383 382 0,16
PFG_MOEA,1580,12,404.27,5140.48,0 335 360 365 253 206 359 313 307 207 61 12 2 119 128 236 252 216 336 138 239 122 392 285 194 275 277 352 363 323 101 95 222 150 9 47 125 198 100 102 49 274 256 237 351 280 309 5 75 328 248 258 376 368 290 343 187 41 0,100 206
PFG_MOEA,1581,1,759.34,4800.0,0 219 341 105 389 114 84 131 355 325 29 81 113 76 116 111 384 337 358 181 177 288 385 240 396 245 115 392 285 331 133 293 53 163 150 9 125 47 216 89 61 206 253 365 0,245
PFG_MOEA,1581,2,759.34,4800.0,0 22 134 186 162 159 279 74 284 184 318 70 292 263 8 373 169 108 14 375 212 24 91 0,318
PFG_MOEA,1581,3,759.34,4800.0,0 304 31 48 148 260 224 71 33 129 238 330 192 200 165 112 191 152 127 57 109 59 137 273 136 247 17 43 85 215 73 254 69 354 183 327 387 157 149 188 394 316 63 262 1 255 250 28 42 400 395 377 345 356 264 259 246 308 229 197 218 151 77 107 164 67 302 388 3 106 173 261 320 364 393 312 201 362 329 300 123 51 145 322 121 146 294 174 339 132 120 142 37 269 321 299 340 233 135 88 249 35 161 235 68 58 34 386 231 289 366 267 228 44 130 52 72 303 357 319 266 141 86 92 199 156 94 230 311 374 11 36 397 350 4 314 193 182 172 13 19 226 221 242 96 80 38 0,33 106 174 200 303 311 394
PFG_MOEA,1581,4,759.34,4800.0,0 378 83 155 103 18 190 251 175 99 315 346 372 301 167 21 139 291 265 390 234 0,
PFG_MOEA,1581,5,759.34,4800.0,0 179 391 271 39 30 272 268 46 54 93 398 227 213 232 0,391
PFG_MOEA,1581,6,759.34,4800.0,0 225 0,
PFG_MOEA,1581,7,759.34,4800.0,0 97 209 361 170 367 0,
PFG_MOEA,1581,8,759.34,4800.0,0 399 15 168 203 338 202 306 370 342 144 176 27 98 78 196 369 380 16 41 82 178 117 243 344 349 66 343 290 368 376 258 248 328 75 348 353 45 210 278 153 171 87 6 208 205 166 158 189 220 241 62 297 65 283 204 154 305 326 110 140 180 333 317 286 25 55 217 56 7 124 126 20 64 287 10 383 382 0,62 66 205 220 342
PFG_MOEA,1581,9,759.34,4800.0,0 2 119 128 295 40 32 276 239 122 296 332 347 138 336 222 95 101 194 147 324 275 323 363 352 277 102 223 244 211 104 310 100 282 143 79 160 50 60 257 270 379 195 5 309 280 351 237 256 274 49 198 252 236 0,
PFG_MOEA,1581,10,759.34,4800.0,0 381 23 90 12 207 307 0,
PFG_MOEA,1581,11,759.34,4800.0,0 335 187 359 313 360 214 0,
PFG_MOEA,1581,12,759.34,4800.0,0 185 118 281 26 334 298 371 0,
PFG_MOEA,1582,1,314.81,5596.11,0 12 90 128 236 252 336 276 138 222 198 49 274 256 237 351 280 309 5 290 343 313 207 0,222
PFG_MOEA,1582,2,314.81,5596.11,0 91 292 263 8 373 169 108 14 375 212 24 371 219 341 298 334 26 281 118 185 214 295 40 32 239 122 95 101 352 363 323 194 275 277 102 100 23 381 119 2 307 359 187 148 48 31 304 0,23
PFG_MOEA,1582,3,314.81,5596.11,0 260 224 71 33 127 152 191 112 165 200 129 238 330 192 0,33
PFG_MOEA,1582,4,314.81,5596.11,0 57 67 302 173 106 3 388 164 107 77 151 218 197 229 308 246 259 264 356 345 377 395 400 42 28 250 255 1 262 63 316 394 188 149 157 387 327 183 354 69 254 73 215 85 43 17 247 136 273 137 59 109 0,
PFG_MOEA,1582,5,314.81,5596.11,0 329 300 362 123 51 145 322 121 146 201 261 320 364 393 312 294 174 339 132 206 253 365 360 335 0,362 393
PFG_MOEA,1582,6,314.81,5596.11,0 61 358 181 177 288 385 240 396 245 115 392 285 331 133 293 53 163 150 9 125 47 216 89 0,
PFG_MOEA,1582,7,314.81,5596.11,0 80 13 19 226 35 161 235 58 34 386 231 289 366 267 228 44 130 52 72 318 70 184 284 74 279 159 162 389 114 355 325 384 337 111 116 76 113 81 29 131 84 105 186 134 22 0,
PFG_MOEA,1582,8,314.81,5596.11,0 38 96 242 221 172 182 397 350 311 4 314 193 230 94 156 374 36 11 92 319 357 303 266 141 86 199 68 135 88 249 233 340 299 321 269 120 142 37 301 21 139 291 167 372 346 315 99 175 251 0,182
PFG_MOEA,1582,9,314.81,5596.11,0 97 225 232 179 391 271 158 241 62 297 65 283 204 154 305 326 110 140 286 317 333 180 220 126 124 7 56 217 55 25 367 170 361 209 227 234 213 190 390 265 18 103 155 83 378 398 93 54 46 268 272 30 39 0,65 154
PFG_MOEA,1582,10,314.81,5596.11,0 399 15 16 380 41 82 178 117 243 344 349 20 189 64 166 205 208 6 87 171 153 278 210 353 258 376 368 66 287 10 383 382 0,243
PFG_MOEA,1582,11,314.81,5596.11,0 369 338 203 168 0,
PFG_MOEA,1582,12,314.81,5596.11,0 202 306 370 342 144 176 27 98 78 196 296 347 332 324 147 211 244 223 104 310 282 143 79 160 50 60 257 270 379 195 45 348 75 328 248 0,370
PFG_MOEA,1583,1,411.21,4974.5,0 12 90 381 23 32 276 239 336 138 222 198 49 274 256 237 351 280 252 236 128 119 2 0,23
PFG_MOEA,1583,2,411.21,4974.5,0 22 118 185 214 295 40 122 392 285 331 133 293 53 101 352 363 323 194 275 277 102 100 95 163 61 89 207 307 313 359 365 253 206 187 0,22 100
PFG_MOEA,1583,3,411.21,4974.5,0 115 0,
PFG_MOEA,1583,4,411.21,4974.5,0 245 396 240 385 288 177 181 358 337 384 111 116 76 113 81 29 325 355 0,
PFG_MOEA,1583,5,411.21,4974.5,0 281 26 334 298 341 134 186 131 84 114 389 105 219 371 162 159 74 279 91 24 212 375 284 14 184 318 70 292 263 8 373 169 108 72 52 130 44 386 362 201 312 67 164 107 302 173 106 261 388 197 218 151 77 273 136 137 59 109 127 57 226 19 13 80 0,77 106 284
PFG_MOEA,1583,6,411.21,4974.5,0 38 172 182 319 303 357 266 141 86 199 228 267 366 289 231 34 58 68 161 235 35 249 88 135 233 156 94 230 374 92 11 36 397 350 311 4 314 193 340 299 321 269 120 142 37 51 123 145 132 339 322 121 146 294 174 320 364 393 3 229 308 356 264 259 246 42 300 329 112 221 242 96 0,51 174 229 246 299
PFG_MOEA,1583,7,411.21,4974.5,0 399 200 165 191 152 247 255 1 262 250 28 345 377 395 400 394 188 301 372 21 167 291 139 149 157 63 316 387 327 17 43 85 215 73 254 183 354 69 265 346 315 99 175 251 190 390 18 103 155 83 378 213 234 227 398 93 224 179 232 225 97 71 33 260 148 238 129 330 192 48 31 304 0,93
PFG_MOEA,1583,8,411.21,4974.5,0 382 383 10 391 271 39 46 54 268 272 30 66 166 205 208 6 204 154 305 326 283 65 297 62 241 110 140 286 317 333 180 220 158 189 64 20 126 124 7 56 217 55 25 367 170 361 209 287 0,55 62 66 220
PFG_MOEA,1583,9,411.21,4974.5,0 380 0,
PFG_MOEA,1583,10,411.21,4974.5,0 16 369 15 0,
PFG_MOEA,1583,11,411.21,4974.5,0 168 203 178 82 41 0,178
PFG_MOEA,1583,12,411.21,4974.5,0 335 360 338 202 306 370 342 144 176 27 98 78 196 296 347 332 216 47 125 9 150 147 324 211 244 223 104 310 282 143 309 5 195 379 79 160 50 60 270 257 210 45 153 278 87 171 353 348 75 328 248 258 376 368 290 343 349 344 243 117 0,
PFG_MOEA,1584,1,312.55,5795.78,0 336 138 239 122 296 347 332 324 275 277 104 211 244 223 102 352 363 323 194 147 101 95 222 0,122 211 222 277
PFG_MOEA,1584,2,312.55,5795.78,0 335 360 207 307 313 359 187 100 310 282 143 79 160 50 60 257 270 379 195 5 309 280 351 237 256 274 49 198 252 236 381 23 90 12 214 185 118 281 26 334 298 371 72 52 130 44 386 80 0,5 307
PFG_MOEA,1584,3,312.55,5795.78,0 13 19 226 57 127 109 59 137 136 273 77 151 218 197 388 261 106 173 302 107 164 67 312 201 362 123 51 145 294 174 339 132 142 120 269 321 299 0,174
PFG_MOEA,1584,4,312.55,5795.78,0 340 233 135 88 249 35 235 161 68 58 34 231 289 366 267 228 141 266 303 357 319 86 199 156 94 0,303
PFG_MOEA,1584,5,312.55,5795.78,0 38 172 182 397 36 11 92 374 230 311 350 4 314 193 37 322 121 146 320 364 393 3 229 308 356 264 259 246 42 300 329 112 191 152 221 242 96 0,42 264
PFG_MOEA,1584,6,312.55,5795.78,0 200 165 129 0,
PFG_MOEA,1584,7,312.55,5795.78,0 304 330 395 400 394 188 301 372 21 167 291 139 149 157 63 316 387 17 43 33 71 224 260 0,
PFG_MOEA,1584,8,312.55,5795.78,0 399 247 28 250 345 377 262 1 255 327 254 73 215 85 93 179 232 225 97 148 238 192 48 31 0,93
PFG_MOEA,1584,9,312.55,5795.78,0 378 69 183 354 265 346 315 99 175 251 190 390 18 103 155 83 234 213 227 398 209 361 170 367 25 55 217 56 7 180 333 317 286 140 110 62 297 65 283 326 305 154 204 6 208 241 220 158 189 64 20 126 124 0,175
PFG_MOEA,1584,10,312.55,5795.78,0 287 382 383 10 268 272 30 66 166 205 271 39 391 53 293 133 331 285 392 115 245 396 240 385 288 177 181 358 337 384 111 116 76 113 81 29 325 355 131 84 114 389 105 341 219 0,
PFG_MOEA,1584,11,312.55,5795.78,0 91 24 212 375 14 108 169 373 8 263 292 70 318 184 284 74 279 159 162 22 134 186 89 216 47 125 9 150 163 61 365 253 206 46 54 0,
PFG_MOEA,1584,12,312.55,5795.78,0 41 82 178 117 243 344 349 343 290 368 376 258 248 328 75 171 87 153 278 210 45 353 348 2 119 128 295 40 32 276 196 78 98 27 176 144 342 370 306 202 338 203 168 369 380 16 15 0,16 87 203
PFG_MOEA,1585,1,389.39,5146.42,0 163 78 53 293 133 331 285 392 98 115 245 27 396 240 385 288 177 181 358 337 384 111 116 76 113 81 29 325 355 131 84 114 389 91 279 74 159 162 371 219 298 341 22 134 186 105 118 185 0,
PFG_MOEA,1585,2,389.39,5146.42,0 281 26 334 24 212 375 284 14 184 318 70 292 263 8 373 169 108 72 52 130 44 386 51 145 123 362 201 294 312 67 164 107 302 173 106 261 388 197 218 151 77 273 136 137 59 109 127 57 226 19 13 80 0,
PFG_MOEA,1585,3,389.39,5146.42,0 142 339 174 132 120 269 321 299 340 233 135 88 249 35 235 161 68 58 34 231 289 366 267 228 141 266 303 357 319 86 199 156 94 230 374 92 11 36 397 350 311 4 314 193 0,88
PFG_MOEA,1585,4,389.39,5146.42,0 182 172 38 0,
PFG_MOEA,1585,5,389.39,5146.42,0 37 322 121 146 320 364 393 3 229 308 356 264 259 246 42 300 329 112 152 191 165 200 221 242 96 0,152 264 329
PFG_MOEA,1585,6,389.39,5146.42,0 129 33 71 224 260 0,
PFG_MOEA,1585,7,389.39,5146.42,0 399 247 255 1 262 250 28 345 377 395 400 394 188 301 372 21 167 291 139 149 157 63 316 387 17 43 73 254 327 183 354 69 215 85 93 179 232 225 97 148 48 238 330 192 31 304 0,395
PFG_MOEA,1585,8,389.39,5146.42,0 16 15 168 203 369 380 391 271 39 268 272 30 66 166 205 208 6 204 154 305 326 283 65 297 62 241 110 140 286 317 333 180 220 158 189 64 20 126 124 7 56 217 55 25 367 170 361 209 398 227 234 213 190 251 175 99 315 346 265 390 18 103 155 83 378 54 46 287 10 383 382 41 0,7 16 20 103 272
PFG_MOEA,1585,9,389.39,5146.42,0 82 178 117 243 368 376 258 353 153 171 87 278 210 143 237 256 274 49 100 282 310 104 102 277 275 194 323 363 352 101 198 95 222 138 122 276 336 252 236 128 23 381 90 119 2 12 0,
PFG_MOEA,1585,10,389.39,5146.42,0 344 349 351 280 309 5 79 160 50 60 257 270 379 195 45 348 75 328 248 290 343 187 0,
PFG_MOEA,1585,11,389.39,5146.42,0 214 295 40 32 239 370 342 144 176 150 47 9 125 216 89 61 207 307 313 359 206 253 365 360 335 0,176
PFG_MOEA,1585,12,389.39,5146.42,0 338 202 306 196 296 347 332 324 147 211 244 223 0,
PFG_MOEA,1586,1,413.96,4915.5,0 187 206 253 365 359 313 307 207 61 12 89 2 119 128 236 252 336 138 163 222 95 198 351 280 237 256 274 49 100 102 277 275 194 323 363 352 101 53 293 133 331 285 392 122 239 276 32 40 295 23 381 90 113 81 29 76 116 111 384 337 358 181 177 288 385 240 396 245 115 22 118 185 214 0,245 381
PFG_MOEA,1586,2,413.96,4915.5,0 281 84 131 325 355 114 389 186 134 341 298 26 334 0,
PFG_MOEA,1586,3,413.96,4915.5,0 371 219 105 162 159 74 279 91 24 212 375 284 14 184 318 70 292 263 8 373 169 108 72 52 130 44 386 362 201 312 67 164 107 302 173 106 261 388 197 218 151 77 273 136 137 59 0,
PFG_MOEA,1586,4,413.96,4915.5,0 57 127 109 226 0,
PFG_MOEA,1586,5,413.96,4915.5,0 19 0,
PFG_MOEA,1586,6,413.96,4915.5,0 38 303 357 266 141 86 199 228 267 366 289 231 34 58 68 161 235 35 249 88 135 233 319 182 172 13 80 0,88
PFG_MOEA,1586,7,413.96,4915.5,0 399 397 36 11 92 156 94 230 374 350 311 4 314 193 340 299 321 269 120 142 37 51 123 145 132 339 322 121 146 294 174 320 364 393 3 229 308 356 264 259 246 42 300 329 112 191 165 200 221 242 96 0,11 340 374 393
PFG_MOEA,1586,8,413.96,4915.5,0 152 247 255 1 262 250 28 345 377 395 400 394 188 301 372 21 167 291 139 149 157 63 316 387 327 17 43 85 215 73 254 183 354 69 265 346 315 99 175 251 190 390 18 103 155 83 378 213 234 227 398 93 0,1 152 175 227
PFG_MOEA,1586,9,413.96,4915.5,0 304 31 48 192 330 238 129 148 260 391 271 39 268 272 30 66 166 205 208 6 204 154 305 326 283 65 297 62 241 110 140 286 317 333 180 220 158 189 64 20 126 124 7 56 217 55 25 367 170 361 209 71 33 97 225 232 179 224 0,55 391
PFG_MOEA,1586,10,413.96,4915.5,0 287 10 383 382 0,
PFG_MOEA,1586,11,413.96,4915.5,0 16 15 168 203 369 380 82 178 117 243 349 344 54 46 41 0,
PFG_MOEA,1586,12,413.96,4915.5,0 335 360 216 150 9 47 125 309 5 343 290 368 376 258 248 328 75 171 87 278 153 353 348 45 210 195 379 270 257 60 50 160 79 143 282 310 104 223 244 211 324 147 332 347 296 196 78 98 27 176 144 342 370 306 202 338 0,
PFG_MOEA,1587,1,320.55,5348.04,0 80 13 172 182 397 36 11 92 233 135 88 249 35 235 161 68 58 34 231 289 319 399 0,
PFG_MOEA,1587,2,320.55,5348.04,0 374 230 94 156 311 350 4 314 193 340 299 321 269 120 142 132 339 174 320 364 308 229 3 393 294 146 121 322 123 145 51 37 0,393
PFG_MOEA,1587,3,320.55,5348.04,0 96 242 221 200 165 112 329 300 191 152 247 255 1 262 42 250 28 246 259 264 356 345 377 395 400 394 188 301 372 21 167 291 139 149 157 63 316 387 327 17 43 85 215 73 254 183 354 69 265 346 315 99 175 251 190 0,215
PFG_MOEA,1587,4,320.55,5348.04,0 304 31 192 330 238 129 398 227 234 213 18 390 286 140 110 241 93 260 148 48 0,
PFG_MOEA,1587,5,320.55,5348.04,0 317 333 0,
PFG_MOEA,1587,6,320.55,5348.04,0 33 71 209 361 170 367 25 55 217 56 7 180 220 158 189 64 20 126 124 224 10 383 382 16 203 168 15 0,25
PFG_MOEA,1587,7,320.55,5348.04,0 380 369 335 360 216 150 9 47 125 309 5 195 379 270 210 45 348 353 153 278 87 171 75 328 248 258 376 368 290 343 54 46 344 349 243 117 178 82 41 0,
PFG_MOEA,1587,8,320.55,5348.04,0 338 202 306 370 342 144 176 27 98 78 196 296 347 332 147 324 211 244 223 104 310 282 143 79 160 50 60 257 6 204 154 305 326 283 62 297 65 208 205 166 66 30 272 268 0,66
PFG_MOEA,1587,9,320.55,5348.04,0 187 206 253 365 359 313 307 207 61 12 89 2 119 128 236 252 336 138 163 222 95 198 351 256 237 280 391 271 39 378 83 155 103 232 179 287 225 97 0,138 307
PFG_MOEA,1587,10,320.55,5348.04,0 22 389 114 84 131 325 355 29 81 113 76 116 111 384 337 358 181 177 288 385 240 396 245 115 392 285 331 133 293 53 101 352 363 323 194 275 277 102 100 49 274 122 239 276 32 40 295 23 381 90 214 185 281 118 0,323 331
PFG_MOEA,1587,11,320.55,5348.04,0 334 298 26 105 186 134 341 219 371 24 212 375 14 184 318 70 292 263 8 373 169 284 74 279 91 159 162 0,134
PFG_MOEA,1587,12,320.55,5348.04,0 38 19 226 57 127 109 59 137 136 273 77 151 218 197 388 261 106 173 302 107 164 67 312 201 362 366 267 228 386 44 130 52 72 108 303 357 266 141 86 199 0,106 386
PFG_MOEA,1588,1,270.73,5843.94,0 335 187 309 5 195 379 270 257 60 50 160 79 143 280 351 237 256 274 49 198 252 236 381 23 90 12 207 307 0,
PFG_MOEA,1588,2,270.73,5843.94,0 61 313 359 206 253 365 360 214 185 118 281 26 334 298 371 22 134 186 162 159 292 263 8 373 318 70 184 284 74 279 0,134 284 313 318
PFG_MOEA,1588,3,270.73,5843.94,0 91 169 108 14 375 212 24 192 330 238 129 200 165 112 191 152 127 57 109 59 137 273 136 247 17 43 85 215 33 71 224 260 148 48 31 304 0,33 200
PFG_MOEA,1588,4,270.73,5843.94,0 73 254 69 354 183 327 387 157 149 188 394 316 63 262 1 255 250 28 42 400 395 377 345 356 264 259 246 308 229 197 218 151 77 107 164 67 302 388 3 106 173 261 320 364 0,
PFG_MOEA,1588,5,270.73,5843.94,0 329 300 362 123 51 145 322 121 146 201 312 393 294 174 339 132 120 142 0,145 174
PFG_MOEA,1588,6,270.73,5843.94,0 37 269 321 299 340 219 341 105 84 131 29 81 113 76 116 111 181 358 337 384 325 355 114 389 0,341
PFG_MOEA,1588,7,270.73,5843.94,0 89 216 47 125 9 150 163 53 293 133 331 285 392 115 245 396 240 385 288 177 34 58 235 135 233 88 249 35 161 68 0,133 240
PFG_MOEA,1588,8,270.73,5843.94,0 172 182 193 314 4 350 397 36 11 374 311 230 94 156 199 92 86 319 266 141 289 231 386 366 267 228 44 130 52 72 303 357 13 19 226 221 242 96 0,141 386
PFG_MOEA,1588,9,270.73,5843.94,0 38 80 378 83 291 139 21 167 301 372 346 315 265 390 99 175 251 190 18 103 155 234 227 398 93 54 46 268 272 30 39 271 391 179 0,
PFG_MOEA,1588,10,270.73,5843.94,0 97 225 232 209 361 213 170 367 328 248 258 376 368 290 343 66 349 344 243 117 178 82 41 16 380 369 196 78 98 27 176 144 342 370 306 202 338 203 168 15 399 0,82 176 225
PFG_MOEA,1588,11,270.73,5843.94,0 287 64 166 205 75 348 353 45 210 278 153 171 87 6 208 158 189 220 241 62 297 65 283 204 154 305 326 110 140 180 333 317 286 25 55 217 56 7 124 126 20 10 0,65 126
PFG_MOEA,1588,12,270.73,5843.94,0 2 119 128 295 40 32 276 239 122 296 332 347 138 336 222 95 101 194 147 324 275 323 363 352 277 102 223 244 211 104 310 100 282 383 382 0,2
PFG_MOEA,1589,1,369.23,5154.87,0 90 295 40 32 276 239 122 222 95 101 323 363 352 102 277 275 194 53 293 133 331 285 392 115 245 396 240 385 288 177 181 358 337 384 111 116 76 113 81 29 325 131 84 355 114 389 279 74 159 162 371 219 341 22 134 186 105 298 334 26 281 118 185 214 0,40 240 245 331
PFG_MOEA,1589,2,369.23,5154.87,0 91 24 212 375 284 14 184 318 70 292 263 8 373 169 108 72 52 130 44 386 0,318
PFG_MOEA,1589,3,369.23,5154.87,0 362 201 312 67 164 107 302 173 106 261 388 197 218 151 77 273 136 0,106
PFG_MOEA,1589,4,369.23,5154.87,0 399 172 182 397 36 11 92 86 141 266 303 357 319 199 228 267 366 289 231 34 58 68 161 235 35 249 88 135 233 156 94 230 374 350 311 4 314 193 340 299 321 269 120 142 37 51 145 123 137 59 109 127 57 226 19 13 80 38 0,340
PFG_MOEA,1589,5,369.23,5154.87,0 132 339 322 0,
PFG_MOEA,1589,6,369.23,5154.87,0 96 242 221 200 165 112 191 152 329 300 121 146 294 174 320 364 393 3 229 308 259 246 264 356 345 377 395 400 42 250 28 247 255 1 262 63 157 291 167 21 372 301 188 394 139 149 316 387 327 17 43 85 215 73 254 183 354 69 265 346 315 99 0,1 200 393
PFG_MOEA,1589,7,369.23,5154.87,0 93 398 227 234 213 190 251 175 390 18 103 155 83 378 31 304 0,
PFG_MOEA,1589,8,369.23,5154.87,0 48 192 330 238 129 148 260 391 0,
PFG_MOEA,1589,9,369.23,5154.87,0 268 272 30 65 283 326 305 154 204 6 208 205 166 66 271 39 0,272
PFG_MOEA,1589,10,369.23,5154.87,0 124 126 20 64 189 158 220 241 297 62 110 140 286 317 333 180 7 56 217 55 25 367 170 361 209 71 97 33 0,
PFG_MOEA,1589,11,369.23,5154.87,0 15 16 380 369 168 203 338 202 306 370 342 144 176 27 98 78 196 296 347 332 324 147 211 244 223 210 45 348 353 153 278 87 171 75 328 248 258 376 368 290 343 54 46 224 225 232 179 287 10 383 382 41 344 349 243 117 178 82 125 9 47 150 216 360 335 0,47 87 353
PFG_MOEA,1589,12,369.23,5154.87,0 207 307 313 359 365 253 206 187 100 310 104 282 143 79 160 50 60 257 270 379 195 5 309 280 351 237 256 274 49 198 163 138 336 252 236 381 23 128 119 2 89 12 61 0,
PFG_MOEA,1590,1,337.93,5308.22,0 187 206 253 313 359 365 0,
PFG_MOEA,1590,2,337.93,5308.22,0 207 307 198 280 351 256 237 101 53 293 133 331 285 392 95 222 163 138 336 252 236 128 119 2 89 12 61 0,133 222
PFG_MOEA,1590,3,337.93,5308.22,0 323 363 352 194 275 277 102 100 49 274 122 239 276 32 40 295 23 381 90 0,
PFG_MOEA,1590,4,337.93,5308.22,0 22 115 245 396 240 385 288 177 181 358 337 384 111 116 76 113 81 29 131 84 281 118 185 214 0,
PFG_MOEA,1590,5,337.93,5308.22,0 334 26 298 371 219 341 134 186 105 355 325 114 389 162 159 74 279 91 24 212 375 284 14 184 318 70 292 263 8 373 169 108 72 52 130 44 386 362 201 312 0,284
PFG_MOEA,1590,6,337.93,5308.22,0 399 172 182 397 36 11 92 86 141 266 303 357 319 199 228 267 366 289 231 34 58 68 161 235 35 249 88 135 233 156 94 230 57 127 109 59 137 136 273 77 151 218 197 388 261 106 173 302 107 164 67 294 226 19 13 80 38 0,
PFG_MOEA,1590,7,337.93,5308.22,0 374 350 311 4 314 193 340 299 321 269 120 142 37 51 145 123 146 121 322 339 132 174 320 364 393 3 229 308 356 264 259 246 42 1 255 247 152 191 112 329 300 165 200 221 242 96 0,132 264 340 393
PFG_MOEA,1590,8,337.93,5308.22,0 28 250 262 400 395 345 377 394 188 301 372 21 167 291 139 149 157 63 316 387 327 17 43 85 215 73 254 183 354 69 265 346 315 99 175 251 190 0,
PFG_MOEA,1590,9,337.93,5308.22,0 304 192 330 238 129 378 83 155 103 18 390 213 234 227 398 140 110 241 62 297 65 283 326 305 154 204 6 208 205 166 66 93 30 272 268 39 271 391 260 148 48 31 0,65 391
PFG_MOEA,1590,10,337.93,5308.22,0 33 71 225 97 232 209 361 170 367 25 55 217 56 7 317 286 333 180 220 158 189 64 20 126 124 224 10 287 179 0,
PFG_MOEA,1590,11,337.93,5308.22,0 15 168 203 369 16 380 335 360 216 150 9 47 125 309 5 195 379 270 210 45 348 353 153 278 87 171 75 328 248 54 46 383 382 344 349 243 117 178 82 41 0,82 87 195 353
PFG_MOEA,1590,12,337.93,5308.22,0 338 202 306 370 342 144 176 27 98 78 196 296 347 332 147 324 211 244 223 104 310 282 143 79 160 50 60 257 258 376 368 290 343 0,290
PFG_MOEA,1591,1,319.42,5478.6,0 222 0,
PFG_MOEA,1591,2,319.42,5478.6,0 95 101 323 363 352 102 277 275 194 53 293 133 331 285 392 115 245 396 240 385 288 177 181 358 337 384 111 116 76 113 81 29 325 131 84 355 114 389 279 74 159 162 371 219 341 22 134 186 105 298 334 26 281 0,105
PFG_MOEA,1591,3,319.42,5478.6,0 118 91 284 184 14 375 212 24 0,375
PFG_MOEA,1591,4,319.42,5478.6,0 399 397 36 11 92 199 86 141 266 319 357 303 289 366 267 228 8 263 292 70 318 373 169 108 72 52 130 44 386 362 201 312 67 164 107 302 173 106 261 388 197 218 151 77 273 136 182 172 0,86 197 318 362
PFG_MOEA,1591,5,319.42,5478.6,0 38 80 13 19 226 57 127 109 59 137 123 145 51 132 142 120 269 321 299 37 340 193 314 4 350 311 156 233 135 88 249 35 235 161 68 58 34 231 94 230 374 0,
PFG_MOEA,1591,6,319.42,5478.6,0 96 242 200 191 112 165 322 339 174 393 3 229 364 320 294 121 146 300 329 152 221 0,200 393
PFG_MOEA,1591,7,319.42,5478.6,0 93 85 247 28 246 259 308 264 356 345 377 395 400 42 250 255 1 262 63 157 291 167 21 372 301 188 394 139 149 316 387 327 17 43 73 215 254 183 354 69 265 346 315 99 390 175 251 190 18 213 234 227 398 0,
PFG_MOEA,1591,8,319.42,5478.6,0 304 31 48 330 192 129 238 148 260 391 271 66 166 205 208 6 204 154 305 326 283 65 62 297 241 158 189 220 110 140 103 155 83 378 124 126 20 64 30 272 268 39 0,62 205 220 391
PFG_MOEA,1591,9,319.42,5478.6,0 7 180 333 286 317 56 217 55 0,
PFG_MOEA,1591,10,319.42,5478.6,0 15 16 380 369 168 203 338 202 306 370 342 144 176 27 98 78 196 296 347 332 324 147 211 244 223 210 45 348 353 153 278 87 171 75 328 248 258 376 368 290 343 54 46 209 361 170 367 25 232 179 224 225 97 71 33 0,16 353 370
PFG_MOEA,1591,11,319.42,5478.6,0 365 253 206 61 89 2 119 128 216 336 138 163 150 47 125 9 100 282 310 104 143 79 160 50 60 257 270 379 195 5 309 280 351 237 256 287 10 383 382 344 349 243 117 178 82 41 0,47 138 178 206 243
PFG_MOEA,1591,12,319.42,5478.6,0 335 187 359 313 360 207 307 198 49 274 122 239 276 32 40 295 23 381 236 252 90 12 214 185 0,
PFG_MOEA,1592,1,312.87,5623.42,0 216 98 370 342 144 176 27 78 196 296 347 332 147 324 211 244 223 104 310 282 79 160 50 379 195 5 309 143 150 47 9 125 0,
PFG_MOEA,1592,2,312.87,5623.42,0 117 243 344 349 343 290 368 376 258 248 328 75 348 353 171 87 278 153 45 210 257 60 270 237 256 274 49 198 222 138 336 239 276 32 177 181 358 337 384 111 116 76 23 381 90 12 0,290 336 353
PFG_MOEA,1592,3,312.87,5623.42,0 22 118 185 214 2 119 128 236 252 40 295 122 392 285 331 133 293 53 101 352 363 323 194 275 277 102 100 351 280 95 163 61 89 207 307 313 359 253 365 0,307
PFG_MOEA,1592,4,312.87,5623.42,0 206 187 0,
PFG_MOEA,1592,5,312.87,5623.42,0 281 26 334 298 219 371 341 134 186 105 115 245 396 240 385 288 113 81 29 325 355 131 84 114 389 162 159 74 279 91 0,341
PFG_MOEA,1592,6,312.87,5623.42,0 80 13 19 226 57 127 109 59 137 136 273 77 151 218 197 388 261 106 173 302 107 164 67 312 201 362 386 44 130 52 72 108 169 373 8 263 292 70 318 184 14 284 375 212 24 303 357 319 182 172 38 0,318 362
PFG_MOEA,1592,7,312.87,5623.42,0 266 141 86 199 228 267 366 289 231 34 58 68 161 235 35 249 88 135 233 156 94 230 374 92 0,
PFG_MOEA,1592,8,312.87,5623.42,0 399 397 36 11 350 311 4 314 193 340 299 321 269 120 142 37 51 123 145 132 339 322 121 146 294 174 320 364 393 3 229 308 356 264 259 246 42 300 329 112 191 165 200 221 242 96 0,51 145 174 264 329
PFG_MOEA,1592,9,312.87,5623.42,0 152 247 28 250 345 377 395 400 394 188 301 372 167 21 139 291 262 1 255 0,
PFG_MOEA,1592,10,312.87,5623.42,0 85 215 73 43 17 327 387 316 149 157 63 354 183 254 69 265 346 315 99 175 251 190 390 18 103 155 83 378 0,175 390
PFG_MOEA,1592,11,312.87,5623.42,0 304 31 48 192 330 129 238 148 260 383 10 224 391 271 39 46 93 398 227 234 213 179 232 225 97 71 33 382 0,
PFG_MOEA,1592,12,312.87,5623.42,0 209 361 170 367 25 55 217 56 7 124 126 20 64 189 158 220 180 333 317 286 140 110 241 62 297 65 283 326 305 154 204 6 208 205 166 66 30 272 268 54 287 178 82 41 335 360 380 369 203 338 202 306 168 15 16 0,7 166 203 361
PFG_MOEA,1593,1,350.97,5291.61,0 22 118 185 214 2 119 252 236 128 381 23 40 32 295 239 122 392 285 331 133 293 53 101 352 363 323 194 275 277 102 100 274 256 237 351 280 376 368 290 343 349 344 243 117 0,23 293 352
PFG_MOEA,1593,2,350.97,5291.61,0 365 359 313 307 207 89 61 163 95 206 253 187 281 26 334 298 219 371 341 134 186 105 115 245 396 240 385 288 177 181 358 337 384 111 116 76 113 81 29 325 355 131 84 114 389 162 159 279 74 284 70 318 184 14 375 212 24 91 0,
PFG_MOEA,1593,3,350.97,5291.61,0 292 263 8 373 169 108 72 52 130 44 386 362 201 312 67 164 107 302 173 106 261 388 197 218 151 77 273 136 137 59 109 0,362 388
PFG_MOEA,1593,4,350.97,5291.61,0 38 80 13 19 226 57 127 68 161 58 34 231 289 366 267 228 199 86 141 266 357 303 319 182 172 0,182
PFG_MOEA,1593,5,350.97,5291.61,0 397 36 11 92 374 350 311 4 314 193 230 94 156 35 88 249 235 135 233 340 299 321 269 120 142 37 51 0,
PFG_MOEA,1593,6,350.97,5291.61,0 399 96 242 200 165 112 329 300 123 145 322 121 146 294 339 132 174 320 364 393 3 229 308 356 264 259 246 28 250 42 262 1 255 247 152 191 221 0,152 174 200 229 246
PFG_MOEA,1593,7,350.97,5291.61,0 345 377 395 400 394 188 301 372 21 167 291 139 149 157 63 316 387 327 17 43 85 215 73 254 183 354 69 265 346 315 99 175 251 190 390 18 103 155 213 234 83 378 0,
PFG_MOEA,1593,8,350.97,5291.61,0 224 93 398 227 71 97 225 232 179 0,
PFG_MOEA,1593,9,350.97,5291.61,0 304 31 48 192 330 129 238 148 33 209 361 170 367 25 55 217 56 7 124 126 20 64 189 158 220 180 333 317 286 140 110 241 62 297 65 283 326 305 154 204 6 208 205 166 66 30 272 268 54 46 39 271 391 10 287 383 382 260 16 369 380 0,39
PFG_MOEA,1593,10,350.97,5291.61,0 15 168 203 178 82 41 0,
PFG_MOEA,1593,11,350.97,5291.61,0 335 0,
PFG_MOEA,1593,12,350.97,5291.61,0 360 90 216 336 47 9 125 198 49 309 5 258 248 328 75 348 353 171 87 278 153 45 379 195 210 257 270 60 50 160 79 143 282 310 104 223 244 211 324 147 222 150 138 276 332 347 296 196 78 98 27 176 144 342 370 306 202 338 12 0,223 370
PFG_MOEA,1594,1,748.42,4875.65,0 399 38 80 96 242 221 226 19 13 172 182 319 303 357 266 141 86 199 228 267 366 289 231 34 58 68 161 235 35 249 88 135 233 156 94 230 374 92 11 36 397 350 311 4 314 193 340 299 321 269 37 142 120 132 339 51 145 123 300 329 112 165 200 191 152 57 127 109 59 137 136 247 255 1 262 42 250 28 273 77 151 146 121 322 294 174 320 364 393 3 106 261 388 229 218 197 246 259 308 264 356 345 377 395 400 394 188 301 372 21 167 291 139 149 157 63 316 387 327 17 43 85 215 73 254 183 354 69 265 346 315 99 175 251 190 390 18 103 155 83 378 213 234 227 0,1 94 174 314 340 390 395
PFG_MOEA,1594,2,748.42,4875.65,0 260 224 93 398 71 33 148 0,
PFG_MOEA,1594,3,748.42,4875.65,0 304 31 192 330 129 238 48 382 383 10 391 271 39 30 272 268 54 46 0,
PFG_MOEA,1594,4,748.42,4875.65,0 15 168 203 369 380 16 41 82 178 209 361 170 367 25 55 217 56 7 124 126 20 64 189 158 220 180 333 317 286 140 110 241 62 297 65 283 326 305 154 204 6 208 205 166 66 335 0,65 220 361
PFG_MOEA,1594,5,748.42,4875.65,0 12 90 381 216 47 125 9 150 360 117 243 349 344 287 97 225 232 179 343 290 368 376 258 248 328 75 348 353 171 87 278 153 45 210 257 270 60 50 160 79 379 195 5 309 143 282 310 104 223 244 211 324 147 347 332 331 285 296 196 78 392 98 115 245 27 176 144 342 240 370 396 385 288 306 177 181 358 337 384 111 116 76 113 81 29 325 355 131 84 338 202 114 389 22 0,176 210 370
PFG_MOEA,1594,6,748.42,4875.65,0 23 32 276 239 336 138 222 49 274 198 0,
PFG_MOEA,1594,7,748.42,4875.65,0 118 185 214 2 119 128 236 252 40 295 122 133 293 53 101 352 363 323 194 275 277 102 100 237 280 351 256 95 163 61 89 207 307 313 0,133 323
PFG_MOEA,1594,8,748.42,4875.65,0 365 359 253 206 0,
PFG_MOEA,1594,9,748.42,4875.65,0 187 0,
PFG_MOEA,1594,10,748.42,4875.65,0 281 26 334 298 341 105 186 134 162 371 219 0,
PFG_MOEA,1594,11,748.42,4875.65,0 159 279 74 284 184 318 70 292 14 375 212 24 91 0,375
PFG_MOEA,1594,12,748.42,4875.65,0 263 8 373 169 108 72 52 130 44 386 107 164 173 302 67 312 201 362 0,386
PFG_MOEA,1595,1,404.27,5140.48,0 89 90 381 23 295 32 276 40 45 353 348 171 87 153 278 210 379 195 270 257 60 50 160 79 143 282 310 104 223 244 211 324 147 163 53 347 332 133 331 296 293 196 78 245 98 115 27 176 144 342 240 370 396 385 288 306 177 181 358 337 384 111 116 76 113 81 29 202 338 22 118 185 214 0,177 223 245 379
PFG_MOEA,1595,2,404.27,5140.48,0 281 105 26 334 298 219 371 341 134 186 84 131 325 355 114 389 162 159 74 279 91 24 212 375 284 14 184 318 70 292 263 8 373 169 108 72 52 130 44 386 362 0,134 362
PFG_MOEA,1595,3,404.27,5140.48,0 57 127 109 59 137 136 273 77 151 218 197 388 261 106 173 302 107 164 67 312 201 0,
PFG_MOEA,1595,4,404.27,5140.48,0 38 80 13 19 226 182 172 303 357 319 266 141 86 233 135 88 249 35 235 161 68 58 34 231 289 366 267 228 199 11 36 397 399 0,266
PFG_MOEA,1595,5,404.27,5140.48,0 92 156 94 230 374 350 311 4 314 193 340 299 321 269 37 142 120 132 339 51 145 123 322 121 146 294 174 320 364 393 3 229 308 356 264 259 246 42 247 152 191 112 329 300 165 200 221 242 96 0,299 329
PFG_MOEA,1595,6,404.27,5140.48,0 255 1 262 377 345 250 28 0,
PFG_MOEA,1595,7,404.27,5140.48,0 395 400 394 188 301 372 21 167 291 139 149 0,
PFG_MOEA,1595,8,404.27,5140.48,0 304 31 48 148 129 238 330 192 85 215 73 43 17 327 387 316 63 157 354 183 254 69 265 346 315 99 175 251 190 390 18 103 155 83 378 213 234 227 398 93 260 0,93
PFG_MOEA,1595,9,404.27,5140.48,0 391 271 0,
PFG_MOEA,1595,10,404.27,5140.48,0 39 268 272 30 66 166 205 208 6 204 154 305 326 283 65 297 62 241 110 140 286 0,
PFG_MOEA,1595,11,404.27,5140.48,0 15 168 203 369 380 16 82 178 117 243 349 344 46 54 124 126 20 64 189 158 220 180 317 333 7 56 217 55 25 367 170 361 209 33 71 225 97 232 179 287 224 10 383 382 0,16
PFG_MOEA,1595,12,404.27,5140.48,0 335 360 365 253 206 359 313 307 207 61 12 2 119 128 236 252 216 336 138 239 122 392 285 194 275 277 352 363 323 101 95 222 150 9 47 125 198 100 102 49 274 256 237 351 280 309 5 75 328 248 258 376 368 290 343 187 41 0,100 206
PFG_MOEA,1596,1,759.34,4800.0,0 219 341 105 389 114 84 131 355 325 29 81 113 76 116 111 384 337 358 181 177 288 385 240 396 245 115 392 285 331 133 293 53 163 150 9 125 47 216 89 61 206 253 365 0,245
PFG_MOEA,1596,2,759.34,4800.0,0 22 134 186 162 159 279 74 284 184 318 70 292 263 8 373 169 108 14 375 212 24 91 0,318
PFG_MOEA,1596,3,759.34,4800.0,0 304 31 48 148 260 224 71 33 129 238 330 192 200 165 112 191 152 127 57 109 59 137 273 136 247 17 43 85 215 73 254 69 354 183 327 387 157 149 188 394 316 63 262 1 255 250 28 42 400 395 377 345 356 264 259 246 308 229 197 218 151 77 107 164 67 302 388 3 106 173 261 320 364 393 312 201 362 329 300 123 51 145 322 121 146 294 174 339 132 120 142 37 269 321 299 340 233 135 88 249 35 161 235 68 58 34 386 231 289 366 267 228 44 130 52 72 303 357 319 266 141 86 92 199 156 94 230 311 374 11 36 397 350 4 314 193 182 172 13 19 226 221 242 96 80 38 0,33 106 174 200 303 311 394
PFG_MOEA,1596,4,759.34,4800.0,0 378 83 155 103 18 190 251 175 99 315 346 372 301 167 21 139 291 265 390 234 0,
PFG_MOEA,1596,5,759.34,4800.0,0 179 391 271 39 30 272 268 46 54 93 398 227 213 232 0,391
PFG_MOEA,1596,6,759.34,4800.0,0 225 0,
PFG_MOEA,1596,7,759.34,4800.0,0 97 209 361 170 367 0,
PFG_MOEA,1596,8,759.34,4800.0,0 399 15 168 203 338 202 306 370 342 144 176 27 98 78 196 369 380 16 41 82 178 117 243 344 349 66 343 290 368 376 258 248 328 75 348 353 45 210 278 153 171 87 6 208 205 166 158 189 220 241 62 297 65 283 204 154 305 326 110 140 180 333 317 286 25 55 217 56 7 124 126 20 64 287 10 383 382 0,62 66 205 220 342
PFG_MOEA,1596,9,759.34,4800.0,0 2 119 128 295 40 32 276 239 122 296 332 347 138 336 222 95 101 194 147 324 275 323 363 352 277 102 223 244 211 104 310 100 282 143 79 160 50 60 257 270 379 195 5 309 280 351 237 256 274 49 198 252 236 0,
PFG_MOEA,1596,10,759.34,4800.0,0 381 23 90 12 207 307 0,
PFG_MOEA,1596,11,759.34,4800.0,0 335 187 359 313 360 214 0,
PFG_MOEA,1596,12,759.34,4800.0,0 185 118 281 26 334 298 371 0,
PFG_MOEA,1597,1,314.81,5596.11,0 12 90 128 236 252 336 276 138 222 198 49 274 256 237 351 280 309 5 290 343 313 207 0,222
PFG_MOEA,1597,2,314.81,5596.11,0 91 292 263 8 373 169 108 14 375 212 24 371 219 341 298 334 26 281 118 185 214 295 40 32 239 122 95 101 352 363 323 194 275 277 102 100 23 381 119 2 307 359 187 148 48 31 304 0,23
PFG_MOEA,1597,3,314.81,5596.11,0 260 224 71 33 127 152 191 112 165 200 129 238 330 192 0,33
PFG_MOEA,1597,4,314.81,5596.11,0 57 67 302 173 106 3 388 164 107 77 151 218 197 229 308 246 259 264 356 345 377 395 400 42 28 250 255 1 262 63 316 394 188 149 157 387 327 183 354 69 254 73 215 85 43 17 247 136 273 137 59 109 0,
PFG_MOEA,1597,5,314.81,5596.11,0 329 300 362 123 51 145 322 121 146 201 261 320 364 393 312 294 174 339 132 206 253 365 360 335 0,362 393
PFG_MOEA,1597,6,314.81,5596.11,0 61 358 181 177 288 385 240 396 245 115 392 285 331 133 293 53 163 150 9 125 47 216 89 0,
PFG_MOEA,1597,7,314.81,5596.11,0 80 13 19 226 35 161 235 58 34 386 231 289 366 267 228 44 130 52 72 318 70 184 284 74 279 159 162 389 114 355 325 384 337 111 116 76 113 81 29 131 84 105 186 134 22 0,
PFG_MOEA,1597,8,314.81,5596.11,0 38 96 242 221 172 182 397 350 311 4 314 193 230 94 156 374 36 11 92 319 357 303 266 141 86 199 68 135 88 249 233 340 299 321 269 120 142 37 301 21 139 291 167 372 346 315 99 175 251 0,182
PFG_MOEA,1597,9,314.81,5596.11,0 97 225 232 179 391 271 158 241 62 297 65 283 204 154 305 326 110 140 286 317 333 180 220 126 124 7 56 217 55 25 367 170 361 209 227 234 213 190 390 265 18 103 155 83 378 398 93 54 46 268 272 30 39 0,65 154
PFG_MOEA,1597,10,314.81,5596.11,0 399 15 16 380 41 82 178 117 243 344 349 20 189 64 166 205 208 6 87 171 153 278 210 353 258 376 368 66 287 10 383 382 0,243
PFG_MOEA,1597,11,314.81,5596.11,0 369 338 203 168 0,
PFG_MOEA,1597,12,314.81,5596.11,0 202 306 370 342 144 176 27 98 78 196 296 347 332 324 147 211 244 223 104 310 282 143 79 160 50 60 257 270 379 195 45 348 75 328 248 0,370
PFG_MOEA,1598,1,411.21,4974.5,0 12 90 381 23 32 276 239 336 138 222 198 49 274 256 237 351 280 252 236 128 119 2 0,23
PFG_MOEA,1598,2,411.21,4974.5,0 22 118 185 214 295 40 122 392 285 331 133 293 53 101 352 363 323 194 275 277 102 100 95 163 61 89 207 307 313 359 365 253 206 187 0,22 100
PFG_MOEA,1598,3,411.21,4974.5,0 115 0,
PFG_MOEA,1598,4,411.21,4974.5,0 245 396 240 385 288 177 181 358 337 384 111 116 76 113 81 29 325 355 0,
PFG_MOEA,1598,5,411.21,4974.5,0 281 26 334 298 341 134 186 131 84 114 389 105 219 371 162 159 74 279 91 24 212 375 284 14 184 318 70 292 263 8 373 169 108 72 52 130 44 386 362 201 312 67 164 107 302 173 106 261 388 197 218 151 77 273 136 137 59 109 127 57 226 19 13 80 0,77 106 284
PFG_MOEA,1598,6,411.21,4974.5,0 38 172 182 319 303 357 266 141 86 199 228 267 366 289 231 34 58 68 161 235 35 249 88 135 233 156 94 230 374 92 11 36 397 350 311 4 314 193 340 299 321 269 120 142 37 51 123 145 132 339 322 121 146 294 174 320 364 393 3 229 308 356 264 259 246 42 300 329 112 221 242 96 0,51 174 229 246 299
PFG_MOEA,1598,7,411.21,4974.5,0 399 200 165 191 152 247 255 1 262 250 28 345 377 395 400 394 188 301 372 21 167 291 139 149 157 63 316 387 327 17 43 85 215 73 254 183 354 69 265 346 315 99 175 251 190 390 18 103 155 83 378 213 234 227 398 93 224 179 232 225 97 71 33 260 148 238 129 330 192 48 31 304 0,93
PFG_MOEA,1598,8,411.21,4974.5,0 382 383 10 391 271 39 46 54 268 272 30 66 166 205 208 6 204 154 305 326 283 65 297 62 241 110 140 286 317 333 180 220 158 189 64 20 126 124 7 56 217 55 25 367 170 361 209 287 0,55 62 66 220
PFG_MOEA,1598,9,411.21,4974.5,0 380 0,
PFG_MOEA,1598,10,411.21,4974.5,0 16 369 15 0,
PFG_MOEA,1598,11,411.21,4974.5,0 168 203 178 82 41 0,178
PFG_MOEA,1598,12,411.21,4974.5,0 335 360 338 202 306 370 342 144 176 27 98 78 196 296 347 332 216 47 125 9 150 147 324 211 244 223 104 310 282 143 309 5 195 379 79 160 50 60 270 257 210 45 153 278 87 171 353 348 75 328 248 258 376 368 290 343 349 344 243 117 0,
PFG_MOEA,1599,1,312.55,5795.78,0 336 138 239 122 296 347 332 324 275 277 104 211 244 223 102 352 363 323 194 147 101 95 222 0,122 211 222 277
PFG_MOEA,1599,2,312.55,5795.78,0 335 360 207 307 313 359 187 100 310 282 143 79 160 50 60 257 270 379 195 5 309 280 351 237 256 274 49 198 252 236 381 23 90 12 214 185 118 281 26 334 298 371 72 52 130 44 386 80 0,5 307
PFG_MOEA,1599,3,312.55,5795.78,0 13 19 226 57 127 109 59 137 136 273 77 151 218 197 388 261 106 173 302 107 164 67 312 201 362 123 51 145 294 174 339 132 142 120 269 321 299 0,174
PFG_MOEA,1599,4,312.55,5795.78,0 340 233 135 88 249 35 235 161 68 58 34 231 289 366 267 228 141 266 303 357 319 86 199 156 94 0,303
PFG_MOEA,1599,5,312.55,5795.78,0 38 172 182 397 36 11 92 374 230 311 350 4 314 193 37 322 121 146 320 364 393 3 229 308 356 264 259 246 42 300 329 112 191 152 221 242 96 0,42 264
PFG_MOEA,1599,6,312.55,5795.78,0 200 165 129 0,
PFG_MOEA,1599,7,312.55,5795.78,0 304 330 395 400 394 188 301 372 21 167 291 139 149 157 63 316 387 17 43 33 71 224 260 0,
PFG_MOEA,1599,8,312.55,5795.78,0 399 247 28 250 345 377 262 1 255 327 254 73 215 85 93 179 232 225 97 148 238 192 48 31 0,93
PFG_MOEA,1599,9,312.55,5795.78,0 378 69 183 354 265 346 315 99 175 251 190 390 18 103 155 83 234 213 227 398 209 361 170 367 25 55 217 56 7 180 333 317 286 140 110 62 297 65 283 326 305 154 204 6 208 241 220 158 189 64 20 126 124 0,175
PFG_MOEA,1599,10,312.55,5795.78,0 287 382 383 10 268 272 30 66 166 205 271 39 391 53 293 133 331 285 392 115 245 396 240 385 288 177 181 358 337 384 111 116 76 113 81 29 325 355 131 84 114 389 105 341 219 0,
PFG_MOEA,1599,11,312.55,5795.78,0 91 24 212 375 14 108 169 373 8 263 292 70 318 184 284 74 279 159 162 22 134 186 89 216 47 125 9 150 163 61 365 253 206 46 54 0,
PFG_MOEA,1599,12,312.55,5795.78,0 41 82 178 117 243 344 349 343 290 368 376 258 248 328 75 171 87 153 278 210 45 353 348 2 119 128 295 40 32 276 196 78 98 27 176 144 342 370 306 202 338 203 168 369 380 16 15 0,16 87 203
PFG_MOEA,1600,1,389.39,5146.42,0 163 78 53 293 133 331 285 392 98 115 245 27 396 240 385 288 177 181 358 337 384 111 116 76 113 81 29 325 355 131 84 114 389 91 279 74 159 162 371 219 298 341 22 134 186 105 118 185 0,
PFG_MOEA,1600,2,389.39,5146.42,0 281 26 334 24 212 375 284 14 184 318 70 292 263 8 373 169 108 72 52 130 44 386 51 145 123 362 201 294 312 67 164 107 302 173 106 261 388 197 218 151 77 273 136 137 59 109 127 57 226 19 13 80 0,
PFG_MOEA,1600,3,389.39,5146.42,0 142 339 174 132 120 269 321 299 340 233 135 88 249 35 235 161 68 58 34 231 289 366 267 228 141 266 303 357 319 86 199 156 94 230 374 92 11 36 397 350 311 4 314 193 0,88
PFG_MOEA,1600,4,389.39,5146.42,0 182 172 38 0,
PFG_MOEA,1600,5,389.39,5146.42,0 37 322 121 146 320 364 393 3 229 308 356 264 259 246 42 300 329 112 152 191 165 200 221 242 96 0,152 264 329
PFG_MOEA,1600,6,389.39,5146.42,0 129 33 71 224 260 0,
PFG_MOEA,1600,7,389.39,5146.42,0 399 247 255 1 262 250 28 345 377 395 400 394 188 301 372 21 167 291 139 149 157 63 316 387 17 43 73 254 327 183 354 69 215 85 93 179 232 225 97 148 48 238 330 192 31 304 0,395
PFG_MOEA,1600,8,389.39,5146.42,0 16 15 168 203 369 380 391 271 39 268 272 30 66 166 205 208 6 204 154 305 326 283 65 297 62 241 110 140 286 317 333 180 220 158 189 64 20 126 124 7 56 217 55 25 367 170 361 209 398 227 234 213 190 251 175 99 315 346 265 390 18 103 155 83 378 54 46 287 10 383 382 41 0,7 16 20 103 272
PFG_MOEA,1600,9,389.39,5146.42,0 82 178 117 243 368 376 258 353 153 171 87 278 210 143 237 256 274 49 100 282 310 104 102 277 275 194 323 363 352 101 198 95 222 138 122 276 336 252 236 128 23 381 90 119 2 12 0,
PFG_MOEA,1600,10,389.39,5146.42,0 344 349 351 280 309 5 79 160 50 60 257 270 379 195 45 348 75 328 248 290 343 187 0,
PFG_MOEA,1600,11,389.39,5146.42,0 214 295 40 32 239 370 342 144 176 150 47 9 125 216 89 61 207 307 313 359 206 253 365 360 335 0,176
PFG_MOEA,1600,12,389.39,5146.42,0 338 202 306 196 296 347 332 324 147 211 244 223 0,
PFG_MOEA,1601,1,413.96,4915.5,0 187 206 253 365 359 313 307 207 61 12 89 2 119 128 236 252 336 138 163 222 95 198 351 280 237 256 274 49 100 102 277 275 194 323 363 352 101 53 293 133 331 285 392 122 239 276 32 40 295 23 381 90 113 81 29 76 116 111 384 337 358 181 177 288 385 240 396 245 115 22 118 185 214 0,245 381
PFG_MOEA,1601,2,413.96,4915.5,0 281 84 131 325 355 114 389 186 134 341 298 26 334 0,
PFG_MOEA,1601,3,413.96,4915.5,0 371 219 105 162 159 74 279 91 24 212 375 284 14 184 318 70 292 263 8 373 169 108 72 52 130 44 386 362 201 312 67 164 107 302 173 106 261 388 197 218 151 77 273 136 137 59 0,
PFG_MOEA,1601,4,413.96,4915.5,0 57 127 109 226 0,
PFG_MOEA,1601,5,413.96,4915.5,0 19 0,
PFG_MOEA,1601,6,413.96,4915.5,0 38 303 357 266 141 86 199 228 267 366 289 231 34 58 68 161 235 35 249 88 135 233 319 182 172 13 80 0,88
PFG_MOEA,1601,7,413.96,4915.5,0 399 397 36 11 92 156 94 230 374 350 311 4 314 193 340 299 321 269 120 142 37 51 123 145 132 339 322 121 146 294 174 320 364 393 3 229 308 356 264 259 246 42 300 329 112 191 165 200 221 242 96 0,11 340 374 393
PFG_MOEA,1601,8,413.96,4915.5,0 152 247 255 1 262 250 28 345 377 395 400 394 188 301 372 21 167 291 139 149 157 63 316 387 327 17 43 85 215 73 254 183 354 69 265 346 315 99 175 251 190 390 18 103 155 83 378 213 234 227 398 93 0,1 152 175 227
PFG_MOEA,1601,9,413.96,4915.5,0 304 31 48 192 330 238 129 148 260 391 271 39 268 272 30 66 166 205 208 6 204 154 305 326 283 65 297 62 241 110 140 286 317 333 180 220 158 189 64 20 126 124 7 56 217 55 25 367 170 361 209 71 33 97 225 232 179 224 0,55 391
PFG_MOEA,1601,10,413.96,4915.5,0 287 10 383 382 0,
PFG_MOEA,1601,11,413.96,4915.5,0 16 15 168 203 369 380 82 178 117 243 349 344 54 46 41 0,
PFG_MOEA,1601,12,413.96,4915.5,0 335 360 216 150 9 47 125 309 5 343 290 368 376 258 248 328 75 171 87 278 153 353 348 45 210 195 379 270 257 60 50 160 79 143 282 310 104 223 244 211 324 147 332 347 296 196 78 98 27 176 144 342 370 306 202 338 0,
PFG_MOEA,1602,1,320.55,5348.04,0 80 13 172 182 397 36 11 92 233 135 88 249 35 235 161 68 58 34 231 289 319 399 0,
PFG_MOEA,1602,2,320.55,5348.04,0 374 230 94 156 311 350 4 314 193 340 299 321 269 120 142 132 339 174 320 364 308 229 3 393 294 146 121 322 123 145 51 37 0,393
PFG_MOEA,1602,3,320.55,5348.04,0 96 242 221 200 165 112 329 300 191 152 247 255 1 262 42 250 28 246 259 264 356 345 377 395 400 394 188 301 372 21 167 291 139 149 157 63 316 387 327 17 43 85 215 73 254 183 354 69 265 346 315 99 175 251 190 0,215
PFG_MOEA,1602,4,320.55,5348.04,0 304 31 192 330 238 129 398 227 234 213 18 390 286 140 110 241 93 260 148 48 0,
PFG_MOEA,1602,5,320.55,5348.04,0 317 333 0,
PFG_MOEA,1602,6,320.55,5348.04,0 33 71 209 361 170 367 25 55 217 56 7 180 220 158 189 64 20 126 124 224 10 383 382 16 203 168 15 0,25
PFG_MOEA,1602,7,320.55,5348.04,0 380 369 335 360 216 150 9 47 125 309 5 195 379 270 210 45 348 353 153 278 87 171 75 328 248 258 376 368 290 343 54 46 344 349 243 117 178 82 41 0,
PFG_MOEA,1602,8,320.55,5348.04,0 338 202 306 370 342 144 176 27 98 78 196 296 347 332 147 324 211 244 223 104 310 282 143 79 160 50 60 257 6 204 154 305 326 283 62 297 65 208 205 166 66 30 272 268 0,66
PFG_MOEA,1602,9,320.55,5348.04,0 187 206 253 365 359 313 307 207 61 12 89 2 119 128 236 252 336 138 163 222 95 198 351 256 237 280 391 271 39 378 83 155 103 232 179 287 225 97 0,138 307
PFG_MOEA,1602,10,320.55,5348.04,0 22 389 114 84 131 325 355 29 81 113 76 116 111 384 337 358 181 177 288 385 240 396 245 115 392 285 331 133 293 53 101 352 363 323 194 275 277 102 100 49 274 122 239 276 32 40 295 23 381 90 214 185 281 118 0,323 331
PFG_MOEA,1602,11,320.55,5348.04,0 334 298 26 105 186 134 341 219 371 24 212 375 14 184 318 70 292 263 8 373 169 284 74 279 91 159 162 0,134
PFG_MOEA,1602,12,320.55,5348.04,0 38 19 226 57 127 109 59 137 136 273 77 151 218 197 388 261 106 173 302 107 164 67 312 201 362 366 267 228 386 44 130 52 72 108 303 357 266 141 86 199 0,106 386
PFG_MOEA,1603,1,270.73,5843.94,0 335 187 309 5 195 379 270 257 60 50 160 79 143 280 351 237 256 274 49 198 252 236 381 23 90 12 207 307 0,
PFG_MOEA,1603,2,270.73,5843.94,0 61 313 359 206 253 365 360 214 185 118 281 26 334 298 371 22 134 186 162 159 292 263 8 373 318 70 184 284 74 279 0,134 284 313 318
PFG_MOEA,1603,3,270.73,5843.94,0 91 169 108 14 375 212 24 192 330 238 129 200 165 112 191 152 127 57 109 59 137 273 136 247 17 43 85 215 33 71 224 260 148 48 31 304 0,33 200
PFG_MOEA,1603,4,270.73,5843.94,0 73 254 69 354 183 327 387 157 149 188 394 316 63 262 1 255 250 28 42 400 395 377 345 356 264 259 246 308 229 197 218 151 77 107 164 67 302 388 3 106 173 261 320 364 0,
PFG_MOEA,1603,5,270.73,5843.94,0 329 300 362 123 51 145 322 121 146 201 312 393 294 174 339 132 120 142 0,145 174
PFG_MOEA,1603,6,270.73,5843.94,0 37 269 321 299 340 219 341 105 84 131 29 81 113 76 116 111 181 358 337 384 325 355 114 389 0,341
PFG_MOEA,1603,7,270.73,5843.94,0 89 216 47 125 9 150 163 53 293 133 331 285 392 115 245 396 240 385 288 177 34 58 235 135 233 88 249 35 161 68 0,133 240
PFG_MOEA,1603,8,270.73,5843.94,0 172 182 193 314 4 350 397 36 11 374 311 230 94 156 199 92 86 319 266 141 289 231 386 366 267 228 44 130 52 72 303 357 13 19 226 221 242 96 0,141 386
PFG_MOEA,1603,9,270.73,5843.94,0 38 80 378 83 291 139 21 167 301 372 346 315 265 390 99 175 251 190 18 103 155 234 227 398 93 54 46 268 272 30 39 271 391 179 0,
PFG_MOEA,1603,10,270.73,5843.94,0 97 225 232 209 361 213 170 367 328 248 258 376 368 290 343 66 349 344 243 117 178 82 41 16 380 369 196 78 98 27 176 144 342 370 306 202 338 203 168 15 399 0,82 176 225
PFG_MOEA,1603,11,270.73,5843.94,0 287 64 166 205 75 348 353 45 210 278 153 171 87 6 208 158 189 220 241 62 297 65 283 204 154 305 326 110 140 180 333 317 286 25 55 217 56 7 124 126 20 10 0,65 126
PFG_MOEA,1603,12,270.73,5843.94,0 2 119 128 295 40 32 276 239 122 296 332 347 138 336 222 95 101 194 147 324 275 323 363 352 277 102 223 244 211 104 310 100 282 383 382 0,2
PFG_MOEA,1604,1,369.23,5154.87,0 90 295 40 32 276 239 122 222 95 101 323 363 352 102 277 275 194 53 293 133 331 285 392 115 245 396 240 385 288 177 181 358 337 384 111 116 76 113 81 29 325 131 84 355 114 389 279 74 159 162 371 219 341 22 134 186 105 298 334 26 281 118 185 214 0,40 240 245 331
PFG_MOEA,1604,2,369.23,5154.87,0 91 24 212 375 284 14 184 318 70 292 263 8 373 169 108 72 52 130 44 386 0,318
PFG_MOEA,1604,3,369.23,5154.87,0 362 201 312 67 164 107 302 173 106 261 388 197 218 151 77 273 136 0,106
PFG_MOEA,1604,4,369.23,5154.87,0 399 172 182 397 36 11 92 86 141 266 303 357 319 199 228 267 366 289 231 34 58 68 161 235 35 249 88 135 233 156 94 230 374 350 311 4 314 193 340 299 321 269 120 142 37 51 145 123 137 59 109 127 57 226 19 13 80 38 0,340
PFG_MOEA,1604,5,369.23,5154.87,0 132 339 322 0,
PFG_MOEA,1604,6,369.23,5154.87,0 96 242 221 200 165 112 191 152 329 300 121 146 294 174 320 364 393 3 229 308 259 246 264 356 345 377 395 400 42 250 28 247 255 1 262 63 157 291 167 21 372 301 188 394 139 149 316 387 327 17 43 85 215 73 254 183 354 69 265 346 315 99 0,1 200 393
PFG_MOEA,1604,7,369.23,5154.87,0 93 398 227 234 213 190 251 175 390 18 103 155 83 378 31 304 0,
PFG_MOEA,1604,8,369.23,5154.87,0 48 192 330 238 129 148 260 391 0,
PFG_MOEA,1604,9,369.23,5154.87,0 268 272 30 65 283 326 305 154 204 6 208 205 166 66 271 39 0,272
PFG_MOEA,1604,10,369.23,5154.87,0 124 126 20 64 189 158 220 241 297 62 110 140 286 317 333 180 7 56 217 55 25 367 170 361 209 71 97 33 0,
PFG_MOEA,1604,11,369.23,5154.87,0 15 16 380 369 168 203 338 202 306 370 342 144 176 27 98 78 196 296 347 332 324 147 211 244 223 210 45 348 353 153 278 87 171 75 328 248 258 376 368 290 343 54 46 224 225 232 179 287 10 383 382 41 344 349 243 117 178 82 125 9 47 150 216 360 335 0,47 87 353
PFG_MOEA,1604,12,369.23,5154.87,0 207 307 313 359 365 253 206 187 100 310 104 282 143 79 160 50 60 257 270 379 195 5 309 280 351 237 256 274 49 198 163 138 336 252 236 381 23 128 119 2 89 12 61 0,
PFG_MOEA,1605,1,337.93,5308.22,0 187 206 253 313 359 365 0,
PFG_MOEA,1605,2,337.93,5308.22,0 207 307 198 280 351 256 237 101 53 293 133 331 285 392 95 222 163 138 336 252 236 128 119 2 89 12 61 0,133 222
PFG_MOEA,1605,3,337.93,5308.22,0 323 363 352 194 275 277 102 100 49 274 122 239 276 32 40 295 23 381 90 0,
PFG_MOEA,1605,4,337.93,5308.22,0 22 115 245 396 240 385 288 177 181 358 337 384 111 116 76 113 81 29 131 84 281 118 185 214 0,
PFG_MOEA,1605,5,337.93,5308.22,0 334 26 298 371 219 341 134 186 105 355 325 114 389 162 159 74 279 91 24 212 375 284 14 184 318 70 292 263 8 373 169 108 72 52 130 44 386 362 201 312 0,284
PFG_MOEA,1605,6,337.93,5308.22,0 399 172 182 397 36 11 92 86 141 266 303 357 319 199 228 267 366 289 231 34 58 68 161 235 35 249 88 135 233 156 94 230 57 127 109 59 137 136 273 77 151 218 197 388 261 106 173 302 107 164 67 294 226 19 13 80 38 0,
PFG_MOEA,1605,7,337.93,5308.22,0 374 350 311 4 314 193 340 299 321 269 120 142 37 51 145 123 146 121 322 339 132 174 320 364 393 3 229 308 356 264 259 246 42 1 255 247 152 191 112 329 300 165 200 221 242 96 0,132 264 340 393
PFG_MOEA,1605,8,337.93,5308.22,0 28 250 262 400 395 345 377 394 188 301 372 21 167 291 139 149 157 63 316 387 327 17 43 85 215 73 254 183 354 69 265 346 315 99 175 251 190 0,
PFG_MOEA,1605,9,337.93,5308.22,0 304 192 330 238 129 378 83 155 103 18 390 213 234 227 398 140 110 241 62 297 65 283 326 305 154 204 6 208 205 166 66 93 30 272 268 39 271 391 260 148 48 31 0,65 391
PFG_MOEA,1605,10,337.93,5308.22,0 33 71 225 97 232 209 361 170 367 25 55 217 56 7 317 286 333 180 220 158 189 64 20 126 124 224 10 287 179 0,
PFG_MOEA,1605,11,337.93,5308.22,0 15 168 203 369 16 380 335 360 216 150 9 47 125 309 5 195 379 270 210 45 348 353 153 278 87 171 75 328 248 54 46 383 382 344 349 243 117 178 82 41 0,82 87 195 353
PFG_MOEA,1605,12,337.93,5308.22,0 338 202 306 370 342 144 176 27 98 78 196 296 347 332 147 324 211 244 223 104 310 282 143 79 160 50 60 257 258 376 368 290 343 0,290
PFG_MOEA,1606,1,319.42,5478.6,0 222 0,
PFG_MOEA,1606,2,319.42,5478.6,0 95 101 323 363 352 102 277 275 194 53 293 133 331 285 392 115 245 396 240 385 288 177 181 358 337 384 111 116 76 113 81 29 325 131 84 355 114 389 279 74 159 162 371 219 341 22 134 186 105 298 334 26 281 0,105
PFG_MOEA,1606,3,319.42,5478.6,0 118 91 284 184 14 375 212 24 0,375
PFG_MOEA,1606,4,319.42,5478.6,0 399 397 36 11 92 199 86 141 266 319 357 303 289 366 267 228 8 263 292 70 318 373 169 108 72 52 130 44 386 362 201 312 67 164 107 302 173 106 261 388 197 218 151 77 273 136 182 172 0,86 197 318 362
PFG_MOEA,1606,5,319.42,5478.6,0 38 80 13 19 226 57 127 109 59 137 123 145 51 132 142 120 269 321 299 37 340 193 314 4 350 311 156 233 135 88 249 35 235 161 68 58 34 231 94 230 374 0,
PFG_MOEA,1606,6,319.42,5478.6,0 96 242 200 191 112 165 322 339 174 393 3 229 364 320 294 121 146 300 329 152 221 0,200 393
PFG_MOEA,1606,7,319.42,5478.6,0 93 85 247 28 246 259 308 264 356 345 377 395 400 42 250 255 1 262 63 157 291 167 21 372 301 188 394 139 149 316 387 327 17 43 73 215 254 183 354 69 265 346 315 99 390 175 251 190 18 213 234 227 398 0,
PFG_MOEA,1606,8,319.42,5478.6,0 304 31 48 330 192 129 238 148 260 391 271 66 166 205 208 6 204 154 305 326 283 65 62 297 241 158 189 220 110 140 103 155 83 378 124 126 20 64 30 272 268 39 0,62 205 220 391
PFG_MOEA,1606,9,319.42,5478.6,0 7 180 333 286 317 56 217 55 0,
PFG_MOEA,1606,10,319.42,5478.6,0 15 16 380 369 168 203 338 202 306 370 342 144 176 27 98 78 196 296 347 332 324 147 211 244 223 210 45 348 353 153 278 87 171 75 328 248 258 376 368 290 343 54 46 209 361 170 367 25 232 179 224 225 97 71 33 0,16 353 370
PFG_MOEA,1606,11,319.42,5478.6,0 365 253 206 61 89 2 119 128 216 336 138 163 150 47 125 9 100 282 310 104 143 79 160 50 60 257 270 379 195 5 309 280 351 237 256 287 10 383 382 344 349 243 117 178 82 41 0,47 138 178 206 243
PFG_MOEA,1606,12,319.42,5478.6,0 335 187 359 313 360 207 307 198 49 274 122 239 276 32 40 295 23 381 236 252 90 12 214 185 0,
PFG_MOEA,1607,1,312.87,5623.42,0 216 98 370 342 144 176 27 78 196 296 347 332 147 324 211 244 223 104 310 282 79 160 50 379 195 5 309 143 150 47 9 125 0,
PFG_MOEA,1607,2,312.87,5623.42,0 117 243 344 349 343 290 368 376 258 248 328 75 348 353 171 87 278 153 45 210 257 60 270 237 256 274 49 198 222 138 336 239 276 32 177 181 358 337 384 111 116 76 23 381 90 12 0,290 336 353
PFG_MOEA,1607,3,312.87,5623.42,0 22 118 185 214 2 119 128 236 252 40 295 122 392 285 331 133 293 53 101 352 363 323 194 275 277 102 100 351 280 95 163 61 89 207 307 313 359 253 365 0,307
PFG_MOEA,1607,4,312.87,5623.42,0 206 187 0,
PFG_MOEA,1607,5,312.87,5623.42,0 281 26 334 298 219 371 341 134 186 105 115 245 396 240 385 288 113 81 29 325 355 131 84 114 389 162 159 74 279 91 0,341
PFG_MOEA,1607,6,312.87,5623.42,0 80 13 19 226 57 127 109 59 137 136 273 77 151 218 197 388 261 106 173 302 107 164 67 312 201 362 386 44 130 52 72 108 169 373 8 263 292 70 318 184 14 284 375 212 24 303 357 319 182 172 38 0,318 362
PFG_MOEA,1607,7,312.87,5623.42,0 266 141 86 199 228 267 366 289 231 34 58 68 161 235 35 249 88 135 233 156 94 230 374 92 0,
PFG_MOEA,1607,8,312.87,5623.42,0 399 397 36 11 350 311 4 314 193 340 299 321 269 120 142 37 51 123 145 132 339 322 121 146 294 174 320 364 393 3 229 308 356 264 259 246 42 300 329 112 191 165 200 221 242 96 0,51 145 174 264 329
PFG_MOEA,1607,9,312.87,5623.42,0 152 247 28 250 345 377 395 400 394 188 301 372 167 21 139 291 262 1 255 0,
PFG_MOEA,1607,10,312.87,5623.42,0 85 215 73 43 17 327 387 316 149 157 63 354 183 254 69 265 346 315 99 175 251 190 390 18 103 155 83 378 0,175 390
PFG_MOEA,1607,11,312.87,5623.42,0 304 31 48 192 330 129 238 148 260 383 10 224 391 271 39 46 93 398 227 234 213 179 232 225 97 71 33 382 0,
PFG_MOEA,1607,12,312.87,5623.42,0 209 361 170 367 25 55 217 56 7 124 126 20 64 189 158 220 180 333 317 286 140 110 241 62 297 65 283 326 305 154 204 6 208 205 166 66 30 272 268 54 287 178 82 41 335 360 380 369 203 338 202 306 168 15 16 0,7 166 203 361
PFG_MOEA,1608,1,350.97,5291.61,0 22 118 185 214 2 119 252 236 128 381 23 40 32 295 239 122 392 285 331 133 293 53 101 352 363 323 194 275 277 102 100 274 256 237 351 280 376 368 290 343 349 344 243 117 0,23 293 352
PFG_MOEA,1608,2,350.97,5291.61,0 365 359 313 307 207 89 61 163 95 206 253 187 281 26 334 298 219 371 341 134 186 105 115 245 396 240 385 288 177 181 358 337 384 111 116 76 113 81 29 325 355 131 84 114 389 162 159 279 74 284 70 318 184 14 375 212 24 91 0,
PFG_MOEA,1608,3,350.97,5291.61,0 292 263 8 373 169 108 72 52 130 44 386 362 201 312 67 164 107 302 173 106 261 388 197 218 151 77 273 136 137 59 109 0,362 388
PFG_MOEA,1608,4,350.97,5291.61,0 38 80 13 19 226 57 127 68 161 58 34 231 289 366 267 228 199 86 141 266 357 303 319 182 172 0,182
PFG_MOEA,1608,5,350.97,5291.61,0 397 36 11 92 374 350 311 4 314 193 230 94 156 35 88 249 235 135 233 340 299 321 269 120 142 37 51 0,
PFG_MOEA,1608,6,350.97,5291.61,0 399 96 242 200 165 112 329 300 123 145 322 121 146 294 339 132 174 320 364 393 3 229 308 356 264 259 246 28 250 42 262 1 255 247 152 191 221 0,152 174 200 229 246
PFG_MOEA,1608,7,350.97,5291.61,0 345 377 395 400 394 188 301 372 21 167 291 139 149 157 63 316 387 327 17 43 85 215 73 254 183 354 69 265 346 315 99 175 251 190 390 18 103 155 213 234 83 378 0,
PFG_MOEA,1608,8,350.97,5291.61,0 224 93 398 227 71 97 225 232 179 0,
PFG_MOEA,1608,9,350.97,5291.61,0 304 31 48 192 330 129 238 148 33 209 361 170 367 25 55 217 56 7 124 126 20 64 189 158 220 180 333 317 286 140 110 241 62 297 65 283 326 305 154 204 6 208 205 166 66 30 272 268 54 46 39 271 391 10 287 383 382 260 16 369 380 0,39
PFG_MOEA,1608,10,350.97,5291.61,0 15 168 203 178 82 41 0,
PFG_MOEA,1608,11,350.97,5291.61,0 335 0,
PFG_MOEA,1608,12,350.97,5291.61,0 360 90 216 336 47 9 125 198 49 309 5 258 248 328 75 348 353 171 87 278 153 45 379 195 210 257 270 60 50 160 79 143 282 310 104 223 244 211 324 147 222 150 138 276 332 347 296 196 78 98 27 176 144 342 370 306 202 338 12 0,223 370
PFG_MOEA,1609,1,748.42,4875.65,0 399 38 80 96 242 221 226 19 13 172 182 319 303 357 266 141 86 199 228 267 366 289 231 34 58 68 161 235 35 249 88 135 233 156 94 230 374 92 11 36 397 350 311 4 314 193 340 299 321 269 37 142 120 132 339 51 145 123 300 329 112 165 200 191 152 57 127 109 59 137 136 247 255 1 262 42 250 28 273 77 151 146 121 322 294 174 320 364 393 3 106 261 388 229 218 197 246 259 308 264 356 345 377 395 400 394 188 301 372 21 167 291 139 149 157 63 316 387 327 17 43 85 215 73 254 183 354 69 265 346 315 99 175 251 190 390 18 103 155 83 378 213 234 227 0,1 94 174 314 340 390 395
PFG_MOEA,1609,2,748.42,4875.65,0 260 224 93 398 71 33 148 0,
PFG_MOEA,1609,3,748.42,4875.65,0 304 31 192 330 129 238 48 382 383 10 391 271 39 30 272 268 54 46 0,
PFG_MOEA,1609,4,748.42,4875.65,0 15 168 203 369 380 16 41 82 178 209 361 170 367 25 55 217 56 7 124 126 20 64 189 158 220 180 333 317 286 140 110 241 62 297 65 283 326 305 154 204 6 208 205 166 66 335 0,65 220 361
PFG_MOEA,1609,5,748.42,4875.65,0 12 90 381 216 47 125 9 150 360 117 243 349 344 287 97 225 232 179 343 290 368 376 258 248 328 75 348 353 171 87 278 153 45 210 257 270 60 50 160 79 379 195 5 309 143 282 310 104 223 244 211 324 147 347 332 331 285 296 196 78 392 98 115 245 27 176 144 342 240 370 396 385 288 306 177 181 358 337 384 111 116 76 113 81 29 325 355 131 84 338 202 114 389 22 0,176 210 370
PFG_MOEA,1609,6,748.42,4875.65,0 23 32 276 239 336 138 222 49 274 198 0,
PFG_MOEA,1609,7,748.42,4875.65,0 118 185 214 2 119 128 236 252 40 295 122 133 293 53 101 352 363 323 194 275 277 102 100 237 280 351 256 95 163 61 89 207 307 313 0,133 323
PFG_MOEA,1609,8,748.42,4875.65,0 365 359 253 206 0,
PFG_MOEA,1609,9,748.42,4875.65,0 187 0,
PFG_MOEA,1609,10,748.42,4875.65,0 281 26 334 298 341 105 186 134 162 371 219 0,
PFG_MOEA,1609,11,748.42,4875.65,0 159 279 74 284 184 318 70 292 14 375 212 24 91 0,375
PFG_MOEA,1609,12,748.42,4875.65,0 263 8 373 169 108 72 52 130 44 386 107 164 173 302 67 312 201 362 0,386
PFG_MOEA,1610,1,404.27,5140.48,0 89 90 381 23 295 32 276 40 45 353 348 171 87 153 278 210 379 195 270 257 60 50 160 79 143 282 310 104 223 244 211 324 147 163 53 347 332 133 331 296 293 196 78 245 98 115 27 176 144 342 240 370 396 385 288 306 177 181 358 337 384 111 116 76 113 81 29 202 338 22 118 185 214 0,177 223 245 379
PFG_MOEA,1610,2,404.27,5140.48,0 281 105 26 334 298 219 371 341 134 186 84 131 325 355 114 389 162 159 74 279 91 24 212 375 284 14 184 318 70 292 263 8 373 169 108 72 52 130 44 386 362 0,134 362
PFG_MOEA,1610,3,404.27,5140.48,0 57 127 109 59 137 136 273 77 151 218 197 388 261 106 173 302 107 164 67 312 201 0,
PFG_MOEA,1610,4,404.27,5140.48,0 38 80 13 19 226 182 172 303 357 319 266 141 86 233 135 88 249 35 235 161 68 58 34 231 289 366 267 228 199 11 36 397 399 0,266
PFG_MOEA,1610,5,404.27,5140.48,0 92 156 94 230 374 350 311 4 314 193 340 299 321 269 37 142 120 132 339 51 145 123 322 121 146 294 174 320 364 393 3 229 308 356 264 259 246 42 247 152 191 112 329 300 165 200 221 242 96 0,299 329
PFG_MOEA,1610,6,404.27,5140.48,0 255 1 262 377 345 250 28 0,
PFG_MOEA,1610,7,404.27,5140.48,0 395 400 394 188 301 372 21 167 291 139 149 0,
PFG_MOEA,1610,8,404.27,5140.48,0 304 31 48 148 129 238 330 192 85 215 73 43 17 327 387 316 63 157 354 183 254 69 265 346 315 99 175 251 190 390 18 103 155 83 378 213 234 227 398 93 260 0,93
PFG_MOEA,1610,9,404.27,5140.48,0 391 271 0,
PFG_MOEA,1610,10,404.27,5140.48,0 39 268 272 30 66 166 205 208 6 204 154 305 326 283 65 297 62 241 110 140 286 0,
PFG_MOEA,1610,11,404.27,5140.48,0 15 168 203 369 380 16 82 178 117 243 349 344 46 54 124 126 20 64 189 158 220 180 317 333 7 56 217 55 25 367 170 361 209 33 71 225 97 232 179 287 224 10 383 382 0,16
PFG_MOEA,1610,12,404.27,5140.48,0 335 360 365 253 206 359 313 307 207 61 12 2 119 128 236 252 216 336 138 239 122 392 285 194 275 277 352 363 323 101 95 222 150 9 47 125 198 100 102 49 274 256 237 351 280 309 5 75 328 248 258 376 368 290 343 187 41 0,100 206
PFG_MOEA,1611,1,759.34,4800.0,0 219 341 105 389 114 84 131 355 325 29 81 113 76 116 111 384 337 358 181 177 288 385 240 396 245 115 392 285 331 133 293 53 163 150 9 125 47 216 89 61 206 253 365 0,245
PFG_MOEA,1611,2,759.34,4800.0,0 22 134 186 162 159 279 74 284 184 318 70 292 263 8 373 169 108 14 375 212 24 91 0,318
PFG_MOEA,1611,3,759.34,4800.0,0 304 31 48 148 260 224 71 33 129 238 330 192 200 165 112 191 152 127 57 109 59 137 273 136 247 17 43 85 215 73 254 69 354 183 327 387 157 149 188 394 316 63 262 1 255 250 28 42 400 395 377 345 356 264 259 246 308 229 197 218 151 77 107 164 67 302 388 3 106 173 261 320 364 393 312 201 362 329 300 123 51 145 322 121 146 294 174 339 132 120 142 37 269 321 299 340 233 135 88 249 35 161 235 68 58 34 386 231 289 366 267 228 44 130 52 72 303 357 319 266 141 86 92 199 156 94 230 311 374 11 36 397 350 4 314 193 182 172 13 19 226 221 242 96 80 38 0,33 106 174 200 303 311 394
PFG_MOEA,1611,4,759.34,4800.0,0 378 83 155 103 18 190 251 175 99 315 346 372 301 167 21 139 291 265 390 234 0,
PFG_MOEA,1611,5,759.34,4800.0,0 179 391 271 39 30 272 268 46 54 93 398 227 213 232 0,391
PFG_MOEA,1611,6,759.34,4800.0,0 225 0,
PFG_MOEA,1611,7,759.34,4800.0,0 97 209 361 170 367 0,
PFG_MOEA,1611,8,759.34,4800.0,0 399 15 168 203 338 202 306 370 342 144 176 27 98 78 196 369 380 16 41 82 178 117 243 344 349 66 343 290 368 376 258 248 328 75 348 353 45 210 278 153 171 87 6 208 205 166 158 189 220 241 62 297 65 283 204 154 305 326 110 140 180 333 317 286 25 55 217 56 7 124 126 20 64 287 10 383 382 0,62 66 205 220 342
PFG_MOEA,1611,9,759.34,4800.0,0 2 119 128 295 40 32 276 239 122 296 332 347 138 336 222 95 101 194 147 324 275 323 363 352 277 102 223 244 211 104 310 100 282 143 79 160 50 60 257 270 379 195 5 309 280 351 237 256 274 49 198 252 236 0,
PFG_MOEA,1611,10,759.34,4800.0,0 381 23 90 12 207 307 0,
PFG_MOEA,1611,11,759.34,4800.0,0 335 187 359 313 360 214 0,
PFG_MOEA,1611,12,759.34,4800.0,0 185 118 281 26 334 298 371 0,
PFG_MOEA,1612,1,314.81,5596.11,0 12 90 128 236 252 336 276 138 222 198 49 274 256 237 351 280 309 5 290 343 313 207 0,222
PFG_MOEA,1612,2,314.81,5596.11,0 91 292 263 8 373 169 108 14 375 212 24 371 219 341 298 334 26 281 118 185 214 295 40 32 239 122 95 101 352 363 323 194 275 277 102 100 23 381 119 2 307 359 187 148 48 31 304 0,23
PFG_MOEA,1612,3,314.81,5596.11,0 260 224 71 33 127 152 191 112 165 200 129 238 330 192 0,33
PFG_MOEA,1612,4,314.81,5596.11,0 57 67 302 173 106 3 388 164 107 77 151 218 197 229 308 246 259 264 356 345 377 395 400 42 28 250 255 1 262 63 316 394 188 149 157 387 327 183 354 69 254 73 215 85 43 17 247 136 273 137 59 109 0,
PFG_MOEA,1612,5,314.81,5596.11,0 329 300 362 123 51 145 322 121 146 201 261 320 364 393 312 294 174 339 132 206 253 365 360 335 0,362 393
PFG_MOEA,1612,6,314.81,5596.11,0 61 358 181 177 288 385 240 396 245 115 392 285 331 133 293 53 163 150 9 125 47 216 89 0,
PFG_MOEA,1612,7,314.81,5596.11,0 80 13 19 226 35 161 235 58 34 386 231 289 366 267 228 44 130 52 72 318 70 184 284 74 279 159 162 389 114 355 325 384 337 111 116 76 113 81 29 131 84 105 186 134 22 0,
PFG_MOEA,1612,8,314.81,5596.11,0 38 96 242 221 172 182 397 350 311 4 314 193 230 94 156 374 36 11 92 319 357 303 266 141 86 199 68 135 88 249 233 340 299 321 269 120 142 37 301 21 139 291 167 372 346 315 99 175 251 0,182
PFG_MOEA,1612,9,314.81,5596.11,0 97 225 232 179 391 271 158 241 62 297 65 283 204 154 305 326 110 140 286 317 333 180 220 126 124 7 56 217 55 25 367 170 361 209 227 234 213 190 390 265 18 103 155 83 378 398 93 54 46 268 272 30 39 0,65 154
PFG_MOEA,1612,10,314.81,5596.11,0 399 15 16 380 41 82 178 117 243 344 349 20 189 64 166 205 208 6 87 171 153 278 210 353 258 376 368 66 287 10 383 382 0,243
PFG_MOEA,1612,11,314.81,5596.11,0 369 338 203 168 0,
PFG_MOEA,1612,12,314.81,5596.11,0 202 306 370 342 144 176 27 98 78 196 296 347 332 324 147 211 244 223 104 310 282 143 79 160 50 60 257 270 379 195 45 348 75 328 248 0,370
PFG_MOEA,1613,1,411.21,4974.5,0 12 90 381 23 32 276 239 336 138 222 198 49 274 256 237 351 280 252 236 128 119 2 0,23
PFG_MOEA,1613,2,411.21,4974.5,0 22 118 185 214 295 40 122 392 285 331 133 293 53 101 352 363 323 194 275 277 102 100 95 163 61 89 207 307 313 359 365 253 206 187 0,22 100
PFG_MOEA,1613,3,411.21,4974.5,0 115 0,
PFG_MOEA,1613,4,411.21,4974.5,0 245 396 240 385 288 177 181 358 337 384 111 116 76 113 81 29 325 355 0,
PFG_MOEA,1613,5,411.21,4974.5,0 281 26 334 298 341 134 186 131 84 114 389 105 219 371 162 159 74 279 91 24 212 375 284 14 184 318 70 292 263 8 373 169 108 72 52 130 44 386 362 201 312 67 164 107 302 173 106 261 388 197 218 151 77 273 136 137 59 109 127 57 226 19 13 80 0,77 106 284
PFG_MOEA,1613,6,411.21,4974.5,0 38 172 182 319 303 357 266 141 86 199 228 267 366 289 231 34 58 68 161 235 35 249 88 135 233 156 94 230 374 92 11 36 397 350 311 4 314 193 340 299 321 269 120 142 37 51 123 145 132 339 322 121 146 294 174 320 364 393 3 229 308 356 264 259 246 42 300 329 112 221 242 96 0,51 174 229 246 299
PFG_MOEA,1613,7,411.21,4974.5,0 399 200 165 191 152 247 255 1 262 250 28 345 377 395 400 394 188 301 372 21 167 291 139 149 157 63 316 387 327 17 43 85 215 73 254 183 354 69 265 346 315 99 175 251 190 390 18 103 155 83 378 213 234 227 398 93 224 179 232 225 97 71 33 260 148 238 129 330 192 48 31 304 0,93
PFG_MOEA,1613,8,411.21,4974.5,0 382 383 10 391 271 39 46 54 268 272 30 66 166 205 208 6 204 154 305 326 283 65 297 62 241 110 140 286 317 333 180 220 158 189 64 20 126 124 7 56 217 55 25 367 170 361 209 287 0,55 62 66 220
PFG_MOEA,1613,9,411.21,4974.5,0 380 0,
PFG_MOEA,1613,10,411.21,4974.5,0 16 369 15 0,
PFG_MOEA,1613,11,411.21,4974.5,0 168 203 178 82 41 0,178
PFG_MOEA,1613,12,411.21,4974.5,0 335 360 338 202 306 370 342 144 176 27 98 78 196 296 347 332 216 47 125 9 150 147 324 211 244 223 104 310 282 143 309 5 195 379 79 160 50 60 270 257 210 45 153 278 87 171 353 348 75 328 248 258 376 368 290 343 349 344 243 117 0,
PFG_MOEA,1614,1,312.55,5795.78,0 336 138 239 122 296 347 332 324 275 277 104 211 244 223 102 352 363 323 194 147 101 95 222 0,122 211 222 277
PFG_MOEA,1614,2,312.55,5795.78,0 335 360 207 307 313 359 187 100 310 282 143 79 160 50 60 257 270 379 195 5 309 280 351 237 256 274 49 198 252 236 381 23 90 12 214 185 118 281 26 334 298 371 72 52 130 44 386 80 0,5 307
PFG_MOEA,1614,3,312.55,5795.78,0 13 19 226 57 127 109 59 137 136 273 77 151 218 197 388 261 106 173 302 107 164 67 312 201 362 123 51 145 294 174 339 132 142 120 269 321 299 0,174
PFG_MOEA,1614,4,312.55,5795.78,0 340 233 135 88 249 35 235 161 68 58 34 231 289 366 267 228 141 266 303 357 319 86 199 156 94 0,303
PFG_MOEA,1614,5,312.55,5795.78,0 38 172 182 397 36 11 92 374 230 311 350 4 314 193 37 322 121 146 320 364 393 3 229 308 356 264 259 246 42 300 329 112 191 152 221 242 96 0,42 264
PFG_MOEA,1614,6,312.55,5795.78,0 200 165 129 0,
PFG_MOEA,1614,7,312.55,5795.78,0 304 330 395 400 394 188 301 372 21 167 291 139 149 157 63 316 387 17 43 33 71 224 260 0,
PFG_MOEA,1614,8,312.55,5795.78,0 399 247 28 250 345 377 262 1 255 327 254 73 215 85 93 179 232 225 97 148 238 192 48 31 0,93
PFG_MOEA,1614,9,312.55,5795.78,0 378 69 183 354 265 346 315 99 175 251 190 390 18 103 155 83 234 213 227 398 209 361 170 367 25 55 217 56 7 180 333 317 286 140 110 62 297 65 283 326 305 154 204 6 208 241 220 158 189 64 20 126 124 0,175
PFG_MOEA,1614,10,312.55,5795.78,0 287 382 383 10 268 272 30 66 166 205 271 39 391 53 293 133 331 285 392 115 245 396 240 385 288 177 181 358 337 384 111 116 76 113 81 29 325 355 131 84 114 389 105 341 219 0,
PFG_MOEA,1614,11,312.55,5795.78,0 91 24 212 375 14 108 169 373 8 263 292 70 318 184 284 74 279 159 162 22 134 186 89 216 47 125 9 150 163 61 365 253 206 46 54 0,
PFG_MOEA,1614,12,312.55,5795.78,0 41 82 178 117 243 344 349 343 290 368 376 258 248 328 75 171 87 153 278 210 45 353 348 2 119 128 295 40 32 276 196 78 98 27 176 144 342 370 306 202 338 203 168 369 380 16 15 0,16 87 203
PFG_MOEA,1615,1,389.39,5146.42,0 163 78 53 293 133 331 285 392 98 115 245 27 396 240 385 288 177 181 358 337 384 111 116 76 113 81 29 325 355 131 84 114 389 91 279 74 159 162 371 219 298 341 22 134 186 105 118 185 0,
PFG_MOEA,1615,2,389.39,5146.42,0 281 26 334 24 212 375 284 14 184 318 70 292 263 8 373 169 108 72 52 130 44 386 51 145 123 362 201 294 312 67 164 107 302 173 106 261 388 197 218 151 77 273 136 137 59 109 127 57 226 19 13 80 0,
PFG_MOEA,1615,3,389.39,5146.42,0 142 339 174 132 120 269 321 299 340 233 135 88 249 35 235 161 68 58 34 231 289 366 267 228 141 266 303 357 319 86 199 156 94 230 374 92 11 36 397 350 311 4 314 193 0,88
PFG_MOEA,1615,4,389.39,5146.42,0 182 172 38 0,
PFG_MOEA,1615,5,389.39,5146.42,0 37 322 121 146 320 364 393 3 229 308 356 264 259 246 42 300 329 112 152 191 165 200 221 242 96 0,152 264 329
PFG_MOEA,1615,6,389.39,5146.42,0 129 33 71 224 260 0,
PFG_MOEA,1615,7,389.39,5146.42,0 399 247 255 1 262 250 28 345 377 395 400 394 188 301 372 21 167 291 139 149 157 63 316 387 17 43 73 254 327 183 354 69 215 85 93 179 232 225 97 148 48 238 330 192 31 304 0,395
PFG_MOEA,1615,8,389.39,5146.42,0 16 15 168 203 369 380 391 271 39 268 272 30 66 166 205 208 6 204 154 305 326 283 65 297 62 241 110 140 286 317 333 180 220 158 189 64 20 126 124 7 56 217 55 25 367 170 361 209 398 227 234 213 190 251 175 99 315 346 265 390 18 103 155 83 378 54 46 287 10 383 382 41 0,7 16 20 103 272
PFG_MOEA,1615,9,389.39,5146.42,0 82 178 117 243 368 376 258 353 153 171 87 278 210 143 237 256 274 49 100 282 310 104 102 277 275 194 323 363 352 101 198 95 222 138 122 276 336 252 236 128 23 381 90 119 2 12 0,
PFG_MOEA,1615,10,389.39,5146.42,0 344 349 351 280 309 5 79 160 50 60 257 270 379 195 45 348 75 328 248 290 343 187 0,
PFG_MOEA,1615,11,389.39,5146.42,0 214 295 40 32 239 370 342 144 176 150 47 9 125 216 89 61 207 307 313 359 206 253 365 360 335 0,176
PFG_MOEA,1615,12,389.39,5146.42,0 338 202 306 196 296 347 332 324 147 211 244 223 0,
PFG_MOEA,1616,1,413.96,4915.5,0 187 206 253 365 359 313 307 207 61 12 89 2 119 128 236 252 336 138 163 222 95 198 351 280 237 256 274 49 100 102 277 275 194 323 363 352 101 53 293 133 331 285 392 122 239 276 32 40 295 23 381 90 113 81 29 76 116 111 384 337 358 181 177 288 385 240 396 245 115 22 118 185 214 0,245 381
PFG_MOEA,1616,2,413.96,4915.5,0 281 84 131 325 355 114 389 186 134 341 298 26 334 0,
PFG_MOEA,1616,3,413.96,4915.5,0 371 219 105 162 159 74 279 91 24 212 375 284 14 184 318 70 292 263 8 373 169 108 72 52 130 44 386 362 201 312 67 164 107 302 173 106 261 388 197 218 151 77 273 136 137 59 0,
PFG_MOEA,1616,4,413.96,4915.5,0 57 127 109 226 0,
PFG_MOEA,1616,5,413.96,4915.5,0 19 0,
PFG_MOEA,1616,6,413.96,4915.5,0 38 303 357 266 141 86 199 228 267 366 289 231 34 58 68 161 235 35 249 88 135 233 319 182 172 13 80 0,88
PFG_MOEA,1616,7,413.96,4915.5,0 399 397 36 11 92 156 94 230 374 350 311 4 314 193 340 299 321 269 120 142 37 51 123 145 132 339 322 121 146 294 174 320 364 393 3 229 308 356 264 259 246 42 300 329 112 191 165 200 221 242 96 0,11 340 374 393
PFG_MOEA,1616,8,413.96,4915.5,0 152 247 255 1 262 250 28 345 377 395 400 394 188 301 372 21 167 291 139 149 157 63 316 387 327 17 43 85 215 73 254 183 354 69 265 346 315 99 175 251 190 390 18 103 155 83 378 213 234 227 398 93 0,1 152 175 227
PFG_MOEA,1616,9,413.96,4915.5,0 304 31 48 192 330 238 129 148 260 391 271 39 268 272 30 66 166 205 208 6 204 154 305 326 283 65 297 62 241 110 140 286 317 333 180 220 158 189 64 20 126 124 7 56 217 55 25 367 170 361 209 71 33 97 225 232 179 224 0,55 391
PFG_MOEA,1616,10,413.96,4915.5,0 287 10 383 382 0,
PFG_MOEA,1616,11,413.96,4915.5,0 16 15 168 203 369 380 82 178 117 243 349 344 54 46 41 0,
PFG_MOEA,1616,12,413.96,4915.5,0 335 360 216 150 9 47 125 309 5 343 290 368 376 258 248 328 75 171 87 278 153 353 348 45 210 195 379 270 257 60 50 160 79 143 282 310 104 223 244 211 324 147 332 347 296 196 78 98 27 176 144 342 370 306 202 338 0,
PFG_MOEA,1617,1,320.55,5348.04,0 80 13 172 182 397 36 11 92 233 135 88 249 35 235 161 68 58 34 231 289 319 399 0,
PFG_MOEA,1617,2,320.55,5348.04,0 374 230 94 156 311 350 4 314 193 340 299 321 269 120 142 132 339 174 320 364 308 229 3 393 294 146 121 322 123 145 51 37 0,393
PFG_MOEA,1617,3,320.55,5348.04,0 96 242 221 200 165 112 329 300 191 152 247 255 1 262 42 250 28 246 259 264 356 345 377 395 400 394 188 301 372 21 167 291 139 149 157 63 316 387 327 17 43 85 215 73 254 183 354 69 265 346 315 99 175 251 190 0,215
PFG_MOEA,1617,4,320.55,5348.04,0 304 31 192 330 238 129 398 227 234 213 18 390 286 140 110 241 93 260 148 48 0,
PFG_MOEA,1617,5,320.55,5348.04,0 317 333 0,
PFG_MOEA,1617,6,320.55,5348.04,0 33 71 209 361 170 367 25 55 217 56 7 180 220 158 189 64 20 126 124 224 10 383 382 16 203 168 15 0,25
PFG_MOEA,1617,7,320.55,5348.04,0 380 369 335 360 216 150 9 47 125 309 5 195 379 270 210 45 348 353 153 278 87 171 75 328 248 258 376 368 290 343 54 46 344 349 243 117 178 82 41 0,
PFG_MOEA,1617,8,320.55,5348.04,0 338 202 306 370 342 144 176 27 98 78 196 296 347 332 147 324 211 244 223 104 310 282 143 79 160 50 60 257 6 204 154 305 326 283 62 297 65 208 205 166 66 30 272 268 0,66
PFG_MOEA,1617,9,320.55,5348.04,0 187 206 253 365 359 313 307 207 61 12 89 2 119 128 236 252 336 138 163 222 95 198 351 256 237 280 391 271 39 378 83 155 103 232 179 287 225 97 0,138 307
PFG_MOEA,1617,10,320.55,5348.04,0 22 389 114 84 131 325 355 29 81 113 76 116 111 384 337 358 181 177 288 385 240 396 245 115 392 285 331 133 293 53 101 352 363 323 194 275 277 102 100 49 274 122 239 276 32 40 295 23 381 90 214 185 281 118 0,323 331
PFG_MOEA,1617,11,320.55,5348.04,0 334 298 26 105 186 134 341 219 371 24 212 375 14 184 318 70 292 263 8 373 169 284 74 279 91 159 162 0,134
PFG_MOEA,1617,12,320.55,5348.04,0 38 19 226 57 127 109 59 137 136 273 77 151 218 197 388 261 106 173 302 107 164 67 312 201 362 366 267 228 386 44 130 52 72 108 303 357 266 141 86 199 0,106 386
PFG_MOEA,1618,1,270.73,5843.94,0 335 187 309 5 195 379 270 257 60 50 160 79 143 280 351 237 256 274 49 198 252 236 381 23 90 12 207 307 0,
PFG_MOEA,1618,2,270.73,5843.94,0 61 313 359 206 253 365 360 214 185 118 281 26 334 298 371 22 134 186 162 159 292 263 8 373 318 70 184 284 74 279 0,134 284 313 318
PFG_MOEA,1618,3,270.73,5843.94,0 91 169 108 14 375 212 24 192 330 238 129 200 165 112 191 152 127 57 109 59 137 273 136 247 17 43 85 215 33 71 224 260 148 48 31 304 0,33 200
PFG_MOEA,1618,4,270.73,5843.94,0 73 254 69 354 183 327 387 157 149 188 394 316 63 262 1 255 250 28 42 400 395 377 345 356 264 259 246 308 229 197 218 151 77 107 164 67 302 388 3 106 173 261 320 364 0,
PFG_MOEA,1618,5,270.73,5843.94,0 329 300 362 123 51 145 322 121 146 201 312 393 294 174 339 132 120 142 0,145 174
PFG_MOEA,1618,6,270.73,5843.94,0 37 269 321 299 340 219 341 105 84 131 29 81 113 76 116 111 181 358 337 384 325 355 114 389 0,341
PFG_MOEA,1618,7,270.73,5843.94,0 89 216 47 125 9 150 163 53 293 133 331 285 392 115 245 396 240 385 288 177 34 58 235 135 233 88 249 35 161 68 0,133 240
PFG_MOEA,1618,8,270.73,5843.94,0 172 182 193 314 4 350 397 36 11 374 311 230 94 156 199 92 86 319 266 141 289 231 386 366 267 228 44 130 52 72 303 357 13 19 226 221 242 96 0,141 386
PFG_MOEA,1618,9,270.73,5843.94,0 38 80 378 83 291 139 21 167 301 372 346 315 265 390 99 175 251 190 18 103 155 234 227 398 93 54 46 268 272 30 39 271 391 179 0,
PFG_MOEA,1618,10,270.73,5843.94,0 97 225 232 209 361 213 170 367 328 248 258 376 368 290 343 66 349 344 243 117 178 82 41 16 380 369 196 78 98 27 176 144 342 370 306 202 338 203 168 15 399 0,82 176 225
PFG_MOEA,1618,11,270.73,5843.94,0 287 64 166 205 75 348 353 45 210 278 153 171 87 6 208 158 189 220 241 62 297 65 283 204 154 305 326 110 140 180 333 317 286 25 55 217 56 7 124 126 20 10 0,65 126
PFG_MOEA,1618,12,270.73,5843.94,0 2 119 128 295 40 32 276 239 122 296 332 347 138 336 222 95 101 194 147 324 275 323 363 352 277 102 223 244 211 104 310 100 282 383 382 0,2
PFG_MOEA,1619,1,369.23,5154.87,0 90 295 40 32 276 239 122 222 95 101 323 363 352 102 277 275 194 53 293 133 331 285 392 115 245 396 240 385 288 177 181 358 337 384 111 116 76 113 81 29 325 131 84 355 114 389 279 74 159 162 371 219 341 22 134 186 105 298 334 26 281 118 185 214 0,40 240 245 331
PFG_MOEA,1619,2,369.23,5154.87,0 91 24 212 375 284 14 184 318 70 292 263 8 373 169 108 72 52 130 44 386 0,318
PFG_MOEA,1619,3,369.23,5154.87,0 362 201 312 67 164 107 302 173 106 261 388 197 218 151 77 273 136 0,106
PFG_MOEA,1619,4,369.23,5154.87,0 399 172 182 397 36 11 92 86 141 266 303 357 319 199 228 267 366 289 231 34 58 68 161 235 35 249 88 135 233 156 94 230 374 350 311 4 314 193 340 299 321 269 120 142 37 51 145 123 137 59 109 127 57 226 19 13 80 38 0,340
PFG_MOEA,1619,5,369.23,5154.87,0 132 339 322 0,
PFG_MOEA,1619,6,369.23,5154.87,0 96 242 221 200 165 112 191 152 329 300 121 146 294 174 320 364 393 3 229 308 259 246 264 356 345 377 395 400 42 250 28 247 255 1 262 63 157 291 167 21 372 301 188 394 139 149 316 387 327 17 43 85 215 73 254 183 354 69 265 346 315 99 0,1 200 393
PFG_MOEA,1619,7,369.23,5154.87,0 93 398 227 234 213 190 251 175 390 18 103 155 83 378 31 304 0,
PFG_MOEA,1619,8,369.23,5154.87,0 48 192 330 238 129 148 260 391 0,
PFG_MOEA,1619,9,369.23,5154.87,0 268 272 30 65 283 326 305 154 204 6 208 205 166 66 271 39 0,272
PFG_MOEA,1619,10,369.23,5154.87,0 124 126 20 64 189 158 220 241 297 62 110 140 286 317 333 180 7 56 217 55 25 367 170 361 209 71 97 33 0,
PFG_MOEA,1619,11,369.23,5154.87,0 15 16 380 369 168 203 338 202 306 370 342 144 176 27 98 78 196 296 347 332 324 147 211 244 223 210 45 348 353 153 278 87 171 75 328 248 258 376 368 290 343 54 46 224 225 232 179 287 10 383 382 41 344 349 243 117 178 82 125 9 47 150 216 360 335 0,47 87 353
PFG_MOEA,1619,12,369.23,5154.87,0 207 307 313 359 365 253 206 187 100 310 104 282 143 79 160 50 60 257 270 379 195 5 309 280 351 237 256 274 49 198 163 138 336 252 236 381 23 128 119 2 89 12 61 0,
PFG_MOEA,1620,1,337.93,5308.22,0 187 206 253 313 359 365 0,
PFG_MOEA,1620,2,337.93,5308.22,0 207 307 198 280 351 256 237 101 53 293 133 331 285 392 95 222 163 138 336 252 236 128 119 2 89 12 61 0,133 222
PFG_MOEA,1620,3,337.93,5308.22,0 323 363 352 194 275 277 102 100 49 274 122 239 276 32 40 295 23 381 90 0,
PFG_MOEA,1620,4,337.93,5308.22,0 22 115 245 396 240 385 288 177 181 358 337 384 111 116 76 113 81 29 131 84 281 118 185 214 0,
PFG_MOEA,1620,5,337.93,5308.22,0 334 26 298 371 219 341 134 186 105 355 325 114 389 162 159 74 279 91 24 212 375 284 14 184 318 70 292 263 8 373 169 108 72 52 130 44 386 362 201 312 0,284
PFG_MOEA,1620,6,337.93,5308.22,0 399 172 182 397 36 11 92 86 141 266 303 357 319 199 228 267 366 289 231 34 58 68 161 235 35 249 88 135 233 156 94 230 57 127 109 59 137 136 273 77 151 218 197 388 261 106 173 302 107 164 67 294 226 19 13 80 38 0,
PFG_MOEA,1620,7,337.93,5308.22,0 374 350 311 4 314 193 340 299 321 269 120 142 37 51 145 123 146 121 322 339 132 174 320 364 393 3 229 308 356 264 259 246 42 1 255 247 152 191 112 329 300 165 200 221 242 96 0,132 264 340 393
PFG_MOEA,1620,8,337.93,5308.22,0 28 250 262 400 395 345 377 394 188 301 372 21 167 291 139 149 157 63 316 387 327 17 43 85 215 73 254 183 354 69 265 346 315 99 175 251 190 0,
PFG_MOEA,1620,9,337.93,5308.22,0 304 192 330 238 129 378 83 155 103 18 390 213 234 227 398 140 110 241 62 297 65 283 326 305 154 204 6 208 205 166 66 93 30 272 268 39 271 391 260 148 48 31 0,65 391
PFG_MOEA,1620,10,337.93,5308.22,0 33 71 225 97 232 209 361 170 367 25 55 217 56 7 317 286 333 180 220 158 189 64 20 126 124 224 10 287 179 0,
PFG_MOEA,1620,11,337.93,5308.22,0 15 168 203 369 16 380 335 360 216 150 9 47 125 309 5 195 379 270 210 45 348 353 153 278 87 171 75 328 248 54 46 383 382 344 349 243 117 178 82 41 0,82 87 195 353
PFG_MOEA,1620,12,337.93,5308.22,0 338 202 306 370 342 144 176 27 98 78 196 296 347 332 147 324 211 244 223 104 310 282 143 79 160 50 60 257 258 376 368 290 343 0,290
PFG_MOEA,1621,1,319.42,5478.6,0 222 0,
PFG_MOEA,1621,2,319.42,5478.6,0 95 101 323 363 352 102 277 275 194 53 293 133 331 285 392 115 245 396 240 385 288 177 181 358 337 384 111 116 76 113 81 29 325 131 84 355 114 389 279 74 159 162 371 219 341 22 134 186 105 298 334 26 281 0,105
PFG_MOEA,1621,3,319.42,5478.6,0 118 91 284 184 14 375 212 24 0,375
PFG_MOEA,1621,4,319.42,5478.6,0 399 397 36 11 92 199 86 141 266 319 357 303 289 366 267 228 8 263 292 70 318 373 169 108 72 52 130 44 386 362 201 312 67 164 107 302 173 106 261 388 197 218 151 77 273 136 182 172 0,86 197 318 362
PFG_MOEA,1621,5,319.42,5478.6,0 38 80 13 19 226 57 127 109 59 137 123 145 51 132 142 120 269 321 299 37 340 193 314 4 350 311 156 233 135 88 249 35 235 161 68 58 34 231 94 230 374 0,
PFG_MOEA,1621,6,319.42,5478.6,0 96 242 200 191 112 165 322 339 174 393 3 229 364 320 294 121 146 300 329 152 221 0,200 393
PFG_MOEA,1621,7,319.42,5478.6,0 93 85 247 28 246 259 308 264 356 345 377 395 400 42 250 255 1 262 63 157 291 167 21 372 301 188 394 139 149 316 387 327 17 43 73 215 254 183 354 69 265 346 315 99 390 175 251 190 18 213 234 227 398 0,
PFG_MOEA,1621,8,319.42,5478.6,0 304 31 48 330 192 129 238 148 260 391 271 66 166 205 208 6 204 154 305 326 283 65 62 297 241 158 189 220 110 140 103 155 83 378 124 126 20 64 30 272 268 39 0,62 205 220 391
PFG_MOEA,1621,9,319.42,5478.6,0 7 180 333 286 317 56 217 55 0,
PFG_MOEA,1621,10,319.42,5478.6,0 15 16 380 369 168 203 338 202 306 370 342 144 176 27 98 78 196 296 347 332 324 147 211 244 223 210 45 348 353 153 278 87 171 75 328 248 258 376 368 290 343 54 46 209 361 170 367 25 232 179 224 225 97 71 33 0,16 353 370
PFG_MOEA,1621,11,319.42,5478.6,0 365 253 206 61 89 2 119 128 216 336 138 163 150 47 125 9 100 282 310 104 143 79 160 50 60 257 270 379 195 5 309 280 351 237 256 287 10 383 382 344 349 243 117 178 82 41 0,47 138 178 206 243
PFG_MOEA,1621,12,319.42,5478.6,0 335 187 359 313 360 207 307 198 49 274 122 239 276 32 40 295 23 381 236 252 90 12 214 185 0,
PFG_MOEA,1622,1,312.87,5623.42,0 216 98 370 342 144 176 27 78 196 296 347 332 147 324 211 244 223 104 310 282 79 160 50 379 195 5 309 143 150 47 9 125 0,
PFG_MOEA,1622,2,312.87,5623.42,0 117 243 344 349 343 290 368 376 258 248 328 75 348 353 171 87 278 153 45 210 257 60 270 237 256 274 49 198 222 138 336 239 276 32 177 181 358 337 384 111 116 76 23 381 90 12 0,290 336 353
PFG_MOEA,1622,3,312.87,5623.42,0 22 118 185 214 2 119 128 236 252 40 295 122 392 285 331 133 293 53 101 352 363 323 194 275 277 102 100 351 280 95 163 61 89 207 307 313 359 253 365 0,307
PFG_MOEA,1622,4,312.87,5623.42,0 206 187 0,
PFG_MOEA,1622,5,312.87,5623.42,0 281 26 334 298 219 371 341 134 186 105 115 245 396 240 385 288 113 81 29 325 355 131 84 114 389 162 159 74 279 91 0,341
PFG_MOEA,1622,6,312.87,5623.42,0 80 13 19 226 57 127 109 59 137 136 273 77 151 218 197 388 261 106 173 302 107 164 67 312 201 362 386 44 130 52 72 108 169 373 8 263 292 70 318 184 14 284 375 212 24 303 357 319 182 172 38 0,318 362
PFG_MOEA,1622,7,312.87,5623.42,0 266 141 86 199 228 267 366 289 231 34 58 68 161 235 35 249 88 135 233 156 94 230 374 92 0,
PFG_MOEA,1622,8,312.87,5623.42,0 399 397 36 11 350 311 4 314 193 340 299 321 269 120 142 37 51 123 145 132 339 322 121 146 294 174 320 364 393 3 229 308 356 264 259 246 42 300 329 112 191 165 200 221 242 96 0,51 145 174 264 329
PFG_MOEA,1622,9,312.87,5623.42,0 152 247 28 250 345 377 395 400 394 188 301 372 167 21 139 291 262 1 255 0,
PFG_MOEA,1622,10,312.87,5623.42,0 85 215 73 43 17 327 387 316 149 157 63 354 183 254 69 265 346 315 99 175 251 190 390 18 103 155 83 378 0,175 390
PFG_MOEA,1622,11,312.87,5623.42,0 304 31 48 192 330 129 238 148 260 383 10 224 391 271 39 46 93 398 227 234 213 179 232 225 97 71 33 382 0,
PFG_MOEA,1622,12,312.87,5623.42,0 209 361 170 367 25 55 217 56 7 124 126 20 64 189 158 220 180 333 317 286 140 110 241 62 297 65 283 326 305 154 204 6 208 205 166 66 30 272 268 54 287 178 82 41 335 360 380 369 203 338 202 306 168 15 16 0,7 166 203 361
PFG_MOEA,1623,1,350.97,5291.61,0 22 118 185 214 2 119 252 236 128 381 23 40 32 295 239 122 392 285 331 133 293 53 101 352 363 323 194 275 277 102 100 274 256 237 351 280 376 368 290 343 349 344 243 117 0,23 293 352
PFG_MOEA,1623,2,350.97,5291.61,0 365 359 313 307 207 89 61 163 95 206 253 187 281 26 334 298 219 371 341 134 186 105 115 245 396 240 385 288 177 181 358 337 384 111 116 76 113 81 29 325 355 131 84 114 389 162 159 279 74 284 70 318 184 14 375 212 24 91 0,
PFG_MOEA,1623,3,350.97,5291.61,0 292 263 8 373 169 108 72 52 130 44 386 362 201 312 67 164 107 302 173 106 261 388 197 218 151 77 273 136 137 59 109 0,362 388
PFG_MOEA,1623,4,350.97,5291.61,0 38 80 13 19 226 57 127 68 161 58 34 231 289 366 267 228 199 86 141 266 357 303 319 182 172 0,182
PFG_MOEA,1623,5,350.97,5291.61,0 397 36 11 92 374 350 311 4 314 193 230 94 156 35 88 249 235 135 233 340 299 321 269 120 142 37 51 0,
PFG_MOEA,1623,6,350.97,5291.61,0 399 96 242 200 165 112 329 300 123 145 322 121 146 294 339 132 174 320 364 393 3 229 308 356 264 259 246 28 250 42 262 1 255 247 152 191 221 0,152 174 200 229 246
PFG_MOEA,1623,7,350.97,5291.61,0 345 377 395 400 394 188 301 372 21 167 291 139 149 157 63 316 387 327 17 43 85 215 73 254 183 354 69 265 346 315 99 175 251 190 390 18 103 155 213 234 83 378 0,
PFG_MOEA,1623,8,350.97,5291.61,0 224 93 398 227 71 97 225 232 179 0,
PFG_MOEA,1623,9,350.97,5291.61,0 304 31 48 192 330 129 238 148 33 209 361 170 367 25 55 217 56 7 124 126 20 64 189 158 220 180 333 317 286 140 110 241 62 297 65 283 326 305 154 204 6 208 205 166 66 30 272 268 54 46 39 271 391 10 287 383 382 260 16 369 380 0,39
PFG_MOEA,1623,10,350.97,5291.61,0 15 168 203 178 82 41 0,
PFG_MOEA,1623,11,350.97,5291.61,0 335 0,
PFG_MOEA,1623,12,350.97,5291.61,0 360 90 216 336 47 9 125 198 49 309 5 258 248 328 75 348 353 171 87 278 153 45 379 195 210 257 270 60 50 160 79 143 282 310 104 223 244 211 324 147 222 150 138 276 332 347 296 196 78 98 27 176 144 342 370 306 202 338 12 0,223 370
PFG_MOEA,1624,1,748.42,4875.65,0 399 38 80 96 242 221 226 19 13 172 182 319 303 357 266 141 86 199 228 267 366 289 231 34 58 68 161 235 35 249 88 135 233 156 94 230 374 92 11 36 397 350 311 4 314 193 340 299 321 269 37 142 120 132 339 51 145 123 300 329 112 165 200 191 152 57 127 109 59 137 136 247 255 1 262 42 250 28 273 77 151 146 121 322 294 174 320 364 393 3 106 261 388 229 218 197 246 259 308 264 356 345 377 395 400 394 188 301 372 21 167 291 139 149 157 63 316 387 327 17 43 85 215 73 254 183 354 69 265 346 315 99 175 251 190 390 18 103 155 83 378 213 234 227 0,1 94 174 314 340 390 395
PFG_MOEA,1624,2,748.42,4875.65,0 260 224 93 398 71 33 148 0,
PFG_MOEA,1624,3,748.42,4875.65,0 304 31 192 330 129 238 48 382 383 10 391 271 39 30 272 268 54 46 0,
PFG_MOEA,1624,4,748.42,4875.65,0 15 168 203 369 380 16 41 82 178 209 361 170 367 25 55 217 56 7 124 126 20 64 189 158 220 180 333 317 286 140 110 241 62 297 65 283 326 305 154 204 6 208 205 166 66 335 0,65 220 361
PFG_MOEA,1624,5,748.42,4875.65,0 12 90 381 216 47 125 9 150 360 117 243 349 344 287 97 225 232 179 343 290 368 376 258 248 328 75 348 353 171 87 278 153 45 210 257 270 60 50 160 79 379 195 5 309 143 282 310 104 223 244 211 324 147 347 332 331 285 296 196 78 392 98 115 245 27 176 144 342 240 370 396 385 288 306 177 181 358 337 384 111 116 76 113 81 29 325 355 131 84 338 202 114 389 22 0,176 210 370
PFG_MOEA,1624,6,748.42,4875.65,0 23 32 276 239 336 138 222 49 274 198 0,
PFG_MOEA,1624,7,748.42,4875.65,0 118 185 214 2 119 128 236 252 40 295 122 133 293 53 101 352 363 323 194 275 277 102 100 237 280 351 256 95 163 61 89 207 307 313 0,133 323
PFG_MOEA,1624,8,748.42,4875.65,0 365 359 253 206 0,
PFG_MOEA,1624,9,748.42,4875.65,0 187 0,
PFG_MOEA,1624,10,748.42,4875.65,0 281 26 334 298 341 105 186 134 162 371 219 0,
PFG_MOEA,1624,11,748.42,4875.65,0 159 279 74 284 184 318 70 292 14 375 212 24 91 0,375
PFG_MOEA,1624,12,748.42,4875.65,0 263 8 373 169 108 72 52 130 44 386 107 164 173 302 67 312 201 362 0,386
PFG_MOEA,1625,1,404.27,5140.48,0 89 90 381 23 295 32 276 40 45 353 348 171 87 153 278 210 379 195 270 257 60 50 160 79 143 282 310 104 223 244 211 324 147 163 53 347 332 133 331 296 293 196 78 245 98 115 27 176 144 342 240 370 396 385 288 306 177 181 358 337 384 111 116 76 113 81 29 202 338 22 118 185 214 0,177 223 245 379
PFG_MOEA,1625,2,404.27,5140.48,0 281 105 26 334 298 219 371 341 134 186 84 131 325 355 114 389 162 159 74 279 91 24 212 375 284 14 184 318 70 292 263 8 373 169 108 72 52 130 44 386 362 0,134 362
PFG_MOEA,1625,3,404.27,5140.48,0 57 127 109 59 137 136 273 77 151 218 197 388 261 106 173 302 107 164 67 312 201 0,
PFG_MOEA,1625,4,404.27,5140.48,0 38 80 13 19 226 182 172 303 357 319 266 141 86 233 135 88 249 35 235 161 68 58 34 231 289 366 267 228 199 11 36 397 399 0,266
PFG_MOEA,1625,5,404.27,5140.48,0 92 156 94 230 374 350 311 4 314 193 340 299 321 269 37 142 120 132 339 51 145 123 322 121 146 294 174 320 364 393 3 229 308 356 264 259 246 42 247 152 191 112 329 300 165 200 221 242 96 0,299 329
PFG_MOEA,1625,6,404.27,5140.48,0 255 1 262 377 345 250 28 0,
PFG_MOEA,1625,7,404.27,5140.48,0 395 400 394 188 301 372 21 167 291 139 149 0,
PFG_MOEA,1625,8,404.27,5140.48,0 304 31 48 148 129 238 330 192 85 215 73 43 17 327 387 316 63 157 354 183 254 69 265 346 315 99 175 251 190 390 18 103 155 83 378 213 234 227 398 93 260 0,93
PFG_MOEA,1625,9,404.27,5140.48,0 391 271 0,
PFG_MOEA,1625,10,404.27,5140.48,0 39 268 272 30 66 166 205 208 6 204 154 305 326 283 65 297 62 241 110 140 286 0,
PFG_MOEA,1625,11,404.27,5140.48,0 15 168 203 369 380 16 82 178 117 243 349 344 46 54 124 126 20 64 189 158 220 180 317 333 7 56 217 55 25 367 170 361 209 33 71 225 97 232 179 287 224 10 383 382 0,16
PFG_MOEA,1625,12,404.27,5140.48,0 335 360 365 253 206 359 313 307 207 61 12 2 119 128 236 252 216 336 138 239 122 392 285 194 275 277 352 363 323 101 95 222 150 9 47 125 198 100 102 49 274 256 237 351 280 309 5 75 328 248 258 376 368 290 343 187 41 0,100 206
PFG_MOEA,1626,1,759.34,4800.0,0 219 341 105 389 114 84 131 355 325 29 81 113 76 116 111 384 337 358 181 177 288 385 240 396 245 115 392 285 331 133 293 53 163 150 9 125 47 216 89 61 206 253 365 0,245
PFG_MOEA,1626,2,759.34,4800.0,0 22 134 186 162 159 279 74 284 184 318 70 292 263 8 373 169 108 14 375 212 24 91 0,318
PFG_MOEA,1626,3,759.34,4800.0,0 304 31 48 148 260 224 71 33 129 238 330 192 200 165 112 191 152 127 57 109 59 137 273 136 247 17 43 85 215 73 254 69 354 183 327 387 157 149 188 394 316 63 262 1 255 250 28 42 400 395 377 345 356 264 259 246 308 229 197 218 151 77 107 164 67 302 388 3 106 173 261 320 364 393 312 201 362 329 300 123 51 145 322 121 146 294 174 339 132 120 142 37 269 321 299 340 233 135 88 249 35 161 235 68 58 34 386 231 289 366 267 228 44 130 52 72 303 357 319 266 141 86 92 199 156 94 230 311 374 11 36 397 350 4 314 193 182 172 13 19 226 221 242 96 80 38 0,33 106 174 200 303 311 394
PFG_MOEA,1626,4,759.34,4800.0,0 378 83 155 103 18 190 251 175 99 315 346 372 301 167 21 139 291 265 390 234 0,
PFG_MOEA,1626,5,759.34,4800.0,0 179 391 271 39 30 272 268 46 54 93 398 227 213 232 0,391
PFG_MOEA,1626,6,759.34,4800.0,0 225 0,
PFG_MOEA,1626,7,759.34,4800.0,0 97 209 361 170 367 0,
PFG_MOEA,1626,8,759.34,4800.0,0 399 15 168 203 338 202 306 370 342 144 176 27 98 78 196 369 380 16 41 82 178 117 243 344 349 66 343 290 368 376 258 248 328 75 348 353 45 210 278 153 171 87 6 208 205 166 158 189 220 241 62 297 65 283 204 154 305 326 110 140 180 333 317 286 25 55 217 56 7 124 126 20 64 287 10 383 382 0,62 66 205 220 342
PFG_MOEA,1626,9,759.34,4800.0,0 2 119 128 295 40 32 276 239 122 296 332 347 138 336 222 95 101 194 147 324 275 323 363 352 277 102 223 244 211 104 310 100 282 143 79 160 50 60 257 270 379 195 5 309 280 351 237 256 274 49 198 252 236 0,
PFG_MOEA,1626,10,759.34,4800.0,0 381 23 90 12 207 307 0,
PFG_MOEA,1626,11,759.34,4800.0,0 335 187 359 313 360 214 0,
PFG_MOEA,1626,12,759.34,4800.0,0 185 118 281 26 334 298 371 0,
PFG_MOEA,1627,1,314.81,5596.11,0 12 90 128 236 252 336 276 138 222 198 49 274 256 237 351 280 309 5 290 343 313 207 0,222
PFG_MOEA,1627,2,314.81,5596.11,0 91 292 263 8 373 169 108 14 375 212 24 371 219 341 298 334 26 281 118 185 214 295 40 32 239 122 95 101 352 363 323 194 275 277 102 100 23 381 119 2 307 359 187 148 48 31 304 0,23
PFG_MOEA,1627,3,314.81,5596.11,0 260 224 71 33 127 152 191 112 165 200 129 238 330 192 0,33
PFG_MOEA,1627,4,314.81,5596.11,0 57 67 302 173 106 3 388 164 107 77 151 218 197 229 308 246 259 264 356 345 377 395 400 42 28 250 255 1 262 63 316 394 188 149 157 387 327 183 354 69 254 73 215 85 43 17 247 136 273 137 59 109 0,
PFG_MOEA,1627,5,314.81,5596.11,0 329 300 362 123 51 145 322 121 146 201 261 320 364 393 312 294 174 339 132 206 253 365 360 335 0,362 393
PFG_MOEA,1627,6,314.81,5596.11,0 61 358 181 177 288 385 240 396 245 115 392 285 331 133 293 53 163 150 9 125 47 216 89 0,
PFG_MOEA,1627,7,314.81,5596.11,0 80 13 19 226 35 161 235 58 34 386 231 289 366 267 228 44 130 52 72 318 70 184 284 74 279 159 162 389 114 355 325 384 337 111 116 76 113 81 29 131 84 105 186 134 22 0,
PFG_MOEA,1627,8,314.81,5596.11,0 38 96 242 221 172 182 397 350 311 4 314 193 230 94 156 374 36 11 92 319 357 303 266 141 86 199 68 135 88 249 233 340 299 321 269 120 142 37 301 21 139 291 167 372 346 315 99 175 251 0,182
PFG_MOEA,1627,9,314.81,5596.11,0 97 225 232 179 391 271 158 241 62 297 65 283 204 154 305 326 110 140 286 317 333 180 220 126 124 7 56 217 55 25 367 170 361 209 227 234 213 190 390 265 18 103 155 83 378 398 93 54 46 268 272 30 39 0,65 154
PFG_MOEA,1627,10,314.81,5596.11,0 399 15 16 380 41 82 178 117 243 344 349 20 189 64 166 205 208 6 87 171 153 278 210 353 258 376 368 66 287 10 383 382 0,243
PFG_MOEA,1627,11,314.81,5596.11,0 369 338 203 168 0,
PFG_MOEA,1627,12,314.81,5596.11,0 202 306 370 342 144 176 27 98 78 196 296 347 332 324 147 211 244 223 104 310 282 143 79 160 50 60 257 270 379 195 45 348 75 328 248 0,370
PFG_MOEA,1628,1,411.21,4974.5,0 12 90 381 23 32 276 239 336 138 222 198 49 274 256 237 351 280 252 236 128 119 2 0,23
PFG_MOEA,1628,2,411.21,4974.5,0 22 118 185 214 295 40 122 392 285 331 133 293 53 101 352 363 323 194 275 277 102 100 95 163 61 89 207 307 313 359 365 253 206 187 0,22 100
PFG_MOEA,1628,3,411.21,4974.5,0 115 0,
PFG_MOEA,1628,4,411.21,4974.5,0 245 396 240 385 288 177 181 358 337 384 111 116 76 113 81 29 325 355 0,
PFG_MOEA,1628,5,411.21,4974.5,0 281 26 334 298 341 134 186 131 84 114 389 105 219 371 162 159 74 279 91 24 212 375 284 14 184 318 70 292 263 8 373 169 108 72 52 130 44 386 362 201 312 67 164 107 302 173 106 261 388 197 218 151 77 273 136 137 59 109 127 57 226 19 13 80 0,77 106 284
PFG_MOEA,1628,6,411.21,4974.5,0 38 172 182 319 303 357 266 141 86 199 228 267 366 289 231 34 58 68 161 235 35 249 88 135 233 156 94 230 374 92 11 36 397 350 311 4 314 193 340 299 321 269 120 142 37 51 123 145 132 339 322 121 146 294 174 320 364 393 3 229 308 356 264 259 246 42 300 329 112 221 242 96 0,51 174 229 246 299
PFG_MOEA,1628,7,411.21,4974.5,0 399 200 165 191 152 247 255 1 262 250 28 345 377 395 400 394 188 301 372 21 167 291 139 149 157 63 316 387 327 17 43 85 215 73 254 183 354 69 265 346 315 99 175 251 190 390 18 103 155 83 378 213 234 227 398 93 224 179 232 225 97 71 33 260 148 238 129 330 192 48 31 304 0,93
PFG_MOEA,1628,8,411.21,4974.5,0 382 383 10 391 271 39 46 54 268 272 30 66 166 205 208 6 204 154 305 326 283 65 297 62 241 110 140 286 317 333 180 220 158 189 64 20 126 124 7 56 217 55 25 367 170 361 209 287 0,55 62 66 220
PFG_MOEA,1628,9,411.21,4974.5,0 380 0,
PFG_MOEA,1628,10,411.21,4974.5,0 16 369 15 0,
PFG_MOEA,1628,11,411.21,4974.5,0 168 203 178 82 41 0,178
PFG_MOEA,1628,12,411.21,4974.5,0 335 360 338 202 306 370 342 144 176 27 98 78 196 296 347 332 216 47 125 9 150 147 324 211 244 223 104 310 282 143 309 5 195 379 79 160 50 60 270 257 210 45 153 278 87 171 353 348 75 328 248 258 376 368 290 343 349 344 243 117 0,
PFG_MOEA,1629,1,312.55,5795.78,0 336 138 239 122 296 347 332 324 275 277 104 211 244 223 102 352 363 323 194 147 101 95 222 0,122 211 222 277
PFG_MOEA,1629,2,312.55,5795.78,0 335 360 207 307 313 359 187 100 310 282 143 79 160 50 60 257 270 379 195 5 309 280 351 237 256 274 49 198 252 236 381 23 90 12 214 185 118 281 26 334 298 371 72 52 130 44 386 80 0,5 307
PFG_MOEA,1629,3,312.55,5795.78,0 13 19 226 57 127 109 59 137 136 273 77 151 218 197 388 261 106 173 302 107 164 67 312 201 362 123 51 145 294 174 339 132 142 120 269 321 299 0,174
PFG_MOEA,1629,4,312.55,5795.78,0 340 233 135 88 249 35 235 161 68 58 34 231 289 366 267 228 141 266 303 357 319 86 199 156 94 0,303
PFG_MOEA,1629,5,312.55,5795.78,0 38 172 182 397 36 11 92 374 230 311 350 4 314 193 37 322 121 146 320 364 393 3 229 308 356 264 259 246 42 300 329 112 191 152 221 242 96 0,42 264
PFG_MOEA,1629,6,312.55,5795.78,0 200 165 129 0,
PFG_MOEA,1629,7,312.55,5795.78,0 304 330 395 400 394 188 301 372 21 167 291 139 149 157 63 316 387 17 43 33 71 224 260 0,
PFG_MOEA,1629,8,312.55,5795.78,0 399 247 28 250 345 377 262 1 255 327 254 73 215 85 93 179 232 225 97 148 238 192 48 31 0,93
PFG_MOEA,1629,9,312.55,5795.78,0 378 69 183 354 265 346 315 99 175 251 190 390 18 103 155 83 234 213 227 398 209 361 170 367 25 55 217 56 7 180 333 317 286 140 110 62 297 65 283 326 305 154 204 6 208 241 220 158 189 64 20 126 124 0,175
PFG_MOEA,1629,10,312.55,5795.78,0 287 382 383 10 268 272 30 66 166 205 271 39 391 53 293 133 331 285 392 115 245 396 240 385 288 177 181 358 337 384 111 116 76 113 81 29 325 355 131 84 114 389 105 341 219 0,
PFG_MOEA,1629,11,312.55,5795.78,0 91 24 212 375 14 108 169 373 8 263 292 70 318 184 284 74 279 159 162 22 134 186 89 216 47 125 9 150 163 61 365 253 206 46 54 0,
PFG_MOEA,1629,12,312.55,5795.78,0 41 82 178 117 243 344 349 343 290 368 376 258 248 328 75 171 87 153 278 210 45 353 348 2 119 128 295 40 32 276 196 78 98 27 176 144 342 370 306 202 338 203 168 369 380 16 15 0,16 87 203
PFG_MOEA,1630,1,389.39,5146.42,0 163 78 53 293 133 331 285 392 98 115 245 27 396 240 385 288 177 181 358 337 384 111 116 76 113 81 29 325 355 131 84 114 389 91 279 74 159 162 371 219 298 341 22 134 186 105 118 185 0,
PFG_MOEA,1630,2,389.39,5146.42,0 281 26 334 24 212 375 284 14 184 318 70 292 263 8 373 169 108 72 52 130 44 386 51 145 123 362 201 294 312 67 164 107 302 173 106 261 388 197 218 151 77 273 136 137 59 109 127 57 226 19 13 80 0,
PFG_MOEA,1630,3,389.39,5146.42,0 142 339 174 132 120 269 321 299 340 233 135 88 249 35 235 161 68 58 34 231 289 366 267 228 141 266 303 357 319 86 199 156 94 230 374 92 11 36 397 350 311 4 314 193 0,88
PFG_MOEA,1630,4,389.39,5146.42,0 182 172 38 0,
PFG_MOEA,1630,5,389.39,5146.42,0 37 322 121 146 320 364 393 3 229 308 356 264 259 246 42 300 329 112 152 191 165 200 221 242 96 0,152 264 329
PFG_MOEA,1630,6,389.39,5146.42,0 129 33 71 224 260 0,
PFG_MOEA,1630,7,389.39,5146.42,0 399 247 255 1 262 250 28 345 377 395 400 394 188 301 372 21 167 291 139 149 157 63 316 387 17 43 73 254 327 183 354 69 215 85 93 179 232 225 97 148 48 238 330 192 31 304 0,395
PFG_MOEA,1630,8,389.39,5146.42,0 16 15 168 203 369 380 391 271 39 268 272 30 66 166 205 208 6 204 154 305 326 283 65 297 62 241 110 140 286 317 333 180 220 158 189 64 20 126 124 7 56 217 55 25 367 170 361 209 398 227 234 213 190 251 175 99 315 346 265 390 18 103 155 83 378 54 46 287 10 383 382 41 0,7 16 20 103 272
PFG_MOEA,1630,9,389.39,5146.42,0 82 178 117 243 368 376 258 353 153 171 87 278 210 143 237 256 274 49 100 282 310 104 102 277 275 194 323 363 352 101 198 95 222 138 122 276 336 252 236 128 23 381 90 119 2 12 0,
PFG_MOEA,1630,10,389.39,5146.42,0 344 349 351 280 309 5 79 160 50 60 257 270 379 195 45 348 75 328 248 290 343 187 0,
PFG_MOEA,1630,11,389.39,5146.42,0 214 295 40 32 239 370 342 144 176 150 47 9 125 216 89 61 207 307 313 359 206 253 365 360 335 0,176
PFG_MOEA,1630,12,389.39,5146.42,0 338 202 306 196 296 347 332 324 147 211 244 223 0,
PFG_MOEA,1631,1,413.96,4915.5,0 187 206 253 365 359 313 307 207 61 12 89 2 119 128 236 252 336 138 163 222 95 198 351 280 237 256 274 49 100 102 277 275 194 323 363 352 101 53 293 133 331 285 392 122 239 276 32 40 295 23 381 90 113 81 29 76 116 111 384 337 358 181 177 288 385 240 396 245 115 22 118 185 214 0,245 381
PFG_MOEA,1631,2,413.96,4915.5,0 281 84 131 325 355 114 389 186 134 341 298 26 334 0,
PFG_MOEA,1631,3,413.96,4915.5,0 371 219 105 162 159 74 279 91 24 212 375 284 14 184 318 70 292 263 8 373 169 108 72 52 130 44 386 362 201 312 67 164 107 302 173 106 261 388 197 218 151 77 273 136 137 59 0,
PFG_MOEA,1631,4,413.96,4915.5,0 57 127 109 226 0,
PFG_MOEA,1631,5,413.96,4915.5,0 19 0,
PFG_MOEA,1631,6,413.96,4915.5,0 38 303 357 266 141 86 199 228 267 366 289 231 34 58 68 161 235 35 249 88 135 233 319 182 172 13 80 0,88
PFG_MOEA,1631,7,413.96,4915.5,0 399 397 36 11 92 156 94 230 374 350 311 4 314 193 340 299 321 269 120 142 37 51 123 145 132 339 322 121 146 294 174 320 364 393 3 229 308 356 264 259 246 42 300 329 112 191 165 200 221 242 96 0,11 340 374 393
PFG_MOEA,1631,8,413.96,4915.5,0 152 247 255 1 262 250 28 345 377 395 400 394 188 301 372 21 167 291 139 149 157 63 316 387 327 17 43 85 215 73 254 183 354 69 265 346 315 99 175 251 190 390 18 103 155 83 378 213 234 227 398 93 0,1 152 175 227
PFG_MOEA,1631,9,413.96,4915.5,0 304 31 48 192 330 238 129 148 260 391 271 39 268 272 30 66 166 205 208 6 204 154 305 326 283 65 297 62 241 110 140 286 317 333 180 220 158 189 64 20 126 124 7 56 217 55 25 367 170 361 209 71 33 97 225 232 179 224 0,55 391
PFG_MOEA,1631,10,413.96,4915.5,0 287 10 383 382 0,
PFG_MOEA,1631,11,413.96,4915.5,0 16 15 168 203 369 380 82 178 117 243 349 344 54 46 41 0,
PFG_MOEA,1631,12,413.96,4915.5,0 335 360 216 150 9 47 125 309 5 343 290 368 376 258 248 328 75 171 87 278 153 353 348 45 210 195 379 270 257 60 50 160 79 143 282 310 104 223 244 211 324 147 332 347 296 196 78 98 27 176 144 342 370 306 202 338 0,
PFG_MOEA,1632,1,320.55,5348.04,0 80 13 172 182 397 36 11 92 233 135 88 249 35 235 161 68 58 34 231 289 319 399 0,
PFG_MOEA,1632,2,320.55,5348.04,0 374 230 94 156 311 350 4 314 193 340 299 321 269 120 142 132 339 174 320 364 308 229 3 393 294 146 121 322 123 145 51 37 0,393
PFG_MOEA,1632,3,320.55,5348.04,0 96 242 221 200 165 112 329 300 191 152 247 255 1 262 42 250 28 246 259 264 356 345 377 395 400 394 188 301 372 21 167 291 139 149 157 63 316 387 327 17 43 85 215 73 254 183 354 69 265 346 315 99 175 251 190 0,215
PFG_MOEA,1632,4,320.55,5348.04,0 304 31 192 330 238 129 398 227 234 213 18 390 286 140 110 241 93 260 148 48 0,
PFG_MOEA,1632,5,320.55,5348.04,0 317 333 0,
PFG_MOEA,1632,6,320.55,5348.04,0 33 71 209 361 170 367 25 55 217 56 7 180 220 158 189 64 20 126 124 224 10 383 382 16 203 168 15 0,25
PFG_MOEA,1632,7,320.55,5348.04,0 380 369 335 360 216 150 9 47 125 309 5 195 379 270 210 45 348 353 153 278 87 171 75 328 248 258 376 368 290 343 54 46 344 349 243 117 178 82 41 0,
PFG_MOEA,1632,8,320.55,5348.04,0 338 202 306 370 342 144 176 27 98 78 196 296 347 332 147 324 211 244 223 104 310 282 143 79 160 50 60 257 6 204 154 305 326 283 62 297 65 208 205 166 66 30 272 268 0,66
PFG_MOEA,1632,9,320.55,5348.04,0 187 206 253 365 359 313 307 207 61 12 89 2 119 128 236 252 336 138 163 222 95 198 351 256 237 280 391 271 39 378 83 155 103 232 179 287 225 97 0,138 307
PFG_MOEA,1632,10,320.55,5348.04,0 22 389 114 84 131 325 355 29 81 113 76 116 111 384 337 358 181 177 288 385 240 396 245 115 392 285 331 133 293 53 101 352 363 323 194 275 277 102 100 49 274 122 239 276 32 40 295 23 381 90 214 185 281 118 0,323 331
PFG_MOEA,1632,11,320.55,5348.04,0 334 298 26 105 186 134 341 219 371 24 212 375 14 184 318 70 292 263 8 373 169 284 74 279 91 159 162 0,134
PFG_MOEA,1632,12,320.55,5348.04,0 38 19 226 57 127 109 59 137 136 273 77 151 218 197 388 261 106 173 302 107 164 67 312 201 362 366 267 228 386 44 130 52 72 108 303 357 266 141 86 199 0,106 386
PFG_MOEA,1633,1,270.73,5843.94,0 335 187 309 5 195 379 270 257 60 50 160 79 143 280 351 237 256 274 49 198 252 236 381 23 90 12 207 307 0,
PFG_MOEA,1633,2,270.73,5843.94,0 61 313 359 206 253 365 360 214 185 118 281 26 334 298 371 22 134 186 162 159 292 263 8 373 318 70 184 284 74 279 0,134 284 313 318
PFG_MOEA,1633,3,270.73,5843.94,0 91 169 108 14 375 212 24 192 330 238 129 200 165 112 191 152 127 57 109 59 137 273 136 247 17 43 85 215 33 71 224 260 148 48 31 304 0,33 200
PFG_MOEA,1633,4,270.73,5843.94,0 73 254 69 354 183 327 387 157 149 188 394 316 63 262 1 255 250 28 42 400 395 377 345 356 264 259 246 308 229 197 218 151 77 107 164 67 302 388 3 106 173 261 320 364 0,
PFG_MOEA,1633,5,270.73,5843.94,0 329 300 362 123 51 145 322 121 146 201 312 393 294 174 339 132 120 142 0,145 174
PFG_MOEA,1633,6,270.73,5843.94,0 37 269 321 299 340 219 341 105 84 131 29 81 113 76 116 111 181 358 337 384 325 355 114 389 0,341
PFG_MOEA,1633,7,270.73,5843.94,0 89 216 47 125 9 150 163 53 293 133 331 285 392 115 245 396 240 385 288 177 34 58 235 135 233 88 249 35 161 68 0,133 240
PFG_MOEA,1633,8,270.73,5843.94,0 172 182 193 314 4 350 397 36 11 374 311 230 94 156 199 92 86 319 266 141 289 231 386 366 267 228 44 130 52 72 303 357 13 19 226 221 242 96 0,141 386
PFG_MOEA,1633,9,270.73,5843.94,0 38 80 378 83 291 139 21 167 301 372 346 315 265 390 99 175 251 190 18 103 155 234 227 398 93 54 46 268 272 30 39 271 391 179 0,
PFG_MOEA,1633,10,270.73,5843.94,0 97 225 232 209 361 213 170 367 328 248 258 376 368 290 343 66 349 344 243 117 178 82 41 16 380 369 196 78 98 27 176 144 342 370 306 202 338 203 168 15 399 0,82 176 225
PFG_MOEA,1633,11,270.73,5843.94,0 287 64 166 205 75 348 353 45 210 278 153 171 87 6 208 158 189 220 241 62 297 65 283 204 154 305 326 110 140 180 333 317 286 25 55 217 56 7 124 126 20 10 0,65 126
PFG_MOEA,1633,12,270.73,5843.94,0 2 119 128 295 40 32 276 239 122 296 332 347 138 336 222 95 101 194 147 324 275 323 363 352 277 102 223 244 211 104 310 100 282 383 382 0,2
PFG_MOEA,1634,1,369.23,5154.87,0 90 295 40 32 276 239 122 222 95 101 323 363 352 102 277 275 194 53 293 133 331 285 392 115 245 396 240 385 288 177 181 358 337 384 111 116 76 113 81 29 325 131 84 355 114 389 279 74 159 162 371 219 341 22 134 186 105 298 334 26 281 118 185 214 0,40 240 245 331
PFG_MOEA,1634,2,369.23,5154.87,0 91 24 212 375 284 14 184 318 70 292 263 8 373 169 108 72 52 130 44 386 0,318
PFG_MOEA,1634,3,369.23,5154.87,0 362 201 312 67 164 107 302 173 106 261 388 197 218 151 77 273 136 0,106
PFG_MOEA,1634,4,369.23,5154.87,0 399 172 182 397 36 11 92 86 141 266 303 357 319 199 228 267 366 289 231 34 58 68 161 235 35 249 88 135 233 156 94 230 374 350 311 4 314 193 340 299 321 269 120 142 37 51 145 123 137 59 109 127 57 226 19 13 80 38 0,340
PFG_MOEA,1634,5,369.23,5154.87,0 132 339 322 0,
PFG_MOEA,1634,6,369.23,5154.87,0 96 242 221 200 165 112 191 152 329 300 121 146 294 174 320 364 393 3 229 308 259 246 264 356 345 377 395 400 42 250 28 247 255 1 262 63 157 291 167 21 372 301 188 394 139 149 316 387 327 17 43 85 215 73 254 183 354 69 265 346 315 99 0,1 200 393
PFG_MOEA,1634,7,369.23,5154.87,0 93 398 227 234 213 190 251 175 390 18 103 155 83 378 31 304 0,
PFG_MOEA,1634,8,369.23,5154.87,0 48 192 330 238 129 148 260 391 0,
PFG_MOEA,1634,9,369.23,5154.87,0 268 272 30 65 283 326 305 154 204 6 208 205 166 66 271 39 0,272
PFG_MOEA,1634,10,369.23,5154.87,0 124 126 20 64 189 158 220 241 297 62 110 140 286 317 333 180 7 56 217 55 25 367 170 361 209 71 97 33 0,
PFG_MOEA,1634,11,369.23,5154.87,0 15 16 380 369 168 203 338 202 306 370 342 144 176 27 98 78 196 296 347 332 324 147 211 244 223 210 45 348 353 153 278 87 171 75 328 248 258 376 368 290 343 54 46 224 225 232 179 287 10 383 382 41 344 349 243 117 178 82 125 9 47 150 216 360 335 0,47 87 353
PFG_MOEA,1634,12,369.23,5154.87,0 207 307 313 359 365 253 206 187 100 310 104 282 143 79 160 50 60 257 270 379 195 5 309 280 351 237 256 274 49 198 163 138 336 252 236 381 23 128 119 2 89 12 61 0,
PFG_MOEA,1635,1,337.93,5308.22,0 187 206 253 313 359 365 0,
PFG_MOEA,1635,2,337.93,5308.22,0 207 307 198 280 351 256 237 101 53 293 133 331 285 392 95 222 163 138 336 252 236 128 119 2 89 12 61 0,133 222
PFG_MOEA,1635,3,337.93,5308.22,0 323 363 352 194 275 277 102 100 49 274 122 239 276 32 40 295 23 381 90 0,
PFG_MOEA,1635,4,337.93,5308.22,0 22 115 245 396 240 385 288 177 181 358 337 384 111 116 76 113 81 29 131 84 281 118 185 214 0,
PFG_MOEA,1635,5,337.93,5308.22,0 334 26 298 371 219 341 134 186 105 355 325 114 389 162 159 74 279 91 24 212 375 284 14 184 318 70 292 263 8 373 169 108 72 52 130 44 386 362 201 312 0,284
PFG_MOEA,1635,6,337.93,5308.22,0 399 172 182 397 36 11 92 86 141 266 303 357 319 199 228 267 366 289 231 34 58 68 161 235 35 249 88 135 233 156 94 230 57 127 109 59 137 136 273 77 151 218 197 388 261 106 173 302 107 164 67 294 226 19 13 80 38 0,
PFG_MOEA,1635,7,337.93,5308.22,0 374 350 311 4 314 193 340 299 321 269 120 142 37 51 145 123 146 121 322 339 132 174 320 364 393 3 229 308 356 264 259 246 42 1 255 247 152 191 112 329 300 165 200 221 242 96 0,132 264 340 393
PFG_MOEA,1635,8,337.93,5308.22,0 28 250 262 400 395 345 377 394 188 301 372 21 167 291 139 149 157 63 316 387 327 17 43 85 215 73 254 183 354 69 265 346 315 99 175 251 190 0,
PFG_MOEA,1635,9,337.93,5308.22,0 304 192 330 238 129 378 83 155 103 18 390 213 234 227 398 140 110 241 62 297 65 283 326 305 154 204 6 208 205 166 66 93 30 272 268 39 271 391 260 148 48 31 0,65 391
PFG_MOEA,1635,10,337.93,5308.22,0 33 71 225 97 232 209 361 170 367 25 55 217 56 7 317 286 333 180 220 158 189 64 20 126 124 224 10 287 179 0,
PFG_MOEA,1635,11,337.93,5308.22,0 15 168 203 369 16 380 335 360 216 150 9 47 125 309 5 195 379 270 210 45 348 353 153 278 87 171 75 328 248 54 46 383 382 344 349 243 117 178 82 41 0,82 87 195 353
PFG_MOEA,1635,12,337.93,5308.22,0 338 202 306 370 342 144 176 27 98 78 196 296 347 332 147 324 211 244 223 104 310 282 143 79 160 50 60 257 258 376 368 290 343 0,290
PFG_MOEA,1636,1,319.42,5478.6,0 222 0,
PFG_MOEA,1636,2,319.42,5478.6,0 95 101 323 363 352 102 277 275 194 53 293 133 331 285 392 115 245 396 240 385 288 177 181 358 337 384 111 116 76 113 81 29 325 131 84 355 114 389 279 74 159 162 371 219 341 22 134 186 105 298 334 26 281 0,105
PFG_MOEA,1636,3,319.42,5478.6,0 118 91 284 184 14 375 212 24 0,375
PFG_MOEA,1636,4,319.42,5478.6,0 399 397 36 11 92 199 86 141 266 319 357 303 289 366 267 228 8 263 292 70 318 373 169 108 72 52 130 44 386 362 201 312 67 164 107 302 173 106 261 388 197 218 151 77 273 136 182 172 0,86 197 318 362
PFG_MOEA,1636,5,319.42,5478.6,0 38 80 13 19 226 57 127 109 59 137 123 145 51 132 142 120 269 321 299 37 340 193 314 4 350 311 156 233 135 88 249 35 235 161 68 58 34 231 94 230 374 0,
PFG_MOEA,1636,6,319.42,5478.6,0 96 242 200 191 112 165 322 339 174 393 3 229 364 320 294 121 146 300 329 152 221 0,200 393
PFG_MOEA,1636,7,319.42,5478.6,0 93 85 247 28 246 259 308 264 356 345 377 395 400 42 250 255 1 262 63 157 291 167 21 372 301 188 394 139 149 316 387 327 17 43 73 215 254 183 354 69 265 346 315 99 390 175 251 190 18 213 234 227 398 0,
PFG_MOEA,1636,8,319.42,5478.6,0 304 31 48 330 192 129 238 148 260 391 271 66 166 205 208 6 204 154 305 326 283 65 62 297 241 158 189 220 110 140 103 155 83 378 124 126 20 64 30 272 268 39 0,62 205 220 391
PFG_MOEA,1636,9,319.42,5478.6,0 7 180 333 286 317 56 217 55 0,
PFG_MOEA,1636,10,319.42,5478.6,0 15 16 380 369 168 203 338 202 306 370 342 144 176 27 98 78 196 296 347 332 324 147 211 244 223 210 45 348 353 153 278 87 171 75 328 248 258 376 368 290 343 54 46 209 361 170 367 25 232 179 224 225 97 71 33 0,16 353 370
PFG_MOEA,1636,11,319.42,5478.6,0 365 253 206 61 89 2 119 128 216 336 138 163 150 47 125 9 100 282 310 104 143 79 160 50 60 257 270 379 195 5 309 280 351 237 256 287 10 383 382 344 349 243 117 178 82 41 0,47 138 178 206 243
PFG_MOEA,1636,12,319.42,5478.6,0 335 187 359 313 360 207 307 198 49 274 122 239 276 32 40 295 23 381 236 252 90 12 214 185 0,
PFG_MOEA,1637,1,312.87,5623.42,0 216 98 370 342 144 176 27 78 196 296 347 332 147 324 211 244 223 104 310 282 79 160 50 379 195 5 309 143 150 47 9 125 0,
PFG_MOEA,1637,2,312.87,5623.42,0 117 243 344 349 343 290 368 376 258 248 328 75 348 353 171 87 278 153 45 210 257 60 270 237 256 274 49 198 222 138 336 239 276 32 177 181 358 337 384 111 116 76 23 381 90 12 0,290 336 353
PFG_MOEA,1637,3,312.87,5623.42,0 22 118 185 214 2 119 128 236 252 40 295 122 392 285 331 133 293 53 101 352 363 323 194 275 277 102 100 351 280 95 163 61 89 207 307 313 359 253 365 0,307
PFG_MOEA,1637,4,312.87,5623.42,0 206 187 0,
PFG_MOEA,1637,5,312.87,5623.42,0 281 26 334 298 219 371 341 134 186 105 115 245 396 240 385 288 113 81 29 325 355 131 84 114 389 162 159 74 279 91 0,341
PFG_MOEA,1637,6,312.87,5623.42,0 80 13 19 226 57 127 109 59 137 136 273 77 151 218 197 388 261 106 173 302 107 164 67 312 201 362 386 44 130 52 72 108 169 373 8 263 292 70 318 184 14 284 375 212 24 303 357 319 182 172 38 0,318 362
PFG_MOEA,1637,7,312.87,5623.42,0 266 141 86 199 228 267 366 289 231 34 58 68 161 235 35 249 88 135 233 156 94 230 374 92 0,
PFG_MOEA,1637,8,312.87,5623.42,0 399 397 36 11 350 311 4 314 193 340 299 321 269 120 142 37 51 123 145 132 339 322 121 146 294 174 320 364 393 3 229 308 356 264 259 246 42 300 329 112 191 165 200 221 242 96 0,51 145 174 264 329
PFG_MOEA,1637,9,312.87,5623.42,0 152 247 28 250 345 377 395 400 394 188 301 372 167 21 139 291 262 1 255 0,
PFG_MOEA,1637,10,312.87,5623.42,0 85 215 73 43 17 327 387 316 149 157 63 354 183 254 69 265 346 315 99 175 251 190 390 18 103 155 83 378 0,175 390
PFG_MOEA,1637,11,312.87,5623.42,0 304 31 48 192 330 129 238 148 260 383 10 224 391 271 39 46 93 398 227 234 213 179 232 225 97 71 33 382 0,
PFG_MOEA,1637,12,312.87,5623.42,0 209 361 170 367 25 55 217 56 7 124 126 20 64 189 158 220 180 333 317 286 140 110 241 62 297 65 283 326 305 154 204 6 208 205 166 66 30 272 268 54 287 178 82 41 335 360 380 369 203 338 202 306 168 15 16 0,7 166 203 361
PFG_MOEA,1638,1,350.97,5291.61,0 22 118 185 214 2 119 252 236 128 381 23 40 32 295 239 122 392 285 331 133 293 53 101 352 363 323 194 275 277 102 100 274 256 237 351 280 376 368 290 343 349 344 243 117 0,23 293 352
PFG_MOEA,1638,2,350.97,5291.61,0 365 359 313 307 207 89 61 163 95 206 253 187 281 26 334 298 219 371 341 134 186 105 115 245 396 240 385 288 177 181 358 337 384 111 116 76 113 81 29 325 355 131 84 114 389 162 159 279 74 284 70 318 184 14 375 212 24 91 0,
PFG_MOEA,1638,3,350.97,5291.61,0 292 263 8 373 169 108 72 52 130 44 386 362 201 312 67 164 107 302 173 106 261 388 197 218 151 77 273 136 137 59 109 0,362 388
PFG_MOEA,1638,4,350.97,5291.61,0 38 80 13 19 226 57 127 68 161 58 34 231 289 366 267 228 199 86 141 266 357 303 319 182 172 0,182
PFG_MOEA,1638,5,350.97,5291.61,0 397 36 11 92 374 350 311 4 314 193 230 94 156 35 88 249 235 135 233 340 299 321 269 120 142 37 51 0,
PFG_MOEA,1638,6,350.97,5291.61,0 399 96 242 200 165 112 329 300 123 145 322 121 146 294 339 132 174 320 364 393 3 229 308 356 264 259 246 28 250 42 262 1 255 247 152 191 221 0,152 174 200 229 246
PFG_MOEA,1638,7,350.97,5291.61,0 345 377 395 400 394 188 301 372 21 167 291 139 149 157 63 316 387 327 17 43 85 215 73 254 183 354 69 265 346 315 99 175 251 190 390 18 103 155 213 234 83 378 0,
PFG_MOEA,1638,8,350.97,5291.61,0 224 93 398 227 71 97 225 232 179 0,
PFG_MOEA,1638,9,350.97,5291.61,0 304 31 48 192 330 129 238 148 33 209 361 170 367 25 55 217 56 7 124 126 20 64 189 158 220 180 333 317 286 140 110 241 62 297 65 283 326 305 154 204 6 208 205 166 66 30 272 268 54 46 39 271 391 10 287 383 382 260 16 369 380 0,39
PFG_MOEA,1638,10,350.97,5291.61,0 15 168 203 178 82 41 0,
PFG_MOEA,1638,11,350.97,5291.61,0 335 0,
PFG_MOEA,1638,12,350.97,5291.61,0 360 90 216 336 47 9 125 198 49 309 5 258 248 328 75 348 353 171 87 278 153 45 379 195 210 257 270 60 50 160 79 143 282 310 104 223 244 211 324 147 222 150 138 276 332 347 296 196 78 98 27 176 144 342 370 306 202 338 12 0,223 370
PFG_MOEA,1639,1,748.42,4875.65,0 399 38 80 96 242 221 226 19 13 172 182 319 303 357 266 141 86 199 228 267 366 289 231 34 58 68 161 235 35 249 88 135 233 156 94 230 374 92 11 36 397 350 311 4 314 193 340 299 321 269 37 142 120 132 339 51 145 123 300 329 112 165 200 191 152 57 127 109 59 137 136 247 255 1 262 42 250 28 273 77 151 146 121 322 294 174 320 364 393 3 106 261 388 229 218 197 246 259 308 264 356 345 377 395 400 394 188 301 372 21 167 291 139 149 157 63 316 387 327 17 43 85 215 73 254 183 354 69 265 346 315 99 175 251 190 390 18 103 155 83 378 213 234 227 0,1 94 174 314 340 390 395
PFG_MOEA,1639,2,748.42,4875.65,0 260 224 93 398 71 33 148 0,
PFG_MOEA,1639,3,748.42,4875.65,0 304 31 192 330 129 238 48 382 383 10 391 271 39 30 272 268 54 46 0,
PFG_MOEA,1639,4,748.42,4875.65,0 15 168 203 369 380 16 41 82 178 209 361 170 367 25 55 217 56 7 124 126 20 64 189 158 220 180 333 317 286 140 110 241 62 297 65 283 326 305 154 204 6 208 205 166 66 335 0,65 220 361
PFG_MOEA,1639,5,748.42,4875.65,0 12 90 381 216 47 125 9 150 360 117 243 349 344 287 97 225 232 179 343 290 368 376 258 248 328 75 348 353 171 87 278 153 45 210 257 270 60 50 160 79 379 195 5 309 143 282 310 104 223 244 211 324 147 347 332 331 285 296 196 78 392 98 115 245 27 176 144 342 240 370 396 385 288 306 177 181 358 337 384 111 116 76 113 81 29 325 355 131 84 338 202 114 389 22 0,176 210 370
PFG_MOEA,1639,6,748.42,4875.65,0 23 32 276 239 336 138 222 49 274 198 0,
PFG_MOEA,1639,7,748.42,4875.65,0 118 185 214 2 119 128 236 252 40 295 122 133 293 53 101 352 363 323 194 275 277 102 100 237 280 351 256 95 163 61 89 207 307 313 0,133 323
PFG_MOEA,1639,8,748.42,4875.65,0 365 359 253 206 0,
PFG_MOEA,1639,9,748.42,4875.65,0 187 0,
PFG_MOEA,1639,10,748.42,4875.65,0 281 26 334 298 341 105 186 134 162 371 219 0,
PFG_MOEA,1639,11,748.42,4875.65,0 159 279 74 284 184 318 70 292 14 375 212 24 91 0,375
PFG_MOEA,1639,12,748.42,4875.65,0 263 8 373 169 108 72 52 130 44 386 107 164 173 302 67 312 201 362 0,386
PFG_MOEA,1640,1,404.27,5140.48,0 89 90 381 23 295 32 276 40 45 353 348 171 87 153 278 210 379 195 270 257 60 50 160 79 143 282 310 104 223 244 211 324 147 163 53 347 332 133 331 296 293 196 78 245 98 115 27 176 144 342 240 370 396 385 288 306 177 181 358 337 384 111 116 76 113 81 29 202 338 22 118 185 214 0,177 223 245 379
PFG_MOEA,1640,2,404.27,5140.48,0 281 105 26 334 298 219 371 341 134 186 84 131 325 355 114 389 162 159 74 279 91 24 212 375 284 14 184 318 70 292 263 8 373 169 108 72 52 130 44 386 362 0,134 362
PFG_MOEA,1640,3,404.27,5140.48,0 57 127 109 59 137 136 273 77 151 218 197 388 261 106 173 302 107 164 67 312 201 0,
PFG_MOEA,1640,4,404.27,5140.48,0 38 80 13 19 226 182 172 303 357 319 266 141 86 233 135 88 249 35 235 161 68 58 34 231 289 366 267 228 199 11 36 397 399 0,266
PFG_MOEA,1640,5,404.27,5140.48,0 92 156 94 230 374 350 311 4 314 193 340 299 321 269 37 142 120 132 339 51 145 123 322 121 146 294 174 320 364 393 3 229 308 356 264 259 246 42 247 152 191 112 329 300 165 200 221 242 96 0,299 329
PFG_MOEA,1640,6,404.27,5140.48,0 255 1 262 377 345 250 28 0,
PFG_MOEA,1640,7,404.27,5140.48,0 395 400 394 188 301 372 21 167 291 139 149 0,
PFG_MOEA,1640,8,404.27,5140.48,0 304 31 48 148 129 238 330 192 85 215 73 43 17 327 387 316 63 157 354 183 254 69 265 346 315 99 175 251 190 390 18 103 155 83 378 213 234 227 398 93 260 0,93
PFG_MOEA,1640,9,404.27,5140.48,0 391 271 0,
PFG_MOEA,1640,10,404.27,5140.48,0 39 268 272 30 66 166 205 208 6 204 154 305 326 283 65 297 62 241 110 140 286 0,
PFG_MOEA,1640,11,404.27,5140.48,0 15 168 203 369 380 16 82 178 117 243 349 344 46 54 124 126 20 64 189 158 220 180 317 333 7 56 217 55 25 367 170 361 209 33 71 225 97 232 179 287 224 10 383 382 0,16
PFG_MOEA,1640,12,404.27,5140.48,0 335 360 365 253 206 359 313 307 207 61 12 2 119 128 236 252 216 336 138 239 122 392 285 194 275 277 352 363 323 101 95 222 150 9 47 125 198 100 102 49 274 256 237 351 280 309 5 75 328 248 258 376 368 290 343 187 41 0,100 206
PFG_MOEA,1641,1,759.34,4800.0,0 219 341 105 389 114 84 131 355 325 29 81 113 76 116 111 384 337 358 181 177 288 385 240 396 245 115 392 285 331 133 293 53 163 150 9 125 47 216 89 61 206 253 365 0,245
PFG_MOEA,1641,2,759.34,4800.0,0 22 134 186 162 159 279 74 284 184 318 70 292 263 8 373 169 108 14 375 212 24 91 0,318
PFG_MOEA,1641,3,759.34,4800.0,0 304 31 48 148 260 224 71 33 129 238 330 192 200 165 112 191 152 127 57 109 59 137 273 136 247 17 43 85 215 73 254 69 354 183 327 387 157 149 188 394 316 63 262 1 255 250 28 42 400 395 377 345 356 264 259 246 308 229 197 218 151 77 107 164 67 302 388 3 106 173 261 320 364 393 312 201 362 329 300 123 51 145 322 121 146 294 174 339 132 120 142 37 269 321 299 340 233 135 88 249 35 161 235 68 58 34 386 231 289 366 267 228 44 130 52 72 303 357 319 266 141 86 92 199 156 94 230 311 374 11 36 397 350 4 314 193 182 172 13 19 226 221 242 96 80 38 0,33 106 174 200 303 311 394
PFG_MOEA,1641,4,759.34,4800.0,0 378 83 155 103 18 190 251 175 99 315 346 372 301 167 21 139 291 265 390 234 0,
PFG_MOEA,1641,5,759.34,4800.0,0 179 391 271 39 30 272 268 46 54 93 398 227 213 232 0,391
PFG_MOEA,1641,6,759.34,4800.0,0 225 0,
PFG_MOEA,1641,7,759.34,4800.0,0 97 209 361 170 367 0,
PFG_MOEA,1641,8,759.34,4800.0,0 399 15 168 203 338 202 306 370 342 144 176 27 98 78 196 369 380 16 41 82 178 117 243 344 349 66 343 290 368 376 258 248 328 75 348 353 45 210 278 153 171 87 6 208 205 166 158 189 220 241 62 297 65 283 204 154 305 326 110 140 180 333 317 286 25 55 217 56 7 124 126 20 64 287 10 383 382 0,62 66 205 220 342
PFG_MOEA,1641,9,759.34,4800.0,0 2 119 128 295 40 32 276 239 122 296 332 347 138 336 222 95 101 194 147 324 275 323 363 352 277 102 223 244 211 104 310 100 282 143 79 160 50 60 257 270 379 195 5 309 280 351 237 256 274 49 198 252 236 0,
PFG_MOEA,1641,10,759.34,4800.0,0 381 23 90 12 207 307 0,
PFG_MOEA,1641,11,759.34,4800.0,0 335 187 359 313 360 214 0,
PFG_MOEA,1641,12,759.34,4800.0,0 185 118 281 26 334 298 371 0,
PFG_MOEA,1642,1,314.81,5596.11,0 12 90 128 236 252 336 276 138 222 198 49 274 256 237 351 280 309 5 290 343 313 207 0,222
PFG_MOEA,1642,2,314.81,5596.11,0 91 292 263 8 373 169 108 14 375 212 24 371 219 341 298 334 26 281 118 185 214 295 40 32 239 122 95 101 352 363 323 194 275 277 102 100 23 381 119 2 307 359 187 148 48 31 304 0,23
PFG_MOEA,1642,3,314.81,5596.11,0 260 224 71 33 127 152 191 112 165 200 129 238 330 192 0,33
PFG_MOEA,1642,4,314.81,5596.11,0 57 67 302 173 106 3 388 164 107 77 151 218 197 229 308 246 259 264 356 345 377 395 400 42 28 250 255 1 262 63 316 394 188 149 157 387 327 183 354 69 254 73 215 85 43 17 247 136 273 137 59 109 0,
PFG_MOEA,1642,5,314.81,5596.11,0 329 300 362 123 51 145 322 121 146 201 261 320 364 393 312 294 174 339 132 206 253 365 360 335 0,362 393
PFG_MOEA,1642,6,314.81,5596.11,0 61 358 181 177 288 385 240 396 245 115 392 285 331 133 293 53 163 150 9 125 47 216 89 0,
PFG_MOEA,1642,7,314.81,5596.11,0 80 13 19 226 35 161 235 58 34 386 231 289 366 267 228 44 130 52 72 318 70 184 284 74 279 159 162 389 114 355 325 384 337 111 116 76 113 81 29 131 84 105 186 134 22 0,
PFG_MOEA,1642,8,314.81,5596.11,0 38 96 242 221 172 182 397 350 311 4 314 193 230 94 156 374 36 11 92 319 357 303 266 141 86 199 68 135 88 249 233 340 299 321 269 120 142 37 301 21 139 291 167 372 346 315 99 175 251 0,182
PFG_MOEA,1642,9,314.81,5596.11,0 97 225 232 179 391 271 158 241 62 297 65 283 204 154 305 326 110 140 286 317 333 180 220 126 124 7 56 217 55 25 367 170 361 209 227 234 213 190 390 265 18 103 155 83 378 398 93 54 46 268 272 30 39 0,65 154
PFG_MOEA,1642,10,314.81,5596.11,0 399 15 16 380 41 82 178 117 243 344 349 20 189 64 166 205 208 6 87 171 153 278 210 353 258 376 368 66 287 10 383 382 0,243
PFG_MOEA,1642,11,314.81,5596.11,0 369 338 203 168 0,
PFG_MOEA,1642,12,314.81,5596.11,0 202 306 370 342 144 176 27 98 78 196 296 347 332 324 147 211 244 223 104 310 282 143 79 160 50 60 257 270 379 195 45 348 75 328 248 0,370
PFG_MOEA,1643,1,411.21,4974.5,0 12 90 381 23 32 276 239 336 138 222 198 49 274 256 237 351 280 252 236 128 119 2 0,23
PFG_MOEA,1643,2,411.21,4974.5,0 22 118 185 214 295 40 122 392 285 331 133 293 53 101 352 363 323 194 275 277 102 100 95 163 61 89 207 307 313 359 365 253 206 187 0,22 100
PFG_MOEA,1643,3,411.21,4974.5,0 115 0,
PFG_MOEA,1643,4,411.21,4974.5,0 245 396 240 385 288 177 181 358 337 384 111 116 76 113 81 29 325 355 0,
PFG_MOEA,1643,5,411.21,4974.5,0 281 26 334 298 341 134 186 131 84 114 389 105 219 371 162 159 74 279 91 24 212 375 284 14 184 318 70 292 263 8 373 169 108 72 52 130 44 386 362 201 312 67 164 107 302 173 106 261 388 197 218 151 77 273 136 137 59 109 127 57 226 19 13 80 0,77 106 284
PFG_MOEA,1643,6,411.21,4974.5,0 38 172 182 319 303 357 266 141 86 199 228 267 366 289 231 34 58 68 161 235 35 249 88 135 233 156 94 230 374 92 11 36 397 350 311 4 314 193 340 299 321 269 120 142 37 51 123 145 132 339 322 121 146 294 174 320 364 393 3 229 308 356 264 259 246 42 300 329 112 221 242 96 0,51 174 229 246 299
PFG_MOEA,1643,7,411.21,4974.5,0 399 200 165 191 152 247 255 1 262 250 28 345 377 395 400 394 188 301 372 21 167 291 139 149 157 63 316 387 327 17 43 85 215 73 254 183 354 69 265 346 315 99 175 251 190 390 18 103 155 83 378 213 234 227 398 93 224 179 232 225 97 71 33 260 148 238 129 330 192 48 31 304 0,93
PFG_MOEA,1643,8,411.21,4974.5,0 382 383 10 391 271 39 46 54 268 272 30 66 166 205 208 6 204 154 305 326 283 65 297 62 241 110 140 286 317 333 180 220 158 189 64 20 126 124 7 56 217 55 25 367 170 361 209 287 0,55 62 66 220
PFG_MOEA,1643,9,411.21,4974.5,0 380 0,
PFG_MOEA,1643,10,411.21,4974.5,0 16 369 15 0,
PFG_MOEA,1643,11,411.21,4974.5,0 168 203 178 82 41 0,178
PFG_MOEA,1643,12,411.21,4974.5,0 335 360 338 202 306 370 342 144 176 27 98 78 196 296 347 332 216 47 125 9 150 147 324 211 244 223 104 310 282 143 309 5 195 379 79 160 50 60 270 257 210 45 153 278 87 171 353 348 75 328 248 258 376 368 290 343 349 344 243 117 0,
PFG_MOEA,1644,1,312.55,5795.78,0 336 138 239 122 296 347 332 324 275 277 104 211 244 223 102 352 363 323 194 147 101 95 222 0,122 211 222 277
PFG_MOEA,1644,2,312.55,5795.78,0 335 360 207 307 313 359 187 100 310 282 143 79 160 50 60 257 270 379 195 5 309 280 351 237 256 274 49 198 252 236 381 23 90 12 214 185 118 281 26 334 298 371 72 52 130 44 386 80 0,5 307
PFG_MOEA,1644,3,312.55,5795.78,0 13 19 226 57 127 109 59 137 136 273 77 151 218 197 388 261 106 173 302 107 164 67 312 201 362 123 51 145 294 174 339 132 142 120 269 321 299 0,174
PFG_MOEA,1644,4,312.55,5795.78,0 340 233 135 88 249 35 235 161 68 58 34 231 289 366 267 228 141 266 303 357 319 86 199 156 94 0,303
PFG_MOEA,1644,5,312.55,5795.78,0 38 172 182 397 36 11 92 374 230 311 350 4 314 193 37 322 121 146 320 364 393 3 229 308 356 264 259 246 42 300 329 112 191 152 221 242 96 0,42 264
PFG_MOEA,1644,6,312.55,5795.78,0 200 165 129 0,
PFG_MOEA,1644,7,312.55,5795.78,0 304 330 395 400 394 188 301 372 21 167 291 139 149 157 63 316 387 17 43 33 71 224 260 0,
PFG_MOEA,1644,8,312.55,5795.78,0 399 247 28 250 345 377 262 1 255 327 254 73 215 85 93 179 232 225 97 148 238 192 48 31 0,93
PFG_MOEA,1644,9,312.55,5795.78,0 378 69 183 354 265 346 315 99 175 251 190 390 18 103 155 83 234 213 227 398 209 361 170 367 25 55 217 56 7 180 333 317 286 140 110 62 297 65 283 326 305 154 204 6 208 241 220 158 189 64 20 126 124 0,175
PFG_MOEA,1644,10,312.55,5795.78,0 287 382 383 10 268 272 30 66 166 205 271 39 391 53 293 133 331 285 392 115 245 396 240 385 288 177 181 358 337 384 111 116 76 113 81 29 325 355 131 84 114 389 105 341 219 0,
PFG_MOEA,1644,11,312.55,5795.78,0 91 24 212 375 14 108 169 373 8 263 292 70 318 184 284 74 279 159 162 22 134 186 89 216 47 125 9 150 163 61 365 253 206 46 54 0,
PFG_MOEA,1644,12,312.55,5795.78,0 41 82 178 117 243 344 349 343 290 368 376 258 248 328 75 171 87 153 278 210 45 353 348 2 119 128 295 40 32 276 196 78 98 27 176 144 342 370 306 202 338 203 168 369 380 16 15 0,16 87 203
PFG_MOEA,1645,1,389.39,5146.42,0 163 78 53 293 133 331 285 392 98 115 245 27 396 240 385 288 177 181 358 337 384 111 116 76 113 81 29 325 355 131 84 114 389 91 279 74 159 162 371 219 298 341 22 134 186 105 118 185 0,
PFG_MOEA,1645,2,389.39,5146.42,0 281 26 334 24 212 375 284 14 184 318 70 292 263 8 373 169 108 72 52 130 44 386 51 145 123 362 201 294 312 67 164 107 302 173 106 261 388 197 218 151 77 273 136 137 59 109 127 57 226 19 13 80 0,
PFG_MOEA,1645,3,389.39,5146.42,0 142 339 174 132 120 269 321 299 340 233 135 88 249 35 235 161 68 58 34 231 289 366 267 228 141 266 303 357 319 86 199 156 94 230 374 92 11 36 397 350 311 4 314 193 0,88
PFG_MOEA,1645,4,389.39,5146.42,0 182 172 38 0,
PFG_MOEA,1645,5,389.39,5146.42,0 37 322 121 146 320 364 393 3 229 308 356 264 259 246 42 300 329 112 152 191 165 200 221 242 96 0,152 264 329
PFG_MOEA,1645,6,389.39,5146.42,0 129 33 71 224 260 0,
PFG_MOEA,1645,7,389.39,5146.42,0 399 247 255 1 262 250 28 345 377 395 400 394 188 301 372 21 167 291 139 149 157 63 316 387 17 43 73 254 327 183 354 69 215 85 93 179 232 225 97 148 48 238 330 192 31 304 0,395
PFG_MOEA,1645,8,389.39,5146.42,0 16 15 168 203 369 380 391 271 39 268 272 30 66 166 205 208 6 204 154 305 326 283 65 297 62 241 110 140 286 317 333 180 220 158 189 64 20 126 124 7 56 217 55 25 367 170 361 209 398 227 234 213 190 251 175 99 315 346 265 390 18 103 155 83 378 54 46 287 10 383 382 41 0,7 16 20 103 272
PFG_MOEA,1645,9,389.39,5146.42,0 82 178 117 243 368 376 258 353 153 171 87 278 210 143 237 256 274 49 100 282 310 104 102 277 275 194 323 363 352 101 198 95 222 138 122 276 336 252 236 128 23 381 90 119 2 12 0,
PFG_MOEA,1645,10,389.39,5146.42,0 344 349 351 280 309 5 79 160 50 60 257 270 379 195 45 348 75 328 248 290 343 187 0,
PFG_MOEA,1645,11,389.39,5146.42,0 214 295 40 32 239 370 342 144 176 150 47 9 125 216 89 61 207 307 313 359 206 253 365 360 335 0,176
PFG_MOEA,1645,12,389.39,5146.42,0 338 202 306 196 296 347 332 324 147 211 244 223 0,
PFG_MOEA,1646,1,413.96,4915.5,0 187 206 253 365 359 313 307 207 61 12 89 2 119 128 236 252 336 138 163 222 95 198 351 280 237 256 274 49 100 102 277 275 194 323 363 352 101 53 293 133 331 285 392 122 239 276 32 40 295 23 381 90 113 81 29 76 116 111 384 337 358 181 177 288 385 240 396 245 115 22 118 185 214 0,245 381
PFG_MOEA,1646,2,413.96,4915.5,0 281 84 131 325 355 114 389 186 134 341 298 26 334 0,
PFG_MOEA,1646,3,413.96,4915.5,0 371 219 105 162 159 74 279 91 24 212 375 284 14 184 318 70 292 263 8 373 169 108 72 52 130 44 386 362 201 312 67 164 107 302 173 106 261 388 197 218 151 77 273 136 137 59 0,
PFG_MOEA,1646,4,413.96,4915.5,0 57 127 109 226 0,
PFG_MOEA,1646,5,413.96,4915.5,0 19 0,
PFG_MOEA,1646,6,413.96,4915.5,0 38 303 357 266 141 86 199 228 267 366 289 231 34 58 68 161 235 35 249 88 135 233 319 182 172 13 80 0,88
PFG_MOEA,1646,7,413.96,4915.5,0 399 397 36 11 92 156 94 230 374 350 311 4 314 193 340 299 321 269 120 142 37 51 123 145 132 339 322 121 146 294 174 320 364 393 3 229 308 356 264 259 246 42 300 329 112 191 165 200 221 242 96 0,11 340 374 393
PFG_MOEA,1646,8,413.96,4915.5,0 152 247 255 1 262 250 28 345 377 395 400 394 188 301 372 21 167 291 139 149 157 63 316 387 327 17 43 85 215 73 254 183 354 69 265 346 315 99 175 251 190 390 18 103 155 83 378 213 234 227 398 93 0,1 152 175 227
PFG_MOEA,1646,9,413.96,4915.5,0 304 31 48 192 330 238 129 148 260 391 271 39 268 272 30 66 166 205 208 6 204 154 305 326 283 65 297 62 241 110 140 286 317 333 180 220 158 189 64 20 126 124 7 56 217 55 25 367 170 361 209 71 33 97 225 232 179 224 0,55 391
PFG_MOEA,1646,10,413.96,4915.5,0 287 10 383 382 0,
PFG_MOEA,1646,11,413.96,4915.5,0 16 15 168 203 369 380 82 178 117 243 349 344 54 46 41 0,
PFG_MOEA,1646,12,413.96,4915.5,0 335 360 216 150 9 47 125 309 5 343 290 368 376 258 248 328 75 171 87 278 153 353 348 45 210 195 379 270 257 60 50 160 79 143 282 310 104 223 244 211 324 147 332 347 296 196 78 98 27 176 144 342 370 306 202 338 0,
PFG_MOEA,1647,1,320.55,5348.04,0 80 13 172 182 397 36 11 92 233 135 88 249 35 235 161 68 58 34 231 289 319 399 0,
PFG_MOEA,1647,2,320.55,5348.04,0 374 230 94 156 311 350 4 314 193 340 299 321 269 120 142 132 339 174 320 364 308 229 3 393 294 146 121 322 123 145 51 37 0,393
PFG_MOEA,1647,3,320.55,5348.04,0 96 242 221 200 165 112 329 300 191 152 247 255 1 262 42 250 28 246 259 264 356 345 377 395 400 394 188 301 372 21 167 291 139 149 157 63 316 387 327 17 43 85 215 73 254 183 354 69 265 346 315 99 175 251 190 0,215
PFG_MOEA,1647,4,320.55,5348.04,0 304 31 192 330 238 129 398 227 234 213 18 390 286 140 110 241 93 260 148 48 0,
PFG_MOEA,1647,5,320.55,5348.04,0 317 333 0,
PFG_MOEA,1647,6,320.55,5348.04,0 33 71 209 361 170 367 25 55 217 56 7 180 220 158 189 64 20 126 124 224 10 383 382 16 203 168 15 0,25
PFG_MOEA,1647,7,320.55,5348.04,0 380 369 335 360 216 150 9 47 125 309 5 195 379 270 210 45 348 353 153 278 87 171 75 328 248 258 376 368 290 343 54 46 344 349 243 117 178 82 41 0,
PFG_MOEA,1647,8,320.55,5348.04,0 338 202 306 370 342 144 176 27 98 78 196 296 347 332 147 324 211 244 223 104 310 282 143 79 160 50 60 257 6 204 154 305 326 283 62 297 65 208 205 166 66 30 272 268 0,66
PFG_MOEA,1647,9,320.55,5348.04,0 187 206 253 365 359 313 307 207 61 12 89 2 119 128 236 252 336 138 163 222 95 198 351 256 237 280 391 271 39 378 83 155 103 232 179 287 225 97 0,138 307
PFG_MOEA,1647,10,320.55,5348.04,0 22 389 114 84 131 325 355 29 81 113 76 116 111 384 337 358 181 177 288 385 240 396 245 115 392 285 331 133 293 53 101 352 363 323 194 275 277 102 100 49 274 122 239 276 32 40 295 23 381 90 214 185 281 118 0,323 331
PFG_MOEA,1647,11,320.55,5348.04,0 334 298 26 105 186 134 341 219 371 24 212 375 14 184 318 70 292 263 8 373 169 284 74 279 91 159 162 0,134
PFG_MOEA,1647,12,320.55,5348.04,0 38 19 226 57 127 109 59 137 136 273 77 151 218 197 388 261 106 173 302 107 164 67 312 201 362 366 267 228 386 44 130 52 72 108 303 357 266 141 86 199 0,106 386
PFG_MOEA,1648,1,270.73,5843.94,0 335 187 309 5 195 379 270 257 60 50 160 79 143 280 351 237 256 274 49 198 252 236 381 23 90 12 207 307 0,
PFG_MOEA,1648,2,270.73,5843.94,0 61 313 359 206 253 365 360 214 185 118 281 26 334 298 371 22 134 186 162 159 292 263 8 373 318 70 184 284 74 279 0,134 284 313 318
PFG_MOEA,1648,3,270.73,5843.94,0 91 169 108 14 375 212 24 192 330 238 129 200 165 112 191 152 127 57 109 59 137 273 136 247 17 43 85 215 33 71 224 260 148 48 31 304 0,33 200
PFG_MOEA,1648,4,270.73,5843.94,0 73 254 69 354 183 327 387 157 149 188 394 316 63 262 1 255 250 28 42 400 395 377 345 356 264 259 246 308 229 197 218 151 77 107 164 67 302 388 3 106 173 261 320 364 0,
PFG_MOEA,1648,5,270.73,5843.94,0 329 300 362 123 51 145 322 121 146 201 312 393 294 174 339 132 120 142 0,145 174
PFG_MOEA,1648,6,270.73,5843.94,0 37 269 321 299 340 219 341 105 84 131 29 81 113 76 116 111 181 358 337 384 325 355 114 389 0,341
PFG_MOEA,1648,7,270.73,5843.94,0 89 216 47 125 9 150 163 53 293 133 331 285 392 115 245 396 240 385 288 177 34 58 235 135 233 88 249 35 161 68 0,133 240
PFG_MOEA,1648,8,270.73,5843.94,0 172 182 193 314 4 350 397 36 11 374 311 230 94 156 199 92 86 319 266 141 289 231 386 366 267 228 44 130 52 72 303 357 13 19 226 221 242 96 0,141 386
PFG_MOEA,1648,9,270.73,5843.94,0 38 80 378 83 291 139 21 167 301 372 346 315 265 390 99 175 251 190 18 103 155 234 227 398 93 54 46 268 272 30 39 271 391 179 0,
PFG_MOEA,1648,10,270.73,5843.94,0 97 225 232 209 361 213 170 367 328 248 258 376 368 290 343 66 349 344 243 117 178 82 41 16 380 369 196 78 98 27 176 144 342 370 306 202 338 203 168 15 399 0,82 176 225
PFG_MOEA,1648,11,270.73,5843.94,0 287 64 166 205 75 348 353 45 210 278 153 171 87 6 208 158 189 220 241 62 297 65 283 204 154 305 326 110 140 180 333 317 286 25 55 217 56 7 124 126 20 10 0,65 126
PFG_MOEA,1648,12,270.73,5843.94,0 2 119 128 295 40 32 276 239 122 296 332 347 138 336 222 95 101 194 147 324 275 323 363 352 277 102 223 244 211 104 310 100 282 383 382 0,2
PFG_MOEA,1649,1,369.23,5154.87,0 90 295 40 32 276 239 122 222 95 101 323 363 352 102 277 275 194 53 293 133 331 285 392 115 245 396 240 385 288 177 181 358 337 384 111 116 76 113 81 29 325 131 84 355 114 389 279 74 159 162 371 219 341 22 134 186 105 298 334 26 281 118 185 214 0,40 240 245 331
PFG_MOEA,1649,2,369.23,5154.87,0 91 24 212 375 284 14 184 318 70 292 263 8 373 169 108 72 52 130 44 386 0,318
PFG_MOEA,1649,3,369.23,5154.87,0 362 201 312 67 164 107 302 173 106 261 388 197 218 151 77 273 136 0,106
PFG_MOEA,1649,4,369.23,5154.87,0 399 172 182 397 36 11 92 86 141 266 303 357 319 199 228 267 366 289 231 34 58 68 161 235 35 249 88 135 233 156 94 230 374 350 311 4 314 193 340 299 321 269 120 142 37 51 145 123 137 59 109 127 57 226 19 13 80 38 0,340
PFG_MOEA,1649,5,369.23,5154.87,0 132 339 322 0,
PFG_MOEA,1649,6,369.23,5154.87,0 96 242 221 200 165 112 191 152 329 300 121 146 294 174 320 364 393 3 229 308 259 246 264 356 345 377 395 400 42 250 28 247 255 1 262 63 157 291 167 21 372 301 188 394 139 149 316 387 327 17 43 85 215 73 254 183 354 69 265 346 315 99 0,1 200 393
PFG_MOEA,1649,7,369.23,5154.87,0 93 398 227 234 213 190 251 175 390 18 103 155 83 378 31 304 0,
PFG_MOEA,1649,8,369.23,5154.87,0 48 192 330 238 129 148 260 391 0,
PFG_MOEA,1649,9,369.23,5154.87,0 268 272 30 65 283 326 305 154 204 6 208 205 166 66 271 39 0,272
PFG_MOEA,1649,10,369.23,5154.87,0 124 126 20 64 189 158 220 241 297 62 110 140 286 317 333 180 7 56 217 55 25 367 170 361 209 71 97 33 0,
PFG_MOEA,1649,11,369.23,5154.87,0 15 16 380 369 168 203 338 202 306 370 342 144 176 27 98 78 196 296 347 332 324 147 211 244 223 210 45 348 353 153 278 87 171 75 328 248 258 376 368 290 343 54 46 224 225 232 179 287 10 383 382 41 344 349 243 117 178 82 125 9 47 150 216 360 335 0,47 87 353
PFG_MOEA,1649,12,369.23,5154.87,0 207 307 313 359 365 253 206 187 100 310 104 282 143 79 160 50 60 257 270 379 195 5 309 280 351 237 256 274 49 198 163 138 336 252 236 381 23 128 119 2 89 12 61 0,
PFG_MOEA,1650,1,337.93,5308.22,0 187 206 253 313 359 365 0,
PFG_MOEA,1650,2,337.93,5308.22,0 207 307 198 280 351 256 237 101 53 293 133 331 285 392 95 222 163 138 336 252 236 128 119 2 89 12 61 0,133 222
PFG_MOEA,1650,3,337.93,5308.22,0 323 363 352 194 275 277 102 100 49 274 122 239 276 32 40 295 23 381 90 0,
PFG_MOEA,1650,4,337.93,5308.22,0 22 115 245 396 240 385 288 177 181 358 337 384 111 116 76 113 81 29 131 84 281 118 185 214 0,
PFG_MOEA,1650,5,337.93,5308.22,0 334 26 298 371 219 341 134 186 105 355 325 114 389 162 159 74 279 91 24 212 375 284 14 184 318 70 292 263 8 373 169 108 72 52 130 44 386 362 201 312 0,284
PFG_MOEA,1650,6,337.93,5308.22,0 399 172 182 397 36 11 92 86 141 266 303 357 319 199 228 267 366 289 231 34 58 68 161 235 35 249 88 135 233 156 94 230 57 127 109 59 137 136 273 77 151 218 197 388 261 106 173 302 107 164 67 294 226 19 13 80 38 0,
PFG_MOEA,1650,7,337.93,5308.22,0 374 350 311 4 314 193 340 299 321 269 120 142 37 51 145 123 146 121 322 339 132 174 320 364 393 3 229 308 356 264 259 246 42 1 255 247 152 191 112 329 300 165 200 221 242 96 0,132 264 340 393
PFG_MOEA,1650,8,337.93,5308.22,0 28 250 262 400 395 345 377 394 188 301 372 21 167 291 139 149 157 63 316 387 327 17 43 85 215 73 254 183 354 69 265 346 315 99 175 251 190 0,
PFG_MOEA,1650,9,337.93,5308.22,0 304 192 330 238 129 378 83 155 103 18 390 213 234 227 398 140 110 241 62 297 65 283 326 305 154 204 6 208 205 166 66 93 30 272 268 39 271 391 260 148 48 31 0,65 391
PFG_MOEA,1650,10,337.93,5308.22,0 33 71 225 97 232 209 361 170 367 25 55 217 56 7 317 286 333 180 220 158 189 64 20 126 124 224 10 287 179 0,
PFG_MOEA,1650,11,337.93,5308.22,0 15 168 203 369 16 380 335 360 216 150 9 47 125 309 5 195 379 270 210 45 348 353 153 278 87 171 75 328 248 54 46 383 382 344 349 243 117 178 82 41 0,82 87 195 353
PFG_MOEA,1650,12,337.93,5308.22,0 338 202 306 370 342 144 176 27 98 78 196 296 347 332 147 324 211 244 223 104 310 282 143 79 160 50 60 257 258 376 368 290 343 0,290
PFG_MOEA,1651,1,319.42,5478.6,0 222 0,
PFG_MOEA,1651,2,319.42,5478.6,0 95 101 323 363 352 102 277 275 194 53 293 133 331 285 392 115 245 396 240 385 288 177 181 358 337 384 111 116 76 113 81 29 325 131 84 355 114 389 279 74 159 162 371 219 341 22 134 186 105 298 334 26 281 0,105
PFG_MOEA,1651,3,319.42,5478.6,0 118 91 284 184 14 375 212 24 0,375
PFG_MOEA,1651,4,319.42,5478.6,0 399 397 36 11 92 199 86 141 266 319 357 303 289 366 267 228 8 263 292 70 318 373 169 108 72 52 130 44 386 362 201 312 67 164 107 302 173 106 261 388 197 218 151 77 273 136 182 172 0,86 197 318 362
PFG_MOEA,1651,5,319.42,5478.6,0 38 80 13 19 226 57 127 109 59 137 123 145 51 132 142 120 269 321 299 37 340 193 314 4 350 311 156 233 135 88 249 35 235 161 68 58 34 231 94 230 374 0,
PFG_MOEA,1651,6,319.42,5478.6,0 96 242 200 191 112 165 322 339 174 393 3 229 364 320 294 121 146 300 329 152 221 0,200 393
PFG_MOEA,1651,7,319.42,5478.6,0 93 85 247 28 246 259 308 264 356 345 377 395 400 42 250 255 1 262 63 157 291 167 21 372 301 188 394 139 149 316 387 327 17 43 73 215 254 183 354 69 265 346 315 99 390 175 251 190 18 213 234 227 398 0,
PFG_MOEA,1651,8,319.42,5478.6,0 304 31 48 330 192 129 238 148 260 391 271 66 166 205 208 6 204 154 305 326 283 65 62 297 241 158 189 220 110 140 103 155 83 378 124 126 20 64 30 272 268 39 0,62 205 220 391
PFG_MOEA,1651,9,319.42,5478.6,0 7 180 333 286 317 56 217 55 0,
PFG_MOEA,1651,10,319.42,5478.6,0 15 16 380 369 168 203 338 202 306 370 342 144 176 27 98 78 196 296 347 332 324 147 211 244 223 210 45 348 353 153 278 87 171 75 328 248 258 376 368 290 343 54 46 209 361 170 367 25 232 179 224 225 97 71 33 0,16 353 370
PFG_MOEA,1651,11,319.42,5478.6,0 365 253 206 61 89 2 119 128 216 336 138 163 150 47 125 9 100 282 310 104 143 79 160 50 60 257 270 379 195 5 309 280 351 237 256 287 10 383 382 344 349 243 117 178 82 41 0,47 138 178 206 243
PFG_MOEA,1651,12,319.42,5478.6,0 335 187 359 313 360 207 307 198 49 274 122 239 276 32 40 295 23 381 236 252 90 12 214 185 0,
PFG_MOEA,1652,1,312.87,5623.42,0 216 98 370 342 144 176 27 78 196 296 347 332 147 324 211 244 223 104 310 282 79 160 50 379 195 5 309 143 150 47 9 125 0,
PFG_MOEA,1652,2,312.87,5623.42,0 117 243 344 349 343 290 368 376 258 248 328 75 348 353 171 87 278 153 45 210 257 60 270 237 256 274 49 198 222 138 336 239 276 32 177 181 358 337 384 111 116 76 23 381 90 12 0,290 336 353
PFG_MOEA,1652,3,312.87,5623.42,0 22 118 185 214 2 119 128 236 252 40 295 122 392 285 331 133 293 53 101 352 363 323 194 275 277 102 100 351 280 95 163 61 89 207 307 313 359 253 365 0,307
PFG_MOEA,1652,4,312.87,5623.42,0 206 187 0,
PFG_MOEA,1652,5,312.87,5623.42,0 281 26 334 298 219 371 341 134 186 105 115 245 396 240 385 288 113 81 29 325 355 131 84 114 389 162 159 74 279 91 0,341
PFG_MOEA,1652,6,312.87,5623.42,0 80 13 19 226 57 127 109 59 137 136 273 77 151 218 197 388 261 106 173 302 107 164 67 312 201 362 386 44 130 52 72 108 169 373 8 263 292 70 318 184 14 284 375 212 24 303 357 319 182 172 38 0,318 362
PFG_MOEA,1652,7,312.87,5623.42,0 266 141 86 199 228 267 366 289 231 34 58 68 161 235 35 249 88 135 233 156 94 230 374 92 0,
PFG_MOEA,1652,8,312.87,5623.42,0 399 397 36 11 350 311 4 314 193 340 299 321 269 120 142 37 51 123 145 132 339 322 121 146 294 174 320 364 393 3 229 308 356 264 259 246 42 300 329 112 191 165 200 221 242 96 0,51 145 174 264 329
PFG_MOEA,1652,9,312.87,5623.42,0 152 247 28 250 345 377 395 400 394 188 301 372 167 21 139 291 262 1 255 0,
PFG_MOEA,1652,10,312.87,5623.42,0 85 215 73 43 17 327 387 316 149 157 63 354 183 254 69 265 346 315 99 175 251 190 390 18 103 155 83 378 0,175 390
PFG_MOEA,1652,11,312.87,5623.42,0 304 31 48 192 330 129 238 148 260 383 10 224 391 271 39 46 93 398 227 234 213 179 232 225 97 71 33 382 0,
PFG_MOEA,1652,12,312.87,5623.42,0 209 361 170 367 25 55 217 56 7 124 126 20 64 189 158 220 180 333 317 286 140 110 241 62 297 65 283 326 305 154 204 6 208 205 166 66 30 272 268 54 287 178 82 41 335 360 380 369 203 338 202 306 168 15 16 0,7 166 203 361
PFG_MOEA,1653,1,350.97,5291.61,0 22 118 185 214 2 119 252 236 128 381 23 40 32 295 239 122 392 285 331 133 293 53 101 352 363 323 194 275 277 102 100 274 256 237 351 280 376 368 290 343 349 344 243 117 0,23 293 352
PFG_MOEA,1653,2,350.97,5291.61,0 365 359 313 307 207 89 61 163 95 206 253 187 281 26 334 298 219 371 341 134 186 105 115 245 396 240 385 288 177 181 358 337 384 111 116 76 113 81 29 325 355 131 84 114 389 162 159 279 74 284 70 318 184 14 375 212 24 91 0,
PFG_MOEA,1653,3,350.97,5291.61,0 292 263 8 373 169 108 72 52 130 44 386 362 201 312 67 164 107 302 173 106 261 388 197 218 151 77 273 136 137 59 109 0,362 388
PFG_MOEA,1653,4,350.97,5291.61,0 38 80 13 19 226 57 127 68 161 58 34 231 289 366 267 228 199 86 141 266 357 303 319 182 172 0,182
PFG_MOEA,1653,5,350.97,5291.61,0 397 36 11 92 374 350 311 4 314 193 230 94 156 35 88 249 235 135 233 340 299 321 269 120 142 37 51 0,
PFG_MOEA,1653,6,350.97,5291.61,0 399 96 242 200 165 112 329 300 123 145 322 121 146 294 339 132 174 320 364 393 3 229 308 356 264 259 246 28 250 42 262 1 255 247 152 191 221 0,152 174 200 229 246
PFG_MOEA,1653,7,350.97,5291.61,0 345 377 395 400 394 188 301 372 21 167 291 139 149 157 63 316 387 327 17 43 85 215 73 254 183 354 69 265 346 315 99 175 251 190 390 18 103 155 213 234 83 378 0,
PFG_MOEA,1653,8,350.97,5291.61,0 224 93 398 227 71 97 225 232 179 0,
PFG_MOEA,1653,9,350.97,5291.61,0 304 31 48 192 330 129 238 148 33 209 361 170 367 25 55 217 56 7 124 126 20 64 189 158 220 180 333 317 286 140 110 241 62 297 65 283 326 305 154 204 6 208 205 166 66 30 272 268 54 46 39 271 391 10 287 383 382 260 16 369 380 0,39
PFG_MOEA,1653,10,350.97,5291.61,0 15 168 203 178 82 41 0,
PFG_MOEA,1653,11,350.97,5291.61,0 335 0,
PFG_MOEA,1653,12,350.97,5291.61,0 360 90 216 336 47 9 125 198 49 309 5 258 248 328 75 348 353 171 87 278 153 45 379 195 210 257 270 60 50 160 79 143 282 310 104 223 244 211 324 147 222 150 138 276 332 347 296 196 78 98 27 176 144 342 370 306 202 338 12 0,223 370
PFG_MOEA,1654,1,748.42,4875.65,0 399 38 80 96 242 221 226 19 13 172 182 319 303 357 266 141 86 199 228 267 366 289 231 34 58 68 161 235 35 249 88 135 233 156 94 230 374 92 11 36 397 350 311 4 314 193 340 299 321 269 37 142 120 132 339 51 145 123 300 329 112 165 200 191 152 57 127 109 59 137 136 247 255 1 262 42 250 28 273 77 151 146 121 322 294 174 320 364 393 3 106 261 388 229 218 197 246 259 308 264 356 345 377 395 400 394 188 301 372 21 167 291 139 149 157 63 316 387 327 17 43 85 215 73 254 183 354 69 265 346 315 99 175 251 190 390 18 103 155 83 378 213 234 227 0,1 94 174 314 340 390 395
PFG_MOEA,1654,2,748.42,4875.65,0 260 224 93 398 71 33 148 0,
PFG_MOEA,1654,3,748.42,4875.65,0 304 31 192 330 129 238 48 382 383 10 391 271 39 30 272 268 54 46 0,
PFG_MOEA,1654,4,748.42,4875.65,0 15 168 203 369 380 16 41 82 178 209 361 170 367 25 55 217 56 7 124 126 20 64 189 158 220 180 333 317 286 140 110 241 62 297 65 283 326 305 154 204 6 208 205 166 66 335 0,65 220 361
PFG_MOEA,1654,5,748.42,4875.65,0 12 90 381 216 47 125 9 150 360 117 243 349 344 287 97 225 232 179 343 290 368 376 258 248 328 75 348 353 171 87 278 153 45 210 257 270 60 50 160 79 379 195 5 309 143 282 310 104 223 244 211 324 147 347 332 331 285 296 196 78 392 98 115 245 27 176 144 342 240 370 396 385 288 306 177 181 358 337 384 111 116 76 113 81 29 325 355 131 84 338 202 114 389 22 0,176 210 370
PFG_MOEA,1654,6,748.42,4875.65,0 23 32 276 239 336 138 222 49 274 198 0,
PFG_MOEA,1654,7,748.42,4875.65,0 118 185 214 2 119 128 236 252 40 295 122 133 293 53 101 352 363 323 194 275 277 102 100 237 280 351 256 95 163 61 89 207 307 313 0,133 323
PFG_MOEA,1654,8,748.42,4875.65,0 365 359 253 206 0,
PFG_MOEA,1654,9,748.42,4875.65,0 187 0,
PFG_MOEA,1654,10,748.42,4875.65,0 281 26 334 298 341 105 186 134 162 371 219 0,
PFG_MOEA,1654,11,748.42,4875.65,0 159 279 74 284 184 318 70 292 14 375 212 24 91 0,375
PFG_MOEA,1654,12,748.42,4875.65,0 263 8 373 169 108 72 52 130 44 386 107 164 173 302 67 312 201 362 0,386
PFG_MOEA,1655,1,404.27,5140.48,0 89 90 381 23 295 32 276 40 45 353 348 171 87 153 278 210 379 195 270 257 60 50 160 79 143 282 310 104 223 244 211 324 147 163 53 347 332 133 331 296 293 196 78 245 98 115 27 176 144 342 240 370 396 385 288 306 177 181 358 337 384 111 116 76 113 81 29 202 338 22 118 185 214 0,177 223 245 379
PFG_MOEA,1655,2,404.27,5140.48,0 281 105 26 334 298 219 371 341 134 186 84 131 325 355 114 389 162 159 74 279 91 24 212 375 284 14 184 318 70 292 263 8 373 169 108 72 52 130 44 386 362 0,134 362
PFG_MOEA,1655,3,404.27,5140.48,0 57 127 109 59 137 136 273 77 151 218 197 388 261 106 173 302 107 164 67 312 201 0,
PFG_MOEA,1655,4,404.27,5140.48,0 38 80 13 19 226 182 172 303 357 319 266 141 86 233 135 88 249 35 235 161 68 58 34 231 289 366 267 228 199 11 36 397 399 0,266
PFG_MOEA,1655,5,404.27,5140.48,0 92 156 94 230 374 350 311 4 314 193 340 299 321 269 37 142 120 132 339 51 145 123 322 121 146 294 174 320 364 393 3 229 308 356 264 259 246 42 247 152 191 112 329 300 165 200 221 242 96 0,299 329
PFG_MOEA,1655,6,404.27,5140.48,0 255 1 262 377 345 250 28 0,
PFG_MOEA,1655,7,404.27,5140.48,0 395 400 394 188 301 372 21 167 291 139 149 0,
PFG_MOEA,1655,8,404.27,5140.48,0 304 31 48 148 129 238 330 192 85 215 73 43 17 327 387 316 63 157 354 183 254 69 265 346 315 99 175 251 190 390 18 103 155 83 378 213 234 227 398 93 260 0,93
PFG_MOEA,1655,9,404.27,5140.48,0 391 271 0,
PFG_MOEA,1655,10,404.27,5140.48,0 39 268 272 30 66 166 205 208 6 204 154 305 326 283 65 297 62 241 110 140 286 0,
PFG_MOEA,1655,11,404.27,5140.48,0 15 168 203 369 380 16 82 178 117 243 349 344 46 54 124 126 20 64 189 158 220 180 317 333 7 56 217 55 25 367 170 361 209 33 71 225 97 232 179 287 224 10 383 382 0,16
PFG_MOEA,1655,12,404.27,5140.48,0 335 360 365 253 206 359 313 307 207 61 12 2 119 128 236 252 216 336 138 239 122 392 285 194 275 277 352 363 323 101 95 222 150 9 47 125 198 100 102 49 274 256 237 351 280 309 5 75 328 248 258 376 368 290 343 187 41 0,100 206
PFG_MOEA,1656,1,759.34,4800.0,0 219 341 105 389 114 84 131 355 325 29 81 113 76 116 111 384 337 358 181 177 288 385 240 396 245 115 392 285 331 133 293 53 163 150 9 125 47 216 89 61 206 253 365 0,245
PFG_MOEA,1656,2,759.34,4800.0,0 22 134 186 162 159 279 74 284 184 318 70 292 263 8 373 169 108 14 375 212 24 91 0,318
PFG_MOEA,1656,3,759.34,4800.0,0 304 31 48 148 260 224 71 33 129 238 330 192 200 165 112 191 152 127 57 109 59 137 273 136 247 17 43 85 215 73 254 69 354 183 327 387 157 149 188 394 316 63 262 1 255 250 28 42 400 395 377 345 356 264 259 246 308 229 197 218 151 77 107 164 67 302 388 3 106 173 261 320 364 393 312 201 362 329 300 123 51 145 322 121 146 294 174 339 132 120 142 37 269 321 299 340 233 135 88 249 35 161 235 68 58 34 386 231 289 366 267 228 44 130 52 72 303 357 319 266 141 86 92 199 156 94 230 311 374 11 36 397 350 4 314 193 182 172 13 19 226 221 242 96 80 38 0,33 106 174 200 303 311 394
PFG_MOEA,1656,4,759.34,4800.0,0 378 83 155 103 18 190 251 175 99 315 346 372 301 167 21 139 291 265 390 234 0,
PFG_MOEA,1656,5,759.34,4800.0,0 179 391 271 39 30 272 268 46 54 93 398 227 213 232 0,391
PFG_MOEA,1656,6,759.34,4800.0,0 225 0,
PFG_MOEA,1656,7,759.34,4800.0,0 97 209 361 170 367 0,
PFG_MOEA,1656,8,759.34,4800.0,0 399 15 168 203 338 202 306 370 342 144 176 27 98 78 196 369 380 16 41 82 178 117 243 344 349 66 343 290 368 376 258 248 328 75 348 353 45 210 278 153 171 87 6 208 205 166 158 189 220 241 62 297 65 283 204 154 305 326 110 140 180 333 317 286 25 55 217 56 7 124 126 20 64 287 10 383 382 0,62 66 205 220 342
PFG_MOEA,1656,9,759.34,4800.0,0 2 119 128 295 40 32 276 239 122 296 332 347 138 336 222 95 101 194 147 324 275 323 363 352 277 102 223 244 211 104 310 100 282 143 79 160 50 60 257 270 379 195 5 309 280 351 237 256 274 49 198 252 236 0,
PFG_MOEA,1656,10,759.34,4800.0,0 381 23 90 12 207 307 0,
PFG_MOEA,1656,11,759.34,4800.0,0 335 187 359 313 360 214 0,
PFG_MOEA,1656,12,759.34,4800.0,0 185 118 281 26 334 298 371 0,
PFG_MOEA,1657,1,314.81,5596.11,0 12 90 128 236 252 336 276 138 222 198 49 274 256 237 351 280 309 5 290 343 313 207 0,222
PFG_MOEA,1657,2,314.81,5596.11,0 91 292 263 8 373 169 108 14 375 212 24 371 219 341 298 334 26 281 118 185 214 295 40 32 239 122 95 101 352 363 323 194 275 277 102 100 23 381 119 2 307 359 187 148 48 31 304 0,23
PFG_MOEA,1657,3,314.81,5596.11,0 260 224 71 33 127 152 191 112 165 200 129 238 330 192 0,33
PFG_MOEA,1657,4,314.81,5596.11,0 57 67 302 173 106 3 388 164 107 77 151 218 197 229 308 246 259 264 356 345 377 395 400 42 28 250 255 1 262 63 316 394 188 149 157 387 327 183 354 69 254 73 215 85 43 17 247 136 273 137 59 109 0,
PFG_MOEA,1657,5,314.81,5596.11,0 329 300 362 123 51 145 322 121 146 201 261 320 364 393 312 294 174 339 132 206 253 365 360 335 0,362 393
PFG_MOEA,1657,6,314.81,5596.11,0 61 358 181 177 288 385 240 396 245 115 392 285 331 133 293 53 163 150 9 125 47 216 89 0,
PFG_MOEA,1657,7,314.81,5596.11,0 80 13 19 226 35 161 235 58 34 386 231 289 366 267 228 44 130 52 72 318 70 184 284 74 279 159 162 389 114 355 325 384 337 111 116 76 113 81 29 131 84 105 186 134 22 0,
PFG_MOEA,1657,8,314.81,5596.11,0 38 96 242 221 172 182 397 350 311 4 314 193 230 94 156 374 36 11 92 319 357 303 266 141 86 199 68 135 88 249 233 340 299 321 269 120 142 37 301 21 139 291 167 372 346 315 99 175 251 0,182
PFG_MOEA,1657,9,314.81,5596.11,0 97 225 232 179 391 271 158 241 62 297 65 283 204 154 305 326 110 140 286 317 333 180 220 126 124 7 56 217 55 25 367 170 361 209 227 234 213 190 390 265 18 103 155 83 378 398 93 54 46 268 272 30 39 0,65 154
PFG_MOEA,1657,10,314.81,5596.11,0 399 15 16 380 41 82 178 117 243 344 349 20 189 64 166 205 208 6 87 171 153 278 210 353 258 376 368 66 287 10 383 382 0,243
PFG_MOEA,1657,11,314.81,5596.11,0 369 338 203 168 0,
PFG_MOEA,1657,12,314.81,5596.11,0 202 306 370 342 144 176 27 98 78 196 296 347 332 324 147 211 244 223 104 310 282 143 79 160 50 60 257 270 379 195 45 348 75 328 248 0,370
PFG_MOEA,1658,1,411.21,4974.5,0 12 90 381 23 32 276 239 336 138 222 198 49 274 256 237 351 280 252 236 128 119 2 0,23
PFG_MOEA,1658,2,411.21,4974.5,0 22 118 185 214 295 40 122 392 285 331 133 293 53 101 352 363 323 194 275 277 102 100 95 163 61 89 207 307 313 359 365 253 206 187 0,22 100
PFG_MOEA,1658,3,411.21,4974.5,0 115 0,
PFG_MOEA,1658,4,411.21,4974.5,0 245 396 240 385 288 177 181 358 337 384 111 116 76 113 81 29 325 355 0,
PFG_MOEA,1658,5,411.21,4974.5,0 281 26 334 298 341 134 186 131 84 114 389 105 219 371 162 159 74 279 91 24 212 375 284 14 184 318 70 292 263 8 373 169 108 72 52 130 44 386 362 201 312 67 164 107 302 173 106 261 388 197 218 151 77 273 136 137 59 109 127 57 226 19 13 80 0,77 106 284
PFG_MOEA,1658,6,411.21,4974.5,0 38 172 182 319 303 357 266 141 86 199 228 267 366 289 231 34 58 68 161 235 35 249 88 135 233 156 94 230 374 92 11 36 397 350 311 4 314 193 340 299 321 269 120 142 37 51 123 145 132 339 322 121 146 294 174 320 364 393 3 229 308 356 264 259 246 42 300 329 112 221 242 96 0,51 174 229 246 299
PFG_MOEA,1658,7,411.21,4974.5,0 399 200 165 191 152 247 255 1 262 250 28 345 377 395 400 394 188 301 372 21 167 291 139 149 157 63 316 387 327 17 43 85 215 73 254 183 354 69 265 346 315 99 175 251 190 390 18 103 155 83 378 213 234 227 398 93 224 179 232 225 97 71 33 260 148 238 129 330 192 48 31 304 0,93
PFG_MOEA,1658,8,411.21,4974.5,0 382 383 10 391 271 39 46 54 268 272 30 66 166 205 208 6 204 154 305 326 283 65 297 62 241 110 140 286 317 333 180 220 158 189 64 20 126 124 7 56 217 55 25 367 170 361 209 287 0,55 62 66 220
PFG_MOEA,1658,9,411.21,4974.5,0 380 0,
PFG_MOEA,1658,10,411.21,4974.5,0 16 369 15 0,
PFG_MOEA,1658,11,411.21,4974.5,0 168 203 178 82 41 0,178
PFG_MOEA,1658,12,411.21,4974.5,0 335 360 338 202 306 370 342 144 176 27 98 78 196 296 347 332 216 47 125 9 150 147 324 211 244 223 104 310 282 143 309 5 195 379 79 160 50 60 270 257 210 45 153 278 87 171 353 348 75 328 248 258 376 368 290 343 349 344 243 117 0,
PFG_MOEA,1659,1,312.55,5795.78,0 336 138 239 122 296 347 332 324 275 277 104 211 244 223 102 352 363 323 194 147 101 95 222 0,122 211 222 277
PFG_MOEA,1659,2,312.55,5795.78,0 335 360 207 307 313 359 187 100 310 282 143 79 160 50 60 257 270 379 195 5 309 280 351 237 256 274 49 198 252 236 381 23 90 12 214 185 118 281 26 334 298 371 72 52 130 44 386 80 0,5 307
PFG_MOEA,1659,3,312.55,5795.78,0 13 19 226 57 127 109 59 137 136 273 77 151 218 197 388 261 106 173 302 107 164 67 312 201 362 123 51 145 294 174 339 132 142 120 269 321 299 0,174
PFG_MOEA,1659,4,312.55,5795.78,0 340 233 135 88 249 35 235 161 68 58 34 231 289 366 267 228 141 266 303 357 319 86 199 156 94 0,303
PFG_MOEA,1659,5,312.55,5795.78,0 38 172 182 397 36 11 92 374 230 311 350 4 314 193 37 322 121 146 320 364 393 3 229 308 356 264 259 246 42 300 329 112 191 152 221 242 96 0,42 264
PFG_MOEA,1659,6,312.55,5795.78,0 200 165 129 0,
PFG_MOEA,1659,7,312.55,5795.78,0 304 330 395 400 394 188 301 372 21 167 291 139 149 157 63 316 387 17 43 33 71 224 260 0,
PFG_MOEA,1659,8,312.55,5795.78,0 399 247 28 250 345 377 262 1 255 327 254 73 215 85 93 179 232 225 97 148 238 192 48 31 0,93
PFG_MOEA,1659,9,312.55,5795.78,0 378 69 183 354 265 346 315 99 175 251 190 390 18 103 155 83 234 213 227 398 209 361 170 367 25 55 217 56 7 180 333 317 286 140 110 62 297 65 283 326 305 154 204 6 208 241 220 158 189 64 20 126 124 0,175
PFG_MOEA,1659,10,312.55,5795.78,0 287 382 383 10 268 272 30 66 166 205 271 39 391 53 293 133 331 285 392 115 245 396 240 385 288 177 181 358 337 384 111 116 76 113 81 29 325 355 131 84 114 389 105 341 219 0,
PFG_MOEA,1659,11,312.55,5795.78,0 91 24 212 375 14 108 169 373 8 263 292 70 318 184 284 74 279 159 162 22 134 186 89 216 47 125 9 150 163 61 365 253 206 46 54 0,
PFG_MOEA,1659,12,312.55,5795.78,0 41 82 178 117 243 344 349 343 290 368 376 258 248 328 75 171 87 153 278 210 45 353 348 2 119 128 295 40 32 276 196 78 98 27 176 144 342 370 306 202 338 203 168 369 380 16 15 0,16 87 203
PFG_MOEA,1660,1,389.39,5146.42,0 163 78 53 293 133 331 285 392 98 115 245 27 396 240 385 288 177 181 358 337 384 111 116 76 113 81 29 325 355 131 84 114 389 91 279 74 159 162 371 219 298 341 22 134 186 105 118 185 0,
PFG_MOEA,1660,2,389.39,5146.42,0 281 26 334 24 212 375 284 14 184 318 70 292 263 8 373 169 108 72 52 130 44 386 51 145 123 362 201 294 312 67 164 107 302 173 106 261 388 197 218 151 77 273 136 137 59 109 127 57 226 19 13 80 0,
PFG_MOEA,1660,3,389.39,5146.42,0 142 339 174 132 120 269 321 299 340 233 135 88 249 35 235 161 68 58 34 231 289 366 267 228 141 266 303 357 319 86 199 156 94 230 374 92 11 36 397 350 311 4 314 193 0,88
PFG_MOEA,1660,4,389.39,5146.42,0 182 172 38 0,
PFG_MOEA,1660,5,389.39,5146.42,0 37 322 121 146 320 364 393 3 229 308 356 264 259 246 42 300 329 112 152 191 165 200 221 242 96 0,152 264 329
PFG_MOEA,1660,6,389.39,5146.42,0 129 33 71 224 260 0,
PFG_MOEA,1660,7,389.39,5146.42,0 399 247 255 1 262 250 28 345 377 395 400 394 188 301 372 21 167 291 139 149 157 63 316 387 17 43 73 254 327 183 354 69 215 85 93 179 232 225 97 148 48 238 330 192 31 304 0,395
PFG_MOEA,1660,8,389.39,5146.42,0 16 15 168 203 369 380 391 271 39 268 272 30 66 166 205 208 6 204 154 305 326 283 65 297 62 241 110 140 286 317 333 180 220 158 189 64 20 126 124 7 56 217 55 25 367 170 361 209 398 227 234 213 190 251 175 99 315 346 265 390 18 103 155 83 378 54 46 287 10 383 382 41 0,7 16 20 103 272
PFG_MOEA,1660,9,389.39,5146.42,0 82 178 117 243 368 376 258 353 153 171 87 278 210 143 237 256 274 49 100 282 310 104 102 277 275 194 323 363 352 101 198 95 222 138 122 276 336 252 236 128 23 381 90 119 2 12 0,
PFG_MOEA,1660,10,389.39,5146.42,0 344 349 351 280 309 5 79 160 50 60 257 270 379 195 45 348 75 328 248 290 343 187 0,
PFG_MOEA,1660,11,389.39,5146.42,0 214 295 40 32 239 370 342 144 176 150 47 9 125 216 89 61 207 307 313 359 206 253 365 360 335 0,176
PFG_MOEA,1660,12,389.39,5146.42,0 338 202 306 196 296 347 332 324 147 211 244 223 0,
PFG_MOEA,1661,1,413.96,4915.5,0 187 206 253 365 359 313 307 207 61 12 89 2 119 128 236 252 336 138 163 222 95 198 351 280 237 256 274 49 100 102 277 275 194 323 363 352 101 53 293 133 331 285 392 122 239 276 32 40 295 23 381 90 113 81 29 76 116 111 384 337 358 181 177 288 385 240 396 245 115 22 118 185 214 0,245 381
PFG_MOEA,1661,2,413.96,4915.5,0 281 84 131 325 355 114 389 186 134 341 298 26 334 0,
PFG_MOEA,1661,3,413.96,4915.5,0 371 219 105 162 159 74 279 91 24 212 375 284 14 184 318 70 292 263 8 373 169 108 72 52 130 44 386 362 201 312 67 164 107 302 173 106 261 388 197 218 151 77 273 136 137 59 0,
PFG_MOEA,1661,4,413.96,4915.5,0 57 127 109 226 0,
PFG_MOEA,1661,5,413.96,4915.5,0 19 0,
PFG_MOEA,1661,6,413.96,4915.5,0 38 303 357 266 141 86 199 228 267 366 289 231 34 58 68 161 235 35 249 88 135 233 319 182 172 13 80 0,88
PFG_MOEA,1661,7,413.96,4915.5,0 399 397 36 11 92 156 94 230 374 350 311 4 314 193 340 299 321 269 120 142 37 51 123 145 132 339 322 121 146 294 174 320 364 393 3 229 308 356 264 259 246 42 300 329 112 191 165 200 221 242 96 0,11 340 374 393
PFG_MOEA,1661,8,413.96,4915.5,0 152 247 255 1 262 250 28 345 377 395 400 394 188 301 372 21 167 291 139 149 157 63 316 387 327 17 43 85 215 73 254 183 354 69 265 346 315 99 175 251 190 390 18 103 155 83 378 213 234 227 398 93 0,1 152 175 227
PFG_MOEA,1661,9,413.96,4915.5,0 304 31 48 192 330 238 129 148 260 391 271 39 268 272 30 66 166 205 208 6 204 154 305 326 283 65 297 62 241 110 140 286 317 333 180 220 158 189 64 20 126 124 7 56 217 55 25 367 170 361 209 71 33 97 225 232 179 224 0,55 391
PFG_MOEA,1661,10,413.96,4915.5,0 287 10 383 382 0,
PFG_MOEA,1661,11,413.96,4915.5,0 16 15 168 203 369 380 82 178 117 243 349 344 54 46 41 0,
PFG_MOEA,1661,12,413.96,4915.5,0 335 360 216 150 9 47 125 309 5 343 290 368 376 258 248 328 75 171 87 278 153 353 348 45 210 195 379 270 257 60 50 160 79 143 282 310 104 223 244 211 324 147 332 347 296 196 78 98 27 176 144 342 370 306 202 338 0,
PFG_MOEA,1662,1,320.55,5348.04,0 80 13 172 182 397 36 11 92 233 135 88 249 35 235 161 68 58 34 231 289 319 399 0,
PFG_MOEA,1662,2,320.55,5348.04,0 374 230 94 156 311 350 4 314 193 340 299 321 269 120 142 132 339 174 320 364 308 229 3 393 294 146 121 322 123 145 51 37 0,393
PFG_MOEA,1662,3,320.55,5348.04,0 96 242 221 200 165 112 329 300 191 152 247 255 1 262 42 250 28 246 259 264 356 345 377 395 400 394 188 301 372 21 167 291 139 149 157 63 316 387 327 17 43 85 215 73 254 183 354 69 265 346 315 99 175 251 190 0,215
PFG_MOEA,1662,4,320.55,5348.04,0 304 31 192 330 238 129 398 227 234 213 18 390 286 140 110 241 93 260 148 48 0,
PFG_MOEA,1662,5,320.55,5348.04,0 317 333 0,
PFG_MOEA,1662,6,320.55,5348.04,0 33 71 209 361 170 367 25 55 217 56 7 180 220 158 189 64 20 126 124 224 10 383 382 16 203 168 15 0,25
PFG_MOEA,1662,7,320.55,5348.04,0 380 369 335 360 216 150 9 47 125 309 5 195 379 270 210 45 348 353 153 278 87 171 75 328 248 258 376 368 290 343 54 46 344 349 243 117 178 82 41 0,
PFG_MOEA,1662,8,320.55,5348.04,0 338 202 306 370 342 144 176 27 98 78 196 296 347 332 147 324 211 244 223 104 310 282 143 79 160 50 60 257 6 204 154 305 326 283 62 297 65 208 205 166 66 30 272 268 0,66
PFG_MOEA,1662,9,320.55,5348.04,0 187 206 253 365 359 313 307 207 61 12 89 2 119 128 236 252 336 138 163 222 95 198 351 256 237 280 391 271 39 378 83 155 103 232 179 287 225 97 0,138 307
PFG_MOEA,1662,10,320.55,5348.04,0 22 389 114 84 131 325 355 29 81 113 76 116 111 384 337 358 181 177 288 385 240 396 245 115 392 285 331 133 293 53 101 352 363 323 194 275 277 102 100 49 274 122 239 276 32 40 295 23 381 90 214 185 281 118 0,323 331
PFG_MOEA,1662,11,320.55,5348.04,0 334 298 26 105 186 134 341 219 371 24 212 375 14 184 318 70 292 263 8 373 169 284 74 279 91 159 162 0,134
PFG_MOEA,1662,12,320.55,5348.04,0 38 19 226 57 127 109 59 137 136 273 77 151 218 197 388 261 106 173 302 107 164 67 312 201 362 366 267 228 386 44 130 52 72 108 303 357 266 141 86 199 0,106 386
PFG_MOEA,1663,1,270.73,5843.94,0 335 187 309 5 195 379 270 257 60 50 160 79 143 280 351 237 256 274 49 198 252 236 381 23 90 12 207 307 0,
PFG_MOEA,1663,2,270.73,5843.94,0 61 313 359 206 253 365 360 214 185 118 281 26 334 298 371 22 134 186 162 159 292 263 8 373 318 70 184 284 74 279 0,134 284 313 318
PFG_MOEA,1663,3,270.73,5843.94,0 91 169 108 14 375 212 24 192 330 238 129 200 165 112 191 152 127 57 109 59 137 273 136 247 17 43 85 215 33 71 224 260 148 48 31 304 0,33 200
PFG_MOEA,1663,4,270.73,5843.94,0 73 254 69 354 183 327 387 157 149 188 394 316 63 262 1 255 250 28 42 400 395 377 345 356 264 259 246 308 229 197 218 151 77 107 164 67 302 388 3 106 173 261 320 364 0,
PFG_MOEA,1663,5,270.73,5843.94,0 329 300 362 123 51 145 322 121 146 201 312 393 294 174 339 132 120 142 0,145 174
PFG_MOEA,1663,6,270.73,5843.94,0 37 269 321 299 340 219 341 105 84 131 29 81 113 76 116 111 181 358 337 384 325 355 114 389 0,341
PFG_MOEA,1663,7,270.73,5843.94,0 89 216 47 125 9 150 163 53 293 133 331 285 392 115 245 396 240 385 288 177 34 58 235 135 233 88 249 35 161 68 0,133 240
PFG_MOEA,1663,8,270.73,5843.94,0 172 182 193 314 4 350 397 36 11 374 311 230 94 156 199 92 86 319 266 141 289 231 386 366 267 228 44 130 52 72 303 357 13 19 226 221 242 96 0,141 386
PFG_MOEA,1663,9,270.73,5843.94,0 38 80 378 83 291 139 21 167 301 372 346 315 265 390 99 175 251 190 18 103 155 234 227 398 93 54 46 268 272 30 39 271 391 179 0,
PFG_MOEA,1663,10,270.73,5843.94,0 97 225 232 209 361 213 170 367 328 248 258 376 368 290 343 66 349 344 243 117 178 82 41 16 380 369 196 78 98 27 176 144 342 370 306 202 338 203 168 15 399 0,82 176 225
PFG_MOEA,1663,11,270.73,5843.94,0 287 64 166 205 75 348 353 45 210 278 153 171 87 6 208 158 189 220 241 62 297 65 283 204 154 305 326 110 140 180 333 317 286 25 55 217 56 7 124 126 20 10 0,65 126
PFG_MOEA,1663,12,270.73,5843.94,0 2 119 128 295 40 32 276 239 122 296 332 347 138 336 222 95 101 194 147 324 275 323 363 352 277 102 223 244 211 104 310 100 282 383 382 0,2
PFG_MOEA,1664,1,369.23,5154.87,0 90 295 40 32 276 239 122 222 95 101 323 363 352 102 277 275 194 53 293 133 331 285 392 115 245 396 240 385 288 177 181 358 337 384 111 116 76 113 81 29 325 131 84 355 114 389 279 74 159 162 371 219 341 22 134 186 105 298 334 26 281 118 185 214 0,40 240 245 331
PFG_MOEA,1664,2,369.23,5154.87,0 91 24 212 375 284 14 184 318 70 292 263 8 373 169 108 72 52 130 44 386 0,318
PFG_MOEA,1664,3,369.23,5154.87,0 362 201 312 67 164 107 302 173 106 261 388 197 218 151 77 273 136 0,106
PFG_MOEA,1664,4,369.23,5154.87,0 399 172 182 397 36 11 92 86 141 266 303 357 319 199 228 267 366 289 231 34 58 68 161 235 35 249 88 135 233 156 94 230 374 350 311 4 314 193 340 299 321 269 120 142 37 51 145 123 137 59 109 127 57 226 19 13 80 38 0,340
PFG_MOEA,1664,5,369.23,5154.87,0 132 339 322 0,
PFG_MOEA,1664,6,369.23,5154.87,0 96 242 221 200 165 112 191 152 329 300 121 146 294 174 320 364 393 3 229 308 259 246 264 356 345 377 395 400 42 250 28 247 255 1 262 63 157 291 167 21 372 301 188 394 139 149 316 387 327 17 43 85 215 73 254 183 354 69 265 346 315 99 0,1 200 393
PFG_MOEA,1664,7,369.23,5154.87,0 93 398 227 234 213 190 251 175 390 18 103 155 83 378 31 304 0,
PFG_MOEA,1664,8,369.23,5154.87,0 48 192 330 238 129 148 260 391 0,
PFG_MOEA,1664,9,369.23,5154.87,0 268 272 30 65 283 326 305 154 204 6 208 205 166 66 271 39 0,272
PFG_MOEA,1664,10,369.23,5154.87,0 124 126 20 64 189 158 220 241 297 62 110 140 286 317 333 180 7 56 217 55 25 367 170 361 209 71 97 33 0,
PFG_MOEA,1664,11,369.23,5154.87,0 15 16 380 369 168 203 338 202 306 370 342 144 176 27 98 78 196 296 347 332 324 147 211 244 223 210 45 348 353 153 278 87 171 75 328 248 258 376 368 290 343 54 46 224 225 232 179 287 10 383 382 41 344 349 243 117 178 82 125 9 47 150 216 360 335 0,47 87 353
PFG_MOEA,1664,12,369.23,5154.87,0 207 307 313 359 365 253 206 187 100 310 104 282 143 79 160 50 60 257 270 379 195 5 309 280 351 237 256 274 49 198 163 138 336 252 236 381 23 128 119 2 89 12 61 0,
PFG_MOEA,1665,1,337.93,5308.22,0 187 206 253 313 359 365 0,
PFG_MOEA,1665,2,337.93,5308.22,0 207 307 198 280 351 256 237 101 53 293 133 331 285 392 95 222 163 138 336 252 236 128 119 2 89 12 61 0,133 222
PFG_MOEA,1665,3,337.93,5308.22,0 323 363 352 194 275 277 102 100 49 274 122 239 276 32 40 295 23 381 90 0,
PFG_MOEA,1665,4,337.93,5308.22,0 22 115 245 396 240 385 288 177 181 358 337 384 111 116 76 113 81 29 131 84 281 118 185 214 0,
PFG_MOEA,1665,5,337.93,5308.22,0 334 26 298 371 219 341 134 186 105 355 325 114 389 162 159 74 279 91 24 212 375 284 14 184 318 70 292 263 8 373 169 108 72 52 130 44 386 362 201 312 0,284
PFG_MOEA,1665,6,337.93,5308.22,0 399 172 182 397 36 11 92 86 141 266 303 357 319 199 228 267 366 289 231 34 58 68 161 235 35 249 88 135 233 156 94 230 57 127 109 59 137 136 273 77 151 218 197 388 261 106 173 302 107 164 67 294 226 19 13 80 38 0,
PFG_MOEA,1665,7,337.93,5308.22,0 374 350 311 4 314 193 340 299 321 269 120 142 37 51 145 123 146 121 322 339 132 174 320 364 393 3 229 308 356 264 259 246 42 1 255 247 152 191 112 329 300 165 200 221 242 96 0,132 264 340 393
PFG_MOEA,1665,8,337.93,5308.22,0 28 250 262 400 395 345 377 394 188 301 372 21 167 291 139 149 157 63 316 387 327 17 43 85 215 73 254 183 354 69 265 346 315 99 175 251 190 0,
PFG_MOEA,1665,9,337.93,5308.22,0 304 192 330 238 129 378 83 155 103 18 390 213 234 227 398 140 110 241 62 297 65 283 326 305 154 204 6 208 205 166 66 93 30 272 268 39 271 391 260 148 48 31 0,65 391
PFG_MOEA,1665,10,337.93,5308.22,0 33 71 225 97 232 209 361 170 367 25 55 217 56 7 317 286 333 180 220 158 189 64 20 126 124 224 10 287 179 0,
PFG_MOEA,1665,11,337.93,5308.22,0 15 168 203 369 16 380 335 360 216 150 9 47 125 309 5 195 379 270 210 45 348 353 153 278 87 171 75 328 248 54 46 383 382 344 349 243 117 178 82 41 0,82 87 195 353
PFG_MOEA,1665,12,337.93,5308.22,0 338 202 306 370 342 144 176 27 98 78 196 296 347 332 147 324 211 244 223 104 310 282 143 79 160 50 60 257 258 376 368 290 343 0,290
PFG_MOEA,1666,1,319.42,5478.6,0 222 0,
PFG_MOEA,1666,2,319.42,5478.6,0 95 101 323 363 352 102 277 275 194 53 293 133 331 285 392 115 245 396 240 385 288 177 181 358 337 384 111 116 76 113 81 29 325 131 84 355 114 389 279 74 159 162 371 219 341 22 134 186 105 298 334 26 281 0,105
PFG_MOEA,1666,3,319.42,5478.6,0 118 91 284 184 14 375 212 24 0,375
PFG_MOEA,1666,4,319.42,5478.6,0 399 397 36 11 92 199 86 141 266 319 357 303 289 366 267 228 8 263 292 70 318 373 169 108 72 52 130 44 386 362 201 312 67 164 107 302 173 106 261 388 197 218 151 77 273 136 182 172 0,86 197 318 362
PFG_MOEA,1666,5,319.42,5478.6,0 38 80 13 19 226 57 127 109 59 137 123 145 51 132 142 120 269 321 299 37 340 193 314 4 350 311 156 233 135 88 249 35 235 161 68 58 34 231 94 230 374 0,
PFG_MOEA,1666,6,319.42,5478.6,0 96 242 200 191 112 165 322 339 174 393 3 229 364 320 294 121 146 300 329 152 221 0,200 393
PFG_MOEA,1666,7,319.42,5478.6,0 93 85 247 28 246 259 308 264 356 345 377 395 400 42 250 255 1 262 63 157 291 167 21 372 301 188 394 139 149 316 387 327 17 43 73 215 254 183 354 69 265 346 315 99 390 175 251 190 18 213 234 227 398 0,
PFG_MOEA,1666,8,319.42,5478.6,0 304 31 48 330 192 129 238 148 260 391 271 66 166 205 208 6 204 154 305 326 283 65 62 297 241 158 189 220 110 140 103 155 83 378 124 126 20 64 30 272 268 39 0,62 205 220 391
PFG_MOEA,1666,9,319.42,5478.6,0 7 180 333 286 317 56 217 55 0,
PFG_MOEA,1666,10,319.42,5478.6,0 15 16 380 369 168 203 338 202 306 370 342 144 176 27 98 78 196 296 347 332 324 147 211 244 223 210 45 348 353 153 278 87 171 75 328 248 258 376 368 290 343 54 46 209 361 170 367 25 232 179 224 225 97 71 33 0,16 353 370
PFG_MOEA,1666,11,319.42,5478.6,0 365 253 206 61 89 2 119 128 216 336 138 163 150 47 125 9 100 282 310 104 143 79 160 50 60 257 270 379 195 5 309 280 351 237 256 287 10 383 382 344 349 243 117 178 82 41 0,47 138 178 206 243
PFG_MOEA,1666,12,319.42,5478.6,0 335 187 359 313 360 207 307 198 49 274 122 239 276 32 40 295 23 381 236 252 90 12 214 185 0,
PFG_MOEA,1667,1,312.87,5623.42,0 216 98 370 342 144 176 27 78 196 296 347 332 147 324 211 244 223 104 310 282 79 160 50 379 195 5 309 143 150 47 9 125 0,
PFG_MOEA,1667,2,312.87,5623.42,0 117 243 344 349 343 290 368 376 258 248 328 75 348 353 171 87 278 153 45 210 257 60 270 237 256 274 49 198 222 138 336 239 276 32 177 181 358 337 384 111 116 76 23 381 90 12 0,290 336 353
PFG_MOEA,1667,3,312.87,5623.42,0 22 118 185 214 2 119 128 236 252 40 295 122 392 285 331 133 293 53 101 352 363 323 194 275 277 102 100 351 280 95 163 61 89 207 307 313 359 253 365 0,307
PFG_MOEA,1667,4,312.87,5623.42,0 206 187 0,
PFG_MOEA,1667,5,312.87,5623.42,0 281 26 334 298 219 371 341 134 186 105 115 245 396 240 385 288 113 81 29 325 355 131 84 114 389 162 159 74 279 91 0,341
PFG_MOEA,1667,6,312.87,5623.42,0 80 13 19 226 57 127 109 59 137 136 273 77 151 218 197 388 261 106 173 302 107 164 67 312 201 362 386 44 130 52 72 108 169 373 8 263 292 70 318 184 14 284 375 212 24 303 357 319 182 172 38 0,318 362
PFG_MOEA,1667,7,312.87,5623.42,0 266 141 86 199 228 267 366 289 231 34 58 68 161 235 35 249 88 135 233 156 94 230 374 92 0,
PFG_MOEA,1667,8,312.87,5623.42,0 399 397 36 11 350 311 4 314 193 340 299 321 269 120 142 37 51 123 145 132 339 322 121 146 294 174 320 364 393 3 229 308 356 264 259 246 42 300 329 112 191 165 200 221 242 96 0,51 145 174 264 329
PFG_MOEA,1667,9,312.87,5623.42,0 152 247 28 250 345 377 395 400 394 188 301 372 167 21 139 291 262 1 255 0,
PFG_MOEA,1667,10,312.87,5623.42,0 85 215 73 43 17 327 387 316 149 157 63 354 183 254 69 265 346 315 99 175 251 190 390 18 103 155 83 378 0,175 390
PFG_MOEA,1667,11,312.87,5623.42,0 304 31 48 192 330 129 238 148 260 383 10 224 391 271 39 46 93 398 227 234 213 179 232 225 97 71 33 382 0,
PFG_MOEA,1667,12,312.87,5623.42,0 209 361 170 367 25 55 217 56 7 124 126 20 64 189 158 220 180 333 317 286 140 110 241 62 297 65 283 326 305 154 204 6 208 205 166 66 30 272 268 54 287 178 82 41 335 360 380 369 203 338 202 306 168 15 16 0,7 166 203 361
PFG_MOEA,1668,1,350.97,5291.61,0 22 118 185 214 2 119 252 236 128 381 23 40 32 295 239 122 392 285 331 133 293 53 101 352 363 323 194 275 277 102 100 274 256 237 351 280 376 368 290 343 349 344 243 117 0,23 293 352
PFG_MOEA,1668,2,350.97,5291.61,0 365 359 313 307 207 89 61 163 95 206 253 187 281 26 334 298 219 371 341 134 186 105 115 245 396 240 385 288 177 181 358 337 384 111 116 76 113 81 29 325 355 131 84 114 389 162 159 279 74 284 70 318 184 14 375 212 24 91 0,
PFG_MOEA,1668,3,350.97,5291.61,0 292 263 8 373 169 108 72 52 130 44 386 362 201 312 67 164 107 302 173 106 261 388 197 218 151 77 273 136 137 59 109 0,362 388
PFG_MOEA,1668,4,350.97,5291.61,0 38 80 13 19 226 57 127 68 161 58 34 231 289 366 267 228 199 86 141 266 357 303 319 182 172 0,182
PFG_MOEA,1668,5,350.97,5291.61,0 397 36 11 92 374 350 311 4 314 193 230 94 156 35 88 249 235 135 233 340 299 321 269 120 142 37 51 0,
PFG_MOEA,1668,6,350.97,5291.61,0 399 96 242 200 165 112 329 300 123 145 322 121 146 294 339 132 174 320 364 393 3 229 308 356 264 259 246 28 250 42 262 1 255 247 152 191 221 0,152 174 200 229 246
PFG_MOEA,1668,7,350.97,5291.61,0 345 377 395 400 394 188 301 372 21 167 291 139 149 157 63 316 387 327 17 43 85 215 73 254 183 354 69 265 346 315 99 175 251 190 390 18 103 155 213 234 83 378 0,
PFG_MOEA,1668,8,350.97,5291.61,0 224 93 398 227 71 97 225 232 179 0,
PFG_MOEA,1668,9,350.97,5291.61,0 304 31 48 192 330 129 238 148 33 209 361 170 367 25 55 217 56 7 124 126 20 64 189 158 220 180 333 317 286 140 110 241 62 297 65 283 326 305 154 204 6 208 205 166 66 30 272 268 54 46 39 271 391 10 287 383 382 260 16 369 380 0,39
PFG_MOEA,1668,10,350.97,5291.61,0 15 168 203 178 82 41 0,
PFG_MOEA,1668,11,350.97,5291.61,0 335 0,
PFG_MOEA,1668,12,350.97,5291.61,0 360 90 216 336 47 9 125 198 49 309 5 258 248 328 75 348 353 171 87 278 153 45 379 195 210 257 270 60 50 160 79 143 282 310 104 223 244 211 324 147 222 150 138 276 332 347 296 196 78 98 27 176 144 342 370 306 202 338 12 0,223 370
PFG_MOEA,1669,1,748.42,4875.65,0 399 38 80 96 242 221 226 19 13 172 182 319 303 357 266 141 86 199 228 267 366 289 231 34 58 68 161 235 35 249 88 135 233 156 94 230 374 92 11 36 397 350 311 4 314 193 340 299 321 269 37 142 120 132 339 51 145 123 300 329 112 165 200 191 152 57 127 109 59 137 136 247 255 1 262 42 250 28 273 77 151 146 121 322 294 174 320 364 393 3 106 261 388 229 218 197 246 259 308 264 356 345 377 395 400 394 188 301 372 21 167 291 139 149 157 63 316 387 327 17 43 85 215 73 254 183 354 69 265 346 315 99 175 251 190 390 18 103 155 83 378 213 234 227 0,1 94 174 314 340 390 395
PFG_MOEA,1669,2,748.42,4875.65,0 260 224 93 398 71 33 148 0,
PFG_MOEA,1669,3,748.42,4875.65,0 304 31 192 330 129 238 48 382 383 10 391 271 39 30 272 268 54 46 0,
PFG_MOEA,1669,4,748.42,4875.65,0 15 168 203 369 380 16 41 82 178 209 361 170 367 25 55 217 56 7 124 126 20 64 189 158 220 180 333 317 286 140 110 241 62 297 65 283 326 305 154 204 6 208 205 166 66 335 0,65 220 361
PFG_MOEA,1669,5,748.42,4875.65,0 12 90 381 216 47 125 9 150 360 117 243 349 344 287 97 225 232 179 343 290 368 376 258 248 328 75 348 353 171 87 278 153 45 210 257 270 60 50 160 79 379 195 5 309 143 282 310 104 223 244 211 324 147 347 332 331 285 296 196 78 392 98 115 245 27 176 144 342 240 370 396 385 288 306 177 181 358 337 384 111 116 76 113 81 29 325 355 131 84 338 202 114 389 22 0,176 210 370
PFG_MOEA,1669,6,748.42,4875.65,0 23 32 276 239 336 138 222 49 274 198 0,
PFG_MOEA,1669,7,748.42,4875.65,0 118 185 214 2 119 128 236 252 40 295 122 133 293 53 101 352 363 323 194 275 277 102 100 237 280 351 256 95 163 61 89 207 307 313 0,133 323
PFG_MOEA,1669,8,748.42,4875.65,0 365 359 253 206 0,
PFG_MOEA,1669,9,748.42,4875.65,0 187 0,
PFG_MOEA,1669,10,748.42,4875.65,0 281 26 334 298 341 105 186 134 162 371 219 0,
PFG_MOEA,1669,11,748.42,4875.65,0 159 279 74 284 184 318 70 292 14 375 212 24 91 0,375
PFG_MOEA,1669,12,748.42,4875.65,0 263 8 373 169 108 72 52 130 44 386 107 164 173 302 67 312 201 362 0,386
PFG_MOEA,1670,1,404.27,5140.48,0 89 90 381 23 295 32 276 40 45 353 348 171 87 153 278 210 379 195 270 257 60 50 160 79 143 282 310 104 223 244 211 324 147 163 53 347 332 133 331 296 293 196 78 245 98 115 27 176 144 342 240 370 396 385 288 306 177 181 358 337 384 111 116 76 113 81 29 202 338 22 118 185 214 0,177 223 245 379
PFG_MOEA,1670,2,404.27,5140.48,0 281 105 26 334 298 219 371 341 134 186 84 131 325 355 114 389 162 159 74 279 91 24 212 375 284 14 184 318 70 292 263 8 373 169 108 72 52 130 44 386 362 0,134 362
PFG_MOEA,1670,3,404.27,5140.48,0 57 127 109 59 137 136 273 77 151 218 197 388 261 106 173 302 107 164 67 312 201 0,
PFG_MOEA,1670,4,404.27,5140.48,0 38 80 13 19 226 182 172 303 357 319 266 141 86 233 135 88 249 35 235 161 68 58 34 231 289 366 267 228 199 11 36 397 399 0,266
PFG_MOEA,1670,5,404.27,5140.48,0 92 156 94 230 374 350 311 4 314 193 340 299 321 269 37 142 120 132 339 51 145 123 322 121 146 294 174 320 364 393 3 229 308 356 264 259 246 42 247 152 191 112 329 300 165 200 221 242 96 0,299 329
PFG_MOEA,1670,6,404.27,5140.48,0 255 1 262 377 345 250 28 0,
PFG_MOEA,1670,7,404.27,5140.48,0 395 400 394 188 301 372 21 167 291 139 149 0,
PFG_MOEA,1670,8,404.27,5140.48,0 304 31 48 148 129 238 330 192 85 215 73 43 17 327 387 316 63 157 354 183 254 69 265 346 315 99 175 251 190 390 18 103 155 83 378 213 234 227 398 93 260 0,93
PFG_MOEA,1670,9,404.27,5140.48,0 391 271 0,
PFG_MOEA,1670,10,404.27,5140.48,0 39 268 272 30 66 166 205 208 6 204 154 305 326 283 65 297 62 241 110 140 286 0,
PFG_MOEA,1670,11,404.27,5140.48,0 15 168 203 369 380 16 82 178 117 243 349 344 46 54 124 126 20 64 189 158 220 180 317 333 7 56 217 55 25 367 170 361 209 33 71 225 97 232 179 287 224 10 383 382 0,16
PFG_MOEA,1670,12,404.27,5140.48,0 335 360 365 253 206 359 313 307 207 61 12 2 119 128 236 252 216 336 138 239 122 392 285 194 275 277 352 363 323 101 95 222 150 9 47 125 198 100 102 49 274 256 237 351 280 309 5 75 328 248 258 376 368 290 343 187 41 0,100 206
PFG_MOEA,1671,1,759.34,4800.0,0 219 341 105 389 114 84 131 355 325 29 81 113 76 116 111 384 337 358 181 177 288 385 240 396 245 115 392 285 331 133 293 53 163 150 9 125 47 216 89 61 206 253 365 0,245
PFG_MOEA,1671,2,759.34,4800.0,0 22 134 186 162 159 279 74 284 184 318 70 292 263 8 373 169 108 14 375 212 24 91 0,318
PFG_MOEA,1671,3,759.34,4800.0,0 304 31 48 148 260 224 71 33 129 238 330 192 200 165 112 191 152 127 57 109 59 137 273 136 247 17 43 85 215 73 254 69 354 183 327 387 157 149 188 394 316 63 262 1 255 250 28 42 400 395 377 345 356 264 259 246 308 229 197 218 151 77 107 164 67 302 388 3 106 173 261 320 364 393 312 201 362 329 300 123 51 145 322 121 146 294 174 339 132 120 142 37 269 321 299 340 233 135 88 249 35 161 235 68 58 34 386 231 289 366 267 228 44 130 52 72 303 357 319 266 141 86 92 199 156 94 230 311 374 11 36 397 350 4 314 193 182 172 13 19 226 221 242 96 80 38 0,33 106 174 200 303 311 394
PFG_MOEA,1671,4,759.34,4800.0,0 378 83 155 103 18 190 251 175 99 315 346 372 301 167 21 139 291 265 390 234 0,
PFG_MOEA,1671,5,759.34,4800.0,0 179 391 271 39 30 272 268 46 54 93 398 227 213 232 0,391
PFG_MOEA,1671,6,759.34,4800.0,0 225 0,
PFG_MOEA,1671,7,759.34,4800.0,0 97 209 361 170 367 0,
PFG_MOEA,1671,8,759.34,4800.0,0 399 15 168 203 338 202 306 370 342 144 176 27 98 78 196 369 380 16 41 82 178 117 243 344 349 66 343 290 368 376 258 248 328 75 348 353 45 210 278 153 171 87 6 208 205 166 158 189 220 241 62 297 65 283 204 154 305 326 110 140 180 333 317 286 25 55 217 56 7 124 126 20 64 287 10 383 382 0,62 66 205 220 342
PFG_MOEA,1671,9,759.34,4800.0,0 2 119 128 295 40 32 276 239 122 296 332 347 138 336 222 95 101 194 147 324 275 323 363 352 277 102 223 244 211 104 310 100 282 143 79 160 50 60 257 270 379 195 5 309 280 351 237 256 274 49 198 252 236 0,
PFG_MOEA,1671,10,759.34,4800.0,0 381 23 90 12 207 307 0,
PFG_MOEA,1671,11,759.34,4800.0,0 335 187 359 313 360 214 0,
PFG_MOEA,1671,12,759.34,4800.0,0 185 118 281 26 334 298 371 0,
PFG_MOEA,1672,1,314.81,5596.11,0 12 90 128 236 252 336 276 138 222 198 49 274 256 237 351 280 309 5 290 343 313 207 0,222
PFG_MOEA,1672,2,314.81,5596.11,0 91 292 263 8 373 169 108 14 375 212 24 371 219 341 298 334 26 281 118 185 214 295 40 32 239 122 95 101 352 363 323 194 275 277 102 100 23 381 119 2 307 359 187 148 48 31 304 0,23
PFG_MOEA,1672,3,314.81,5596.11,0 260 224 71 33 127 152 191 112 165 200 129 238 330 192 0,33
PFG_MOEA,1672,4,314.81,5596.11,0 57 67 302 173 106 3 388 164 107 77 151 218 197 229 308 246 259 264 356 345 377 395 400 42 28 250 255 1 262 63 316 394 188 149 157 387 327 183 354 69 254 73 215 85 43 17 247 136 273 137 59 109 0,
PFG_MOEA,1672,5,314.81,5596.11,0 329 300 362 123 51 145 322 121 146 201 261 320 364 393 312 294 174 339 132 206 253 365 360 335 0,362 393
PFG_MOEA,1672,6,314.81,5596.11,0 61 358 181 177 288 385 240 396 245 115 392 285 331 133 293 53 163 150 9 125 47 216 89 0,
PFG_MOEA,1672,7,314.81,5596.11,0 80 13 19 226 35 161 235 58 34 386 231 289 366 267 228 44 130 52 72 318 70 184 284 74 279 159 162 389 114 355 325 384 337 111 116 76 113 81 29 131 84 105 186 134 22 0,
PFG_MOEA,1672,8,314.81,5596.11,0 38 96 242 221 172 182 397 350 311 4 314 193 230 94 156 374 36 11 92 319 357 303 266 141 86 199 68 135 88 249 233 340 299 321 269 120 142 37 301 21 139 291 167 372 346 315 99 175 251 0,182
PFG_MOEA,1672,9,314.81,5596.11,0 97 225 232 179 391 271 158 241 62 297 65 283 204 154 305 326 110 140 286 317 333 180 220 126 124 7 56 217 55 25 367 170 361 209 227 234 213 190 390 265 18 103 155 83 378 398 93 54 46 268 272 30 39 0,65 154
PFG_MOEA,1672,10,314.81,5596.11,0 399 15 16 380 41 82 178 117 243 344 349 20 189 64 166 205 208 6 87 171 153 278 210 353 258 376 368 66 287 10 383 382 0,243
PFG_MOEA,1672,11,314.81,5596.11,0 369 338 203 168 0,
PFG_MOEA,1672,12,314.81,5596.11,0 202 306 370 342 144 176 27 98 78 196 296 347 332 324 147 211 244 223 104 310 282 143 79 160 50 60 257 270 379 195 45 348 75 328 248 0,370
PFG_MOEA,1673,1,411.21,4974.5,0 12 90 381 23 32 276 239 336 138 222 198 49 274 256 237 351 280 252 236 128 119 2 0,23
PFG_MOEA,1673,2,411.21,4974.5,0 22 118 185 214 295 40 122 392 285 331 133 293 53 101 352 363 323 194 275 277 102 100 95 163 61 89 207 307 313 359 365 253 206 187 0,22 100
PFG_MOEA,1673,3,411.21,4974.5,0 115 0,
PFG_MOEA,1673,4,411.21,4974.5,0 245 396 240 385 288 177 181 358 337 384 111 116 76 113 81 29 325 355 0,
PFG_MOEA,1673,5,411.21,4974.5,0 281 26 334 298 341 134 186 131 84 114 389 105 219 371 162 159 74 279 91 24 212 375 284 14 184 318 70 292 263 8 373 169 108 72 52 130 44 386 362 201 312 67 164 107 302 173 106 261 388 197 218 151 77 273 136 137 59 109 127 57 226 19 13 80 0,77 106 284
PFG_MOEA,1673,6,411.21,4974.5,0 38 172 182 319 303 357 266 141 86 199 228 267 366 289 231 34 58 68 161 235 35 249 88 135 233 156 94 230 374 92 11 36 397 350 311 4 314 193 340 299 321 269 120 142 37 51 123 145 132 339 322 121 146 294 174 320 364 393 3 229 308 356 264 259 246 42 300 329 112 221 242 96 0,51 174 229 246 299
PFG_MOEA,1673,7,411.21,4974.5,0 399 200 165 191 152 247 255 1 262 250 28 345 377 395 400 394 188 301 372 21 167 291 139 149 157 63 316 387 327 17 43 85 215 73 254 183 354 69 265 346 315 99 175 251 190 390 18 103 155 83 378 213 234 227 398 93 224 179 232 225 97 71 33 260 148 238 129 330 192 48 31 304 0,93
PFG_MOEA,1673,8,411.21,4974.5,0 382 383 10 391 271 39 46 54 268 272 30 66 166 205 208 6 204 154 305 326 283 65 297 62 241 110 140 286 317 333 180 220 158 189 64 20 126 124 7 56 217 55 25 367 170 361 209 287 0,55 62 66 220
PFG_MOEA,1673,9,411.21,4974.5,0 380 0,
PFG_MOEA,1673,10,411.21,4974.5,0 16 369 15 0,
PFG_MOEA,1673,11,411.21,4974.5,0 168 203 178 82 41 0,178
PFG_MOEA,1673,12,411.21,4974.5,0 335 360 338 202 306 370 342 144 176 27 98 78 196 296 347 332 216 47 125 9 150 147 324 211 244 223 104 310 282 143 309 5 195 379 79 160 50 60 270 257 210 45 153 278 87 171 353 348 75 328 248 258 376 368 290 343 349 344 243 117 0,
PFG_MOEA,1674,1,312.55,5795.78,0 336 138 239 122 296 347 332 324 275 277 104 211 244 223 102 352 363 323 194 147 101 95 222 0,122 211 222 277
PFG_MOEA,1674,2,312.55,5795.78,0 335 360 207 307 313 359 187 100 310 282 143 79 160 50 60 257 270 379 195 5 309 280 351 237 256 274 49 198 252 236 381 23 90 12 214 185 118 281 26 334 298 371 72 52 130 44 386 80 0,5 307
PFG_MOEA,1674,3,312.55,5795.78,0 13 19 226 57 127 109 59 137 136 273 77 151 218 197 388 261 106 173 302 107 164 67 312 201 362 123 51 145 294 174 339 132 142 120 269 321 299 0,174
PFG_MOEA,1674,4,312.55,5795.78,0 340 233 135 88 249 35 235 161 68 58 34 231 289 366 267 228 141 266 303 357 319 86 199 156 94 0,303
PFG_MOEA,1674,5,312.55,5795.78,0 38 172 182 397 36 11 92 374 230 311 350 4 314 193 37 322 121 146 320 364 393 3 229 308 356 264 259 246 42 300 329 112 191 152 221 242 96 0,42 264
PFG_MOEA,1674,6,312.55,5795.78,0 200 165 129 0,
PFG_MOEA,1674,7,312.55,5795.78,0 304 330 395 400 394 188 301 372 21 167 291 139 149 157 63 316 387 17 43 33 71 224 260 0,
PFG_MOEA,1674,8,312.55,5795.78,0 399 247 28 250 345 377 262 1 255 327 254 73 215 85 93 179 232 225 97 148 238 192 48 31 0,93
PFG_MOEA,1674,9,312.55,5795.78,0 378 69 183 354 265 346 315 99 175 251 190 390 18 103 155 83 234 213 227 398 209 361 170 367 25 55 217 56 7 180 333 317 286 140 110 62 297 65 283 326 305 154 204 6 208 241 220 158 189 64 20 126 124 0,175
PFG_MOEA,1674,10,312.55,5795.78,0 287 382 383 10 268 272 30 66 166 205 271 39 391 53 293 133 331 285 392 115 245 396 240 385 288 177 181 358 337 384 111 116 76 113 81 29 325 355 131 84 114 389 105 341 219 0,
PFG_MOEA,1674,11,312.55,5795.78,0 91 24 212 375 14 108 169 373 8 263 292 70 318 184 284 74 279 159 162 22 134 186 89 216 47 125 9 150 163 61 365 253 206 46 54 0,
PFG_MOEA,1674,12,312.55,5795.78,0 41 82 178 117 243 344 349 343 290 368 376 258 248 328 75 171 87 153 278 210 45 353 348 2 119 128 295 40 32 276 196 78 98 27 176 144 342 370 306 202 338 203 168 369 380 16 15 0,16 87 203
PFG_MOEA,1675,1,389.39,5146.42,0 163 78 53 293 133 331 285 392 98 115 245 27 396 240 385 288 177 181 358 337 384 111 116 76 113 81 29 325 355 131 84 114 389 91 279 74 159 162 371 219 298 341 22 134 186 105 118 185 0,
PFG_MOEA,1675,2,389.39,5146.42,0 281 26 334 24 212 375 284 14 184 318 70 292 263 8 373 169 108 72 52 130 44 386 51 145 123 362 201 294 312 67 164 107 302 173 106 261 388 197 218 151 77 273 136 137 59 109 127 57 226 19 13 80 0,
PFG_MOEA,1675,3,389.39,5146.42,0 142 339 174 132 120 269 321 299 340 233 135 88 249 35 235 161 68 58 34 231 289 366 267 228 141 266 303 357 319 86 199 156 94 230 374 92 11 36 397 350 311 4 314 193 0,88
PFG_MOEA,1675,4,389.39,5146.42,0 182 172 38 0,
PFG_MOEA,1675,5,389.39,5146.42,0 37 322 121 146 320 364 393 3 229 308 356 264 259 246 42 300 329 112 152 191 165 200 221 242 96 0,152 264 329
PFG_MOEA,1675,6,389.39,5146.42,0 129 33 71 224 260 0,
PFG_MOEA,1675,7,389.39,5146.42,0 399 247 255 1 262 250 28 345 377 395 400 394 188 301 372 21 167 291 139 149 157 63 316 387 17 43 73 254 327 183 354 69 215 85 93 179 232 225 97 148 48 238 330 192 31 304 0,395
PFG_MOEA,1675,8,389.39,5146.42,0 16 15 168 203 369 380 391 271 39 268 272 30 66 166 205 208 6 204 154 305 326 283 65 297 62 241 110 140 286 317 333 180 220 158 189 64 20 126 124 7 56 217 55 25 367 170 361 209 398 227 234 213 190 251 175 99 315 346 265 390 18 103 155 83 378 54 46 287 10 383 382 41 0,7 16 20 103 272
PFG_MOEA,1675,9,389.39,5146.42,0 82 178 117 243 368 376 258 353 153 171 87 278 210 143 237 256 274 49 100 282 310 104 102 277 275 194 323 363 352 101 198 95 222 138 122 276 336 252 236 128 23 381 90 119 2 12 0,
PFG_MOEA,1675,10,389.39,5146.42,0 344 349 351 280 309 5 79 160 50 60 257 270 379 195 45 348 75 328 248 290 343 187 0,
PFG_MOEA,1675,11,389.39,5146.42,0 214 295 40 32 239 370 342 144 176 150 47 9 125 216 89 61 207 307 313 359 206 253 365 360 335 0,176
PFG_MOEA,1675,12,389.39,5146.42,0 338 202 306 196 296 347 332 324 147 211 244 223 0,
PFG_MOEA,1676,1,413.96,4915.5,0 187 206 253 365 359 313 307 207 61 12 89 2 119 128 236 252 336 138 163 222 95 198 351 280 237 256 274 49 100 102 277 275 194 323 363 352 101 53 293 133 331 285 392 122 239 276 32 40 295 23 381 90 113 81 29 76 116 111 384 337 358 181 177 288 385 240 396 245 115 22 118 185 214 0,245 381
PFG_MOEA,1676,2,413.96,4915.5,0 281 84 131 325 355 114 389 186 134 341 298 26 334 0,
PFG_MOEA,1676,3,413.96,4915.5,0 371 219 105 162 159 74 279 91 24 212 375 284 14 184 318 70 292 263 8 373 169 108 72 52 130 44 386 362 201 312 67 164 107 302 173 106 261 388 197 218 151 77 273 136 137 59 0,
PFG_MOEA,1676,4,413.96,4915.5,0 57 127 109 226 0,
PFG_MOEA,1676,5,413.96,4915.5,0 19 0,
PFG_MOEA,1676,6,413.96,4915.5,0 38 303 357 266 141 86 199 228 267 366 289 231 34 58 68 161 235 35 249 88 135 233 319 182 172 13 80 0,88
PFG_MOEA,1676,7,413.96,4915.5,0 399 397 36 11 92 156 94 230 374 350 311 4 314 193 340 299 321 269 120 142 37 51 123 145 132 339 322 121 146 294 174 320 364 393 3 229 308 356 264 259 246 42 300 329 112 191 165 200 221 242 96 0,11 340 374 393
PFG_MOEA,1676,8,413.96,4915.5,0 152 247 255 1 262 250 28 345 377 395 400 394 188 301 372 21 167 291 139 149 157 63 316 387 327 17 43 85 215 73 254 183 354 69 265 346 315 99 175 251 190 390 18 103 155 83 378 213 234 227 398 93 0,1 152 175 227
PFG_MOEA,1676,9,413.96,4915.5,0 304 31 48 192 330 238 129 148 260 391 271 39 268 272 30 66 166 205 208 6 204 154 305 326 283 65 297 62 241 110 140 286 317 333 180 220 158 189 64 20 126 124 7 56 217 55 25 367 170 361 209 71 33 97 225 232 179 224 0,55 391
PFG_MOEA,1676,10,413.96,4915.5,0 287 10 383 382 0,
PFG_MOEA,1676,11,413.96,4915.5,0 16 15 168 203 369 380 82 178 117 243 349 344 54 46 41 0,
PFG_MOEA,1676,12,413.96,4915.5,0 335 360 216 150 9 47 125 309 5 343 290 368 376 258 248 328 75 171 87 278 153 353 348 45 210 195 379 270 257 60 50 160 79 143 282 310 104 223 244 211 324 147 332 347 296 196 78 98 27 176 144 342 370 306 202 338 0,
PFG_MOEA,1677,1,320.55,5348.04,0 80 13 172 182 397 36 11 92 233 135 88 249 35 235 161 68 58 34 231 289 319 399 0,
PFG_MOEA,1677,2,320.55,5348.04,0 374 230 94 156 311 350 4 314 193 340 299 321 269 120 142 132 339 174 320 364 308 229 3 393 294 146 121 322 123 145 51 37 0,393
PFG_MOEA,1677,3,320.55,5348.04,0 96 242 221 200 165 112 329 300 191 152 247 255 1 262 42 250 28 246 259 264 356 345 377 395 400 394 188 301 372 21 167 291 139 149 157 63 316 387 327 17 43 85 215 73 254 183 354 69 265 346 315 99 175 251 190 0,215
PFG_MOEA,1677,4,320.55,5348.04,0 304 31 192 330 238 129 398 227 234 213 18 390 286 140 110 241 93 260 148 48 0,
PFG_MOEA,1677,5,320.55,5348.04,0 317 333 0,
PFG_MOEA,1677,6,320.55,5348.04,0 33 71 209 361 170 367 25 55 217 56 7 180 220 158 189 64 20 126 124 224 10 383 382 16 203 168 15 0,25
PFG_MOEA,1677,7,320.55,5348.04,0 380 369 335 360 216 150 9 47 125 309 5 195 379 270 210 45 348 353 153 278 87 171 75 328 248 258 376 368 290 343 54 46 344 349 243 117 178 82 41 0,
PFG_MOEA,1677,8,320.55,5348.04,0 338 202 306 370 342 144 176 27 98 78 196 296 347 332 147 324 211 244 223 104 310 282 143 79 160 50 60 257 6 204 154 305 326 283 62 297 65 208 205 166 66 30 272 268 0,66
PFG_MOEA,1677,9,320.55,5348.04,0 187 206 253 365 359 313 307 207 61 12 89 2 119 128 236 252 336 138 163 222 95 198 351 256 237 280 391 271 39 378 83 155 103 232 179 287 225 97 0,138 307
PFG_MOEA,1677,10,320.55,5348.04,0 22 389 114 84 131 325 355 29 81 113 76 116 111 384 337 358 181 177 288 385 240 396 245 115 392 285 331 133 293 53 101 352 363 323 194 275 277 102 100 49 274 122 239 276 32 40 295 23 381 90 214 185 281 118 0,323 331
PFG_MOEA,1677,11,320.55,5348.04,0 334 298 26 105 186 134 341 219 371 24 212 375 14 184 318 70 292 263 8 373 169 284 74 279 91 159 162 0,134
PFG_MOEA,1677,12,320.55,5348.04,0 38 19 226 57 127 109 59 137 136 273 77 151 218 197 388 261 106 173 302 107 164 67 312 201 362 366 267 228 386 44 130 52 72 108 303 357 266 141 86 199 0,106 386
PFG_MOEA,1678,1,270.73,5843.94,0 335 187 309 5 195 379 270 257 60 50 160 79 143 280 351 237 256 274 49 198 252 236 381 23 90 12 207 307 0,
PFG_MOEA,1678,2,270.73,5843.94,0 61 313 359 206 253 365 360 214 185 118 281 26 334 298 371 22 134 186 162 159 292 263 8 373 318 70 184 284 74 279 0,134 284 313 318
PFG_MOEA,1678,3,270.73,5843.94,0 91 169 108 14 375 212 24 192 330 238 129 200 165 112 191 152 127 57 109 59 137 273 136 247 17 43 85 215 33 71 224 260 148 48 31 304 0,33 200
PFG_MOEA,1678,4,270.73,5843.94,0 73 254 69 354 183 327 387 157 149 188 394 316 63 262 1 255 250 28 42 400 395 377 345 356 264 259 246 308 229 197 218 151 77 107 164 67 302 388 3 106 173 261 320 364 0,
PFG_MOEA,1678,5,270.73,5843.94,0 329 300 362 123 51 145 322 121 146 201 312 393 294 174 339 132 120 142 0,145 174
PFG_MOEA,1678,6,270.73,5843.94,0 37 269 321 299 340 219 341 105 84 131 29 81 113 76 116 111 181 358 337 384 325 355 114 389 0,341
PFG_MOEA,1678,7,270.73,5843.94,0 89 216 47 125 9 150 163 53 293 133 331 285 392 115 245 396 240 385 288 177 34 58 235 135 233 88 249 35 161 68 0,133 240
PFG_MOEA,1678,8,270.73,5843.94,0 172 182 193 314 4 350 397 36 11 374 311 230 94 156 199 92 86 319 266 141 289 231 386 366 267 228 44 130 52 72 303 357 13 19 226 221 242 96 0,141 386
PFG_MOEA,1678,9,270.73,5843.94,0 38 80 378 83 291 139 21 167 301 372 346 315 265 390 99 175 251 190 18 103 155 234 227 398 93 54 46 268 272 30 39 271 391 179 0,
PFG_MOEA,1678,10,270.73,5843.94,0 97 225 232 209 361 213 170 367 328 248 258 376 368 290 343 66 349 344 243 117 178 82 41 16 380 369 196 78 98 27 176 144 342 370 306 202 338 203 168 15 399 0,82 176 225
PFG_MOEA,1678,11,270.73,5843.94,0 287 64 166 205 75 348 353 45 210 278 153 171 87 6 208 158 189 220 241 62 297 65 283 204 154 305 326 110 140 180 333 317 286 25 55 217 56 7 124 126 20 10 0,65 126
PFG_MOEA,1678,12,270.73,5843.94,0 2 119 128 295 40 32 276 239 122 296 332 347 138 336 222 95 101 194 147 324 275 323 363 352 277 102 223 244 211 104 310 100 282 383 382 0,2
PFG_MOEA,1679,1,369.23,5154.87,0 90 295 40 32 276 239 122 222 95 101 323 363 352 102 277 275 194 53 293 133 331 285 392 115 245 396 240 385 288 177 181 358 337 384 111 116 76 113 81 29 325 131 84 355 114 389 279 74 159 162 371 219 341 22 134 186 105 298 334 26 281 118 185 214 0,40 240 245 331
PFG_MOEA,1679,2,369.23,5154.87,0 91 24 212 375 284 14 184 318 70 292 263 8 373 169 108 72 52 130 44 386 0,318
PFG_MOEA,1679,3,369.23,5154.87,0 362 201 312 67 164 107 302 173 106 261 388 197 218 151 77 273 136 0,106
PFG_MOEA,1679,4,369.23,5154.87,0 399 172 182 397 36 11 92 86 141 266 303 357 319 199 228 267 366 289 231 34 58 68 161 235 35 249 88 135 233 156 94 230 374 350 311 4 314 193 340 299 321 269 120 142 37 51 145 123 137 59 109 127 57 226 19 13 80 38 0,340
PFG_MOEA,1679,5,369.23,5154.87,0 132 339 322 0,
PFG_MOEA,1679,6,369.23,5154.87,0 96 242 221 200 165 112 191 152 329 300 121 146 294 174 320 364 393 3 229 308 259 246 264 356 345 377 395 400 42 250 28 247 255 1 262 63 157 291 167 21 372 301 188 394 139 149 316 387 327 17 43 85 215 73 254 183 354 69 265 346 315 99 0,1 200 393
PFG_MOEA,1679,7,369.23,5154.87,0 93 398 227 234 213 190 251 175 390 18 103 155 83 378 31 304 0,
PFG_MOEA,1679,8,369.23,5154.87,0 48 192 330 238 129 148 260 391 0,
PFG_MOEA,1679,9,369.23,5154.87,0 268 272 30 65 283 326 305 154 204 6 208 205 166 66 271 39 0,272
PFG_MOEA,1679,10,369.23,5154.87,0 124 126 20 64 189 158 220 241 297 62 110 140 286 317 333 180 7 56 217 55 25 367 170 361 209 71 97 33 0,
PFG_MOEA,1679,11,369.23,5154.87,0 15 16 380 369 168 203 338 202 306 370 342 144 176 27 98 78 196 296 347 332 324 147 211 244 223 210 45 348 353 153 278 87 171 75 328 248 258 376 368 290 343 54 46 224 225 232 179 287 10 383 382 41 344 349 243 117 178 82 125 9 47 150 216 360 335 0,47 87 353
PFG_MOEA,1679,12,369.23,5154.87,0 207 307 313 359 365 253 206 187 100 310 104 282 143 79 160 50 60 257 270 379 195 5 309 280 351 237 256 274 49 198 163 138 336 252 236 381 23 128 119 2 89 12 61 0,
PFG_MOEA,1680,1,337.93,5308.22,0 187 206 253 313 359 365 0,
PFG_MOEA,1680,2,337.93,5308.22,0 207 307 198 280 351 256 237 101 53 293 133 331 285 392 95 222 163 138 336 252 236 128 119 2 89 12 61 0,133 222
PFG_MOEA,1680,3,337.93,5308.22,0 323 363 352 194 275 277 102 100 49 274 122 239 276 32 40 295 23 381 90 0,
PFG_MOEA,1680,4,337.93,5308.22,0 22 115 245 396 240 385 288 177 181 358 337 384 111 116 76 113 81 29 131 84 281 118 185 214 0,
PFG_MOEA,1680,5,337.93,5308.22,0 334 26 298 371 219 341 134 186 105 355 325 114 389 162 159 74 279 91 24 212 375 284 14 184 318 70 292 263 8 373 169 108 72 52 130 44 386 362 201 312 0,284
PFG_MOEA,1680,6,337.93,5308.22,0 399 172 182 397 36 11 92 86 141 266 303 357 319 199 228 267 366 289 231 34 58 68 161 235 35 249 88 135 233 156 94 230 57 127 109 59 137 136 273 77 151 218 197 388 261 106 173 302 107 164 67 294 226 19 13 80 38 0,
PFG_MOEA,1680,7,337.93,5308.22,0 374 350 311 4 314 193 340 299 321 269 120 142 37 51 145 123 146 121 322 339 132 174 320 364 393 3 229 308 356 264 259 246 42 1 255 247 152 191 112 329 300 165 200 221 242 96 0,132 264 340 393
PFG_MOEA,1680,8,337.93,5308.22,0 28 250 262 400 395 345 377 394 188 301 372 21 167 291 139 149 157 63 316 387 327 17 43 85 215 73 254 183 354 69 265 346 315 99 175 251 190 0,
PFG_MOEA,1680,9,337.93,5308.22,0 304 192 330 238 129 378 83 155 103 18 390 213 234 227 398 140 110 241 62 297 65 283 326 305 154 204 6 208 205 166 66 93 30 272 268 39 271 391 260 148 48 31 0,65 391
PFG_MOEA,1680,10,337.93,5308.22,0 33 71 225 97 232 209 361 170 367 25 55 217 56 7 317 286 333 180 220 158 189 64 20 126 124 224 10 287 179 0,
PFG_MOEA,1680,11,337.93,5308.22,0 15 168 203 369 16 380 335 360 216 150 9 47 125 309 5 195 379 270 210 45 348 353 153 278 87 171 75 328 248 54 46 383 382 344 349 243 117 178 82 41 0,82 87 195 353
PFG_MOEA,1680,12,337.93,5308.22,0 338 202 306 370 342 144 176 27 98 78 196 296 347 332 147 324 211 244 223 104 310 282 143 79 160 50 60 257 258 376 368 290 343 0,290
PFG_MOEA,1681,1,319.42,5478.6,0 222 0,
PFG_MOEA,1681,2,319.42,5478.6,0 95 101 323 363 352 102 277 275 194 53 293 133 331 285 392 115 245 396 240 385 288 177 181 358 337 384 111 116 76 113 81 29 325 131 84 355 114 389 279 74 159 162 371 219 341 22 134 186 105 298 334 26 281 0,105
PFG_MOEA,1681,3,319.42,5478.6,0 118 91 284 184 14 375 212 24 0,375
PFG_MOEA,1681,4,319.42,5478.6,0 399 397 36 11 92 199 86 141 266 319 357 303 289 366 267 228 8 263 292 70 318 373 169 108 72 52 130 44 386 362 201 312 67 164 107 302 173 106 261 388 197 218 151 77 273 136 182 172 0,86 197 318 362
PFG_MOEA,1681,5,319.42,5478.6,0 38 80 13 19 226 57 127 109 59 137 123 145 51 132 142 120 269 321 299 37 340 193 314 4 350 311 156 233 135 88 249 35 235 161 68 58 34 231 94 230 374 0,
PFG_MOEA,1681,6,319.42,5478.6,0 96 242 200 191 112 165 322 339 174 393 3 229 364 320 294 121 146 300 329 152 221 0,200 393
PFG_MOEA,1681,7,319.42,5478.6,0 93 85 247 28 246 259 308 264 356 345 377 395 400 42 250 255 1 262 63 157 291 167 21 372 301 188 394 139 149 316 387 327 17 43 73 215 254 183 354 69 265 346 315 99 390 175 251 190 18 213 234 227 398 0,
PFG_MOEA,1681,8,319.42,5478.6,0 304 31 48 330 192 129 238 148 260 391 271 66 166 205 208 6 204 154 305 326 283 65 62 297 241 158 189 220 110 140 103 155 83 378 124 126 20 64 30 272 268 39 0,62 205 220 391
PFG_MOEA,1681,9,319.42,5478.6,0 7 180 333 286 317 56 217 55 0,
PFG_MOEA,1681,10,319.42,5478.6,0 15 16 380 369 168 203 338 202 306 370 342 144 176 27 98 78 196 296 347 332 324 147 211 244 223 210 45 348 353 153 278 87 171 75 328 248 258 376 368 290 343 54 46 209 361 170 367 25 232 179 224 225 97 71 33 0,16 353 370
PFG_MOEA,1681,11,319.42,5478.6,0 365 253 206 61 89 2 119 128 216 336 138 163 150 47 125 9 100 282 310 104 143 79 160 50 60 257 270 379 195 5 309 280 351 237 256 287 10 383 382 344 349 243 117 178 82 41 0,47 138 178 206 243
PFG_MOEA,1681,12,319.42,5478.6,0 335 187 359 313 360 207 307 198 49 274 122 239 276 32 40 295 23 381 236 252 90 12 214 185 0,
PFG_MOEA,1682,1,312.87,5623.42,0 216 98 370 342 144 176 27 78 196 296 347 332 147 324 211 244 223 104 310 282 79 160 50 379 195 5 309 143 150 47 9 125 0,
PFG_MOEA,1682,2,312.87,5623.42,0 117 243 344 349 343 290 368 376 258 248 328 75 348 353 171 87 278 153 45 210 257 60 270 237 256 274 49 198 222 138 336 239 276 32 177 181 358 337 384 111 116 76 23 381 90 12 0,290 336 353
PFG_MOEA,1682,3,312.87,5623.42,0 22 118 185 214 2 119 128 236 252 40 295 122 392 285 331 133 293 53 101 352 363 323 194 275 277 102 100 351 280 95 163 61 89 207 307 313 359 253 365 0,307
PFG_MOEA,1682,4,312.87,5623.42,0 206 187 0,
PFG_MOEA,1682,5,312.87,5623.42,0 281 26 334 298 219 371 341 134 186 105 115 245 396 240 385 288 113 81 29 325 355 131 84 114 389 162 159 74 279 91 0,341
PFG_MOEA,1682,6,312.87,5623.42,0 80 13 19 226 57 127 109 59 137 136 273 77 151 218 197 388 261 106 173 302 107 164 67 312 201 362 386 44 130 52 72 108 169 373 8 263 292 70 318 184 14 284 375 212 24 303 357 319 182 172 38 0,318 362
PFG_MOEA,1682,7,312.87,5623.42,0 266 141 86 199 228 267 366 289 231 34 58 68 161 235 35 249 88 135 233 156 94 230 374 92 0,
PFG_MOEA,1682,8,312.87,5623.42,0 399 397 36 11 350 311 4 314 193 340 299 321 269 120 142 37 51 123 145 132 339 322 121 146 294 174 320 364 393 3 229 308 356 264 259 246 42 300 329 112 191 165 200 221 242 96 0,51 145 174 264 329
PFG_MOEA,1682,9,312.87,5623.42,0 152 247 28 250 345 377 395 400 394 188 301 372 167 21 139 291 262 1 255 0,
PFG_MOEA,1682,10,312.87,5623.42,0 85 215 73 43 17 327 387 316 149 157 63 354 183 254 69 265 346 315 99 175 251 190 390 18 103 155 83 378 0,175 390
PFG_MOEA,1682,11,312.87,5623.42,0 304 31 48 192 330 129 238 148 260 383 10 224 391 271 39 46 93 398 227 234 213 179 232 225 97 71 33 382 0,
PFG_MOEA,1682,12,312.87,5623.42,0 209 361 170 367 25 55 217 56 7 124 126 20 64 189 158 220 180 333 317 286 140 110 241 62 297 65 283 326 305 154 204 6 208 205 166 66 30 272 268 54 287 178 82 41 335 360 380 369 203 338 202 306 168 15 16 0,7 166 203 361
PFG_MOEA,1683,1,350.97,5291.61,0 22 118 185 214 2 119 252 236 128 381 23 40 32 295 239 122 392 285 331 133 293 53 101 352 363 323 194 275 277 102 100 274 256 237 351 280 376 368 290 343 349 344 243 117 0,23 293 352
PFG_MOEA,1683,2,350.97,5291.61,0 365 359 313 307 207 89 61 163 95 206 253 187 281 26 334 298 219 371 341 134 186 105 115 245 396 240 385 288 177 181 358 337 384 111 116 76 113 81 29 325 355 131 84 114 389 162 159 279 74 284 70 318 184 14 375 212 24 91 0,
PFG_MOEA,1683,3,350.97,5291.61,0 292 263 8 373 169 108 72 52 130 44 386 362 201 312 67 164 107 302 173 106 261 388 197 218 151 77 273 136 137 59 109 0,362 388
PFG_MOEA,1683,4,350.97,5291.61,0 38 80 13 19 226 57 127 68 161 58 34 231 289 366 267 228 199 86 141 266 357 303 319 182 172 0,182
PFG_MOEA,1683,5,350.97,5291.61,0 397 36 11 92 374 350 311 4 314 193 230 94 156 35 88 249 235 135 233 340 299 321 269 120 142 37 51 0,
PFG_MOEA,1683,6,350.97,5291.61,0 399 96 242 200 165 112 329 300 123 145 322 121 146 294 339 132 174 320 364 393 3 229 308 356 264 259 246 28 250 42 262 1 255 247 152 191 221 0,152 174 200 229 246
PFG_MOEA,1683,7,350.97,5291.61,0 345 377 395 400 394 188 301 372 21 167 291 139 149 157 63 316 387 327 17 43 85 215 73 254 183 354 69 265 346 315 99 175 251 190 390 18 103 155 213 234 83 378 0,
PFG_MOEA,1683,8,350.97,5291.61,0 224 93 398 227 71 97 225 232 179 0,
PFG_MOEA,1683,9,350.97,5291.61,0 304 31 48 192 330 129 238 148 33 209 361 170 367 25 55 217 56 7 124 126 20 64 189 158 220 180 333 317 286 140 110 241 62 297 65 283 326 305 154 204 6 208 205 166 66 30 272 268 54 46 39 271 391 10 287 383 382 260 16 369 380 0,39
PFG_MOEA,1683,10,350.97,5291.61,0 15 168 203 178 82 41 0,
PFG_MOEA,1683,11,350.97,5291.61,0 335 0,
PFG_MOEA,1683,12,350.97,5291.61,0 360 90 216 336 47 9 125 198 49 309 5 258 248 328 75 348 353 171 87 278 153 45 379 195 210 257 270 60 50 160 79 143 282 310 104 223 244 211 324 147 222 150 138 276 332 347 296 196 78 98 27 176 144 342 370 306 202 338 12 0,223 370
PFG_MOEA,1684,1,748.42,4875.65,0 399 38 80 96 242 221 226 19 13 172 182 319 303 357 266 141 86 199 228 267 366 289 231 34 58 68 161 235 35 249 88 135 233 156 94 230 374 92 11 36 397 350 311 4 314 193 340 299 321 269 37 142 120 132 339 51 145 123 300 329 112 165 200 191 152 57 127 109 59 137 136 247 255 1 262 42 250 28 273 77 151 146 121 322 294 174 320 364 393 3 106 261 388 229 218 197 246 259 308 264 356 345 377 395 400 394 188 301 372 21 167 291 139 149 157 63 316 387 327 17 43 85 215 73 254 183 354 69 265 346 315 99 175 251 190 390 18 103 155 83 378 213 234 227 0,1 94 174 314 340 390 395
PFG_MOEA,1684,2,748.42,4875.65,0 260 224 93 398 71 33 148 0,
PFG_MOEA,1684,3,748.42,4875.65,0 304 31 192 330 129 238 48 382 383 10 391 271 39 30 272 268 54 46 0,
PFG_MOEA,1684,4,748.42,4875.65,0 15 168 203 369 380 16 41 82 178 209 361 170 367 25 55 217 56 7 124 126 20 64 189 158 220 180 333 317 286 140 110 241 62 297 65 283 326 305 154 204 6 208 205 166 66 335 0,65 220 361
PFG_MOEA,1684,5,748.42,4875.65,0 12 90 381 216 47 125 9 150 360 117 243 349 344 287 97 225 232 179 343 290 368 376 258 248 328 75 348 353 171 87 278 153 45 210 257 270 60 50 160 79 379 195 5 309 143 282 310 104 223 244 211 324 147 347 332 331 285 296 196 78 392 98 115 245 27 176 144 342 240 370 396 385 288 306 177 181 358 337 384 111 116 76 113 81 29 325 355 131 84 338 202 114 389 22 0,176 210 370
PFG_MOEA,1684,6,748.42,4875.65,0 23 32 276 239 336 138 222 49 274 198 0,
PFG_MOEA,1684,7,748.42,4875.65,0 118 185 214 2 119 128 236 252 40 295 122 133 293 53 101 352 363 323 194 275 277 102 100 237 280 351 256 95 163 61 89 207 307 313 0,133 323
PFG_MOEA,1684,8,748.42,4875.65,0 365 359 253 206 0,
PFG_MOEA,1684,9,748.42,4875.65,0 187 0,
PFG_MOEA,1684,10,748.42,4875.65,0 281 26 334 298 341 105 186 134 162 371 219 0,
PFG_MOEA,1684,11,748.42,4875.65,0 159 279 74 284 184 318 70 292 14 375 212 24 91 0,375
PFG_MOEA,1684,12,748.42,4875.65,0 263 8 373 169 108 72 52 130 44 386 107 164 173 302 67 312 201 362 0,386
PFG_MOEA,1685,1,404.27,5140.48,0 89 90 381 23 295 32 276 40 45 353 348 171 87 153 278 210 379 195 270 257 60 50 160 79 143 282 310 104 223 244 211 324 147 163 53 347 332 133 331 296 293 196 78 245 98 115 27 176 144 342 240 370 396 385 288 306 177 181 358 337 384 111 116 76 113 81 29 202 338 22 118 185 214 0,177 223 245 379
PFG_MOEA,1685,2,404.27,5140.48,0 281 105 26 334 298 219 371 341 134 186 84 131 325 355 114 389 162 159 74 279 91 24 212 375 284 14 184 318 70 292 263 8 373 169 108 72 52 130 44 386 362 0,134 362
PFG_MOEA,1685,3,404.27,5140.48,0 57 127 109 59 137 136 273 77 151 218 197 388 261 106 173 302 107 164 67 312 201 0,
PFG_MOEA,1685,4,404.27,5140.48,0 38 80 13 19 226 182 172 303 357 319 266 141 86 233 135 88 249 35 235 161 68 58 34 231 289 366 267 228 199 11 36 397 399 0,266
PFG_MOEA,1685,5,404.27,5140.48,0 92 156 94 230 374 350 311 4 314 193 340 299 321 269 37 142 120 132 339 51 145 123 322 121 146 294 174 320 364 393 3 229 308 356 264 259 246 42 247 152 191 112 329 300 165 200 221 242 96 0,299 329
PFG_MOEA,1685,6,404.27,5140.48,0 255 1 262 377 345 250 28 0,
PFG_MOEA,1685,7,404.27,5140.48,0 395 400 394 188 301 372 21 167 291 139 149 0,
PFG_MOEA,1685,8,404.27,5140.48,0 304 31 48 148 129 238 330 192 85 215 73 43 17 327 387 316 63 157 354 183 254 69 265 346 315 99 175 251 190 390 18 103 155 83 378 213 234 227 398 93 260 0,93
PFG_MOEA,1685,9,404.27,5140.48,0 391 271 0,
PFG_MOEA,1685,10,404.27,5140.48,0 39 268 272 30 66 166 205 208 6 204 154 305 326 283 65 297 62 241 110 140 286 0,
PFG_MOEA,1685,11,404.27,5140.48,0 15 168 203 369 380 16 82 178 117 243 349 344 46 54 124 126 20 64 189 158 220 180 317 333 7 56 217 55 25 367 170 361 209 33 71 225 97 232 179 287 224 10 383 382 0,16
PFG_MOEA,1685,12,404.27,5140.48,0 335 360 365 253 206 359 313 307 207 61 12 2 119 128 236 252 216 336 138 239 122 392 285 194 275 277 352 363 323 101 95 222 150 9 47 125 198 100 102 49 274 256 237 351 280 309 5 75 328 248 258 376 368 290 343 187 41 0,100 206
PFG_MOEA,1686,1,759.34,4800.0,0 219 341 105 389 114 84 131 355 325 29 81 113 76 116 111 384 337 358 181 177 288 385 240 396 245 115 392 285 331 133 293 53 163 150 9 125 47 216 89 61 206 253 365 0,245
PFG_MOEA,1686,2,759.34,4800.0,0 22 134 186 162 159 279 74 284 184 318 70 292 263 8 373 169 108 14 375 212 24 91 0,318
PFG_MOEA,1686,3,759.34,4800.0,0 304 31 48 148 260 224 71 33 129 238 330 192 200 165 112 191 152 127 57 109 59 137 273 136 247 17 43 85 215 73 254 69 354 183 327 387 157 149 188 394 316 63 262 1 255 250 28 42 400 395 377 345 356 264 259 246 308 229 197 218 151 77 107 164 67 302 388 3 106 173 261 320 364 393 312 201 362 329 300 123 51 145 322 121 146 294 174 339 132 120 142 37 269 321 299 340 233 135 88 249 35 161 235 68 58 34 386 231 289 366 267 228 44 130 52 72 303 357 319 266 141 86 92 199 156 94 230 311 374 11 36 397 350 4 314 193 182 172 13 19 226 221 242 96 80 38 0,33 106 174 200 303 311 394
PFG_MOEA,1686,4,759.34,4800.0,0 378 83 155 103 18 190 251 175 99 315 346 372 301 167 21 139 291 265 390 234 0,
PFG_MOEA,1686,5,759.34,4800.0,0 179 391 271 39 30 272 268 46 54 93 398 227 213 232 0,391
PFG_MOEA,1686,6,759.34,4800.0,0 225 0,
PFG_MOEA,1686,7,759.34,4800.0,0 97 209 361 170 367 0,
PFG_MOEA,1686,8,759.34,4800.0,0 399 15 168 203 338 202 306 370 342 144 176 27 98 78 196 369 380 16 41 82 178 117 243 344 349 66 343 290 368 376 258 248 328 75 348 353 45 210 278 153 171 87 6 208 205 166 158 189 220 241 62 297 65 283 204 154 305 326 110 140 180 333 317 286 25 55 217 56 7 124 126 20 64 287 10 383 382 0,62 66 205 220 342
PFG_MOEA,1686,9,759.34,4800.0,0 2 119 128 295 40 32 276 239 122 296 332 347 138 336 222 95 101 194 147 324 275 323 363 352 277 102 223 244 211 104 310 100 282 143 79 160 50 60 257 270 379 195 5 309 280 351 237 256 274 49 198 252 236 0,
PFG_MOEA,1686,10,759.34,4800.0,0 381 23 90 12 207 307 0,
PFG_MOEA,1686,11,759.34,4800.0,0 335 187 359 313 360 214 0,
PFG_MOEA,1686,12,759.34,4800.0,0 185 118 281 26 334 298 371 0,
PFG_MOEA,1687,1,314.81,5596.11,0 12 90 128 236 252 336 276 138 222 198 49 274 256 237 351 280 309 5 290 343 313 207 0,222
PFG_MOEA,1687,2,314.81,5596.11,0 91 292 263 8 373 169 108 14 375 212 24 371 219 341 298 334 26 281 118 185 214 295 40 32 239 122 95 101 352 363 323 194 275 277 102 100 23 381 119 2 307 359 187 148 48 31 304 0,23
PFG_MOEA,1687,3,314.81,5596.11,0 260 224 71 33 127 152 191 112 165 200 129 238 330 192 0,33
PFG_MOEA,1687,4,314.81,5596.11,0 57 67 302 173 106 3 388 164 107 77 151 218 197 229 308 246 259 264 356 345 377 395 400 42 28 250 255 1 262 63 316 394 188 149 157 387 327 183 354 69 254 73 215 85 43 17 247 136 273 137 59 109 0,
PFG_MOEA,1687,5,314.81,5596.11,0 329 300 362 123 51 145 322 121 146 201 261 320 364 393 312 294 174 339 132 206 253 365 360 335 0,362 393
PFG_MOEA,1687,6,314.81,5596.11,0 61 358 181 177 288 385 240 396 245 115 392 285 331 133 293 53 163 150 9 125 47 216 89 0,
PFG_MOEA,1687,7,314.81,5596.11,0 80 13 19 226 35 161 235 58 34 386 231 289 366 267 228 44 130 52 72 318 70 184 284 74 279 159 162 389 114 355 325 384 337 111 116 76 113 81 29 131 84 105 186 134 22 0,
PFG_MOEA,1687,8,314.81,5596.11,0 38 96 242 221 172 182 397 350 311 4 314 193 230 94 156 374 36 11 92 319 357 303 266 141 86 199 68 135 88 249 233 340 299 321 269 120 142 37 301 21 139 291 167 372 346 315 99 175 251 0,182
PFG_MOEA,1687,9,314.81,5596.11,0 97 225 232 179 391 271 158 241 62 297 65 283 204 154 305 326 110 140 286 317 333 180 220 126 124 7 56 217 55 25 367 170 361 209 227 234 213 190 390 265 18 103 155 83 378 398 93 54 46 268 272 30 39 0,65 154
PFG_MOEA,1687,10,314.81,5596.11,0 399 15 16 380 41 82 178 117 243 344 349 20 189 64 166 205 208 6 87 171 153 278 210 353 258 376 368 66 287 10 383 382 0,243
PFG_MOEA,1687,11,314.81,5596.11,0 369 338 203 168 0,
PFG_MOEA,1687,12,314.81,5596.11,0 202 306 370 342 144 176 27 98 78 196 296 347 332 324 147 211 244 223 104 310 282 143 79 160 50 60 257 270 379 195 45 348 75 328 248 0,370
PFG_MOEA,1688,1,411.21,4974.5,0 12 90 381 23 32 276 239 336 138 222 198 49 274 256 237 351 280 252 236 128 119 2 0,23
PFG_MOEA,1688,2,411.21,4974.5,0 22 118 185 214 295 40 122 392 285 331 133 293 53 101 352 363 323 194 275 277 102 100 95 163 61 89 207 307 313 359 365 253 206 187 0,22 100
PFG_MOEA,1688,3,411.21,4974.5,0 115 0,
PFG_MOEA,1688,4,411.21,4974.5,0 245 396 240 385 288 177 181 358 337 384 111 116 76 113 81 29 325 355 0,
PFG_MOEA,1688,5,411.21,4974.5,0 281 26 334 298 341 134 186 131 84 114 389 105 219 371 162 159 74 279 91 24 212 375 284 14 184 318 70 292 263 8 373 169 108 72 52 130 44 386 362 201 312 67 164 107 302 173 106 261 388 197 218 151 77 273 136 137 59 109 127 57 226 19 13 80 0,77 106 284
PFG_MOEA,1688,6,411.21,4974.5,0 38 172 182 319 303 357 266 141 86 199 228 267 366 289 231 34 58 68 161 235 35 249 88 135 233 156 94 230 374 92 11 36 397 350 311 4 314 193 340 299 321 269 120 142 37 51 123 145 132 339 322 121 146 294 174 320 364 393 3 229 308 356 264 259 246 42 300 329 112 221 242 96 0,51 174 229 246 299
PFG_MOEA,1688,7,411.21,4974.5,0 399 200 165 191 152 247 255 1 262 250 28 345 377 395 400 394 188 301 372 21 167 291 139 149 157 63 316 387 327 17 43 85 215 73 254 183 354 69 265 346 315 99 175 251 190 390 18 103 155 83 378 213 234 227 398 93 224 179 232 225 97 71 33 260 148 238 129 330 192 48 31 304 0,93
PFG_MOEA,1688,8,411.21,4974.5,0 382 383 10 391 271 39 46 54 268 272 30 66 166 205 208 6 204 154 305 326 283 65 297 62 241 110 140 286 317 333 180 220 158 189 64 20 126 124 7 56 217 55 25 367 170 361 209 287 0,55 62 66 220
PFG_MOEA,1688,9,411.21,4974.5,0 380 0,
PFG_MOEA,1688,10,411.21,4974.5,0 16 369 15 0,
PFG_MOEA,1688,11,411.21,4974.5,0 168 203 178 82 41 0,178
PFG_MOEA,1688,12,411.21,4974.5,0 335 360 338 202 306 370 342 144 176 27 98 78 196 296 347 332 216 47 125 9 150 147 324 211 244 223 104 310 282 143 309 5 195 379 79 160 50 60 270 257 210 45 153 278 87 171 353 348 75 328 248 258 376 368 290 343 349 344 243 117 0,
PFG_MOEA,1689,1,312.55,5795.78,0 336 138 239 122 296 347 332 324 275 277 104 211 244 223 102 352 363 323 194 147 101 95 222 0,122 211 222 277
PFG_MOEA,1689,2,312.55,5795.78,0 335 360 207 307 313 359 187 100 310 282 143 79 160 50 60 257 270 379 195 5 309 280 351 237 256 274 49 198 252 236 381 23 90 12 214 185 118 281 26 334 298 371 72 52 130 44 386 80 0,5 307
PFG_MOEA,1689,3,312.55,5795.78,0 13 19 226 57 127 109 59 137 136 273 77 151 218 197 388 261 106 173 302 107 164 67 312 201 362 123 51 145 294 174 339 132 142 120 269 321 299 0,174
PFG_MOEA,1689,4,312.55,5795.78,0 340 233 135 88 249 35 235 161 68 58 34 231 289 366 267 228 141 266 303 357 319 86 199 156 94 0,303
PFG_MOEA,1689,5,312.55,5795.78,0 38 172 182 397 36 11 92 374 230 311 350 4 314 193 37 322 121 146 320 364 393 3 229 308 356 264 259 246 42 300 329 112 191 152 221 242 96 0,42 264
PFG_MOEA,1689,6,312.55,5795.78,0 200 165 129 0,
PFG_MOEA,1689,7,312.55,5795.78,0 304 330 395 400 394 188 301 372 21 167 291 139 149 157 63 316 387 17 43 33 71 224 260 0,
PFG_MOEA,1689,8,312.55,5795.78,0 399 247 28 250 345 377 262 1 255 327 254 73 215 85 93 179 232 225 97 148 238 192 48 31 0,93
PFG_MOEA,1689,9,312.55,5795.78,0 378 69 183 354 265 346 315 99 175 251 190 390 18 103 155 83 234 213 227 398 209 361 170 367 25 55 217 56 7 180 333 317 286 140 110 62 297 65 283 326 305 154 204 6 208 241 220 158 189 64 20 126 124 0,175
PFG_MOEA,1689,10,312.55,5795.78,0 287 382 383 10 268 272 30 66 166 205 271 39 391 53 293 133 331 285 392 115 245 396 240 385 288 177 181 358 337 384 111 116 76 113 81 29 325 355 131 84 114 389 105 341 219 0,
PFG_MOEA,1689,11,312.55,5795.78,0 91 24 212 375 14 108 169 373 8 263 292 70 318 184 284 74 279 159 162 22 134 186 89 216 47 125 9 150 163 61 365 253 206 46 54 0,
PFG_MOEA,1689,12,312.55,5795.78,0 41 82 178 117 243 344 349 343 290 368 376 258 248 328 75 171 87 153 278 210 45 353 348 2 119 128 295 40 32 276 196 78 98 27 176 144 342 370 306 202 338 203 168 369 380 16 15 0,16 87 203
PFG_MOEA,1690,1,389.39,5146.42,0 163 78 53 293 133 331 285 392 98 115 245 27 396 240 385 288 177 181 358 337 384 111 116 76 113 81 29 325 355 131 84 114 389 91 279 74 159 162 371 219 298 341 22 134 186 105 118 185 0,
PFG_MOEA,1690,2,389.39,5146.42,0 281 26 334 24 212 375 284 14 184 318 70 292 263 8 373 169 108 72 52 130 44 386 51 145 123 362 201 294 312 67 164 107 302 173 106 261 388 197 218 151 77 273 136 137 59 109 127 57 226 19 13 80 0,
PFG_MOEA,1690,3,389.39,5146.42,0 142 339 174 132 120 269 321 299 340 233 135 88 249 35 235 161 68 58 34 231 289 366 267 228 141 266 303 357 319 86 199 156 94 230 374 92 11 36 397 350 311 4 314 193 0,88
PFG_MOEA,1690,4,389.39,5146.42,0 182 172 38 0,
PFG_MOEA,1690,5,389.39,5146.42,0 37 322 121 146 320 364 393 3 229 308 356 264 259 246 42 300 329 112 152 191 165 200 221 242 96 0,152 264 329
PFG_MOEA,1690,6,389.39,5146.42,0 129 33 71 224 260 0,
PFG_MOEA,1690,7,389.39,5146.42,0 399 247 255 1 262 250 28 345 377 395 400 394 188 301 372 21 167 291 139 149 157 63 316 387 17 43 73 254 327 183 354 69 215 85 93 179 232 225 97 148 48 238 330 192 31 304 0,395
PFG_MOEA,1690,8,389.39,5146.42,0 16 15 168 203 369 380 391 271 39 268 272 30 66 166 205 208 6 204 154 305 326 283 65 297 62 241 110 140 286 317 333 180 220 158 189 64 20 126 124 7 56 217 55 25 367 170 361 209 398 227 234 213 190 251 175 99 315 346 265 390 18 103 155 83 378 54 46 287 10 383 382 41 0,7 16 20 103 272
PFG_MOEA,1690,9,389.39,5146.42,0 82 178 117 243 368 376 258 353 153 171 87 278 210 143 237 256 274 49 100 282 310 104 102 277 275 194 323 363 352 101 198 95 222 138 122 276 336 252 236 128 23 381 90 119 2 12 0,
PFG_MOEA,1690,10,389.39,5146.42,0 344 349 351 280 309 5 79 160 50 60 257 270 379 195 45 348 75 328 248 290 343 187 0,
PFG_MOEA,1690,11,389.39,5146.42,0 214 295 40 32 239 370 342 144 176 150 47 9 125 216 89 61 207 307 313 359 206 253 365 360 335 0,176
PFG_MOEA,1690,12,389.39,5146.42,0 338 202 306 196 296 347 332 324 147 211 244 223 0,
PFG_MOEA,1691,1,413.96,4915.5,0 187 206 253 365 359 313 307 207 61 12 89 2 119 128 236 252 336 138 163 222 95 198 351 280 237 256 274 49 100 102 277 275 194 323 363 352 101 53 293 133 331 285 392 122 239 276 32 40 295 23 381 90 113 81 29 76 116 111 384 337 358 181 177 288 385 240 396 245 115 22 118 185 214 0,245 381
PFG_MOEA,1691,2,413.96,4915.5,0 281 84 131 325 355 114 389 186 134 341 298 26 334 0,
PFG_MOEA,1691,3,413.96,4915.5,0 371 219 105 162 159 74 279 91 24 212 375 284 14 184 318 70 292 263 8 373 169 108 72 52 130 44 386 362 201 312 67 164 107 302 173 106 261 388 197 218 151 77 273 136 137 59 0,
PFG_MOEA,1691,4,413.96,4915.5,0 57 127 109 226 0,
PFG_MOEA,1691,5,413.96,4915.5,0 19 0,
PFG_MOEA,1691,6,413.96,4915.5,0 38 303 357 266 141 86 199 228 267 366 289 231 34 58 68 161 235 35 249 88 135 233 319 182 172 13 80 0,88
PFG_MOEA,1691,7,413.96,4915.5,0 399 397 36 11 92 156 94 230 374 350 311 4 314 193 340 299 321 269 120 142 37 51 123 145 132 339 322 121 146 294 174 320 364 393 3 229 308 356 264 259 246 42 300 329 112 191 165 200 221 242 96 0,11 340 374 393
PFG_MOEA,1691,8,413.96,4915.5,0 152 247 255 1 262 250 28 345 377 395 400 394 188 301 372 21 167 291 139 149 157 63 316 387 327 17 43 85 215 73 254 183 354 69 265 346 315 99 175 251 190 390 18 103 155 83 378 213 234 227 398 93 0,1 152 175 227
PFG_MOEA,1691,9,413.96,4915.5,0 304 31 48 192 330 238 129 148 260 391 271 39 268 272 30 66 166 205 208 6 204 154 305 326 283 65 297 62 241 110 140 286 317 333 180 220 158 189 64 20 126 124 7 56 217 55 25 367 170 361 209 71 33 97 225 232 179 224 0,55 391
PFG_MOEA,1691,10,413.96,4915.5,0 287 10 383 382 0,
PFG_MOEA,1691,11,413.96,4915.5,0 16 15 168 203 369 380 82 178 117 243 349 344 54 46 41 0,
PFG_MOEA,1691,12,413.96,4915.5,0 335 360 216 150 9 47 125 309 5 343 290 368 376 258 248 328 75 171 87 278 153 353 348 45 210 195 379 270 257 60 50 160 79 143 282 310 104 223 244 211 324 147 332 347 296 196 78 98 27 176 144 342 370 306 202 338 0,
PFG_MOEA,1692,1,320.55,5348.04,0 80 13 172 182 397 36 11 92 233 135 88 249 35 235 161 68 58 34 231 289 319 399 0,
PFG_MOEA,1692,2,320.55,5348.04,0 374 230 94 156 311 350 4 314 193 340 299 321 269 120 142 132 339 174 320 364 308 229 3 393 294 146 121 322 123 145 51 37 0,393
PFG_MOEA,1692,3,320.55,5348.04,0 96 242 221 200 165 112 329 300 191 152 247 255 1 262 42 250 28 246 259 264 356 345 377 395 400 394 188 301 372 21 167 291 139 149 157 63 316 387 327 17 43 85 215 73 254 183 354 69 265 346 315 99 175 251 190 0,215
PFG_MOEA,1692,4,320.55,5348.04,0 304 31 192 330 238 129 398 227 234 213 18 390 286 140 110 241 93 260 148 48 0,
PFG_MOEA,1692,5,320.55,5348.04,0 317 333 0,
PFG_MOEA,1692,6,320.55,5348.04,0 33 71 209 361 170 367 25 55 217 56 7 180 220 158 189 64 20 126 124 224 10 383 382 16 203 168 15 0,25
PFG_MOEA,1692,7,320.55,5348.04,0 380 369 335 360 216 150 9 47 125 309 5 195 379 270 210 45 348 353 153 278 87 171 75 328 248 258 376 368 290 343 54 46 344 349 243 117 178 82 41 0,
PFG_MOEA,1692,8,320.55,5348.04,0 338 202 306 370 342 144 176 27 98 78 196 296 347 332 147 324 211 244 223 104 310 282 143 79 160 50 60 257 6 204 154 305 326 283 62 297 65 208 205 166 66 30 272 268 0,66
PFG_MOEA,1692,9,320.55,5348.04,0 187 206 253 365 359 313 307 207 61 12 89 2 119 128 236 252 336 138 163 222 95 198 351 256 237 280 391 271 39 378 83 155 103 232 179 287 225 97 0,138 307
PFG_MOEA,1692,10,320.55,5348.04,0 22 389 114 84 131 325 355 29 81 113 76 116 111 384 337 358 181 177 288 385 240 396 245 115 392 285 331 133 293 53 101 352 363 323 194 275 277 102 100 49 274 122 239 276 32 40 295 23 381 90 214 185 281 118 0,323 331
PFG_MOEA,1692,11,320.55,5348.04,0 334 298 26 105 186 134 341 219 371 24 212 375 14 184 318 70 292 263 8 373 169 284 74 279 91 159 162 0,134
PFG_MOEA,1692,12,320.55,5348.04,0 38 19 226 57 127 109 59 137 136 273 77 151 218 197 388 261 106 173 302 107 164 67 312 201 362 366 267 228 386 44 130 52 72 108 303 357 266 141 86 199 0,106 386
PFG_MOEA,1693,1,270.73,5843.94,0 335 187 309 5 195 379 270 257 60 50 160 79 143 280 351 237 256 274 49 198 252 236 381 23 90 12 207 307 0,
PFG_MOEA,1693,2,270.73,5843.94,0 61 313 359 206 253 365 360 214 185 118 281 26 334 298 371 22 134 186 162 159 292 263 8 373 318 70 184 284 74 279 0,134 284 313 318
PFG_MOEA,1693,3,270.73,5843.94,0 91 169 108 14 375 212 24 192 330 238 129 200 165 112 191 152 127 57 109 59 137 273 136 247 17 43 85 215 33 71 224 260 148 48 31 304 0,33 200
PFG_MOEA,1693,4,270.73,5843.94,0 73 254 69 354 183 327 387 157 149 188 394 316 63 262 1 255 250 28 42 400 395 377 345 356 264 259 246 308 229 197 218 151 77 107 164 67 302 388 3 106 173 261 320 364 0,
PFG_MOEA,1693,5,270.73,5843.94,0 329 300 362 123 51 145 322 121 146 201 312 393 294 174 339 132 120 142 0,145 174
PFG_MOEA,1693,6,270.73,5843.94,0 37 269 321 299 340 219 341 105 84 131 29 81 113 76 116 111 181 358 337 384 325 355 114 389 0,341
PFG_MOEA,1693,7,270.73,5843.94,0 89 216 47 125 9 150 163 53 293 133 331 285 392 115 245 396 240 385 288 177 34 58 235 135 233 88 249 35 161 68 0,133 240
PFG_MOEA,1693,8,270.73,5843.94,0 172 182 193 314 4 350 397 36 11 374 311 230 94 156 199 92 86 319 266 141 289 231 386 366 267 228 44 130 52 72 303 357 13 19 226 221 242 96 0,141 386
PFG_MOEA,1693,9,270.73,5843.94,0 38 80 378 83 291 139 21 167 301 372 346 315 265 390 99 175 251 190 18 103 155 234 227 398 93 54 46 268 272 30 39 271 391 179 0,
PFG_MOEA,1693,10,270.73,5843.94,0 97 225 232 209 361 213 170 367 328 248 258 376 368 290 343 66 349 344 243 117 178 82 41 16 380 369 196 78 98 27 176 144 342 370 306 202 338 203 168 15 399 0,82 176 225
PFG_MOEA,1693,11,270.73,5843.94,0 287 64 166 205 75 348 353 45 210 278 153 171 87 6 208 158 189 220 241 62 297 65 283 204 154 305 326 110 140 180 333 317 286 25 55 217 56 7 124 126 20 10 0,65 126
PFG_MOEA,1693,12,270.73,5843.94,0 2 119 128 295 40 32 276 239 122 296 332 347 138 336 222 95 101 194 147 324 275 323 363 352 277 102 223 244 211 104 310 100 282 383 382 0,2
PFG_MOEA,1694,1,369.23,5154.87,0 90 295 40 32 276 239 122 222 95 101 323 363 352 102 277 275 194 53 293 133 331 285 392 115 245 396 240 385 288 177 181 358 337 384 111 116 76 113 81 29 325 131 84 355 114 389 279 74 159 162 371 219 341 22 134 186 105 298 334 26 281 118 185 214 0,40 240 245 331
PFG_MOEA,1694,2,369.23,5154.87,0 91 24 212 375 284 14 184 318 70 292 263 8 373 169 108 72 52 130 44 386 0,318
PFG_MOEA,1694,3,369.23,5154.87,0 362 201 312 67 164 107 302 173 106 261 388 197 218 151 77 273 136 0,106
PFG_MOEA,1694,4,369.23,5154.87,0 399 172 182 397 36 11 92 86 141 266 303 357 319 199 228 267 366 289 231 34 58 68 161 235 35 249 88 135 233 156 94 230 374 350 311 4 314 193 340 299 321 269 120 142 37 51 145 123 137 59 109 127 57 226 19 13 80 38 0,340
PFG_MOEA,1694,5,369.23,5154.87,0 132 339 322 0,
PFG_MOEA,1694,6,369.23,5154.87,0 96 242 221 200 165 112 191 152 329 300 121 146 294 174 320 364 393 3 229 308 259 246 264 356 345 377 395 400 42 250 28 247 255 1 262 63 157 291 167 21 372 301 188 394 139 149 316 387 327 17 43 85 215 73 254 183 354 69 265 346 315 99 0,1 200 393
PFG_MOEA,1694,7,369.23,5154.87,0 93 398 227 234 213 190 251 175 390 18 103 155 83 378 31 304 0,
PFG_MOEA,1694,8,369.23,5154.87,0 48 192 330 238 129 148 260 391 0,
PFG_MOEA,1694,9,369.23,5154.87,0 268 272 30 65 283 326 305 154 204 6 208 205 166 66 271 39 0,272
PFG_MOEA,1694,10,369.23,5154.87,0 124 126 20 64 189 158 220 241 297 62 110 140 286 317 333 180 7 56 217 55 25 367 170 361 209 71 97 33 0,
PFG_MOEA,1694,11,369.23,5154.87,0 15 16 380 369 168 203 338 202 306 370 342 144 176 27 98 78 196 296 347 332 324 147 211 244 223 210 45 348 353 153 278 87 171 75 328 248 258 376 368 290 343 54 46 224 225 232 179 287 10 383 382 41 344 349 243 117 178 82 125 9 47 150 216 360 335 0,47 87 353
PFG_MOEA,1694,12,369.23,5154.87,0 207 307 313 359 365 253 206 187 100 310 104 282 143 79 160 50 60 257 270 379 195 5 309 280 351 237 256 274 49 198 163 138 336 252 236 381 23 128 119 2 89 12 61 0,
PFG_MOEA,1695,1,337.93,5308.22,0 187 206 253 313 359 365 0,
PFG_MOEA,1695,2,337.93,5308.22,0 207 307 198 280 351 256 237 101 53 293 133 331 285 392 95 222 163 138 336 252 236 128 119 2 89 12 61 0,133 222
PFG_MOEA,1695,3,337.93,5308.22,0 323 363 352 194 275 277 102 100 49 274 122 239 276 32 40 295 23 381 90 0,
PFG_MOEA,1695,4,337.93,5308.22,0 22 115 245 396 240 385 288 177 181 358 337 384 111 116 76 113 81 29 131 84 281 118 185 214 0,
PFG_MOEA,1695,5,337.93,5308.22,0 334 26 298 371 219 341 134 186 105 355 325 114 389 162 159 74 279 91 24 212 375 284 14 184 318 70 292 263 8 373 169 108 72 52 130 44 386 362 201 312 0,284
PFG_MOEA,1695,6,337.93,5308.22,0 399 172 182 397 36 11 92 86 141 266 303 357 319 199 228 267 366 289 231 34 58 68 161 235 35 249 88 135 233 156 94 230 57 127 109 59 137 136 273 77 151 218 197 388 261 106 173 302 107 164 67 294 226 19 13 80 38 0,
PFG_MOEA,1695,7,337.93,5308.22,0 374 350 311 4 314 193 340 299 321 269 120 142 37 51 145 123 146 121 322 339 132 174 320 364 393 3 229 308 356 264 259 246 42 1 255 247 152 191 112 329 300 165 200 221 242 96 0,132 264 340 393
PFG_MOEA,1695,8,337.93,5308.22,0 28 250 262 400 395 345 377 394 188 301 372 21 167 291 139 149 157 63 316 387 327 17 43 85 215 73 254 183 354 69 265 346 315 99 175 251 190 0,
PFG_MOEA,1695,9,337.93,5308.22,0 304 192 330 238 129 378 83 155 103 18 390 213 234 227 398 140 110 241 62 297 65 283 326 305 154 204 6 208 205 166 66 93 30 272 268 39 271 391 260 148 48 31 0,65 391
PFG_MOEA,1695,10,337.93,5308.22,0 33 71 225 97 232 209 361 170 367 25 55 217 56 7 317 286 333 180 220 158 189 64 20 126 124 224 10 287 179 0,
PFG_MOEA,1695,11,337.93,5308.22,0 15 168 203 369 16 380 335 360 216 150 9 47 125 309 5 195 379 270 210 45 348 353 153 278 87 171 75 328 248 54 46 383 382 344 349 243 117 178 82 41 0,82 87 195 353
PFG_MOEA,1695,12,337.93,5308.22,0 338 202 306 370 342 144 176 27 98 78 196 296 347 332 147 324 211 244 223 104 310 282 143 79 160 50 60 257 258 376 368 290 343 0,290
PFG_MOEA,1696,1,319.42,5478.6,0 222 0,
PFG_MOEA,1696,2,319.42,5478.6,0 95 101 323 363 352 102 277 275 194 53 293 133 331 285 392 115 245 396 240 385 288 177 181 358 337 384 111 116 76 113 81 29 325 131 84 355 114 389 279 74 159 162 371 219 341 22 134 186 105 298 334 26 281 0,105
PFG_MOEA,1696,3,319.42,5478.6,0 118 91 284 184 14 375 212 24 0,375
PFG_MOEA,1696,4,319.42,5478.6,0 399 397 36 11 92 199 86 141 266 319 357 303 289 366 267 228 8 263 292 70 318 373 169 108 72 52 130 44 386 362 201 312 67 164 107 302 173 106 261 388 197 218 151 77 273 136 182 172 0,86 197 318 362
PFG_MOEA,1696,5,319.42,5478.6,0 38 80 13 19 226 57 127 109 59 137 123 145 51 132 142 120 269 321 299 37 340 193 314 4 350 311 156 233 135 88 249 35 235 161 68 58 34 231 94 230 374 0,
PFG_MOEA,1696,6,319.42,5478.6,0 96 242 200 191 112 165 322 339 174 393 3 229 364 320 294 121 146 300 329 152 221 0,200 393
PFG_MOEA,1696,7,319.42,5478.6,0 93 85 247 28 246 259 308 264 356 345 377 395 400 42 250 255 1 262 63 157 291 167 21 372 301 188 394 139 149 316 387 327 17 43 73 215 254 183 354 69 265 346 315 99 390 175 251 190 18 213 234 227 398 0,
PFG_MOEA,1696,8,319.42,5478.6,0 304 31 48 330 192 129 238 148 260 391 271 66 166 205 208 6 204 154 305 326 283 65 62 297 241 158 189 220 110 140 103 155 83 378 124 126 20 64 30 272 268 39 0,62 205 220 391
PFG_MOEA,1696,9,319.42,5478.6,0 7 180 333 286 317 56 217 55 0,
PFG_MOEA,1696,10,319.42,5478.6,0 15 16 380 369 168 203 338 202 306 370 342 144 176 27 98 78 196 296 347 332 324 147 211 244 223 210 45 348 353 153 278 87 171 75 328 248 258 376 368 290 343 54 46 209 361 170 367 25 232 179 224 225 97 71 33 0,16 353 370
PFG_MOEA,1696,11,319.42,5478.6,0 365 253 206 61 89 2 119 128 216 336 138 163 150 47 125 9 100 282 310 104 143 79 160 50 60 257 270 379 195 5 309 280 351 237 256 287 10 383 382 344 349 243 117 178 82 41 0,47 138 178 206 243
PFG_MOEA,1696,12,319.42,5478.6,0 335 187 359 313 360 207 307 198 49 274 122 239 276 32 40 295 23 381 236 252 90 12 214 185 0,
PFG_MOEA,1697,1,312.87,5623.42,0 216 98 370 342 144 176 27 78 196 296 347 332 147 324 211 244 223 104 310 282 79 160 50 379 195 5 309 143 150 47 9 125 0,
PFG_MOEA,1697,2,312.87,5623.42,0 117 243 344 349 343 290 368 376 258 248 328 75 348 353 171 87 278 153 45 210 257 60 270 237 256 274 49 198 222 138 336 239 276 32 177 181 358 337 384 111 116 76 23 381 90 12 0,290 336 353
PFG_MOEA,1697,3,312.87,5623.42,0 22 118 185 214 2 119 128 236 252 40 295 122 392 285 331 133 293 53 101 352 363 323 194 275 277 102 100 351 280 95 163 61 89 207 307 313 359 253 365 0,307
PFG_MOEA,1697,4,312.87,5623.42,0 206 187 0,
PFG_MOEA,1697,5,312.87,5623.42,0 281 26 334 298 219 371 341 134 186 105 115 245 396 240 385 288 113 81 29 325 355 131 84 114 389 162 159 74 279 91 0,341
PFG_MOEA,1697,6,312.87,5623.42,0 80 13 19 226 57 127 109 59 137 136 273 77 151 218 197 388 261 106 173 302 107 164 67 312 201 362 386 44 130 52 72 108 169 373 8 263 292 70 318 184 14 284 375 212 24 303 357 319 182 172 38 0,318 362
PFG_MOEA,1697,7,312.87,5623.42,0 266 141 86 199 228 267 366 289 231 34 58 68 161 235 35 249 88 135 233 156 94 230 374 92 0,
PFG_MOEA,1697,8,312.87,5623.42,0 399 397 36 11 350 311 4 314 193 340 299 321 269 120 142 37 51 123 145 132 339 322 121 146 294 174 320 364 393 3 229 308 356 264 259 246 42 300 329 112 191 165 200 221 242 96 0,51 145 174 264 329
PFG_MOEA,1697,9,312.87,5623.42,0 152 247 28 250 345 377 395 400 394 188 301 372 167 21 139 291 262 1 255 0,
PFG_MOEA,1697,10,312.87,5623.42,0 85 215 73 43 17 327 387 316 149 157 63 354 183 254 69 265 346 315 99 175 251 190 390 18 103 155 83 378 0,175 390
PFG_MOEA,1697,11,312.87,5623.42,0 304 31 48 192 330 129 238 148 260 383 10 224 391 271 39 46 93 398 227 234 213 179 232 225 97 71 33 382 0,
PFG_MOEA,1697,12,312.87,5623.42,0 209 361 170 367 25 55 217 56 7 124 126 20 64 189 158 220 180 333 317 286 140 110 241 62 297 65 283 326 305 154 204 6 208 205 166 66 30 272 268 54 287 178 82 41 335 360 380 369 203 338 202 306 168 15 16 0,7 166 203 361
PFG_MOEA,1698,1,350.97,5291.61,0 22 118 185 214 2 119 252 236 128 381 23 40 32 295 239 122 392 285 331 133 293 53 101 352 363 323 194 275 277 102 100 274 256 237 351 280 376 368 290 343 349 344 243 117 0,23 293 352
PFG_MOEA,1698,2,350.97,5291.61,0 365 359 313 307 207 89 61 163 95 206 253 187 281 26 334 298 219 371 341 134 186 105 115 245 396 240 385 288 177 181 358 337 384 111 116 76 113 81 29 325 355 131 84 114 389 162 159 279 74 284 70 318 184 14 375 212 24 91 0,
PFG_MOEA,1698,3,350.97,5291.61,0 292 263 8 373 169 108 72 52 130 44 386 362 201 312 67 164 107 302 173 106 261 388 197 218 151 77 273 136 137 59 109 0,362 388
PFG_MOEA,1698,4,350.97,5291.61,0 38 80 13 19 226 57 127 68 161 58 34 231 289 366 267 228 199 86 141 266 357 303 319 182 172 0,182
PFG_MOEA,1698,5,350.97,5291.61,0 397 36 11 92 374 350 311 4 314 193 230 94 156 35 88 249 235 135 233 340 299 321 269 120 142 37 51 0,
PFG_MOEA,1698,6,350.97,5291.61,0 399 96 242 200 165 112 329 300 123 145 322 121 146 294 339 132 174 320 364 393 3 229 308 356 264 259 246 28 250 42 262 1 255 247 152 191 221 0,152 174 200 229 246
PFG_MOEA,1698,7,350.97,5291.61,0 345 377 395 400 394 188 301 372 21 167 291 139 149 157 63 316 387 327 17 43 85 215 73 254 183 354 69 265 346 315 99 175 251 190 390 18 103 155 213 234 83 378 0,
PFG_MOEA,1698,8,350.97,5291.61,0 224 93 398 227 71 97 225 232 179 0,
PFG_MOEA,1698,9,350.97,5291.61,0 304 31 48 192 330 129 238 148 33 209 361 170 367 25 55 217 56 7 124 126 20 64 189 158 220 180 333 317 286 140 110 241 62 297 65 283 326 305 154 204 6 208 205 166 66 30 272 268 54 46 39 271 391 10 287 383 382 260 16 369 380 0,39
PFG_MOEA,1698,10,350.97,5291.61,0 15 168 203 178 82 41 0,
PFG_MOEA,1698,11,350.97,5291.61,0 335 0,
PFG_MOEA,1698,12,350.97,5291.61,0 360 90 216 336 47 9 125 198 49 309 5 258 248 328 75 348 353 171 87 278 153 45 379 195 210 257 270 60 50 160 79 143 282 310 104 223 244 211 324 147 222 150 138 276 332 347 296 196 78 98 27 176 144 342 370 306 202 338 12 0,223 370
PFG_MOEA,1699,1,748.42,4875.65,0 399 38 80 96 242 221 226 19 13 172 182 319 303 357 266 141 86 199 228 267 366 289 231 34 58 68 161 235 35 249 88 135 233 156 94 230 374 92 11 36 397 350 311 4 314 193 340 299 321 269 37 142 120 132 339 51 145 123 300 329 112 165 200 191 152 57 127 109 59 137 136 247 255 1 262 42 250 28 273 77 151 146 121 322 294 174 320 364 393 3 106 261 388 229 218 197 246 259 308 264 356 345 377 395 400 394 188 301 372 21 167 291 139 149 157 63 316 387 327 17 43 85 215 73 254 183 354 69 265 346 315 99 175 251 190 390 18 103 155 83 378 213 234 227 0,1 94 174 314 340 390 395
PFG_MOEA,1699,2,748.42,4875.65,0 260 224 93 398 71 33 148 0,
PFG_MOEA,1699,3,748.42,4875.65,0 304 31 192 330 129 238 48 382 383 10 391 271 39 30 272 268 54 46 0,
PFG_MOEA,1699,4,748.42,4875.65,0 15 168 203 369 380 16 41 82 178 209 361 170 367 25 55 217 56 7 124 126 20 64 189 158 220 180 333 317 286 140 110 241 62 297 65 283 326 305 154 204 6 208 205 166 66 335 0,65 220 361
PFG_MOEA,1699,5,748.42,4875.65,0 12 90 381 216 47 125 9 150 360 117 243 349 344 287 97 225 232 179 343 290 368 376 258 248 328 75 348 353 171 87 278 153 45 210 257 270 60 50 160 79 379 195 5 309 143 282 310 104 223 244 211 324 147 347 332 331 285 296 196 78 392 98 115 245 27 176 144 342 240 370 396 385 288 306 177 181 358 337 384 111 116 76 113 81 29 325 355 131 84 338 202 114 389 22 0,176 210 370
PFG_MOEA,1699,6,748.42,4875.65,0 23 32 276 239 336 138 222 49 274 198 0,
PFG_MOEA,1699,7,748.42,4875.65,0 118 185 214 2 119 128 236 252 40 295 122 133 293 53 101 352 363 323 194 275 277 102 100 237 280 351 256 95 163 61 89 207 307 313 0,133 323
PFG_MOEA,1699,8,748.42,4875.65,0 365 359 253 206 0,
PFG_MOEA,1699,9,748.42,4875.65,0 187 0,
PFG_MOEA,1699,10,748.42,4875.65,0 281 26 334 298 341 105 186 134 162 371 219 0,
PFG_MOEA,1699,11,748.42,4875.65,0 159 279 74 284 184 318 70 292 14 375 212 24 91 0,375
PFG_MOEA,1699,12,748.42,4875.65,0 263 8 373 169 108 72 52 130 44 386 107 164 173 302 67 312 201 362 0,386
PFG_MOEA,1700,1,404.27,5140.48,0 89 90 381 23 295 32 276 40 45 353 348 171 87 153 278 210 379 195 270 257 60 50 160 79 143 282 310 104 223 244 211 324 147 163 53 347 332 133 331 296 293 196 78 245 98 115 27 176 144 342 240 370 396 385 288 306 177 181 358 337 384 111 116 76 113 81 29 202 338 22 118 185 214 0,177 223 245 379
PFG_MOEA,1700,2,404.27,5140.48,0 281 105 26 334 298 219 371 341 134 186 84 131 325 355 114 389 162 159 74 279 91 24 212 375 284 14 184 318 70 292 263 8 373 169 108 72 52 130 44 386 362 0,134 362
PFG_MOEA,1700,3,404.27,5140.48,0 57 127 109 59 137 136 273 77 151 218 197 388 261 106 173 302 107 164 67 312 201 0,
PFG_MOEA,1700,4,404.27,5140.48,0 38 80 13 19 226 182 172 303 357 319 266 141 86 233 135 88 249 35 235 161 68 58 34 231 289 366 267 228 199 11 36 397 399 0,266
PFG_MOEA,1700,5,404.27,5140.48,0 92 156 94 230 374 350 311 4 314 193 340 299 321 269 37 142 120 132 339 51 145 123 322 121 146 294 174 320 364 393 3 229 308 356 264 259 246 42 247 152 191 112 329 300 165 200 221 242 96 0,299 329
PFG_MOEA,1700,6,404.27,5140.48,0 255 1 262 377 345 250 28 0,
PFG_MOEA,1700,7,404.27,5140.48,0 395 400 394 188 301 372 21 167 291 139 149 0,
PFG_MOEA,1700,8,404.27,5140.48,0 304 31 48 148 129 238 330 192 85 215 73 43 17 327 387 316 63 157 354 183 254 69 265 346 315 99 175 251 190 390 18 103 155 83 378 213 234 227 398 93 260 0,93
PFG_MOEA,1700,9,404.27,5140.48,0 391 271 0,
PFG_MOEA,1700,10,404.27,5140.48,0 39 268 272 30 66 166 205 208 6 204 154 305 326 283 65 297 62 241 110 140 286 0,
PFG_MOEA,1700,11,404.27,5140.48,0 15 168 203 369 380 16 82 178 117 243 349 344 46 54 124 126 20 64 189 158 220 180 317 333 7 56 217 55 25 367 170 361 209 33 71 225 97 232 179 287 224 10 383 382 0,16
PFG_MOEA,1700,12,404.27,5140.48,0 335 360 365 253 206 359 313 307 207 61 12 2 119 128 236 252 216 336 138 239 122 392 285 194 275 277 352 363 323 101 95 222 150 9 47 125 198 100 102 49 274 256 237 351 280 309 5 75 328 248 258 376 368 290 343 187 41 0,100 206
PFG_MOEA,1701,1,759.34,4800.0,0 219 341 105 389 114 84 131 355 325 29 81 113 76 116 111 384 337 358 181 177 288 385 240 396 245 115 392 285 331 133 293 53 163 150 9 125 47 216 89 61 206 253 365 0,245
PFG_MOEA,1701,2,759.34,4800.0,0 22 134 186 162 159 279 74 284 184 318 70 292 263 8 373 169 108 14 375 212 24 91 0,318
PFG_MOEA,1701,3,759.34,4800.0,0 304 31 48 148 260 224 71 33 129 238 330 192 200 165 112 191 152 127 57 109 59 137 273 136 247 17 43 85 215 73 254 69 354 183 327 387 157 149 188 394 316 63 262 1 255 250 28 42 400 395 377 345 356 264 259 246 308 229 197 218 151 77 107 164 67 302 388 3 106 173 261 320 364 393 312 201 362 329 300 123 51 145 322 121 146 294 174 339 132 120 142 37 269 321 299 340 233 135 88 249 35 161 235 68 58 34 386 231 289 366 267 228 44 130 52 72 303 357 319 266 141 86 92 199 156 94 230 311 374 11 36 397 350 4 314 193 182 172 13 19 226 221 242 96 80 38 0,33 106 174 200 303 311 394
PFG_MOEA,1701,4,759.34,4800.0,0 378 83 155 103 18 190 251 175 99 315 346 372 301 167 21 139 291 265 390 234 0,
PFG_MOEA,1701,5,759.34,4800.0,0 179 391 271 39 30 272 268 46 54 93 398 227 213 232 0,391
PFG_MOEA,1701,6,759.34,4800.0,0 225 0,
PFG_MOEA,1701,7,759.34,4800.0,0 97 209 361 170 367 0,
PFG_MOEA,1701,8,759.34,4800.0,0 399 15 168 203 338 202 306 370 342 144 176 27 98 78 196 369 380 16 41 82 178 117 243 344 349 66 343 290 368 376 258 248 328 75 348 353 45 210 278 153 171 87 6 208 205 166 158 189 220 241 62 297 65 283 204 154 305 326 110 140 180 333 317 286 25 55 217 56 7 124 126 20 64 287 10 383 382 0,62 66 205 220 342
PFG_MOEA,1701,9,759.34,4800.0,0 2 119 128 295 40 32 276 239 122 296 332 347 138 336 222 95 101 194 147 324 275 323 363 352 277 102 223 244 211 104 310 100 282 143 79 160 50 60 257 270 379 195 5 309 280 351 237 256 274 49 198 252 236 0,
PFG_MOEA,1701,10,759.34,4800.0,0 381 23 90 12 207 307 0,
PFG_MOEA,1701,11,759.34,4800.0,0 335 187 359 313 360 214 0,
PFG_MOEA,1701,12,759.34,4800.0,0 185 118 281 26 334 298 371 0,
PFG_MOEA,1702,1,314.81,5596.11,0 12 90 128 236 252 336 276 138 222 198 49 274 256 237 351 280 309 5 290 343 313 207 0,222
PFG_MOEA,1702,2,314.81,5596.11,0 91 292 263 8 373 169 108 14 375 212 24 371 219 341 298 334 26 281 118 185 214 295 40 32 239 122 95 101 352 363 323 194 275 277 102 100 23 381 119 2 307 359 187 148 48 31 304 0,23
PFG_MOEA,1702,3,314.81,5596.11,0 260 224 71 33 127 152 191 112 165 200 129 238 330 192 0,33
PFG_MOEA,1702,4,314.81,5596.11,0 57 67 302 173 106 3 388 164 107 77 151 218 197 229 308 246 259 264 356 345 377 395 400 42 28 250 255 1 262 63 316 394 188 149 157 387 327 183 354 69 254 73 215 85 43 17 247 136 273 137 59 109 0,
PFG_MOEA,1702,5,314.81,5596.11,0 329 300 362 123 51 145 322 121 146 201 261 320 364 393 312 294 174 339 132 206 253 365 360 335 0,362 393
PFG_MOEA,1702,6,314.81,5596.11,0 61 358 181 177 288 385 240 396 245 115 392 285 331 133 293 53 163 150 9 125 47 216 89 0,
PFG_MOEA,1702,7,314.81,5596.11,0 80 13 19 226 35 161 235 58 34 386 231 289 366 267 228 44 130 52 72 318 70 184 284 74 279 159 162 389 114 355 325 384 337 111 116 76 113 81 29 131 84 105 186 134 22 0,
PFG_MOEA,1702,8,314.81,5596.11,0 38 96 242 221 172 182 397 350 311 4 314 193 230 94 156 374 36 11 92 319 357 303 266 141 86 199 68 135 88 249 233 340 299 321 269 120 142 37 301 21 139 291 167 372 346 315 99 175 251 0,182
PFG_MOEA,1702,9,314.81,5596.11,0 97 225 232 179 391 271 158 241 62 297 65 283 204 154 305 326 110 140 286 317 333 180 220 126 124 7 56 217 55 25 367 170 361 209 227 234 213 190 390 265 18 103 155 83 378 398 93 54 46 268 272 30 39 0,65 154
PFG_MOEA,1702,10,314.81,5596.11,0 399 15 16 380 41 82 178 117 243 344 349 20 189 64 166 205 208 6 87 171 153 278 210 353 258 376 368 66 287 10 383 382 0,243
PFG_MOEA,1702,11,314.81,5596.11,0 369 338 203 168 0,
PFG_MOEA,1702,12,314.81,5596.11,0 202 306 370 342 144 176 27 98 78 196 296 347 332 324 147 211 244 223 104 310 282 143 79 160 50 60 257 270 379 195 45 348 75 328 248 0,370
PFG_MOEA,1703,1,411.21,4974.5,0 12 90 381 23 32 276 239 336 138 222 198 49 274 256 237 351 280 252 236 128 119 2 0,23
PFG_MOEA,1703,2,411.21,4974.5,0 22 118 185 214 295 40 122 392 285 331 133 293 53 101 352 363 323 194 275 277 102 100 95 163 61 89 207 307 313 359 365 253 206 187 0,22 100
PFG_MOEA,1703,3,411.21,4974.5,0 115 0,
PFG_MOEA,1703,4,411.21,4974.5,0 245 396 240 385 288 177 181 358 337 384 111 116 76 113 81 29 325 355 0,
PFG_MOEA,1703,5,411.21,4974.5,0 281 26 334 298 341 134 186 131 84 114 389 105 219 371 162 159 74 279 91 24 212 375 284 14 184 318 70 292 263 8 373 169 108 72 52 130 44 386 362 201 312 67 164 107 302 173 106 261 388 197 218 151 77 273 136 137 59 109 127 57 226 19 13 80 0,77 106 284
PFG_MOEA,1703,6,411.21,4974.5,0 38 172 182 319 303 357 266 141 86 199 228 267 366 289 231 34 58 68 161 235 35 249 88 135 233 156 94 230 374 92 11 36 397 350 311 4 314 193 340 299 321 269 120 142 37 51 123 145 132 339 322 121 146 294 174 320 364 393 3 229 308 356 264 259 246 42 300 329 112 221 242 96 0,51 174 229 246 299
PFG_MOEA,1703,7,411.21,4974.5,0 399 200 165 191 152 247 255 1 262 250 28 345 377 395 400 394 188 301 372 21 167 291 139 149 157 63 316 387 327 17 43 85 215 73 254 183 354 69 265 346 315 99 175 251 190 390 18 103 155 83 378 213 234 227 398 93 224 179 232 225 97 71 33 260 148 238 129 330 192 48 31 304 0,93
PFG_MOEA,1703,8,411.21,4974.5,0 382 383 10 391 271 39 46 54 268 272 30 66 166 205 208 6 204 154 305 326 283 65 297 62 241 110 140 286 317 333 180 220 158 189 64 20 126 124 7 56 217 55 25 367 170 361 209 287 0,55 62 66 220
PFG_MOEA,1703,9,411.21,4974.5,0 380 0,
PFG_MOEA,1703,10,411.21,4974.5,0 16 369 15 0,
PFG_MOEA,1703,11,411.21,4974.5,0 168 203 178 82 41 0,178
PFG_MOEA,1703,12,411.21,4974.5,0 335 360 338 202 306 370 342 144 176 27 98 78 196 296 347 332 216 47 125 9 150 147 324 211 244 223 104 310 282 143 309 5 195 379 79 160 50 60 270 257 210 45 153 278 87 171 353 348 75 328 248 258 376 368 290 343 349 344 243 117 0,
PFG_MOEA,1704,1,312.55,5795.78,0 336 138 239 122 296 347 332 324 275 277 104 211 244 223 102 352 363 323 194 147 101 95 222 0,122 211 222 277
PFG_MOEA,1704,2,312.55,5795.78,0 335 360 207 307 313 359 187 100 310 282 143 79 160 50 60 257 270 379 195 5 309 280 351 237 256 274 49 198 252 236 381 23 90 12 214 185 118 281 26 334 298 371 72 52 130 44 386 80 0,5 307
PFG_MOEA,1704,3,312.55,5795.78,0 13 19 226 57 127 109 59 137 136 273 77 151 218 197 388 261 106 173 302 107 164 67 312 201 362 123 51 145 294 174 339 132 142 120 269 321 299 0,174
PFG_MOEA,1704,4,312.55,5795.78,0 340 233 135 88 249 35 235 161 68 58 34 231 289 366 267 228 141 266 303 357 319 86 199 156 94 0,303
PFG_MOEA,1704,5,312.55,5795.78,0 38 172 182 397 36 11 92 374 230 311 350 4 314 193 37 322 121 146 320 364 393 3 229 308 356 264 259 246 42 300 329 112 191 152 221 242 96 0,42 264
PFG_MOEA,1704,6,312.55,5795.78,0 200 165 129 0,
PFG_MOEA,1704,7,312.55,5795.78,0 304 330 395 400 394 188 301 372 21 167 291 139 149 157 63 316 387 17 43 33 71 224 260 0,
PFG_MOEA,1704,8,312.55,5795.78,0 399 247 28 250 345 377 262 1 255 327 254 73 215 85 93 179 232 225 97 148 238 192 48 31 0,93
PFG_MOEA,1704,9,312.55,5795.78,0 378 69 183 354 265 346 315 99 175 251 190 390 18 103 155 83 234 213 227 398 209 361 170 367 25 55 217 56 7 180 333 317 286 140 110 62 297 65 283 326 305 154 204 6 208 241 220 158 189 64 20 126 124 0,175
PFG_MOEA,1704,10,312.55,5795.78,0 287 382 383 10 268 272 30 66 166 205 271 39 391 53 293 133 331 285 392 115 245 396 240 385 288 177 181 358 337 384 111 116 76 113 81 29 325 355 131 84 114 389 105 341 219 0,
PFG_MOEA,1704,11,312.55,5795.78,0 91 24 212 375 14 108 169 373 8 263 292 70 318 184 284 74 279 159 162 22 134 186 89 216 47 125 9 150 163 61 365 253 206 46 54 0,
PFG_MOEA,1704,12,312.55,5795.78,0 41 82 178 117 243 344 349 343 290 368 376 258 248 328 75 171 87 153 278 210 45 353 348 2 119 128 295 40 32 276 196 78 98 27 176 144 342 370 306 202 338 203 168 369 380 16 15 0,16 87 203
PFG_MOEA,1705,1,389.39,5146.42,0 163 78 53 293 133 331 285 392 98 115 245 27 396 240 385 288 177 181 358 337 384 111 116 76 113 81 29 325 355 131 84 114 389 91 279 74 159 162 371 219 298 341 22 134 186 105 118 185 0,
PFG_MOEA,1705,2,389.39,5146.42,0 281 26 334 24 212 375 284 14 184 318 70 292 263 8 373 169 108 72 52 130 44 386 51 145 123 362 201 294 312 67 164 107 302 173 106 261 388 197 218 151 77 273 136 137 59 109 127 57 226 19 13 80 0,
PFG_MOEA,1705,3,389.39,5146.42,0 142 339 174 132 120 269 321 299 340 233 135 88 249 35 235 161 68 58 34 231 289 366 267 228 141 266 303 357 319 86 199 156 94 230 374 92 11 36 397 350 311 4 314 193 0,88
PFG_MOEA,1705,4,389.39,5146.42,0 182 172 38 0,
PFG_MOEA,1705,5,389.39,5146.42,0 37 322 121 146 320 364 393 3 229 308 356 264 259 246 42 300 329 112 152 191 165 200 221 242 96 0,152 264 329
PFG_MOEA,1705,6,389.39,5146.42,0 129 33 71 224 260 0,
PFG_MOEA,1705,7,389.39,5146.42,0 399 247 255 1 262 250 28 345 377 395 400 394 188 301 372 21 167 291 139 149 157 63 316 387 17 43 73 254 327 183 354 69 215 85 93 179 232 225 97 148 48 238 330 192 31 304 0,395
PFG_MOEA,1705,8,389.39,5146.42,0 16 15 168 203 369 380 391 271 39 268 272 30 66 166 205 208 6 204 154 305 326 283 65 297 62 241 110 140 286 317 333 180 220 158 189 64 20 126 124 7 56 217 55 25 367 170 361 209 398 227 234 213 190 251 175 99 315 346 265 390 18 103 155 83 378 54 46 287 10 383 382 41 0,7 16 20 103 272
PFG_MOEA,1705,9,389.39,5146.42,0 82 178 117 243 368 376 258 353 153 171 87 278 210 143 237 256 274 49 100 282 310 104 102 277 275 194 323 363 352 101 198 95 222 138 122 276 336 252 236 128 23 381 90 119 2 12 0,
PFG_MOEA,1705,10,389.39,5146.42,0 344 349 351 280 309 5 79 160 50 60 257 270 379 195 45 348 75 328 248 290 343 187 0,
PFG_MOEA,1705,11,389.39,5146.42,0 214 295 40 32 239 370 342 144 176 150 47 9 125 216 89 61 207 307 313 359 206 253 365 360 335 0,176
PFG_MOEA,1705,12,389.39,5146.42,0 338 202 306 196 296 347 332 324 147 211 244 223 0,
PFG_MOEA,1706,1,413.96,4915.5,0 187 206 253 365 359 313 307 207 61 12 89 2 119 128 236 252 336 138 163 222 95 198 351 280 237 256 274 49 100 102 277 275 194 323 363 352 101 53 293 133 331 285 392 122 239 276 32 40 295 23 381 90 113 81 29 76 116 111 384 337 358 181 177 288 385 240 396 245 115 22 118 185 214 0,245 381
PFG_MOEA,1706,2,413.96,4915.5,0 281 84 131 325 355 114 389 186 134 341 298 26 334 0,
PFG_MOEA,1706,3,413.96,4915.5,0 371 219 105 162 159 74 279 91 24 212 375 284 14 184 318 70 292 263 8 373 169 108 72 52 130 44 386 362 201 312 67 164 107 302 173 106 261 388 197 218 151 77 273 136 137 59 0,
PFG_MOEA,1706,4,413.96,4915.5,0 57 127 109 226 0,
PFG_MOEA,1706,5,413.96,4915.5,0 19 0,
PFG_MOEA,1706,6,413.96,4915.5,0 38 303 357 266 141 86 199 228 267 366 289 231 34 58 68 161 235 35 249 88 135 233 319 182 172 13 80 0,88
PFG_MOEA,1706,7,413.96,4915.5,0 399 397 36 11 92 156 94 230 374 350 311 4 314 193 340 299 321 269 120 142 37 51 123 145 132 339 322 121 146 294 174 320 364 393 3 229 308 356 264 259 246 42 300 329 112 191 165 200 221 242 96 0,11 340 374 393
PFG_MOEA,1706,8,413.96,4915.5,0 152 247 255 1 262 250 28 345 377 395 400 394 188 301 372 21 167 291 139 149 157 63 316 387 327 17 43 85 215 73 254 183 354 69 265 346 315 99 175 251 190 390 18 103 155 83 378 213 234 227 398 93 0,1 152 175 227
PFG_MOEA,1706,9,413.96,4915.5,0 304 31 48 192 330 238 129 148 260 391 271 39 268 272 30 66 166 205 208 6 204 154 305 326 283 65 297 62 241 110 140 286 317 333 180 220 158 189 64 20 126 124 7 56 217 55 25 367 170 361 209 71 33 97 225 232 179 224 0,55 391
PFG_MOEA,1706,10,413.96,4915.5,0 287 10 383 382 0,
PFG_MOEA,1706,11,413.96,4915.5,0 16 15 168 203 369 380 82 178 117 243 349 344 54 46 41 0,
PFG_MOEA,1706,12,413.96,4915.5,0 335 360 216 150 9 47 125 309 5 343 290 368 376 258 248 328 75 171 87 278 153 353 348 45 210 195 379 270 257 60 50 160 79 143 282 310 104 223 244 211 324 147 332 347 296 196 78 98 27 176 144 342 370 306 202 338 0,
PFG_MOEA,1707,1,320.55,5348.04,0 80 13 172 182 397 36 11 92 233 135 88 249 35 235 161 68 58 34 231 289 319 399 0,
PFG_MOEA,1707,2,320.55,5348.04,0 374 230 94 156 311 350 4 314 193 340 299 321 269 120 142 132 339 174 320 364 308 229 3 393 294 146 121 322 123 145 51 37 0,393
PFG_MOEA,1707,3,320.55,5348.04,0 96 242 221 200 165 112 329 300 191 152 247 255 1 262 42 250 28 246 259 264 356 345 377 395 400 394 188 301 372 21 167 291 139 149 157 63 316 387 327 17 43 85 215 73 254 183 354 69 265 346 315 99 175 251 190 0,215
PFG_MOEA,1707,4,320.55,5348.04,0 304 31 192 330 238 129 398 227 234 213 18 390 286 140 110 241 93 260 148 48 0,
PFG_MOEA,1707,5,320.55,5348.04,0 317 333 0,
PFG_MOEA,1707,6,320.55,5348.04,0 33 71 209 361 170 367 25 55 217 56 7 180 220 158 189 64 20 126 124 224 10 383 382 16 203 168 15 0,25
PFG_MOEA,1707,7,320.55,5348.04,0 380 369 335 360 216 150 9 47 125 309 5 195 379 270 210 45 348 353 153 278 87 171 75 328 248 258 376 368 290 343 54 46 344 349 243 117 178 82 41 0,
PFG_MOEA,1707,8,320.55,5348.04,0 338 202 306 370 342 144 176 27 98 78 196 296 347 332 147 324 211 244 223 104 310 282 143 79 160 50 60 257 6 204 154 305 326 283 62 297 65 208 205 166 66 30 272 268 0,66
PFG_MOEA,1707,9,320.55,5348.04,0 187 206 253 365 359 313 307 207 61 12 89 2 119 128 236 252 336 138 163 222 95 198 351 256 237 280 391 271 39 378 83 155 103 232 179 287 225 97 0,138 307
PFG_MOEA,1707,10,320.55,5348.04,0 22 389 114 84 131 325 355 29 81 113 76 116 111 384 337 358 181 177 288 385 240 396 245 115 392 285 331 133 293 53 101 352 363 323 194 275 277 102 100 49 274 122 239 276 32 40 295 23 381 90 214 185 281 118 0,323 331
PFG_MOEA,1707,11,320.55,5348.04,0 334 298 26 105 186 134 341 219 371 24 212 375 14 184 318 70 292 263 8 373 169 284 74 279 91 159 162 0,134
PFG_MOEA,1707,12,320.55,5348.04,0 38 19 226 57 127 109 59 137 136 273 77 151 218 197 388 261 106 173 302 107 164 67 312 201 362 366 267 228 386 44 130 52 72 108 303 357 266 141 86 199 0,106 386
PFG_MOEA,1708,1,270.73,5843.94,0 335 187 309 5 195 379 270 257 60 50 160 79 143 280 351 237 256 274 49 198 252 236 381 23 90 12 207 307 0,
PFG_MOEA,1708,2,270.73,5843.94,0 61 313 359 206 253 365 360 214 185 118 281 26 334 298 371 22 134 186 162 159 292 263 8 373 318 70 184 284 74 279 0,134 284 313 318
PFG_MOEA,1708,3,270.73,5843.94,0 91 169 108 14 375 212 24 192 330 238 129 200 165 112 191 152 127 57 109 59 137 273 136 247 17 43 85 215 33 71 224 260 148 48 31 304 0,33 200
PFG_MOEA,1708,4,270.73,5843.94,0 73 254 69 354 183 327 387 157 149 188 394 316 63 262 1 255 250 28 42 400 395 377 345 356 264 259 246 308 229 197 218 151 77 107 164 67 302 388 3 106 173 261 320 364 0,
PFG_MOEA,1708,5,270.73,5843.94,0 329 300 362 123 51 145 322 121 146 201 312 393 294 174 339 132 120 142 0,145 174
PFG_MOEA,1708,6,270.73,5843.94,0 37 269 321 299 340 219 341 105 84 131 29 81 113 76 116 111 181 358 337 384 325 355 114 389 0,341
PFG_MOEA,1708,7,270.73,5843.94,0 89 216 47 125 9 150 163 53 293 133 331 285 392 115 245 396 240 385 288 177 34 58 235 135 233 88 249 35 161 68 0,133 240
PFG_MOEA,1708,8,270.73,5843.94,0 172 182 193 314 4 350 397 36 11 374 311 230 94 156 199 92 86 319 266 141 289 231 386 366 267 228 44 130 52 72 303 357 13 19 226 221 242 96 0,141 386
PFG_MOEA,1708,9,270.73,5843.94,0 38 80 378 83 291 139 21 167 301 372 346 315 265 390 99 175 251 190 18 103 155 234 227 398 93 54 46 268 272 30 39 271 391 179 0,
PFG_MOEA,1708,10,270.73,5843.94,0 97 225 232 209 361 213 170 367 328 248 258 376 368 290 343 66 349 344 243 117 178 82 41 16 380 369 196 78 98 27 176 144 342 370 306 202 338 203 168 15 399 0,82 176 225
PFG_MOEA,1708,11,270.73,5843.94,0 287 64 166 205 75 348 353 45 210 278 153 171 87 6 208 158 189 220 241 62 297 65 283 204 154 305 326 110 140 180 333 317 286 25 55 217 56 7 124 126 20 10 0,65 126
PFG_MOEA,1708,12,270.73,5843.94,0 2 119 128 295 40 32 276 239 122 296 332 347 138 336 222 95 101 194 147 324 275 323 363 352 277 102 223 244 211 104 310 100 282 383 382 0,2
PFG_MOEA,1709,1,369.23,5154.87,0 90 295 40 32 276 239 122 222 95 101 323 363 352 102 277 275 194 53 293 133 331 285 392 115 245 396 240 385 288 177 181 358 337 384 111 116 76 113 81 29 325 131 84 355 114 389 279 74 159 162 371 219 341 22 134 186 105 298 334 26 281 118 185 214 0,40 240 245 331
PFG_MOEA,1709,2,369.23,5154.87,0 91 24 212 375 284 14 184 318 70 292 263 8 373 169 108 72 52 130 44 386 0,318
PFG_MOEA,1709,3,369.23,5154.87,0 362 201 312 67 164 107 302 173 106 261 388 197 218 151 77 273 136 0,106
PFG_MOEA,1709,4,369.23,5154.87,0 399 172 182 397 36 11 92 86 141 266 303 357 319 199 228 267 366 289 231 34 58 68 161 235 35 249 88 135 233 156 94 230 374 350 311 4 314 193 340 299 321 269 120 142 37 51 145 123 137 59 109 127 57 226 19 13 80 38 0,340
PFG_MOEA,1709,5,369.23,5154.87,0 132 339 322 0,
PFG_MOEA,1709,6,369.23,5154.87,0 96 242 221 200 165 112 191 152 329 300 121 146 294 174 320 364 393 3 229 308 259 246 264 356 345 377 395 400 42 250 28 247 255 1 262 63 157 291 167 21 372 301 188 394 139 149 316 387 327 17 43 85 215 73 254 183 354 69 265 346 315 99 0,1 200 393
PFG_MOEA,1709,7,369.23,5154.87,0 93 398 227 234 213 190 251 175 390 18 103 155 83 378 31 304 0,
PFG_MOEA,1709,8,369.23,5154.87,0 48 192 330 238 129 148 260 391 0,
PFG_MOEA,1709,9,369.23,5154.87,0 268 272 30 65 283 326 305 154 204 6 208 205 166 66 271 39 0,272
PFG_MOEA,1709,10,369.23,5154.87,0 124 126 20 64 189 158 220 241 297 62 110 140 286 317 333 180 7 56 217 55 25 367 170 361 209 71 97 33 0,
PFG_MOEA,1709,11,369.23,5154.87,0 15 16 380 369 168 203 338 202 306 370 342 144 176 27 98 78 196 296 347 332 324 147 211 244 223 210 45 348 353 153 278 87 171 75 328 248 258 376 368 290 343 54 46 224 225 232 179 287 10 383 382 41 344 349 243 117 178 82 125 9 47 150 216 360 335 0,47 87 353
PFG_MOEA,1709,12,369.23,5154.87,0 207 307 313 359 365 253 206 187 100 310 104 282 143 79 160 50 60 257 270 379 195 5 309 280 351 237 256 274 49 198 163 138 336 252 236 381 23 128 119 2 89 12 61 0,
PFG_MOEA,1710,1,337.93,5308.22,0 187 206 253 313 359 365 0,
PFG_MOEA,1710,2,337.93,5308.22,0 207 307 198 280 351 256 237 101 53 293 133 331 285 392 95 222 163 138 336 252 236 128 119 2 89 12 61 0,133 222
PFG_MOEA,1710,3,337.93,5308.22,0 323 363 352 194 275 277 102 100 49 274 122 239 276 32 40 295 23 381 90 0,
PFG_MOEA,1710,4,337.93,5308.22,0 22 115 245 396 240 385 288 177 181 358 337 384 111 116 76 113 81 29 131 84 281 118 185 214 0,
PFG_MOEA,1710,5,337.93,5308.22,0 334 26 298 371 219 341 134 186 105 355 325 114 389 162 159 74 279 91 24 212 375 284 14 184 318 70 292 263 8 373 169 108 72 52 130 44 386 362 201 312 0,284
PFG_MOEA,1710,6,337.93,5308.22,0 399 172 182 397 36 11 92 86 141 266 303 357 319 199 228 267 366 289 231 34 58 68 161 235 35 249 88 135 233 156 94 230 57 127 109 59 137 136 273 77 151 218 197 388 261 106 173 302 107 164 67 294 226 19 13 80 38 0,
PFG_MOEA,1710,7,337.93,5308.22,0 374 350 311 4 314 193 340 299 321 269 120 142 37 51 145 123 146 121 322 339 132 174 320 364 393 3 229 308 356 264 259 246 42 1 255 247 152 191 112 329 300 165 200 221 242 96 0,132 264 340 393
PFG_MOEA,1710,8,337.93,5308.22,0 28 250 262 400 395 345 377 394 188 301 372 21 167 291 139 149 157 63 316 387 327 17 43 85 215 73 254 183 354 69 265 346 315 99 175 251 190 0,
PFG_MOEA,1710,9,337.93,5308.22,0 304 192 330 238 129 378 83 155 103 18 390 213 234 227 398 140 110 241 62 297 65 283 326 305 154 204 6 208 205 166 66 93 30 272 268 39 271 391 260 148 48 31 0,65 391
PFG_MOEA,1710,10,337.93,5308.22,0 33 71 225 97 232 209 361 170 367 25 55 217 56 7 317 286 333 180 220 158 189 64 20 126 124 224 10 287 179 0,
PFG_MOEA,1710,11,337.93,5308.22,0 15 168 203 369 16 380 335 360 216 150 9 47 125 309 5 195 379 270 210 45 348 353 153 278 87 171 75 328 248 54 46 383 382 344 349 243 117 178 82 41 0,82 87 195 353
PFG_MOEA,1710,12,337.93,5308.22,0 338 202 306 370 342 144 176 27 98 78 196 296 347 332 147 324 211 244 223 104 310 282 143 79 160 50 60 257 258 376 368 290 343 0,290
PFG_MOEA,1711,1,319.42,5478.6,0 222 0,
PFG_MOEA,1711,2,319.42,5478.6,0 95 101 323 363 352 102 277 275 194 53 293 133 331 285 392 115 245 396 240 385 288 177 181 358 337 384 111 116 76 113 81 29 325 131 84 355 114 389 279 74 159 162 371 219 341 22 134 186 105 298 334 26 281 0,105
PFG_MOEA,1711,3,319.42,5478.6,0 118 91 284 184 14 375 212 24 0,375
PFG_MOEA,1711,4,319.42,5478.6,0 399 397 36 11 92 199 86 141 266 319 357 303 289 366 267 228 8 263 292 70 318 373 169 108 72 52 130 44 386 362 201 312 67 164 107 302 173 106 261 388 197 218 151 77 273 136 182 172 0,86 197 318 362
PFG_MOEA,1711,5,319.42,5478.6,0 38 80 13 19 226 57 127 109 59 137 123 145 51 132 142 120 269 321 299 37 340 193 314 4 350 311 156 233 135 88 249 35 235 161 68 58 34 231 94 230 374 0,
PFG_MOEA,1711,6,319.42,5478.6,0 96 242 200 191 112 165 322 339 174 393 3 229 364 320 294 121 146 300 329 152 221 0,200 393
PFG_MOEA,1711,7,319.42,5478.6,0 93 85 247 28 246 259 308 264 356 345 377 395 400 42 250 255 1 262 63 157 291 167 21 372 301 188 394 139 149 316 387 327 17 43 73 215 254 183 354 69 265 346 315 99 390 175 251 190 18 213 234 227 398 0,
PFG_MOEA,1711,8,319.42,5478.6,0 304 31 48 330 192 129 238 148 260 391 271 66 166 205 208 6 204 154 305 326 283 65 62 297 241 158 189 220 110 140 103 155 83 378 124 126 20 64 30 272 268 39 0,62 205 220 391
PFG_MOEA,1711,9,319.42,5478.6,0 7 180 333 286 317 56 217 55 0,
PFG_MOEA,1711,10,319.42,5478.6,0 15 16 380 369 168 203 338 202 306 370 342 144 176 27 98 78 196 296 347 332 324 147 211 244 223 210 45 348 353 153 278 87 171 75 328 248 258 376 368 290 343 54 46 209 361 170 367 25 232 179 224 225 97 71 33 0,16 353 370
PFG_MOEA,1711,11,319.42,5478.6,0 365 253 206 61 89 2 119 128 216 336 138 163 150 47 125 9 100 282 310 104 143 79 160 50 60 257 270 379 195 5 309 280 351 237 256 287 10 383 382 344 349 243 117 178 82 41 0,47 138 178 206 243
PFG_MOEA,1711,12,319.42,5478.6,0 335 187 359 313 360 207 307 198 49 274 122 239 276 32 40 295 23 381 236 252 90 12 214 185 0,
PFG_MOEA,1712,1,312.87,5623.42,0 216 98 370 342 144 176 27 78 196 296 347 332 147 324 211 244 223 104 310 282 79 160 50 379 195 5 309 143 150 47 9 125 0,
PFG_MOEA,1712,2,312.87,5623.42,0 117 243 344 349 343 290 368 376 258 248 328 75 348 353 171 87 278 153 45 210 257 60 270 237 256 274 49 198 222 138 336 239 276 32 177 181 358 337 384 111 116 76 23 381 90 12 0,290 336 353
PFG_MOEA,1712,3,312.87,5623.42,0 22 118 185 214 2 119 128 236 252 40 295 122 392 285 331 133 293 53 101 352 363 323 194 275 277 102 100 351 280 95 163 61 89 207 307 313 359 253 365 0,307
PFG_MOEA,1712,4,312.87,5623.42,0 206 187 0,
PFG_MOEA,1712,5,312.87,5623.42,0 281 26 334 298 219 371 341 134 186 105 115 245 396 240 385 288 113 81 29 325 355 131 84 114 389 162 159 74 279 91 0,341
PFG_MOEA,1712,6,312.87,5623.42,0 80 13 19 226 57 127 109 59 137 136 273 77 151 218 197 388 261 106 173 302 107 164 67 312 201 362 386 44 130 52 72 108 169 373 8 263 292 70 318 184 14 284 375 212 24 303 357 319 182 172 38 0,318 362
PFG_MOEA,1712,7,312.87,5623.42,0 266 141 86 199 228 267 366 289 231 34 58 68 161 235 35 249 88 135 233 156 94 230 374 92 0,
PFG_MOEA,1712,8,312.87,5623.42,0 399 397 36 11 350 311 4 314 193 340 299 321 269 120 142 37 51 123 145 132 339 322 121 146 294 174 320 364 393 3 229 308 356 264 259 246 42 300 329 112 191 165 200 221 242 96 0,51 145 174 264 329
PFG_MOEA,1712,9,312.87,5623.42,0 152 247 28 250 345 377 395 400 394 188 301 372 167 21 139 291 262 1 255 0,
PFG_MOEA,1712,10,312.87,5623.42,0 85 215 73 43 17 327 387 316 149 157 63 354 183 254 69 265 346 315 99 175 251 190 390 18 103 155 83 378 0,175 390
PFG_MOEA,1712,11,312.87,5623.42,0 304 31 48 192 330 129 238 148 260 383 10 224 391 271 39 46 93 398 227 234 213 179 232 225 97 71 33 382 0,
PFG_MOEA,1712,12,312.87,5623.42,0 209 361 170 367 25 55 217 56 7 124 126 20 64 189 158 220 180 333 317 286 140 110 241 62 297 65 283 326 305 154 204 6 208 205 166 66 30 272 268 54 287 178 82 41 335 360 380 369 203 338 202 306 168 15 16 0,7 166 203 361
PFG_MOEA,1713,1,350.97,5291.61,0 22 118 185 214 2 119 252 236 128 381 23 40 32 295 239 122 392 285 331 133 293 53 101 352 363 323 194 275 277 102 100 274 256 237 351 280 376 368 290 343 349 344 243 117 0,23 293 352
PFG_MOEA,1713,2,350.97,5291.61,0 365 359 313 307 207 89 61 163 95 206 253 187 281 26 334 298 219 371 341 134 186 105 115 245 396 240 385 288 177 181 358 337 384 111 116 76 113 81 29 325 355 131 84 114 389 162 159 279 74 284 70 318 184 14 375 212 24 91 0,
PFG_MOEA,1713,3,350.97,5291.61,0 292 263 8 373 169 108 72 52 130 44 386 362 201 312 67 164 107 302 173 106 261 388 197 218 151 77 273 136 137 59 109 0,362 388
PFG_MOEA,1713,4,350.97,5291.61,0 38 80 13 19 226 57 127 68 161 58 34 231 289 366 267 228 199 86 141 266 357 303 319 182 172 0,182
PFG_MOEA,1713,5,350.97,5291.61,0 397 36 11 92 374 350 311 4 314 193 230 94 156 35 88 249 235 135 233 340 299 321 269 120 142 37 51 0,
PFG_MOEA,1713,6,350.97,5291.61,0 399 96 242 200 165 112 329 300 123 145 322 121 146 294 339 132 174 320 364 393 3 229 308 356 264 259 246 28 250 42 262 1 255 247 152 191 221 0,152 174 200 229 246
PFG_MOEA,1713,7,350.97,5291.61,0 345 377 395 400 394 188 301 372 21 167 291 139 149 157 63 316 387 327 17 43 85 215 73 254 183 354 69 265 346 315 99 175 251 190 390 18 103 155 213 234 83 378 0,
PFG_MOEA,1713,8,350.97,5291.61,0 224 93 398 227 71 97 225 232 179 0,
PFG_MOEA,1713,9,350.97,5291.61,0 304 31 48 192 330 129 238 148 33 209 361 170 367 25 55 217 56 7 124 126 20 64 189 158 220 180 333 317 286 140 110 241 62 297 65 283 326 305 154 204 6 208 205 166 66 30 272 268 54 46 39 271 391 10 287 383 382 260 16 369 380 0,39
PFG_MOEA,1713,10,350.97,5291.61,0 15 168 203 178 82 41 0,
PFG_MOEA,1713,11,350.97,5291.61,0 335 0,
PFG_MOEA,1713,12,350.97,5291.61,0 360 90 216 336 47 9 125 198 49 309 5 258 248 328 75 348 353 171 87 278 153 45 379 195 210 257 270 60 50 160 79 143 282 310 104 223 244 211 324 147 222 150 138 276 332 347 296 196 78 98 27 176 144 342 370 306 202 338 12 0,223 370
PFG_MOEA,1714,1,748.42,4875.65,0 399 38 80 96 242 221 226 19 13 172 182 319 303 357 266 141 86 199 228 267 366 289 231 34 58 68 161 235 35 249 88 135 233 156 94 230 374 92 11 36 397 350 311 4 314 193 340 299 321 269 37 142 120 132 339 51 145 123 300 329 112 165 200 191 152 57 127 109 59 137 136 247 255 1 262 42 250 28 273 77 151 146 121 322 294 174 320 364 393 3 106 261 388 229 218 197 246 259 308 264 356 345 377 395 400 394 188 301 372 21 167 291 139 149 157 63 316 387 327 17 43 85 215 73 254 183 354 69 265 346 315 99 175 251 190 390 18 103 155 83 378 213 234 227 0,1 94 174 314 340 390 395
PFG_MOEA,1714,2,748.42,4875.65,0 260 224 93 398 71 33 148 0,
PFG_MOEA,1714,3,748.42,4875.65,0 304 31 192 330 129 238 48 382 383 10 391 271 39 30 272 268 54 46 0,
PFG_MOEA,1714,4,748.42,4875.65,0 15 168 203 369 380 16 41 82 178 209 361 170 367 25 55 217 56 7 124 126 20 64 189 158 220 180 333 317 286 140 110 241 62 297 65 283 326 305 154 204 6 208 205 166 66 335 0,65 220 361
PFG_MOEA,1714,5,748.42,4875.65,0 12 90 381 216 47 125 9 150 360 117 243 349 344 287 97 225 232 179 343 290 368 376 258 248 328 75 348 353 171 87 278 153 45 210 257 270 60 50 160 79 379 195 5 309 143 282 310 104 223 244 211 324 147 347 332 331 285 296 196 78 392 98 115 245 27 176 144 342 240 370 396 385 288 306 177 181 358 337 384 111 116 76 113 81 29 325 355 131 84 338 202 114 389 22 0,176 210 370
PFG_MOEA,1714,6,748.42,4875.65,0 23 32 276 239 336 138 222 49 274 198 0,
PFG_MOEA,1714,7,748.42,4875.65,0 118 185 214 2 119 128 236 252 40 295 122 133 293 53 101 352 363 323 194 275 277 102 100 237 280 351 256 95 163 61 89 207 307 313 0,133 323
PFG_MOEA,1714,8,748.42,4875.65,0 365 359 253 206 0,
PFG_MOEA,1714,9,748.42,4875.65,0 187 0,
PFG_MOEA,1714,10,748.42,4875.65,0 281 26 334 298 341 105 186 134 162 371 219 0,
PFG_MOEA,1714,11,748.42,4875.65,0 159 279 74 284 184 318 70 292 14 375 212 24 91 0,375
PFG_MOEA,1714,12,748.42,4875.65,0 263 8 373 169 108 72 52 130 44 386 107 164 173 302 67 312 201 362 0,386
PFG_MOEA,1715,1,404.27,5140.48,0 89 90 381 23 295 32 276 40 45 353 348 171 87 153 278 210 379 195 270 257 60 50 160 79 143 282 310 104 223 244 211 324 147 163 53 347 332 133 331 296 293 196 78 245 98 115 27 176 144 342 240 370 396 385 288 306 177 181 358 337 384 111 116 76 113 81 29 202 338 22 118 185 214 0,177 223 245 379
PFG_MOEA,1715,2,404.27,5140.48,0 281 105 26 334 298 219 371 341 134 186 84 131 325 355 114 389 162 159 74 279 91 24 212 375 284 14 184 318 70 292 263 8 373 169 108 72 52 130 44 386 362 0,134 362
PFG_MOEA,1715,3,404.27,5140.48,0 57 127 109 59 137 136 273 77 151 218 197 388 261 106 173 302 107 164 67 312 201 0,
PFG_MOEA,1715,4,404.27,5140.48,0 38 80 13 19 226 182 172 303 357 319 266 141 86 233 135 88 249 35 235 161 68 58 34 231 289 366 267 228 199 11 36 397 399 0,266
PFG_MOEA,1715,5,404.27,5140.48,0 92 156 94 230 374 350 311 4 314 193 340 299 321 269 37 142 120 132 339 51 145 123 322 121 146 294 174 320 364 393 3 229 308 356 264 259 246 42 247 152 191 112 329 300 165 200 221 242 96 0,299 329
PFG_MOEA,1715,6,404.27,5140.48,0 255 1 262 377 345 250 28 0,
PFG_MOEA,1715,7,404.27,5140.48,0 395 400 394 188 301 372 21 167 291 139 149 0,
PFG_MOEA,1715,8,404.27,5140.48,0 304 31 48 148 129 238 330 192 85 215 73 43 17 327 387 316 63 157 354 183 254 69 265 346 315 99 175 251 190 390 18 103 155 83 378 213 234 227 398 93 260 0,93
PFG_MOEA,1715,9,404.27,5140.48,0 391 271 0,
PFG_MOEA,1715,10,404.27,5140.48,0 39 268 272 30 66 166 205 208 6 204 154 305 326 283 65 297 62 241 110 140 286 0,
PFG_MOEA,1715,11,404.27,5140.48,0 15 168 203 369 380 16 82 178 117 243 349 344 46 54 124 126 20 64 189 158 220 180 317 333 7 56 217 55 25 367 170 361 209 33 71 225 97 232 179 287 224 10 383 382 0,16
PFG_MOEA,1715,12,404.27,5140.48,0 335 360 365 253 206 359 313 307 207 61 12 2 119 128 236 252 216 336 138 239 122 392 285 194 275 277 352 363 323 101 95 222 150 9 47 125 198 100 102 49 274 256 237 351 280 309 5 75 328 248 258 376 368 290 343 187 41 0,100 206
PFG_MOEA,1716,1,759.34,4800.0,0 219 341 105 389 114 84 131 355 325 29 81 113 76 116 111 384 337 358 181 177 288 385 240 396 245 115 392 285 331 133 293 53 163 150 9 125 47 216 89 61 206 253 365 0,245
PFG_MOEA,1716,2,759.34,4800.0,0 22 134 186 162 159 279 74 284 184 318 70 292 263 8 373 169 108 14 375 212 24 91 0,318
PFG_MOEA,1716,3,759.34,4800.0,0 304 31 48 148 260 224 71 33 129 238 330 192 200 165 112 191 152 127 57 109 59 137 273 136 247 17 43 85 215 73 254 69 354 183 327 387 157 149 188 394 316 63 262 1 255 250 28 42 400 395 377 345 356 264 259 246 308 229 197 218 151 77 107 164 67 302 388 3 106 173 261 320 364 393 312 201 362 329 300 123 51 145 322 121 146 294 174 339 132 120 142 37 269 321 299 340 233 135 88 249 35 161 235 68 58 34 386 231 289 366 267 228 44 130 52 72 303 357 319 266 141 86 92 199 156 94 230 311 374 11 36 397 350 4 314 193 182 172 13 19 226 221 242 96 80 38 0,33 106 174 200 303 311 394
PFG_MOEA,1716,4,759.34,4800.0,0 378 83 155 103 18 190 251 175 99 315 346 372 301 167 21 139 291 265 390 234 0,
PFG_MOEA,1716,5,759.34,4800.0,0 179 391 271 39 30 272 268 46 54 93 398 227 213 232 0,391
PFG_MOEA,1716,6,759.34,4800.0,0 225 0,
PFG_MOEA,1716,7,759.34,4800.0,0 97 209 361 170 367 0,
PFG_MOEA,1716,8,759.34,4800.0,0 399 15 168 203 338 202 306 370 342 144 176 27 98 78 196 369 380 16 41 82 178 117 243 344 349 66 343 290 368 376 258 248 328 75 348 353 45 210 278 153 171 87 6 208 205 166 158 189 220 241 62 297 65 283 204 154 305 326 110 140 180 333 317 286 25 55 217 56 7 124 126 20 64 287 10 383 382 0,62 66 205 220 342
PFG_MOEA,1716,9,759.34,4800.0,0 2 119 128 295 40 32 276 239 122 296 332 347 138 336 222 95 101 194 147 324 275 323 363 352 277 102 223 244 211 104 310 100 282 143 79 160 50 60 257 270 379 195 5 309 280 351 237 256 274 49 198 252 236 0,
PFG_MOEA,1716,10,759.34,4800.0,0 381 23 90 12 207 307 0,
PFG_MOEA,1716,11,759.34,4800.0,0 335 187 359 313 360 214 0,
PFG_MOEA,1716,12,759.34,4800.0,0 185 118 281 26 334 298 371 0,
PFG_MOEA,1717,1,314.81,5596.11,0 12 90 128 236 252 336 276 138 222 198 49 274 256 237 351 280 309 5 290 343 313 207 0,222
PFG_MOEA,1717,2,314.81,5596.11,0 91 292 263 8 373 169 108 14 375 212 24 371 219 341 298 334 26 281 118 185 214 295 40 32 239 122 95 101 352 363 323 194 275 277 102 100 23 381 119 2 307 359 187 148 48 31 304 0,23
PFG_MOEA,1717,3,314.81,5596.11,0 260 224 71 33 127 152 191 112 165 200 129 238 330 192 0,33
PFG_MOEA,1717,4,314.81,5596.11,0 57 67 302 173 106 3 388 164 107 77 151 218 197 229 308 246 259 264 356 345 377 395 400 42 28 250 255 1 262 63 316 394 188 149 157 387 327 183 354 69 254 73 215 85 43 17 247 136 273 137 59 109 0,
PFG_MOEA,1717,5,314.81,5596.11,0 329 300 362 123 51 145 322 121 146 201 261 320 364 393 312 294 174 339 132 206 253 365 360 335 0,362 393
PFG_MOEA,1717,6,314.81,5596.11,0 61 358 181 177 288 385 240 396 245 115 392 285 331 133 293 53 163 150 9 125 47 216 89 0,
PFG_MOEA,1717,7,314.81,5596.11,0 80 13 19 226 35 161 235 58 34 386 231 289 366 267 228 44 130 52 72 318 70 184 284 74 279 159 162 389 114 355 325 384 337 111 116 76 113 81 29 131 84 105 186 134 22 0,
PFG_MOEA,1717,8,314.81,5596.11,0 38 96 242 221 172 182 397 350 311 4 314 193 230 94 156 374 36 11 92 319 357 303 266 141 86 199 68 135 88 249 233 340 299 321 269 120 142 37 301 21 139 291 167 372 346 315 99 175 251 0,182
PFG_MOEA,1717,9,314.81,5596.11,0 97 225 232 179 391 271 158 241 62 297 65 283 204 154 305 326 110 140 286 317 333 180 220 126 124 7 56 217 55 25 367 170 361 209 227 234 213 190 390 265 18 103 155 83 378 398 93 54 46 268 272 30 39 0,65 154
PFG_MOEA,1717,10,314.81,5596.11,0 399 15 16 380 41 82 178 117 243 344 349 20 189 64 166 205 208 6 87 171 153 278 210 353 258 376 368 66 287 10 383 382 0,243
PFG_MOEA,1717,11,314.81,5596.11,0 369 338 203 168 0,
PFG_MOEA,1717,12,314.81,5596.11,0 202 306 370 342 144 176 27 98 78 196 296 347 332 324 147 211 244 223 104 310 282 143 79 160 50 60 257 270 379 195 45 348 75 328 248 0,370
PFG_MOEA,1718,1,411.21,4974.5,0 12 90 381 23 32 276 239 336 138 222 198 49 274 256 237 351 280 252 236 128 119 2 0,23
PFG_MOEA,1718,2,411.21,4974.5,0 22 118 185 214 295 40 122 392 285 331 133 293 53 101 352 363 323 194 275 277 102 100 95 163 61 89 207 307 313 359 365 253 206 187 0,22 100
PFG_MOEA,1718,3,411.21,4974.5,0 115 0,
PFG_MOEA,1718,4,411.21,4974.5,0 245 396 240 385 288 177 181 358 337 384 111 116 76 113 81 29 325 355 0,
PFG_MOEA,1718,5,411.21,4974.5,0 281 26 334 298 341 134 186 131 84 114 389 105 219 371 162 159 74 279 91 24 212 375 284 14 184 318 70 292 263 8 373 169 108 72 52 130 44 386 362 201 312 67 164 107 302 173 106 261 388 197 218 151 77 273 136 137 59 109 127 57 226 19 13 80 0,77 106 284
PFG_MOEA,1718,6,411.21,4974.5,0 38 172 182 319 303 357 266 141 86 199 228 267 366 289 231 34 58 68 161 235 35 249 88 135 233 156 94 230 374 92 11 36 397 350 311 4 314 193 340 299 321 269 120 142 37 51 123 145 132 339 322 121 146 294 174 320 364 393 3 229 308 356 264 259 246 42 300 329 112 221 242 96 0,51 174 229 246 299
PFG_MOEA,1718,7,411.21,4974.5,0 399 200 165 191 152 247 255 1 262 250 28 345 377 395 400 394 188 301 372 21 167 291 139 149 157 63 316 387 327 17 43 85 215 73 254 183 354 69 265 346 315 99 175 251 190 390 18 103 155 83 378 213 234 227 398 93 224 179 232 225 97 71 33 260 148 238 129 330 192 48 31 304 0,93
PFG_MOEA,1718,8,411.21,4974.5,0 382 383 10 391 271 39 46 54 268 272 30 66 166 205 208 6 204 154 305 326 283 65 297 62 241 110 140 286 317 333 180 220 158 189 64 20 126 124 7 56 217 55 25 367 170 361 209 287 0,55 62 66 220
PFG_MOEA,1718,9,411.21,4974.5,0 380 0,
PFG_MOEA,1718,10,411.21,4974.5,0 16 369 15 0,
PFG_MOEA,1718,11,411.21,4974.5,0 168 203 178 82 41 0,178
PFG_MOEA,1718,12,411.21,4974.5,0 335 360 338 202 306 370 342 144 176 27 98 78 196 296 347 332 216 47 125 9 150 147 324 211 244 223 104 310 282 143 309 5 195 379 79 160 50 60 270 257 210 45 153 278 87 171 353 348 75 328 248 258 376 368 290 343 349 344 243 117 0,
PFG_MOEA,1719,1,312.55,5795.78,0 336 138 239 122 296 347 332 324 275 277 104 211 244 223 102 352 363 323 194 147 101 95 222 0,122 211 222 277
PFG_MOEA,1719,2,312.55,5795.78,0 335 360 207 307 313 359 187 100 310 282 143 79 160 50 60 257 270 379 195 5 309 280 351 237 256 274 49 198 252 236 381 23 90 12 214 185 118 281 26 334 298 371 72 52 130 44 386 80 0,5 307
PFG_MOEA,1719,3,312.55,5795.78,0 13 19 226 57 127 109 59 137 136 273 77 151 218 197 388 261 106 173 302 107 164 67 312 201 362 123 51 145 294 174 339 132 142 120 269 321 299 0,174
PFG_MOEA,1719,4,312.55,5795.78,0 340 233 135 88 249 35 235 161 68 58 34 231 289 366 267 228 141 266 303 357 319 86 199 156 94 0,303
PFG_MOEA,1719,5,312.55,5795.78,0 38 172 182 397 36 11 92 374 230 311 350 4 314 193 37 322 121 146 320 364 393 3 229 308 356 264 259 246 42 300 329 112 191 152 221 242 96 0,42 264
PFG_MOEA,1719,6,312.55,5795.78,0 200 165 129 0,
PFG_MOEA,1719,7,312.55,5795.78,0 304 330 395 400 394 188 301 372 21 167 291 139 149 157 63 316 387 17 43 33 71 224 260 0,
PFG_MOEA,1719,8,312.55,5795.78,0 399 247 28 250 345 377 262 1 255 327 254 73 215 85 93 179 232 225 97 148 238 192 48 31 0,93
PFG_MOEA,1719,9,312.55,5795.78,0 378 69 183 354 265 346 315 99 175 251 190 390 18 103 155 83 234 213 227 398 209 361 170 367 25 55 217 56 7 180 333 317 286 140 110 62 297 65 283 326 305 154 204 6 208 241 220 158 189 64 20 126 124 0,175
PFG_MOEA,1719,10,312.55,5795.78,0 287 382 383 10 268 272 30 66 166 205 271 39 391 53 293 133 331 285 392 115 245 396 240 385 288 177 181 358 337 384 111 116 76 113 81 29 325 355 131 84 114 389 105 341 219 0,
PFG_MOEA,1719,11,312.55,5795.78,0 91 24 212 375 14 108 169 373 8 263 292 70 318 184 284 74 279 159 162 22 134 186 89 216 47 125 9 150 163 61 365 253 206 46 54 0,
PFG_MOEA,1719,12,312.55,5795.78,0 41 82 178 117 243 344 349 343 290 368 376 258 248 328 75 171 87 153 278 210 45 353 348 2 119 128 295 40 32 276 196 78 98 27 176 144 342 370 306 202 338 203 168 369 380 16 15 0,16 87 203
PFG_MOEA,1720,1,389.39,5146.42,0 163 78 53 293 133 331 285 392 98 115 245 27 396 240 385 288 177 181 358 337 384 111 116 76 113 81 29 325 355 131 84 114 389 91 279 74 159 162 371 219 298 341 22 134 186 105 118 185 0,
PFG_MOEA,1720,2,389.39,5146.42,0 281 26 334 24 212 375 284 14 184 318 70 292 263 8 373 169 108 72 52 130 44 386 51 145 123 362 201 294 312 67 164 107 302 173 106 261 388 197 218 151 77 273 136 137 59 109 127 57 226 19 13 80 0,
PFG_MOEA,1720,3,389.39,5146.42,0 142 339 174 132 120 269 321 299 340 233 135 88 249 35 235 161 68 58 34 231 289 366 267 228 141 266 303 357 319 86 199 156 94 230 374 92 11 36 397 350 311 4 314 193 0,88
PFG_MOEA,1720,4,389.39,5146.42,0 182 172 38 0,
PFG_MOEA,1720,5,389.39,5146.42,0 37 322 121 146 320 364 393 3 229 308 356 264 259 246 42 300 329 112 152 191 165 200 221 242 96 0,152 264 329
PFG_MOEA,1720,6,389.39,5146.42,0 129 33 71 224 260 0,
PFG_MOEA,1720,7,389.39,5146.42,0 399 247 255 1 262 250 28 345 377 395 400 394 188 301 372 21 167 291 139 149 157 63 316 387 17 43 73 254 327 183 354 69 215 85 93 179 232 225 97 148 48 238 330 192 31 304 0,395
PFG_MOEA,1720,8,389.39,5146.42,0 16 15 168 203 369 380 391 271 39 268 272 30 66 166 205 208 6 204 154 305 326 283 65 297 62 241 110 140 286 317 333 180 220 158 189 64 20 126 124 7 56 217 55 25 367 170 361 209 398 227 234 213 190 251 175 99 315 346 265 390 18 103 155 83 378 54 46 287 10 383 382 41 0,7 16 20 103 272
PFG_MOEA,1720,9,389.39,5146.42,0 82 178 117 243 368 376 258 353 153 171 87 278 210 143 237 256 274 49 100 282 310 104 102 277 275 194 323 363 352 101 198 95 222 138 122 276 336 252 236 128 23 381 90 119 2 12 0,
PFG_MOEA,1720,10,389.39,5146.42,0 344 349 351 280 309 5 79 160 50 60 257 270 379 195 45 348 75 328 248 290 343 187 0,
PFG_MOEA,1720,11,389.39,5146.42,0 214 295 40 32 239 370 342 144 176 150 47 9 125 216 89 61 207 307 313 359 206 253 365 360 335 0,176
PFG_MOEA,1720,12,389.39,5146.42,0 338 202 306 196 296 347 332 324 147 211 244 223 0,
PFG_MOEA,1721,1,413.96,4915.5,0 187 206 253 365 359 313 307 207 61 12 89 2 119 128 236 252 336 138 163 222 95 198 351 280 237 256 274 49 100 102 277 275 194 323 363 352 101 53 293 133 331 285 392 122 239 276 32 40 295 23 381 90 113 81 29 76 116 111 384 337 358 181 177 288 385 240 396 245 115 22 118 185 214 0,245 381
PFG_MOEA,1721,2,413.96,4915.5,0 281 84 131 325 355 114 389 186 134 341 298 26 334 0,
PFG_MOEA,1721,3,413.96,4915.5,0 371 219 105 162 159 74 279 91 24 212 375 284 14 184 318 70 292 263 8 373 169 108 72 52 130 44 386 362 201 312 67 164 107 302 173 106 261 388 197 218 151 77 273 136 137 59 0,
PFG_MOEA,1721,4,413.96,4915.5,0 57 127 109 226 0,
PFG_MOEA,1721,5,413.96,4915.5,0 19 0,
PFG_MOEA,1721,6,413.96,4915.5,0 38 303 357 266 141 86 199 228 267 366 289 231 34 58 68 161 235 35 249 88 135 233 319 182 172 13 80 0,88
PFG_MOEA,1721,7,413.96,4915.5,0 399 397 36 11 92 156 94 230 374 350 311 4 314 193 340 299 321 269 120 142 37 51 123 145 132 339 322 121 146 294 174 320 364 393 3 229 308 356 264 259 246 42 300 329 112 191 165 200 221 242 96 0,11 340 374 393
PFG_MOEA,1721,8,413.96,4915.5,0 152 247 255 1 262 250 28 345 377 395 400 394 188 301 372 21 167 291 139 149 157 63 316 387 327 17 43 85 215 73 254 183 354 69 265 346 315 99 175 251 190 390 18 103 155 83 378 213 234 227 398 93 0,1 152 175 227
PFG_MOEA,1721,9,413.96,4915.5,0 304 31 48 192 330 238 129 148 260 391 271 39 268 272 30 66 166 205 208 6 204 154 305 326 283 65 297 62 241 110 140 286 317 333 180 220 158 189 64 20 126 124 7 56 217 55 25 367 170 361 209 71 33 97 225 232 179 224 0,55 391
PFG_MOEA,1721,10,413.96,4915.5,0 287 10 383 382 0,
PFG_MOEA,1721,11,413.96,4915.5,0 16 15 168 203 369 380 82 178 117 243 349 344 54 46 41 0,
PFG_MOEA,1721,12,413.96,4915.5,0 335 360 216 150 9 47 125 309 5 343 290 368 376 258 248 328 75 171 87 278 153 353 348 45 210 195 379 270 257 60 50 160 79 143 282 310 104 223 244 211 324 147 332 347 296 196 78 98 27 176 144 342 370 306 202 338 0,
PFG_MOEA,1722,1,320.55,5348.04,0 80 13 172 182 397 36 11 92 233 135 88 249 35 235 161 68 58 34 231 289 319 399 0,
PFG_MOEA,1722,2,320.55,5348.04,0 374 230 94 156 311 350 4 314 193 340 299 321 269 120 142 132 339 174 320 364 308 229 3 393 294 146 121 322 123 145 51 37 0,393
PFG_MOEA,1722,3,320.55,5348.04,0 96 242 221 200 165 112 329 300 191 152 247 255 1 262 42 250 28 246 259 264 356 345 377 395 400 394 188 301 372 21 167 291 139 149 157 63 316 387 327 17 43 85 215 73 254 183 354 69 265 346 315 99 175 251 190 0,215
PFG_MOEA,1722,4,320.55,5348.04,0 304 31 192 330 238 129 398 227 234 213 18 390 286 140 110 241 93 260 148 48 0,
PFG_MOEA,1722,5,320.55,5348.04,0 317 333 0,
PFG_MOEA,1722,6,320.55,5348.04,0 33 71 209 361 170 367 25 55 217 56 7 180 220 158 189 64 20 126 124 224 10 383 382 16 203 168 15 0,25
PFG_MOEA,1722,7,320.55,5348.04,0 380 369 335 360 216 150 9 47 125 309 5 195 379 270 210 45 348 353 153 278 87 171 75 328 248 258 376 368 290 343 54 46 344 349 243 117 178 82 41 0,
PFG_MOEA,1722,8,320.55,5348.04,0 338 202 306 370 342 144 176 27 98 78 196 296 347 332 147 324 211 244 223 104 310 282 143 79 160 50 60 257 6 204 154 305 326 283 62 297 65 208 205 166 66 30 272 268 0,66
PFG_MOEA,1722,9,320.55,5348.04,0 187 206 253 365 359 313 307 207 61 12 89 2 119 128 236 252 336 138 163 222 95 198 351 256 237 280 391 271 39 378 83 155 103 232 179 287 225 97 0,138 307
PFG_MOEA,1722,10,320.55,5348.04,0 22 389 114 84 131 325 355 29 81 113 76 116 111 384 337 358 181 177 288 385 240 396 245 115 392 285 331 133 293 53 101 352 363 323 194 275 277 102 100 49 274 122 239 276 32 40 295 23 381 90 214 185 281 118 0,323 331
PFG_MOEA,1722,11,320.55,5348.04,0 334 298 26 105 186 134 341 219 371 24 212 375 14 184 318 70 292 263 8 373 169 284 74 279 91 159 162 0,134
PFG_MOEA,1722,12,320.55,5348.04,0 38 19 226 57 127 109 59 137 136 273 77 151 218 197 388 261 106 173 302 107 164 67 312 201 362 366 267 228 386 44 130 52 72 108 303 357 266 141 86 199 0,106 386
PFG_MOEA,1723,1,270.73,5843.94,0 335 187 309 5 195 379 270 257 60 50 160 79 143 280 351 237 256 274 49 198 252 236 381 23 90 12 207 307 0,
PFG_MOEA,1723,2,270.73,5843.94,0 61 313 359 206 253 365 360 214 185 118 281 26 334 298 371 22 134 186 162 159 292 263 8 373 318 70 184 284 74 279 0,134 284 313 318
PFG_MOEA,1723,3,270.73,5843.94,0 91 169 108 14 375 212 24 192 330 238 129 200 165 112 191 152 127 57 109 59 137 273 136 247 17 43 85 215 33 71 224 260 148 48 31 304 0,33 200
PFG_MOEA,1723,4,270.73,5843.94,0 73 254 69 354 183 327 387 157 149 188 394 316 63 262 1 255 250 28 42 400 395 377 345 356 264 259 246 308 229 197 218 151 77 107 164 67 302 388 3 106 173 261 320 364 0,
PFG_MOEA,1723,5,270.73,5843.94,0 329 300 362 123 51 145 322 121 146 201 312 393 294 174 339 132 120 142 0,145 174
PFG_MOEA,1723,6,270.73,5843.94,0 37 269 321 299 340 219 341 105 84 131 29 81 113 76 116 111 181 358 337 384 325 355 114 389 0,341
PFG_MOEA,1723,7,270.73,5843.94,0 89 216 47 125 9 150 163 53 293 133 331 285 392 115 245 396 240 385 288 177 34 58 235 135 233 88 249 35 161 68 0,133 240
PFG_MOEA,1723,8,270.73,5843.94,0 172 182 193 314 4 350 397 36 11 374 311 230 94 156 199 92 86 319 266 141 289 231 386 366 267 228 44 130 52 72 303 357 13 19 226 221 242 96 0,141 386
PFG_MOEA,1723,9,270.73,5843.94,0 38 80 378 83 291 139 21 167 301 372 346 315 265 390 99 175 251 190 18 103 155 234 227 398 93 54 46 268 272 30 39 271 391 179 0,
PFG_MOEA,1723,10,270.73,5843.94,0 97 225 232 209 361 213 170 367 328 248 258 376 368 290 343 66 349 344 243 117 178 82 41 16 380 369 196 78 98 27 176 144 342 370 306 202 338 203 168 15 399 0,82 176 225
PFG_MOEA,1723,11,270.73,5843.94,0 287 64 166 205 75 348 353 45 210 278 153 171 87 6 208 158 189 220 241 62 297 65 283 204 154 305 326 110 140 180 333 317 286 25 55 217 56 7 124 126 20 10 0,65 126
PFG_MOEA,1723,12,270.73,5843.94,0 2 119 128 295 40 32 276 239 122 296 332 347 138 336 222 95 101 194 147 324 275 323 363 352 277 102 223 244 211 104 310 100 282 383 382 0,2
PFG_MOEA,1724,1,369.23,5154.87,0 90 295 40 32 276 239 122 222 95 101 323 363 352 102 277 275 194 53 293 133 331 285 392 115 245 396 240 385 288 177 181 358 337 384 111 116 76 113 81 29 325 131 84 355 114 389 279 74 159 162 371 219 341 22 134 186 105 298 334 26 281 118 185 214 0,40 240 245 331
PFG_MOEA,1724,2,369.23,5154.87,0 91 24 212 375 284 14 184 318 70 292 263 8 373 169 108 72 52 130 44 386 0,318
PFG_MOEA,1724,3,369.23,5154.87,0 362 201 312 67 164 107 302 173 106 261 388 197 218 151 77 273 136 0,106
PFG_MOEA,1724,4,369.23,5154.87,0 399 172 182 397 36 11 92 86 141 266 303 357 319 199 228 267 366 289 231 34 58 68 161 235 35 249 88 135 233 156 94 230 374 350 311 4 314 193 340 299 321 269 120 142 37 51 145 123 137 59 109 127 57 226 19 13 80 38 0,340
PFG_MOEA,1724,5,369.23,5154.87,0 132 339 322 0,
PFG_MOEA,1724,6,369.23,5154.87,0 96 242 221 200 165 112 191 152 329 300 121 146 294 174 320 364 393 3 229 308 259 246 264 356 345 377 395 400 42 250 28 247 255 1 262 63 157 291 167 21 372 301 188 394 139 149 316 387 327 17 43 85 215 73 254 183 354 69 265 346 315 99 0,1 200 393
PFG_MOEA,1724,7,369.23,5154.87,0 93 398 227 234 213 190 251 175 390 18 103 155 83 378 31 304 0,
PFG_MOEA,1724,8,369.23,5154.87,0 48 192 330 238 129 148 260 391 0,
PFG_MOEA,1724,9,369.23,5154.87,0 268 272 30 65 283 326 305 154 204 6 208 205 166 66 271 39 0,272
PFG_MOEA,1724,10,369.23,5154.87,0 124 126 20 64 189 158 220 241 297 62 110 140 286 317 333 180 7 56 217 55 25 367 170 361 209 71 97 33 0,
PFG_MOEA,1724,11,369.23,5154.87,0 15 16 380 369 168 203 338 202 306 370 342 144 176 27 98 78 196 296 347 332 324 147 211 244 223 210 45 348 353 153 278 87 171 75 328 248 258 376 368 290 343 54 46 224 225 232 179 287 10 383 382 41 344 349 243 117 178 82 125 9 47 150 216 360 335 0,47 87 353
PFG_MOEA,1724,12,369.23,5154.87,0 207 307 313 359 365 253 206 187 100 310 104 282 143 79 160 50 60 257 270 379 195 5 309 280 351 237 256 274 49 198 163 138 336 252 236 381 23 128 119 2 89 12 61 0,
PFG_MOEA,1725,1,337.93,5308.22,0 187 206 253 313 359 365 0,
PFG_MOEA,1725,2,337.93,5308.22,0 207 307 198 280 351 256 237 101 53 293 133 331 285 392 95 222 163 138 336 252 236 128 119 2 89 12 61 0,133 222
PFG_MOEA,1725,3,337.93,5308.22,0 323 363 352 194 275 277 102 100 49 274 122 239 276 32 40 295 23 381 90 0,
PFG_MOEA,1725,4,337.93,5308.22,0 22 115 245 396 240 385 288 177 181 358 337 384 111 116 76 113 81 29 131 84 281 118 185 214 0,
PFG_MOEA,1725,5,337.93,5308.22,0 334 26 298 371 219 341 134 186 105 355 325 114 389 162 159 74 279 91 24 212 375 284 14 184 318 70 292 263 8 373 169 108 72 52 130 44 386 362 201 312 0,284
PFG_MOEA,1725,6,337.93,5308.22,0 399 172 182 397 36 11 92 86 141 266 303 357 319 199 228 267 366 289 231 34 58 68 161 235 35 249 88 135 233 156 94 230 57 127 109 59 137 136 273 77 151 218 197 388 261 106 173 302 107 164 67 294 226 19 13 80 38 0,
PFG_MOEA,1725,7,337.93,5308.22,0 374 350 311 4 314 193 340 299 321 269 120 142 37 51 145 123 146 121 322 339 132 174 320 364 393 3 229 308 356 264 259 246 42 1 255 247 152 191 112 329 300 165 200 221 242 96 0,132 264 340 393
PFG_MOEA,1725,8,337.93,5308.22,0 28 250 262 400 395 345 377 394 188 301 372 21 167 291 139 149 157 63 316 387 327 17 43 85 215 73 254 183 354 69 265 346 315 99 175 251 190 0,
PFG_MOEA,1725,9,337.93,5308.22,0 304 192 330 238 129 378 83 155 103 18 390 213 234 227 398 140 110 241 62 297 65 283 326 305 154 204 6 208 205 166 66 93 30 272 268 39 271 391 260 148 48 31 0,65 391
PFG_MOEA,1725,10,337.93,5308.22,0 33 71 225 97 232 209 361 170 367 25 55 217 56 7 317 286 333 180 220 158 189 64 20 126 124 224 10 287 179 0,
PFG_MOEA,1725,11,337.93,5308.22,0 15 168 203 369 16 380 335 360 216 150 9 47 125 309 5 195 379 270 210 45 348 353 153 278 87 171 75 328 248 54 46 383 382 344 349 243 117 178 82 41 0,82 87 195 353
PFG_MOEA,1725,12,337.93,5308.22,0 338 202 306 370 342 144 176 27 98 78 196 296 347 332 147 324 211 244 223 104 310 282 143 79 160 50 60 257 258 376 368 290 343 0,290
PFG_MOEA,1726,1,319.42,5478.6,0 222 0,
PFG_MOEA,1726,2,319.42,5478.6,0 95 101 323 363 352 102 277 275 194 53 293 133 331 285 392 115 245 396 240 385 288 177 181 358 337 384 111 116 76 113 81 29 325 131 84 355 114 389 279 74 159 162 371 219 341 22 134 186 105 298 334 26 281 0,105
PFG_MOEA,1726,3,319.42,5478.6,0 118 91 284 184 14 375 212 24 0,375
PFG_MOEA,1726,4,319.42,5478.6,0 399 397 36 11 92 199 86 141 266 319 357 303 289 366 267 228 8 263 292 70 318 373 169 108 72 52 130 44 386 362 201 312 67 164 107 302 173 106 261 388 197 218 151 77 273 136 182 172 0,86 197 318 362
PFG_MOEA,1726,5,319.42,5478.6,0 38 80 13 19 226 57 127 109 59 137 123 145 51 132 142 120 269 321 299 37 340 193 314 4 350 311 156 233 135 88 249 35 235 161 68 58 34 231 94 230 374 0,
PFG_MOEA,1726,6,319.42,5478.6,0 96 242 200 191 112 165 322 339 174 393 3 229 364 320 294 121 146 300 329 152 221 0,200 393
PFG_MOEA,1726,7,319.42,5478.6,0 93 85 247 28 246 259 308 264 356 345 377 395 400 42 250 255 1 262 63 157 291 167 21 372 301 188 394 139 149 316 387 327 17 43 73 215 254 183 354 69 265 346 315 99 390 175 251 190 18 213 234 227 398 0,
PFG_MOEA,1726,8,319.42,5478.6,0 304 31 48 330 192 129 238 148 260 391 271 66 166 205 208 6 204 154 305 326 283 65 62 297 241 158 189 220 110 140 103 155 83 378 124 126 20 64 30 272 268 39 0,62 205 220 391
PFG_MOEA,1726,9,319.42,5478.6,0 7 180 333 286 317 56 217 55 0,
PFG_MOEA,1726,10,319.42,5478.6,0 15 16 380 369 168 203 338 202 306 370 342 144 176 27 98 78 196 296 347 332 324 147 211 244 223 210 45 348 353 153 278 87 171 75 328 248 258 376 368 290 343 54 46 209 361 170 367 25 232 179 224 225 97 71 33 0,16 353 370
PFG_MOEA,1726,11,319.42,5478.6,0 365 253 206 61 89 2 119 128 216 336 138 163 150 47 125 9 100 282 310 104 143 79 160 50 60 257 270 379 195 5 309 280 351 237 256 287 10 383 382 344 349 243 117 178 82 41 0,47 138 178 206 243
PFG_MOEA,1726,12,319.42,5478.6,0 335 187 359 313 360 207 307 198 49 274 122 239 276 32 40 295 23 381 236 252 90 12 214 185 0,
PFG_MOEA,1727,1,312.87,5623.42,0 216 98 370 342 144 176 27 78 196 296 347 332 147 324 211 244 223 104 310 282 79 160 50 379 195 5 309 143 150 47 9 125 0,
PFG_MOEA,1727,2,312.87,5623.42,0 117 243 344 349 343 290 368 376 258 248 328 75 348 353 171 87 278 153 45 210 257 60 270 237 256 274 49 198 222 138 336 239 276 32 177 181 358 337 384 111 116 76 23 381 90 12 0,290 336 353
PFG_MOEA,1727,3,312.87,5623.42,0 22 118 185 214 2 119 128 236 252 40 295 122 392 285 331 133 293 53 101 352 363 323 194 275 277 102 100 351 280 95 163 61 89 207 307 313 359 253 365 0,307
PFG_MOEA,1727,4,312.87,5623.42,0 206 187 0,
PFG_MOEA,1727,5,312.87,5623.42,0 281 26 334 298 219 371 341 134 186 105 115 245 396 240 385 288 113 81 29 325 355 131 84 114 389 162 159 74 279 91 0,341
PFG_MOEA,1727,6,312.87,5623.42,0 80 13 19 226 57 127 109 59 137 136 273 77 151 218 197 388 261 106 173 302 107 164 67 312 201 362 386 44 130 52 72 108 169 373 8 263 292 70 318 184 14 284 375 212 24 303 357 319 182 172 38 0,318 362
PFG_MOEA,1727,7,312.87,5623.42,0 266 141 86 199 228 267 366 289 231 34 58 68 161 235 35 249 88 135 233 156 94 230 374 92 0,
PFG_MOEA,1727,8,312.87,5623.42,0 399 397 36 11 350 311 4 314 193 340 299 321 269 120 142 37 51 123 145 132 339 322 121 146 294 174 320 364 393 3 229 308 356 264 259 246 42 300 329 112 191 165 200 221 242 96 0,51 145 174 264 329
PFG_MOEA,1727,9,312.87,5623.42,0 152 247 28 250 345 377 395 400 394 188 301 372 167 21 139 291 262 1 255 0,
PFG_MOEA,1727,10,312.87,5623.42,0 85 215 73 43 17 327 387 316 149 157 63 354 183 254 69 265 346 315 99 175 251 190 390 18 103 155 83 378 0,175 390
PFG_MOEA,1727,11,312.87,5623.42,0 304 31 48 192 330 129 238 148 260 383 10 224 391 271 39 46 93 398 227 234 213 179 232 225 97 71 33 382 0,
PFG_MOEA,1727,12,312.87,5623.42,0 209 361 170 367 25 55 217 56 7 124 126 20 64 189 158 220 180 333 317 286 140 110 241 62 297 65 283 326 305 154 204 6 208 205 166 66 30 272 268 54 287 178 82 41 335 360 380 369 203 338 202 306 168 15 16 0,7 166 203 361
PFG_MOEA,1728,1,350.97,5291.61,0 22 118 185 214 2 119 252 236 128 381 23 40 32 295 239 122 392 285 331 133 293 53 101 352 363 323 194 275 277 102 100 274 256 237 351 280 376 368 290 343 349 344 243 117 0,23 293 352
PFG_MOEA,1728,2,350.97,5291.61,0 365 359 313 307 207 89 61 163 95 206 253 187 281 26 334 298 219 371 341 134 186 105 115 245 396 240 385 288 177 181 358 337 384 111 116 76 113 81 29 325 355 131 84 114 389 162 159 279 74 284 70 318 184 14 375 212 24 91 0,
PFG_MOEA,1728,3,350.97,5291.61,0 292 263 8 373 169 108 72 52 130 44 386 362 201 312 67 164 107 302 173 106 261 388 197 218 151 77 273 136 137 59 109 0,362 388
PFG_MOEA,1728,4,350.97,5291.61,0 38 80 13 19 226 57 127 68 161 58 34 231 289 366 267 228 199 86 141 266 357 303 319 182 172 0,182
PFG_MOEA,1728,5,350.97,5291.61,0 397 36 11 92 374 350 311 4 314 193 230 94 156 35 88 249 235 135 233 340 299 321 269 120 142 37 51 0,
PFG_MOEA,1728,6,350.97,5291.61,0 399 96 242 200 165 112 329 300 123 145 322 121 146 294 339 132 174 320 364 393 3 229 308 356 264 259 246 28 250 42 262 1 255 247 152 191 221 0,152 174 200 229 246
PFG_MOEA,1728,7,350.97,5291.61,0 345 377 395 400 394 188 301 372 21 167 291 139 149 157 63 316 387 327 17 43 85 215 73 254 183 354 69 265 346 315 99 175 251 190 390 18 103 155 213 234 83 378 0,
PFG_MOEA,1728,8,350.97,5291.61,0 224 93 398 227 71 97 225 232 179 0,
PFG_MOEA,1728,9,350.97,5291.61,0 304 31 48 192 330 129 238 148 33 209 361 170 367 25 55 217 56 7 124 126 20 64 189 158 220 180 333 317 286 140 110 241 62 297 65 283 326 305 154 204 6 208 205 166 66 30 272 268 54 46 39 271 391 10 287 383 382 260 16 369 380 0,39
PFG_MOEA,1728,10,350.97,5291.61,0 15 168 203 178 82 41 0,
PFG_MOEA,1728,11,350.97,5291.61,0 335 0,
PFG_MOEA,1728,12,350.97,5291.61,0 360 90 216 336 47 9 125 198 49 309 5 258 248 328 75 348 353 171 87 278 153 45 379 195 210 257 270 60 50 160 79 143 282 310 104 223 244 211 324 147 222 150 138 276 332 347 296 196 78 98 27 176 144 342 370 306 202 338 12 0,223 370
PFG_MOEA,1729,1,748.42,4875.65,0 399 38 80 96 242 221 226 19 13 172 182 319 303 357 266 141 86 199 228 267 366 289 231 34 58 68 161 235 35 249 88 135 233 156 94 230 374 92 11 36 397 350 311 4 314 193 340 299 321 269 37 142 120 132 339 51 145 123 300 329 112 165 200 191 152 57 127 109 59 137 136 247 255 1 262 42 250 28 273 77 151 146 121 322 294 174 320 364 393 3 106 261 388 229 218 197 246 259 308 264 356 345 377 395 400 394 188 301 372 21 167 291 139 149 157 63 316 387 327 17 43 85 215 73 254 183 354 69 265 346 315 99 175 251 190 390 18 103 155 83 378 213 234 227 0,1 94 174 314 340 390 395
PFG_MOEA,1729,2,748.42,4875.65,0 260 224 93 398 71 33 148 0,
PFG_MOEA,1729,3,748.42,4875.65,0 304 31 192 330 129 238 48 382 383 10 391 271 39 30 272 268 54 46 0,
PFG_MOEA,1729,4,748.42,4875.65,0 15 168 203 369 380 16 41 82 178 209 361 170 367 25 55 217 56 7 124 126 20 64 189 158 220 180 333 317 286 140 110 241 62 297 65 283 326 305 154 204 6 208 205 166 66 335 0,65 220 361
PFG_MOEA,1729,5,748.42,4875.65,0 12 90 381 216 47 125 9 150 360 117 243 349 344 287 97 225 232 179 343 290 368 376 258 248 328 75 348 353 171 87 278 153 45 210 257 270 60 50 160 79 379 195 5 309 143 282 310 104 223 244 211 324 147 347 332 331 285 296 196 78 392 98 115 245 27 176 144 342 240 370 396 385 288 306 177 181 358 337 384 111 116 76 113 81 29 325 355 131 84 338 202 114 389 22 0,176 210 370
PFG_MOEA,1729,6,748.42,4875.65,0 23 32 276 239 336 138 222 49 274 198 0,
PFG_MOEA,1729,7,748.42,4875.65,0 118 185 214 2 119 128 236 252 40 295 122 133 293 53 101 352 363 323 194 275 277 102 100 237 280 351 256 95 163 61 89 207 307 313 0,133 323
PFG_MOEA,1729,8,748.42,4875.65,0 365 359 253 206 0,
PFG_MOEA,1729,9,748.42,4875.65,0 187 0,
PFG_MOEA,1729,10,748.42,4875.65,0 281 26 334 298 341 105 186 134 162 371 219 0,
PFG_MOEA,1729,11,748.42,4875.65,0 159 279 74 284 184 318 70 292 14 375 212 24 91 0,375
PFG_MOEA,1729,12,748.42,4875.65,0 263 8 373 169 108 72 52 130 44 386 107 164 173 302 67 312 201 362 0,386
PFG_MOEA,1730,1,404.27,5140.48,0 89 90 381 23 295 32 276 40 45 353 348 171 87 153 278 210 379 195 270 257 60 50 160 79 143 282 310 104 223 244 211 324 147 163 53 347 332 133 331 296 293 196 78 245 98 115 27 176 144 342 240 370 396 385 288 306 177 181 358 337 384 111 116 76 113 81 29 202 338 22 118 185 214 0,177 223 245 379
PFG_MOEA,1730,2,404.27,5140.48,0 281 105 26 334 298 219 371 341 134 186 84 131 325 355 114 389 162 159 74 279 91 24 212 375 284 14 184 318 70 292 263 8 373 169 108 72 52 130 44 386 362 0,134 362
PFG_MOEA,1730,3,404.27,5140.48,0 57 127 109 59 137 136 273 77 151 218 197 388 261 106 173 302 107 164 67 312 201 0,
PFG_MOEA,1730,4,404.27,5140.48,0 38 80 13 19 226 182 172 303 357 319 266 141 86 233 135 88 249 35 235 161 68 58 34 231 289 366 267 228 199 11 36 397 399 0,266
PFG_MOEA,1730,5,404.27,5140.48,0 92 156 94 230 374 350 311 4 314 193 340 299 321 269 37 142 120 132 339 51 145 123 322 121 146 294 174 320 364 393 3 229 308 356 264 259 246 42 247 152 191 112 329 300 165 200 221 242 96 0,299 329
PFG_MOEA,1730,6,404.27,5140.48,0 255 1 262 377 345 250 28 0,
PFG_MOEA,1730,7,404.27,5140.48,0 395 400 394 188 301 372 21 167 291 139 149 0,
PFG_MOEA,1730,8,404.27,5140.48,0 304 31 48 148 129 238 330 192 85 215 73 43 17 327 387 316 63 157 354 183 254 69 265 346 315 99 175 251 190 390 18 103 155 83 378 213 234 227 398 93 260 0,93
PFG_MOEA,1730,9,404.27,5140.48,0 391 271 0,
PFG_MOEA,1730,10,404.27,5140.48,0 39 268 272 30 66 166 205 208 6 204 154 305 326 283 65 297 62 241 110 140 286 0,
PFG_MOEA,1730,11,404.27,5140.48,0 15 168 203 369 380 16 82 178 117 243 349 344 46 54 124 126 20 64 189 158 220 180 317 333 7 56 217 55 25 367 170 361 209 33 71 225 97 232 179 287 224 10 383 382 0,16
PFG_MOEA,1730,12,404.27,5140.48,0 335 360 365 253 206 359 313 307 207 61 12 2 119 128 236 252 216 336 138 239 122 392 285 194 275 277 352 363 323 101 95 222 150 9 47 125 198 100 102 49 274 256 237 351 280 309 5 75 328 248 258 376 368 290 343 187 41 0,100 206
PFG_MOEA,1731,1,759.34,4800.0,0 219 341 105 389 114 84 131 355 325 29 81 113 76 116 111 384 337 358 181 177 288 385 240 396 245 115 392 285 331 133 293 53 163 150 9 125 47 216 89 61 206 253 365 0,245
PFG_MOEA,1731,2,759.34,4800.0,0 22 134 186 162 159 279 74 284 184 318 70 292 263 8 373 169 108 14 375 212 24 91 0,318
PFG_MOEA,1731,3,759.34,4800.0,0 304 31 48 148 260 224 71 33 129 238 330 192 200 165 112 191 152 127 57 109 59 137 273 136 247 17 43 85 215 73 254 69 354 183 327 387 157 149 188 394 316 63 262 1 255 250 28 42 400 395 377 345 356 264 259 246 308 229 197 218 151 77 107 164 67 302 388 3 106 173 261 320 364 393 312 201 362 329 300 123 51 145 322 121 146 294 174 339 132 120 142 37 269 321 299 340 233 135 88 249 35 161 235 68 58 34 386 231 289 366 267 228 44 130 52 72 303 357 319 266 141 86 92 199 156 94 230 311 374 11 36 397 350 4 314 193 182 172 13 19 226 221 242 96 80 38 0,33 106 174 200 303 311 394
PFG_MOEA,1731,4,759.34,4800.0,0 378 83 155 103 18 190 251 175 99 315 346 372 301 167 21 139 291 265 390 234 0,
PFG_MOEA,1731,5,759.34,4800.0,0 179 391 271 39 30 272 268 46 54 93 398 227 213 232 0,391
PFG_MOEA,1731,6,759.34,4800.0,0 225 0,
PFG_MOEA,1731,7,759.34,4800.0,0 97 209 361 170 367 0,
PFG_MOEA,1731,8,759.34,4800.0,0 399 15 168 203 338 202 306 370 342 144 176 27 98 78 196 369 380 16 41 82 178 117 243 344 349 66 343 290 368 376 258 248 328 75 348 353 45 210 278 153 171 87 6 208 205 166 158 189 220 241 62 297 65 283 204 154 305 326 110 140 180 333 317 286 25 55 217 56 7 124 126 20 64 287 10 383 382 0,62 66 205 220 342
PFG_MOEA,1731,9,759.34,4800.0,0 2 119 128 295 40 32 276 239 122 296 332 347 138 336 222 95 101 194 147 324 275 323 363 352 277 102 223 244 211 104 310 100 282 143 79 160 50 60 257 270 379 195 5 309 280 351 237 256 274 49 198 252 236 0,
PFG_MOEA,1731,10,759.34,4800.0,0 381 23 90 12 207 307 0,
PFG_MOEA,1731,11,759.34,4800.0,0 335 187 359 313 360 214 0,
PFG_MOEA,1731,12,759.34,4800.0,0 185 118 281 26 334 298 371 0,
PFG_MOEA,1732,1,314.81,5596.11,0 12 90 128 236 252 336 276 138 222 198 49 274 256 237 351 280 309 5 290 343 313 207 0,222
PFG_MOEA,1732,2,314.81,5596.11,0 91 292 263 8 373 169 108 14 375 212 24 371 219 341 298 334 26 281 118 185 214 295 40 32 239 122 95 101 352 363 323 194 275 277 102 100 23 381 119 2 307 359 187 148 48 31 304 0,23
PFG_MOEA,1732,3,314.81,5596.11,0 260 224 71 33 127 152 191 112 165 200 129 238 330 192 0,33
PFG_MOEA,1732,4,314.81,5596.11,0 57 67 302 173 106 3 388 164 107 77 151 218 197 229 308 246 259 264 356 345 377 395 400 42 28 250 255 1 262 63 316 394 188 149 157 387 327 183 354 69 254 73 215 85 43 17 247 136 273 137 59 109 0,
PFG_MOEA,1732,5,314.81,5596.11,0 329 300 362 123 51 145 322 121 146 201 261 320 364 393 312 294 174 339 132 206 253 365 360 335 0,362 393
PFG_MOEA,1732,6,314.81,5596.11,0 61 358 181 177 288 385 240 396 245 115 392 285 331 133 293 53 163 150 9 125 47 216 89 0,
PFG_MOEA,1732,7,314.81,5596.11,0 80 13 19 226 35 161 235 58 34 386 231 289 366 267 228 44 130 52 72 318 70 184 284 74 279 159 162 389 114 355 325 384 337 111 116 76 113 81 29 131 84 105 186 134 22 0,
PFG_MOEA,1732,8,314.81,5596.11,0 38 96 242 221 172 182 397 350 311 4 314 193 230 94 156 374 36 11 92 319 357 303 266 141 86 199 68 135 88 249 233 340 299 321 269 120 142 37 301 21 139 291 167 372 346 315 99 175 251 0,182
PFG_MOEA,1732,9,314.81,5596.11,0 97 225 232 179 391 271 158 241 62 297 65 283 204 154 305 326 110 140 286 317 333 180 220 126 124 7 56 217 55 25 367 170 361 209 227 234 213 190 390 265 18 103 155 83 378 398 93 54 46 268 272 30 39 0,65 154
PFG_MOEA,1732,10,314.81,5596.11,0 399 15 16 380 41 82 178 117 243 344 349 20 189 64 166 205 208 6 87 171 153 278 210 353 258 376 368 66 287 10 383 382 0,243
PFG_MOEA,1732,11,314.81,5596.11,0 369 338 203 168 0,
PFG_MOEA,1732,12,314.81,5596.11,0 202 306 370 342 144 176 27 98 78 196 296 347 332 324 147 211 244 223 104 310 282 143 79 160 50 60 257 270 379 195 45 348 75 328 248 0,370
PFG_MOEA,1733,1,411.21,4974.5,0 12 90 381 23 32 276 239 336 138 222 198 49 274 256 237 351 280 252 236 128 119 2 0,23
PFG_MOEA,1733,2,411.21,4974.5,0 22 118 185 214 295 40 122 392 285 331 133 293 53 101 352 363 323 194 275 277 102 100 95 163 61 89 207 307 313 359 365 253 206 187 0,22 100
PFG_MOEA,1733,3,411.21,4974.5,0 115 0,
PFG_MOEA,1733,4,411.21,4974.5,0 245 396 240 385 288 177 181 358 337 384 111 116 76 113 81 29 325 355 0,
PFG_MOEA,1733,5,411.21,4974.5,0 281 26 334 298 341 134 186 131 84 114 389 105 219 371 162 159 74 279 91 24 212 375 284 14 184 318 70 292 263 8 373 169 108 72 52 130 44 386 362 201 312 67 164 107 302 173 106 261 388 197 218 151 77 273 136 137 59 109 127 57 226 19 13 80 0,77 106 284
PFG_MOEA,1733,6,411.21,4974.5,0 38 172 182 319 303 357 266 141 86 199 228 267 366 289 231 34 58 68 161 235 35 249 88 135 233 156 94 230 374 92 11 36 397 350 311 4 314 193 340 299 321 269 120 142 37 51 123 145 132 339 322 121 146 294 174 320 364 393 3 229 308 356 264 259 246 42 300 329 112 221 242 96 0,51 174 229 246 299
PFG_MOEA,1733,7,411.21,4974.5,0 399 200 165 191 152 247 255 1 262 250 28 345 377 395 400 394 188 301 372 21 167 291 139 149 157 63 316 387 327 17 43 85 215 73 254 183 354 69 265 346 315 99 175 251 190 390 18 103 155 83 378 213 234 227 398 93 224 179 232 225 97 71 33 260 148 238 129 330 192 48 31 304 0,93
PFG_MOEA,1733,8,411.21,4974.5,0 382 383 10 391 271 39 46 54 268 272 30 66 166 205 208 6 204 154 305 326 283 65 297 62 241 110 140 286 317 333 180 220 158 189 64 20 126 124 7 56 217 55 25 367 170 361 209 287 0,55 62 66 220
PFG_MOEA,1733,9,411.21,4974.5,0 380 0,
PFG_MOEA,1733,10,411.21,4974.5,0 16 369 15 0,
PFG_MOEA,1733,11,411.21,4974.5,0 168 203 178 82 41 0,178
PFG_MOEA,1733,12,411.21,4974.5,0 335 360 338 202 306 370 342 144 176 27 98 78 196 296 347 332 216 47 125 9 150 147 324 211 244 223 104 310 282 143 309 5 195 379 79 160 50 60 270 257 210 45 153 278 87 171 353 348 75 328 248 258 376 368 290 343 349 344 243 117 0,
PFG_MOEA,1734,1,312.55,5795.78,0 336 138 239 122 296 347 332 324 275 277 104 211 244 223 102 352 363 323 194 147 101 95 222 0,122 211 222 277
PFG_MOEA,1734,2,312.55,5795.78,0 335 360 207 307 313 359 187 100 310 282 143 79 160 50 60 257 270 379 195 5 309 280 351 237 256 274 49 198 252 236 381 23 90 12 214 185 118 281 26 334 298 371 72 52 130 44 386 80 0,5 307
PFG_MOEA,1734,3,312.55,5795.78,0 13 19 226 57 127 109 59 137 136 273 77 151 218 197 388 261 106 173 302 107 164 67 312 201 362 123 51 145 294 174 339 132 142 120 269 321 299 0,174
PFG_MOEA,1734,4,312.55,5795.78,0 340 233 135 88 249 35 235 161 68 58 34 231 289 366 267 228 141 266 303 357 319 86 199 156 94 0,303
PFG_MOEA,1734,5,312.55,5795.78,0 38 172 182 397 36 11 92 374 230 311 350 4 314 193 37 322 121 146 320 364 393 3 229 308 356 264 259 246 42 300 329 112 191 152 221 242 96 0,42 264
PFG_MOEA,1734,6,312.55,5795.78,0 200 165 129 0,
PFG_MOEA,1734,7,312.55,5795.78,0 304 330 395 400 394 188 301 372 21 167 291 139 149 157 63 316 387 17 43 33 71 224 260 0,
PFG_MOEA,1734,8,312.55,5795.78,0 399 247 28 250 345 377 262 1 255 327 254 73 215 85 93 179 232 225 97 148 238 192 48 31 0,93
PFG_MOEA,1734,9,312.55,5795.78,0 378 69 183 354 265 346 315 99 175 251 190 390 18 103 155 83 234 213 227 398 209 361 170 367 25 55 217 56 7 180 333 317 286 140 110 62 297 65 283 326 305 154 204 6 208 241 220 158 189 64 20 126 124 0,175
PFG_MOEA,1734,10,312.55,5795.78,0 287 382 383 10 268 272 30 66 166 205 271 39 391 53 293 133 331 285 392 115 245 396 240 385 288 177 181 358 337 384 111 116 76 113 81 29 325 355 131 84 114 389 105 341 219 0,
PFG_MOEA,1734,11,312.55,5795.78,0 91 24 212 375 14 108 169 373 8 263 292 70 318 184 284 74 279 159 162 22 134 186 89 216 47 125 9 150 163 61 365 253 206 46 54 0,
PFG_MOEA,1734,12,312.55,5795.78,0 41 82 178 117 243 344 349 343 290 368 376 258 248 328 75 171 87 153 278 210 45 353 348 2 119 128 295 40 32 276 196 78 98 27 176 144 342 370 306 202 338 203 168 369 380 16 15 0,16 87 203
PFG_MOEA,1735,1,389.39,5146.42,0 163 78 53 293 133 331 285 392 98 115 245 27 396 240 385 288 177 181 358 337 384 111 116 76 113 81 29 325 355 131 84 114 389 91 279 74 159 162 371 219 298 341 22 134 186 105 118 185 0,
PFG_MOEA,1735,2,389.39,5146.42,0 281 26 334 24 212 375 284 14 184 318 70 292 263 8 373 169 108 72 52 130 44 386 51 145 123 362 201 294 312 67 164 107 302 173 106 261 388 197 218 151 77 273 136 137 59 109 127 57 226 19 13 80 0,
PFG_MOEA,1735,3,389.39,5146.42,0 142 339 174 132 120 269 321 299 340 233 135 88 249 35 235 161 68 58 34 231 289 366 267 228 141 266 303 357 319 86 199 156 94 230 374 92 11 36 397 350 311 4 314 193 0,88
PFG_MOEA,1735,4,389.39,5146.42,0 182 172 38 0,
PFG_MOEA,1735,5,389.39,5146.42,0 37 322 121 146 320 364 393 3 229 308 356 264 259 246 42 300 329 112 152 191 165 200 221 242 96 0,152 264 329
PFG_MOEA,1735,6,389.39,5146.42,0 129 33 71 224 260 0,
PFG_MOEA,1735,7,389.39,5146.42,0 399 247 255 1 262 250 28 345 377 395 400 394 188 301 372 21 167 291 139 149 157 63 316 387 17 43 73 254 327 183 354 69 215 85 93 179 232 225 97 148 48 238 330 192 31 304 0,395
PFG_MOEA,1735,8,389.39,5146.42,0 16 15 168 203 369 380 391 271 39 268 272 30 66 166 205 208 6 204 154 305 326 283 65 297 62 241 110 140 286 317 333 180 220 158 189 64 20 126 124 7 56 217 55 25 367 170 361 209 398 227 234 213 190 251 175 99 315 346 265 390 18 103 155 83 378 54 46 287 10 383 382 41 0,7 16 20 103 272
PFG_MOEA,1735,9,389.39,5146.42,0 82 178 117 243 368 376 258 353 153 171 87 278 210 143 237 256 274 49 100 282 310 104 102 277 275 194 323 363 352 101 198 95 222 138 122 276 336 252 236 128 23 381 90 119 2 12 0,
PFG_MOEA,1735,10,389.39,5146.42,0 344 349 351 280 309 5 79 160 50 60 257 270 379 195 45 348 75 328 248 290 343 187 0,
PFG_MOEA,1735,11,389.39,5146.42,0 214 295 40 32 239 370 342 144 176 150 47 9 125 216 89 61 207 307 313 359 206 253 365 360 335 0,176
PFG_MOEA,1735,12,389.39,5146.42,0 338 202 306 196 296 347 332 324 147 211 244 223 0,
PFG_MOEA,1736,1,413.96,4915.5,0 187 206 253 365 359 313 307 207 61 12 89 2 119 128 236 252 336 138 163 222 95 198 351 280 237 256 274 49 100 102 277 275 194 323 363 352 101 53 293 133 331 285 392 122 239 276 32 40 295 23 381 90 113 81 29 76 116 111 384 337 358 181 177 288 385 240 396 245 115 22 118 185 214 0,245 381
PFG_MOEA,1736,2,413.96,4915.5,0 281 84 131 325 355 114 389 186 134 341 298 26 334 0,
PFG_MOEA,1736,3,413.96,4915.5,0 371 219 105 162 159 74 279 91 24 212 375 284 14 184 318 70 292 263 8 373 169 108 72 52 130 44 386 362 201 312 67 164 107 302 173 106 261 388 197 218 151 77 273 136 137 59 0,
PFG_MOEA,1736,4,413.96,4915.5,0 57 127 109 226 0,
PFG_MOEA,1736,5,413.96,4915.5,0 19 0,
PFG_MOEA,1736,6,413.96,4915.5,0 38 303 357 266 141 86 199 228 267 366 289 231 34 58 68 161 235 35 249 88 135 233 319 182 172 13 80 0,88
PFG_MOEA,1736,7,413.96,4915.5,0 399 397 36 11 92 156 94 230 374 350 311 4 314 193 340 299 321 269 120 142 37 51 123 145 132 339 322 121 146 294 174 320 364 393 3 229 308 356 264 259 246 42 300 329 112 191 165 200 221 242 96 0,11 340 374 393
PFG_MOEA,1736,8,413.96,4915.5,0 152 247 255 1 262 250 28 345 377 395 400 394 188 301 372 21 167 291 139 149 157 63 316 387 327 17 43 85 215 73 254 183 354 69 265 346 315 99 175 251 190 390 18 103 155 83 378 213 234 227 398 93 0,1 152 175 227
PFG_MOEA,1736,9,413.96,4915.5,0 304 31 48 192 330 238 129 148 260 391 271 39 268 272 30 66 166 205 208 6 204 154 305 326 283 65 297 62 241 110 140 286 317 333 180 220 158 189 64 20 126 124 7 56 217 55 25 367 170 361 209 71 33 97 225 232 179 224 0,55 391
PFG_MOEA,1736,10,413.96,4915.5,0 287 10 383 382 0,
PFG_MOEA,1736,11,413.96,4915.5,0 16 15 168 203 369 380 82 178 117 243 349 344 54 46 41 0,
PFG_MOEA,1736,12,413.96,4915.5,0 335 360 216 150 9 47 125 309 5 343 290 368 376 258 248 328 75 171 87 278 153 353 348 45 210 195 379 270 257 60 50 160 79 143 282 310 104 223 244 211 324 147 332 347 296 196 78 98 27 176 144 342 370 306 202 338 0,
PFG_MOEA,1737,1,320.55,5348.04,0 80 13 172 182 397 36 11 92 233 135 88 249 35 235 161 68 58 34 231 289 319 399 0,
PFG_MOEA,1737,2,320.55,5348.04,0 374 230 94 156 311 350 4 314 193 340 299 321 269 120 142 132 339 174 320 364 308 229 3 393 294 146 121 322 123 145 51 37 0,393
PFG_MOEA,1737,3,320.55,5348.04,0 96 242 221 200 165 112 329 300 191 152 247 255 1 262 42 250 28 246 259 264 356 345 377 395 400 394 188 301 372 21 167 291 139 149 157 63 316 387 327 17 43 85 215 73 254 183 354 69 265 346 315 99 175 251 190 0,215
PFG_MOEA,1737,4,320.55,5348.04,0 304 31 192 330 238 129 398 227 234 213 18 390 286 140 110 241 93 260 148 48 0,
PFG_MOEA,1737,5,320.55,5348.04,0 317 333 0,
PFG_MOEA,1737,6,320.55,5348.04,0 33 71 209 361 170 367 25 55 217 56 7 180 220 158 189 64 20 126 124 224 10 383 382 16 203 168 15 0,25
PFG_MOEA,1737,7,320.55,5348.04,0 380 369 335 360 216 150 9 47 125 309 5 195 379 270 210 45 348 353 153 278 87 171 75 328 248 258 376 368 290 343 54 46 344 349 243 117 178 82 41 0,
PFG_MOEA,1737,8,320.55,5348.04,0 338 202 306 370 342 144 176 27 98 78 196 296 347 332 147 324 211 244 223 104 310 282 143 79 160 50 60 257 6 204 154 305 326 283 62 297 65 208 205 166 66 30 272 268 0,66
PFG_MOEA,1737,9,320.55,5348.04,0 187 206 253 365 359 313 307 207 61 12 89 2 119 128 236 252 336 138 163 222 95 198 351 256 237 280 391 271 39 378 83 155 103 232 179 287 225 97 0,138 307
PFG_MOEA,1737,10,320.55,5348.04,0 22 389 114 84 131 325 355 29 81 113 76 116 111 384 337 358 181 177 288 385 240 396 245 115 392 285 331 133 293 53 101 352 363 323 194 275 277 102 100 49 274 122 239 276 32 40 295 23 381 90 214 185 281 118 0,323 331
PFG_MOEA,1737,11,320.55,5348.04,0 334 298 26 105 186 134 341 219 371 24 212 375 14 184 318 70 292 263 8 373 169 284 74 279 91 159 162 0,134
PFG_MOEA,1737,12,320.55,5348.04,0 38 19 226 57 127 109 59 137 136 273 77 151 218 197 388 261 106 173 302 107 164 67 312 201 362 366 267 228 386 44 130 52 72 108 303 357 266 141 86 199 0,106 386
PFG_MOEA,1738,1,270.73,5843.94,0 335 187 309 5 195 379 270 257 60 50 160 79 143 280 351 237 256 274 49 198 252 236 381 23 90 12 207 307 0,
PFG_MOEA,1738,2,270.73,5843.94,0 61 313 359 206 253 365 360 214 185 118 281 26 334 298 371 22 134 186 162 159 292 263 8 373 318 70 184 284 74 279 0,134 284 313 318
PFG_MOEA,1738,3,270.73,5843.94,0 91 169 108 14 375 212 24 192 330 238 129 200 165 112 191 152 127 57 109 59 137 273 136 247 17 43 85 215 33 71 224 260 148 48 31 304 0,33 200
PFG_MOEA,1738,4,270.73,5843.94,0 73 254 69 354 183 327 387 157 149 188 394 316 63 262 1 255 250 28 42 400 395 377 345 356 264 259 246 308 229 197 218 151 77 107 164 67 302 388 3 106 173 261 320 364 0,
PFG_MOEA,1738,5,270.73,5843.94,0 329 300 362 123 51 145 322 121 146 201 312 393 294 174 339 132 120 142 0,145 174
PFG_MOEA,1738,6,270.73,5843.94,0 37 269 321 299 340 219 341 105 84 131 29 81 113 76 116 111 181 358 337 384 325 355 114 389 0,341
PFG_MOEA,1738,7,270.73,5843.94,0 89 216 47 125 9 150 163 53 293 133 331 285 392 115 245 396 240 385 288 177 34 58 235 135 233 88 249 35 161 68 0,133 240
PFG_MOEA,1738,8,270.73,5843.94,0 172 182 193 314 4 350 397 36 11 374 311 230 94 156 199 92 86 319 266 141 289 231 386 366 267 228 44 130 52 72 303 357 13 19 226 221 242 96 0,141 386
PFG_MOEA,1738,9,270.73,5843.94,0 38 80 378 83 291 139 21 167 301 372 346 315 265 390 99 175 251 190 18 103 155 234 227 398 93 54 46 268 272 30 39 271 391 179 0,
PFG_MOEA,1738,10,270.73,5843.94,0 97 225 232 209 361 213 170 367 328 248 258 376 368 290 343 66 349 344 243 117 178 82 41 16 380 369 196 78 98 27 176 144 342 370 306 202 338 203 168 15 399 0,82 176 225
PFG_MOEA,1738,11,270.73,5843.94,0 287 64 166 205 75 348 353 45 210 278 153 171 87 6 208 158 189 220 241 62 297 65 283 204 154 305 326 110 140 180 333 317 286 25 55 217 56 7 124 126 20 10 0,65 126
PFG_MOEA,1738,12,270.73,5843.94,0 2 119 128 295 40 32 276 239 122 296 332 347 138 336 222 95 101 194 147 324 275 323 363 352 277 102 223 244 211 104 310 100 282 383 382 0,2
PFG_MOEA,1739,1,369.23,5154.87,0 90 295 40 32 276 239 122 222 95 101 323 363 352 102 277 275 194 53 293 133 331 285 392 115 245 396 240 385 288 177 181 358 337 384 111 116 76 113 81 29 325 131 84 355 114 389 279 74 159 162 371 219 341 22 134 186 105 298 334 26 281 118 185 214 0,40 240 245 331
PFG_MOEA,1739,2,369.23,5154.87,0 91 24 212 375 284 14 184 318 70 292 263 8 373 169 108 72 52 130 44 386 0,318
PFG_MOEA,1739,3,369.23,5154.87,0 362 201 312 67 164 107 302 173 106 261 388 197 218 151 77 273 136 0,106
PFG_MOEA,1739,4,369.23,5154.87,0 399 172 182 397 36 11 92 86 141 266 303 357 319 199 228 267 366 289 231 34 58 68 161 235 35 249 88 135 233 156 94 230 374 350 311 4 314 193 340 299 321 269 120 142 37 51 145 123 137 59 109 127 57 226 19 13 80 38 0,340
PFG_MOEA,1739,5,369.23,5154.87,0 132 339 322 0,
PFG_MOEA,1739,6,369.23,5154.87,0 96 242 221 200 165 112 191 152 329 300 121 146 294 174 320 364 393 3 229 308 259 246 264 356 345 377 395 400 42 250 28 247 255 1 262 63 157 291 167 21 372 301 188 394 139 149 316 387 327 17 43 85 215 73 254 183 354 69 265 346 315 99 0,1 200 393
PFG_MOEA,1739,7,369.23,5154.87,0 93 398 227 234 213 190 251 175 390 18 103 155 83 378 31 304 0,
PFG_MOEA,1739,8,369.23,5154.87,0 48 192 330 238 129 148 260 391 0,
PFG_MOEA,1739,9,369.23,5154.87,0 268 272 30 65 283 326 305 154 204 6 208 205 166 66 271 39 0,272
PFG_MOEA,1739,10,369.23,5154.87,0 124 126 20 64 189 158 220 241 297 62 110 140 286 317 333 180 7 56 217 55 25 367 170 361 209 71 97 33 0,
PFG_MOEA,1739,11,369.23,5154.87,0 15 16 380 369 168 203 338 202 306 370 342 144 176 27 98 78 196 296 347 332 324 147 211 244 223 210 45 348 353 153 278 87 171 75 328 248 258 376 368 290 343 54 46 224 225 232 179 287 10 383 382 41 344 349 243 117 178 82 125 9 47 150 216 360 335 0,47 87 353
PFG_MOEA,1739,12,369.23,5154.87,0 207 307 313 359 365 253 206 187 100 310 104 282 143 79 160 50 60 257 270 379 195 5 309 280 351 237 256 274 49 198 163 138 336 252 236 381 23 128 119 2 89 12 61 0,
PFG_MOEA,1740,1,337.93,5308.22,0 187 206 253 313 359 365 0,
PFG_MOEA,1740,2,337.93,5308.22,0 207 307 198 280 351 256 237 101 53 293 133 331 285 392 95 222 163 138 336 252 236 128 119 2 89 12 61 0,133 222
PFG_MOEA,1740,3,337.93,5308.22,0 323 363 352 194 275 277 102 100 49 274 122 239 276 32 40 295 23 381 90 0,
PFG_MOEA,1740,4,337.93,5308.22,0 22 115 245 396 240 385 288 177 181 358 337 384 111 116 76 113 81 29 131 84 281 118 185 214 0,
PFG_MOEA,1740,5,337.93,5308.22,0 334 26 298 371 219 341 134 186 105 355 325 114 389 162 159 74 279 91 24 212 375 284 14 184 318 70 292 263 8 373 169 108 72 52 130 44 386 362 201 312 0,284
PFG_MOEA,1740,6,337.93,5308.22,0 399 172 182 397 36 11 92 86 141 266 303 357 319 199 228 267 366 289 231 34 58 68 161 235 35 249 88 135 233 156 94 230 57 127 109 59 137 136 273 77 151 218 197 388 261 106 173 302 107 164 67 294 226 19 13 80 38 0,
PFG_MOEA,1740,7,337.93,5308.22,0 374 350 311 4 314 193 340 299 321 269 120 142 37 51 145 123 146 121 322 339 132 174 320 364 393 3 229 308 356 264 259 246 42 1 255 247 152 191 112 329 300 165 200 221 242 96 0,132 264 340 393
PFG_MOEA,1740,8,337.93,5308.22,0 28 250 262 400 395 345 377 394 188 301 372 21 167 291 139 149 157 63 316 387 327 17 43 85 215 73 254 183 354 69 265 346 315 99 175 251 190 0,
PFG_MOEA,1740,9,337.93,5308.22,0 304 192 330 238 129 378 83 155 103 18 390 213 234 227 398 140 110 241 62 297 65 283 326 305 154 204 6 208 205 166 66 93 30 272 268 39 271 391 260 148 48 31 0,65 391
PFG_MOEA,1740,10,337.93,5308.22,0 33 71 225 97 232 209 361 170 367 25 55 217 56 7 317 286 333 180 220 158 189 64 20 126 124 224 10 287 179 0,
PFG_MOEA,1740,11,337.93,5308.22,0 15 168 203 369 16 380 335 360 216 150 9 47 125 309 5 195 379 270 210 45 348 353 153 278 87 171 75 328 248 54 46 383 382 344 349 243 117 178 82 41 0,82 87 195 353
PFG_MOEA,1740,12,337.93,5308.22,0 338 202 306 370 342 144 176 27 98 78 196 296 347 332 147 324 211 244 223 104 310 282 143 79 160 50 60 257 258 376 368 290 343 0,290
PFG_MOEA,1741,1,319.42,5478.6,0 222 0,
PFG_MOEA,1741,2,319.42,5478.6,0 95 101 323 363 352 102 277 275 194 53 293 133 331 285 392 115 245 396 240 385 288 177 181 358 337 384 111 116 76 113 81 29 325 131 84 355 114 389 279 74 159 162 371 219 341 22 134 186 105 298 334 26 281 0,105
PFG_MOEA,1741,3,319.42,5478.6,0 118 91 284 184 14 375 212 24 0,375
PFG_MOEA,1741,4,319.42,5478.6,0 399 397 36 11 92 199 86 141 266 319 357 303 289 366 267 228 8 263 292 70 318 373 169 108 72 52 130 44 386 362 201 312 67 164 107 302 173 106 261 388 197 218 151 77 273 136 182 172 0,86 197 318 362
PFG_MOEA,1741,5,319.42,5478.6,0 38 80 13 19 226 57 127 109 59 137 123 145 51 132 142 120 269 321 299 37 340 193 314 4 350 311 156 233 135 88 249 35 235 161 68 58 34 231 94 230 374 0,
PFG_MOEA,1741,6,319.42,5478.6,0 96 242 200 191 112 165 322 339 174 393 3 229 364 320 294 121 146 300 329 152 221 0,200 393
PFG_MOEA,1741,7,319.42,5478.6,0 93 85 247 28 246 259 308 264 356 345 377 395 400 42 250 255 1 262 63 157 291 167 21 372 301 188 394 139 149 316 387 327 17 43 73 215 254 183 354 69 265 346 315 99 390 175 251 190 18 213 234 227 398 0,
PFG_MOEA,1741,8,319.42,5478.6,0 304 31 48 330 192 129 238 148 260 391 271 66 166 205 208 6 204 154 305 326 283 65 62 297 241 158 189 220 110 140 103 155 83 378 124 126 20 64 30 272 268 39 0,62 205 220 391
PFG_MOEA,1741,9,319.42,5478.6,0 7 180 333 286 317 56 217 55 0,
PFG_MOEA,1741,10,319.42,5478.6,0 15 16 380 369 168 203 338 202 306 370 342 144 176 27 98 78 196 296 347 332 324 147 211 244 223 210 45 348 353 153 278 87 171 75 328 248 258 376 368 290 343 54 46 209 361 170 367 25 232 179 224 225 97 71 33 0,16 353 370
PFG_MOEA,1741,11,319.42,5478.6,0 365 253 206 61 89 2 119 128 216 336 138 163 150 47 125 9 100 282 310 104 143 79 160 50 60 257 270 379 195 5 309 280 351 237 256 287 10 383 382 344 349 243 117 178 82 41 0,47 138 178 206 243
PFG_MOEA,1741,12,319.42,5478.6,0 335 187 359 313 360 207 307 198 49 274 122 239 276 32 40 295 23 381 236 252 90 12 214 185 0,
PFG_MOEA,1742,1,312.87,5623.42,0 216 98 370 342 144 176 27 78 196 296 347 332 147 324 211 244 223 104 310 282 79 160 50 379 195 5 309 143 150 47 9 125 0,
PFG_MOEA,1742,2,312.87,5623.42,0 117 243 344 349 343 290 368 376 258 248 328 75 348 353 171 87 278 153 45 210 257 60 270 237 256 274 49 198 222 138 336 239 276 32 177 181 358 337 384 111 116 76 23 381 90 12 0,290 336 353
PFG_MOEA,1742,3,312.87,5623.42,0 22 118 185 214 2 119 128 236 252 40 295 122 392 285 331 133 293 53 101 352 363 323 194 275 277 102 100 351 280 95 163 61 89 207 307 313 359 253 365 0,307
PFG_MOEA,1742,4,312.87,5623.42,0 206 187 0,
PFG_MOEA,1742,5,312.87,5623.42,0 281 26 334 298 219 371 341 134 186 105 115 245 396 240 385 288 113 81 29 325 355 131 84 114 389 162 159 74 279 91 0,341
PFG_MOEA,1742,6,312.87,5623.42,0 80 13 19 226 57 127 109 59 137 136 273 77 151 218 197 388 261 106 173 302 107 164 67 312 201 362 386 44 130 52 72 108 169 373 8 263 292 70 318 184 14 284 375 212 24 303 357 319 182 172 38 0,318 362
PFG_MOEA,1742,7,312.87,5623.42,0 266 141 86 199 228 267 366 289 231 34 58 68 161 235 35 249 88 135 233 156 94 230 374 92 0,
PFG_MOEA,1742,8,312.87,5623.42,0 399 397 36 11 350 311 4 314 193 340 299 321 269 120 142 37 51 123 145 132 339 322 121 146 294 174 320 364 393 3 229 308 356 264 259 246 42 300 329 112 191 165 200 221 242 96 0,51 145 174 264 329
PFG_MOEA,1742,9,312.87,5623.42,0 152 247 28 250 345 377 395 400 394 188 301 372 167 21 139 291 262 1 255 0,
PFG_MOEA,1742,10,312.87,5623.42,0 85 215 73 43 17 327 387 316 149 157 63 354 183 254 69 265 346 315 99 175 251 190 390 18 103 155 83 378 0,175 390
PFG_MOEA,1742,11,312.87,5623.42,0 304 31 48 192 330 129 238 148 260 383 10 224 391 271 39 46 93 398 227 234 213 179 232 225 97 71 33 382 0,
PFG_MOEA,1742,12,312.87,5623.42,0 209 361 170 367 25 55 217 56 7 124 126 20 64 189 158 220 180 333 317 286 140 110 241 62 297 65 283 326 305 154 204 6 208 205 166 66 30 272 268 54 287 178 82 41 335 360 380 369 203 338 202 306 168 15 16 0,7 166 203 361
PFG_MOEA,1743,1,350.97,5291.61,0 22 118 185 214 2 119 252 236 128 381 23 40 32 295 239 122 392 285 331 133 293 53 101 352 363 323 194 275 277 102 100 274 256 237 351 280 376 368 290 343 349 344 243 117 0,23 293 352
PFG_MOEA,1743,2,350.97,5291.61,0 365 359 313 307 207 89 61 163 95 206 253 187 281 26 334 298 219 371 341 134 186 105 115 245 396 240 385 288 177 181 358 337 384 111 116 76 113 81 29 325 355 131 84 114 389 162 159 279 74 284 70 318 184 14 375 212 24 91 0,
PFG_MOEA,1743,3,350.97,5291.61,0 292 263 8 373 169 108 72 52 130 44 386 362 201 312 67 164 107 302 173 106 261 388 197 218 151 77 273 136 137 59 109 0,362 388
PFG_MOEA,1743,4,350.97,5291.61,0 38 80 13 19 226 57 127 68 161 58 34 231 289 366 267 228 199 86 141 266 357 303 319 182 172 0,182
PFG_MOEA,1743,5,350.97,5291.61,0 397 36 11 92 374 350 311 4 314 193 230 94 156 35 88 249 235 135 233 340 299 321 269 120 142 37 51 0,
PFG_MOEA,1743,6,350.97,5291.61,0 399 96 242 200 165 112 329 300 123 145 322 121 146 294 339 132 174 320 364 393 3 229 308 356 264 259 246 28 250 42 262 1 255 247 152 191 221 0,152 174 200 229 246
PFG_MOEA,1743,7,350.97,5291.61,0 345 377 395 400 394 188 301 372 21 167 291 139 149 157 63 316 387 327 17 43 85 215 73 254 183 354 69 265 346 315 99 175 251 190 390 18 103 155 213 234 83 378 0,
PFG_MOEA,1743,8,350.97,5291.61,0 224 93 398 227 71 97 225 232 179 0,
PFG_MOEA,1743,9,350.97,5291.61,0 304 31 48 192 330 129 238 148 33 209 361 170 367 25 55 217 56 7 124 126 20 64 189 158 220 180 333 317 286 140 110 241 62 297 65 283 326 305 154 204 6 208 205 166 66 30 272 268 54 46 39 271 391 10 287 383 382 260 16 369 380 0,39
PFG_MOEA,1743,10,350.97,5291.61,0 15 168 203 178 82 41 0,
PFG_MOEA,1743,11,350.97,5291.61,0 335 0,
PFG_MOEA,1743,12,350.97,5291.61,0 360 90 216 336 47 9 125 198 49 309 5 258 248 328 75 348 353 171 87 278 153 45 379 195 210 257 270 60 50 160 79 143 282 310 104 223 244 211 324 147 222 150 138 276 332 347 296 196 78 98 27 176 144 342 370 306 202 338 12 0,223 370
PFG_MOEA,1744,1,748.42,4875.65,0 399 38 80 96 242 221 226 19 13 172 182 319 303 357 266 141 86 199 228 267 366 289 231 34 58 68 161 235 35 249 88 135 233 156 94 230 374 92 11 36 397 350 311 4 314 193 340 299 321 269 37 142 120 132 339 51 145 123 300 329 112 165 200 191 152 57 127 109 59 137 136 247 255 1 262 42 250 28 273 77 151 146 121 322 294 174 320 364 393 3 106 261 388 229 218 197 246 259 308 264 356 345 377 395 400 394 188 301 372 21 167 291 139 149 157 63 316 387 327 17 43 85 215 73 254 183 354 69 265 346 315 99 175 251 190 390 18 103 155 83 378 213 234 227 0,1 94 174 314 340 390 395
PFG_MOEA,1744,2,748.42,4875.65,0 260 224 93 398 71 33 148 0,
PFG_MOEA,1744,3,748.42,4875.65,0 304 31 192 330 129 238 48 382 383 10 391 271 39 30 272 268 54 46 0,
PFG_MOEA,1744,4,748.42,4875.65,0 15 168 203 369 380 16 41 82 178 209 361 170 367 25 55 217 56 7 124 126 20 64 189 158 220 180 333 317 286 140 110 241 62 297 65 283 326 305 154 204 6 208 205 166 66 335 0,65 220 361
PFG_MOEA,1744,5,748.42,4875.65,0 12 90 381 216 47 125 9 150 360 117 243 349 344 287 97 225 232 179 343 290 368 376 258 248 328 75 348 353 171 87 278 153 45 210 257 270 60 50 160 79 379 195 5 309 143 282 310 104 223 244 211 324 147 347 332 331 285 296 196 78 392 98 115 245 27 176 144 342 240 370 396 385 288 306 177 181 358 337 384 111 116 76 113 81 29 325 355 131 84 338 202 114 389 22 0,176 210 370
PFG_MOEA,1744,6,748.42,4875.65,0 23 32 276 239 336 138 222 49 274 198 0,
PFG_MOEA,1744,7,748.42,4875.65,0 118 185 214 2 119 128 236 252 40 295 122 133 293 53 101 352 363 323 194 275 277 102 100 237 280 351 256 95 163 61 89 207 307 313 0,133 323
PFG_MOEA,1744,8,748.42,4875.65,0 365 359 253 206 0,
PFG_MOEA,1744,9,748.42,4875.65,0 187 0,
PFG_MOEA,1744,10,748.42,4875.65,0 281 26 334 298 341 105 186 134 162 371 219 0,
PFG_MOEA,1744,11,748.42,4875.65,0 159 279 74 284 184 318 70 292 14 375 212 24 91 0,375
PFG_MOEA,1744,12,748.42,4875.65,0 263 8 373 169 108 72 52 130 44 386 107 164 173 302 67 312 201 362 0,386
PFG_MOEA,1745,1,404.27,5140.48,0 89 90 381 23 295 32 276 40 45 353 348 171 87 153 278 210 379 195 270 257 60 50 160 79 143 282 310 104 223 244 211 324 147 163 53 347 332 133 331 296 293 196 78 245 98 115 27 176 144 342 240 370 396 385 288 306 177 181 358 337 384 111 116 76 113 81 29 202 338 22 118 185 214 0,177 223 245 379
PFG_MOEA,1745,2,404.27,5140.48,0 281 105 26 334 298 219 371 341 134 186 84 131 325 355 114 389 162 159 74 279 91 24 212 375 284 14 184 318 70 292 263 8 373 169 108 72 52 130 44 386 362 0,134 362
PFG_MOEA,1745,3,404.27,5140.48,0 57 127 109 59 137 136 273 77 151 218 197 388 261 106 173 302 107 164 67 312 201 0,
PFG_MOEA,1745,4,404.27,5140.48,0 38 80 13 19 226 182 172 303 357 319 266 141 86 233 135 88 249 35 235 161 68 58 34 231 289 366 267 228 199 11 36 397 399 0,266
PFG_MOEA,1745,5,404.27,5140.48,0 92 156 94 230 374 350 311 4 314 193 340 299 321 269 37 142 120 132 339 51 145 123 322 121 146 294 174 320 364 393 3 229 308 356 264 259 246 42 247 152 191 112 329 300 165 200 221 242 96 0,299 329
PFG_MOEA,1745,6,404.27,5140.48,0 255 1 262 377 345 250 28 0,
PFG_MOEA,1745,7,404.27,5140.48,0 395 400 394 188 301 372 21 167 291 139 149 0,
PFG_MOEA,1745,8,404.27,5140.48,0 304 31 48 148 129 238 330 192 85 215 73 43 17 327 387 316 63 157 354 183 254 69 265 346 315 99 175 251 190 390 18 103 155 83 378 213 234 227 398 93 260 0,93
PFG_MOEA,1745,9,404.27,5140.48,0 391 271 0,
PFG_MOEA,1745,10,404.27,5140.48,0 39 268 272 30 66 166 205 208 6 204 154 305 326 283 65 297 62 241 110 140 286 0,
PFG_MOEA,1745,11,404.27,5140.48,0 15 168 203 369 380 16 82 178 117 243 349 344 46 54 124 126 20 64 189 158 220 180 317 333 7 56 217 55 25 367 170 361 209 33 71 225 97 232 179 287 224 10 383 382 0,16
PFG_MOEA,1745,12,404.27,5140.48,0 335 360 365 253 206 359 313 307 207 61 12 2 119 128 236 252 216 336 138 239 122 392 285 194 275 277 352 363 323 101 95 222 150 9 47 125 198 100 102 49 274 256 237 351 280 309 5 75 328 248 258 376 368 290 343 187 41 0,100 206
PFG_MOEA,1746,1,759.34,4800.0,0 219 341 105 389 114 84 131 355 325 29 81 113 76 116 111 384 337 358 181 177 288 385 240 396 245 115 392 285 331 133 293 53 163 150 9 125 47 216 89 61 206 253 365 0,245
PFG_MOEA,1746,2,759.34,4800.0,0 22 134 186 162 159 279 74 284 184 318 70 292 263 8 373 169 108 14 375 212 24 91 0,318
PFG_MOEA,1746,3,759.34,4800.0,0 304 31 48 148 260 224 71 33 129 238 330 192 200 165 112 191 152 127 57 109 59 137 273 136 247 17 43 85 215 73 254 69 354 183 327 387 157 149 188 394 316 63 262 1 255 250 28 42 400 395 377 345 356 264 259 246 308 229 197 218 151 77 107 164 67 302 388 3 106 173 261 320 364 393 312 201 362 329 300 123 51 145 322 121 146 294 174 339 132 120 142 37 269 321 299 340 233 135 88 249 35 161 235 68 58 34 386 231 289 366 267 228 44 130 52 72 303 357 319 266 141 86 92 199 156 94 230 311 374 11 36 397 350 4 314 193 182 172 13 19 226 221 242 96 80 38 0,33 106 174 200 303 311 394
PFG_MOEA,1746,4,759.34,4800.0,0 378 83 155 103 18 190 251 175 99 315 346 372 301 167 21 139 291 265 390 234 0,
PFG_MOEA,1746,5,759.34,4800.0,0 179 391 271 39 30 272 268 46 54 93 398 227 213 232 0,391
PFG_MOEA,1746,6,759.34,4800.0,0 225 0,
PFG_MOEA,1746,7,759.34,4800.0,0 97 209 361 170 367 0,
PFG_MOEA,1746,8,759.34,4800.0,0 399 15 168 203 338 202 306 370 342 144 176 27 98 78 196 369 380 16 41 82 178 117 243 344 349 66 343 290 368 376 258 248 328 75 348 353 45 210 278 153 171 87 6 208 205 166 158 189 220 241 62 297 65 283 204 154 305 326 110 140 180 333 317 286 25 55 217 56 7 124 126 20 64 287 10 383 382 0,62 66 205 220 342
PFG_MOEA,1746,9,759.34,4800.0,0 2 119 128 295 40 32 276 239 122 296 332 347 138 336 222 95 101 194 147 324 275 323 363 352 277 102 223 244 211 104 310 100 282 143 79 160 50 60 257 270 379 195 5 309 280 351 237 256 274 49 198 252 236 0,
PFG_MOEA,1746,10,759.34,4800.0,0 381 23 90 12 207 307 0,
PFG_MOEA,1746,11,759.34,4800.0,0 335 187 359 313 360 214 0,
PFG_MOEA,1746,12,759.34,4800.0,0 185 118 281 26 334 298 371 0,
PFG_MOEA,1747,1,314.81,5596.11,0 12 90 128 236 252 336 276 138 222 198 49 274 256 237 351 280 309 5 290 343 313 207 0,222
PFG_MOEA,1747,2,314.81,5596.11,0 91 292 263 8 373 169 108 14 375 212 24 371 219 341 298 334 26 281 118 185 214 295 40 32 239 122 95 101 352 363 323 194 275 277 102 100 23 381 119 2 307 359 187 148 48 31 304 0,23
PFG_MOEA,1747,3,314.81,5596.11,0 260 224 71 33 127 152 191 112 165 200 129 238 330 192 0,33
PFG_MOEA,1747,4,314.81,5596.11,0 57 67 302 173 106 3 388 164 107 77 151 218 197 229 308 246 259 264 356 345 377 395 400 42 28 250 255 1 262 63 316 394 188 149 157 387 327 183 354 69 254 73 215 85 43 17 247 136 273 137 59 109 0,
PFG_MOEA,1747,5,314.81,5596.11,0 329 300 362 123 51 145 322 121 146 201 261 320 364 393 312 294 174 339 132 206 253 365 360 335 0,362 393
PFG_MOEA,1747,6,314.81,5596.11,0 61 358 181 177 288 385 240 396 245 115 392 285 331 133 293 53 163 150 9 125 47 216 89 0,
PFG_MOEA,1747,7,314.81,5596.11,0 80 13 19 226 35 161 235 58 34 386 231 289 366 267 228 44 130 52 72 318 70 184 284 74 279 159 162 389 114 355 325 384 337 111 116 76 113 81 29 131 84 105 186 134 22 0,
PFG_MOEA,1747,8,314.81,5596.11,0 38 96 242 221 172 182 397 350 311 4 314 193 230 94 156 374 36 11 92 319 357 303 266 141 86 199 68 135 88 249 233 340 299 321 269 120 142 37 301 21 139 291 167 372 346 315 99 175 251 0,182
PFG_MOEA,1747,9,314.81,5596.11,0 97 225 232 179 391 271 158 241 62 297 65 283 204 154 305 326 110 140 286 317 333 180 220 126 124 7 56 217 55 25 367 170 361 209 227 234 213 190 390 265 18 103 155 83 378 398 93 54 46 268 272 30 39 0,65 154
PFG_MOEA,1747,10,314.81,5596.11,0 399 15 16 380 41 82 178 117 243 344 349 20 189 64 166 205 208 6 87 171 153 278 210 353 258 376 368 66 287 10 383 382 0,243
PFG_MOEA,1747,11,314.81,5596.11,0 369 338 203 168 0,
PFG_MOEA,1747,12,314.81,5596.11,0 202 306 370 342 144 176 27 98 78 196 296 347 332 324 147 211 244 223 104 310 282 143 79 160 50 60 257 270 379 195 45 348 75 328 248 0,370
PFG_MOEA,1748,1,411.21,4974.5,0 12 90 381 23 32 276 239 336 138 222 198 49 274 256 237 351 280 252 236 128 119 2 0,23
PFG_MOEA,1748,2,411.21,4974.5,0 22 118 185 214 295 40 122 392 285 331 133 293 53 101 352 363 323 194 275 277 102 100 95 163 61 89 207 307 313 359 365 253 206 187 0,22 100
PFG_MOEA,1748,3,411.21,4974.5,0 115 0,
PFG_MOEA,1748,4,411.21,4974.5,0 245 396 240 385 288 177 181 358 337 384 111 116 76 113 81 29 325 355 0,
PFG_MOEA,1748,5,411.21,4974.5,0 281 26 334 298 341 134 186 131 84 114 389 105 219 371 162 159 74 279 91 24 212 375 284 14 184 318 70 292 263 8 373 169 108 72 52 130 44 386 362 201 312 67 164 107 302 173 106 261 388 197 218 151 77 273 136 137 59 109 127 57 226 19 13 80 0,77 106 284
PFG_MOEA,1748,6,411.21,4974.5,0 38 172 182 319 303 357 266 141 86 199 228 267 366 289 231 34 58 68 161 235 35 249 88 135 233 156 94 230 374 92 11 36 397 350 311 4 314 193 340 299 321 269 120 142 37 51 123 145 132 339 322 121 146 294 174 320 364 393 3 229 308 356 264 259 246 42 300 329 112 221 242 96 0,51 174 229 246 299
PFG_MOEA,1748,7,411.21,4974.5,0 399 200 165 191 152 247 255 1 262 250 28 345 377 395 400 394 188 301 372 21 167 291 139 149 157 63 316 387 327 17 43 85 215 73 254 183 354 69 265 346 315 99 175 251 190 390 18 103 155 83 378 213 234 227 398 93 224 179 232 225 97 71 33 260 148 238 129 330 192 48 31 304 0,93
PFG_MOEA,1748,8,411.21,4974.5,0 382 383 10 391 271 39 46 54 268 272 30 66 166 205 208 6 204 154 305 326 283 65 297 62 241 110 140 286 317 333 180 220 158 189 64 20 126 124 7 56 217 55 25 367 170 361 209 287 0,55 62 66 220
PFG_MOEA,1748,9,411.21,4974.5,0 380 0,
PFG_MOEA,1748,10,411.21,4974.5,0 16 369 15 0,
PFG_MOEA,1748,11,411.21,4974.5,0 168 203 178 82 41 0,178
PFG_MOEA,1748,12,411.21,4974.5,0 335 360 338 202 306 370 342 144 176 27 98 78 196 296 347 332 216 47 125 9 150 147 324 211 244 223 104 310 282 143 309 5 195 379 79 160 50 60 270 257 210 45 153 278 87 171 353 348 75 328 248 258 376 368 290 343 349 344 243 117 0,
PFG_MOEA,1749,1,312.55,5795.78,0 336 138 239 122 296 347 332 324 275 277 104 211 244 223 102 352 363 323 194 147 101 95 222 0,122 211 222 277
PFG_MOEA,1749,2,312.55,5795.78,0 335 360 207 307 313 359 187 100 310 282 143 79 160 50 60 257 270 379 195 5 309 280 351 237 256 274 49 198 252 236 381 23 90 12 214 185 118 281 26 334 298 371 72 52 130 44 386 80 0,5 307
PFG_MOEA,1749,3,312.55,5795.78,0 13 19 226 57 127 109 59 137 136 273 77 151 218 197 388 261 106 173 302 107 164 67 312 201 362 123 51 145 294 174 339 132 142 120 269 321 299 0,174
PFG_MOEA,1749,4,312.55,5795.78,0 340 233 135 88 249 35 235 161 68 58 34 231 289 366 267 228 141 266 303 357 319 86 199 156 94 0,303
PFG_MOEA,1749,5,312.55,5795.78,0 38 172 182 397 36 11 92 374 230 311 350 4 314 193 37 322 121 146 320 364 393 3 229 308 356 264 259 246 42 300 329 112 191 152 221 242 96 0,42 264
PFG_MOEA,1749,6,312.55,5795.78,0 200 165 129 0,
PFG_MOEA,1749,7,312.55,5795.78,0 304 330 395 400 394 188 301 372 21 167 291 139 149 157 63 316 387 17 43 33 71 224 260 0,
PFG_MOEA,1749,8,312.55,5795.78,0 399 247 28 250 345 377 262 1 255 327 254 73 215 85 93 179 232 225 97 148 238 192 48 31 0,93
PFG_MOEA,1749,9,312.55,5795.78,0 378 69 183 354 265 346 315 99 175 251 190 390 18 103 155 83 234 213 227 398 209 361 170 367 25 55 217 56 7 180 333 317 286 140 110 62 297 65 283 326 305 154 204 6 208 241 220 158 189 64 20 126 124 0,175
PFG_MOEA,1749,10,312.55,5795.78,0 287 382 383 10 268 272 30 66 166 205 271 39 391 53 293 133 331 285 392 115 245 396 240 385 288 177 181 358 337 384 111 116 76 113 81 29 325 355 131 84 114 389 105 341 219 0,
PFG_MOEA,1749,11,312.55,5795.78,0 91 24 212 375 14 108 169 373 8 263 292 70 318 184 284 74 279 159 162 22 134 186 89 216 47 125 9 150 163 61 365 253 206 46 54 0,
PFG_MOEA,1749,12,312.55,5795.78,0 41 82 178 117 243 344 349 343 290 368 376 258 248 328 75 171 87 153 278 210 45 353 348 2 119 128 295 40 32 276 196 78 98 27 176 144 342 370 306 202 338 203 168 369 380 16 15 0,16 87 203
PFG_MOEA,1750,1,389.39,5146.42,0 163 78 53 293 133 331 285 392 98 115 245 27 396 240 385 288 177 181 358 337 384 111 116 76 113 81 29 325 355 131 84 114 389 91 279 74 159 162 371 219 298 341 22 134 186 105 118 185 0,
PFG_MOEA,1750,2,389.39,5146.42,0 281 26 334 24 212 375 284 14 184 318 70 292 263 8 373 169 108 72 52 130 44 386 51 145 123 362 201 294 312 67 164 107 302 173 106 261 388 197 218 151 77 273 136 137 59 109 127 57 226 19 13 80 0,
PFG_MOEA,1750,3,389.39,5146.42,0 142 339 174 132 120 269 321 299 340 233 135 88 249 35 235 161 68 58 34 231 289 366 267 228 141 266 303 357 319 86 199 156 94 230 374 92 11 36 397 350 311 4 314 193 0,88
PFG_MOEA,1750,4,389.39,5146.42,0 182 172 38 0,
PFG_MOEA,1750,5,389.39,5146.42,0 37 322 121 146 320 364 393 3 229 308 356 264 259 246 42 300 329 112 152 191 165 200 221 242 96 0,152 264 329
PFG_MOEA,1750,6,389.39,5146.42,0 129 33 71 224 260 0,
PFG_MOEA,1750,7,389.39,5146.42,0 399 247 255 1 262 250 28 345 377 395 400 394 188 301 372 21 167 291 139 149 157 63 316 387 17 43 73 254 327 183 354 69 215 85 93 179 232 225 97 148 48 238 330 192 31 304 0,395
PFG_MOEA,1750,8,389.39,5146.42,0 16 15 168 203 369 380 391 271 39 268 272 30 66 166 205 208 6 204 154 305 326 283 65 297 62 241 110 140 286 317 333 180 220 158 189 64 20 126 124 7 56 217 55 25 367 170 361 209 398 227 234 213 190 251 175 99 315 346 265 390 18 103 155 83 378 54 46 287 10 383 382 41 0,7 16 20 103 272
PFG_MOEA,1750,9,389.39,5146.42,0 82 178 117 243 368 376 258 353 153 171 87 278 210 143 237 256 274 49 100 282 310 104 102 277 275 194 323 363 352 101 198 95 222 138 122 276 336 252 236 128 23 381 90 119 2 12 0,
PFG_MOEA,1750,10,389.39,5146.42,0 344 349 351 280 309 5 79 160 50 60 257 270 379 195 45 348 75 328 248 290 343 187 0,
PFG_MOEA,1750,11,389.39,5146.42,0 214 295 40 32 239 370 342 144 176 150 47 9 125 216 89 61 207 307 313 359 206 253 365 360 335 0,176
PFG_MOEA,1750,12,389.39,5146.42,0 338 202 306 196 296 347 332 324 147 211 244 223 0,
PFG_MOEA,1751,1,413.96,4915.5,0 187 206 253 365 359 313 307 207 61 12 89 2 119 128 236 252 336 138 163 222 95 198 351 280 237 256 274 49 100 102 277 275 194 323 363 352 101 53 293 133 331 285 392 122 239 276 32 40 295 23 381 90 113 81 29 76 116 111 384 337 358 181 177 288 385 240 396 245 115 22 118 185 214 0,245 381
PFG_MOEA,1751,2,413.96,4915.5,0 281 84 131 325 355 114 389 186 134 341 298 26 334 0,
PFG_MOEA,1751,3,413.96,4915.5,0 371 219 105 162 159 74 279 91 24 212 375 284 14 184 318 70 292 263 8 373 169 108 72 52 130 44 386 362 201 312 67 164 107 302 173 106 261 388 197 218 151 77 273 136 137 59 0,
PFG_MOEA,1751,4,413.96,4915.5,0 57 127 109 226 0,
PFG_MOEA,1751,5,413.96,4915.5,0 19 0,
PFG_MOEA,1751,6,413.96,4915.5,0 38 303 357 266 141 86 199 228 267 366 289 231 34 58 68 161 235 35 249 88 135 233 319 182 172 13 80 0,88
PFG_MOEA,1751,7,413.96,4915.5,0 399 397 36 11 92 156 94 230 374 350 311 4 314 193 340 299 321 269 120 142 37 51 123 145 132 339 322 121 146 294 174 320 364 393 3 229 308 356 264 259 246 42 300 329 112 191 165 200 221 242 96 0,11 340 374 393
PFG_MOEA,1751,8,413.96,4915.5,0 152 247 255 1 262 250 28 345 377 395 400 394 188 301 372 21 167 291 139 149 157 63 316 387 327 17 43 85 215 73 254 183 354 69 265 346 315 99 175 251 190 390 18 103 155 83 378 213 234 227 398 93 0,1 152 175 227
PFG_MOEA,1751,9,413.96,4915.5,0 304 31 48 192 330 238 129 148 260 391 271 39 268 272 30 66 166 205 208 6 204 154 305 326 283 65 297 62 241 110 140 286 317 333 180 220 158 189 64 20 126 124 7 56 217 55 25 367 170 361 209 71 33 97 225 232 179 224 0,55 391
PFG_MOEA,1751,10,413.96,4915.5,0 287 10 383 382 0,
PFG_MOEA,1751,11,413.96,4915.5,0 16 15 168 203 369 380 82 178 117 243 349 344 54 46 41 0,
PFG_MOEA,1751,12,413.96,4915.5,0 335 360 216 150 9 47 125 309 5 343 290 368 376 258 248 328 75 171 87 278 153 353 348 45 210 195 379 270 257 60 50 160 79 143 282 310 104 223 244 211 324 147 332 347 296 196 78 98 27 176 144 342 370 306 202 338 0,
PFG_MOEA,1752,1,320.55,5348.04,0 80 13 172 182 397 36 11 92 233 135 88 249 35 235 161 68 58 34 231 289 319 399 0,
PFG_MOEA,1752,2,320.55,5348.04,0 374 230 94 156 311 350 4 314 193 340 299 321 269 120 142 132 339 174 320 364 308 229 3 393 294 146 121 322 123 145 51 37 0,393
PFG_MOEA,1752,3,320.55,5348.04,0 96 242 221 200 165 112 329 300 191 152 247 255 1 262 42 250 28 246 259 264 356 345 377 395 400 394 188 301 372 21 167 291 139 149 157 63 316 387 327 17 43 85 215 73 254 183 354 69 265 346 315 99 175 251 190 0,215
PFG_MOEA,1752,4,320.55,5348.04,0 304 31 192 330 238 129 398 227 234 213 18 390 286 140 110 241 93 260 148 48 0,
PFG_MOEA,1752,5,320.55,5348.04,0 317 333 0,
PFG_MOEA,1752,6,320.55,5348.04,0 33 71 209 361 170 367 25 55 217 56 7 180 220 158 189 64 20 126 124 224 10 383 382 16 203 168 15 0,25
PFG_MOEA,1752,7,320.55,5348.04,0 380 369 335 360 216 150 9 47 125 309 5 195 379 270 210 45 348 353 153 278 87 171 75 328 248 258 376 368 290 343 54 46 344 349 243 117 178 82 41 0,
PFG_MOEA,1752,8,320.55,5348.04,0 338 202 306 370 342 144 176 27 98 78 196 296 347 332 147 324 211 244 223 104 310 282 143 79 160 50 60 257 6 204 154 305 326 283 62 297 65 208 205 166 66 30 272 268 0,66
PFG_MOEA,1752,9,320.55,5348.04,0 187 206 253 365 359 313 307 207 61 12 89 2 119 128 236 252 336 138 163 222 95 198 351 256 237 280 391 271 39 378 83 155 103 232 179 287 225 97 0,138 307
PFG_MOEA,1752,10,320.55,5348.04,0 22 389 114 84 131 325 355 29 81 113 76 116 111 384 337 358 181 177 288 385 240 396 245 115 392 285 331 133 293 53 101 352 363 323 194 275 277 102 100 49 274 122 239 276 32 40 295 23 381 90 214 185 281 118 0,323 331
PFG_MOEA,1752,11,320.55,5348.04,0 334 298 26 105 186 134 341 219 371 24 212 375 14 184 318 70 292 263 8 373 169 284 74 279 91 159 162 0,134
PFG_MOEA,1752,12,320.55,5348.04,0 38 19 226 57 127 109 59 137 136 273 77 151 218 197 388 261 106 173 302 107 164 67 312 201 362 366 267 228 386 44 130 52 72 108 303 357 266 141 86 199 0,106 386
PFG_MOEA,1753,1,270.73,5843.94,0 335 187 309 5 195 379 270 257 60 50 160 79 143 280 351 237 256 274 49 198 252 236 381 23 90 12 207 307 0,
PFG_MOEA,1753,2,270.73,5843.94,0 61 313 359 206 253 365 360 214 185 118 281 26 334 298 371 22 134 186 162 159 292 263 8 373 318 70 184 284 74 279 0,134 284 313 318
PFG_MOEA,1753,3,270.73,5843.94,0 91 169 108 14 375 212 24 192 330 238 129 200 165 112 191 152 127 57 109 59 137 273 136 247 17 43 85 215 33 71 224 260 148 48 31 304 0,33 200
PFG_MOEA,1753,4,270.73,5843.94,0 73 254 69 354 183 327 387 157 149 188 394 316 63 262 1 255 250 28 42 400 395 377 345 356 264 259 246 308 229 197 218 151 77 107 164 67 302 388 3 106 173 261 320 364 0,
PFG_MOEA,1753,5,270.73,5843.94,0 329 300 362 123 51 145 322 121 146 201 312 393 294 174 339 132 120 142 0,145 174
PFG_MOEA,1753,6,270.73,5843.94,0 37 269 321 299 340 219 341 105 84 131 29 81 113 76 116 111 181 358 337 384 325 355 114 389 0,341
PFG_MOEA,1753,7,270.73,5843.94,0 89 216 47 125 9 150 163 53 293 133 331 285 392 115 245 396 240 385 288 177 34 58 235 135 233 88 249 35 161 68 0,133 240
PFG_MOEA,1753,8,270.73,5843.94,0 172 182 193 314 4 350 397 36 11 374 311 230 94 156 199 92 86 319 266 141 289 231 386 366 267 228 44 130 52 72 303 357 13 19 226 221 242 96 0,141 386
PFG_MOEA,1753,9,270.73,5843.94,0 38 80 378 83 291 139 21 167 301 372 346 315 265 390 99 175 251 190 18 103 155 234 227 398 93 54 46 268 272 30 39 271 391 179 0,
PFG_MOEA,1753,10,270.73,5843.94,0 97 225 232 209 361 213 170 367 328 248 258 376 368 290 343 66 349 344 243 117 178 82 41 16 380 369 196 78 98 27 176 144 342 370 306 202 338 203 168 15 399 0,82 176 225
PFG_MOEA,1753,11,270.73,5843.94,0 287 64 166 205 75 348 353 45 210 278 153 171 87 6 208 158 189 220 241 62 297 65 283 204 154 305 326 110 140 180 333 317 286 25 55 217 56 7 124 126 20 10 0,65 126
PFG_MOEA,1753,12,270.73,5843.94,0 2 119 128 295 40 32 276 239 122 296 332 347 138 336 222 95 101 194 147 324 275 323 363 352 277 102 223 244 211 104 310 100 282 383 382 0,2
PFG_MOEA,1754,1,369.23,5154.87,0 90 295 40 32 276 239 122 222 95 101 323 363 352 102 277 275 194 53 293 133 331 285 392 115 245 396 240 385 288 177 181 358 337 384 111 116 76 113 81 29 325 131 84 355 114 389 279 74 159 162 371 219 341 22 134 186 105 298 334 26 281 118 185 214 0,40 240 245 331
PFG_MOEA,1754,2,369.23,5154.87,0 91 24 212 375 284 14 184 318 70 292 263 8 373 169 108 72 52 130 44 386 0,318
PFG_MOEA,1754,3,369.23,5154.87,0 362 201 312 67 164 107 302 173 106 261 388 197 218 151 77 273 136 0,106
PFG_MOEA,1754,4,369.23,5154.87,0 399 172 182 397 36 11 92 86 141 266 303 357 319 199 228 267 366 289 231 34 58 68 161 235 35 249 88 135 233 156 94 230 374 350 311 4 314 193 340 299 321 269 120 142 37 51 145 123 137 59 109 127 57 226 19 13 80 38 0,340
PFG_MOEA,1754,5,369.23,5154.87,0 132 339 322 0,
PFG_MOEA,1754,6,369.23,5154.87,0 96 242 221 200 165 112 191 152 329 300 121 146 294 174 320 364 393 3 229 308 259 246 264 356 345 377 395 400 42 250 28 247 255 1 262 63 157 291 167 21 372 301 188 394 139 149 316 387 327 17 43 85 215 73 254 183 354 69 265 346 315 99 0,1 200 393
PFG_MOEA,1754,7,369.23,5154.87,0 93 398 227 234 213 190 251 175 390 18 103 155 83 378 31 304 0,
PFG_MOEA,1754,8,369.23,5154.87,0 48 192 330 238 129 148 260 391 0,
PFG_MOEA,1754,9,369.23,5154.87,0 268 272 30 65 283 326 305 154 204 6 208 205 166 66 271 39 0,272
PFG_MOEA,1754,10,369.23,5154.87,0 124 126 20 64 189 158 220 241 297 62 110 140 286 317 333 180 7 56 217 55 25 367 170 361 209 71 97 33 0,
PFG_MOEA,1754,11,369.23,5154.87,0 15 16 380 369 168 203 338 202 306 370 342 144 176 27 98 78 196 296 347 332 324 147 211 244 223 210 45 348 353 153 278 87 171 75 328 248 258 376 368 290 343 54 46 224 225 232 179 287 10 383 382 41 344 349 243 117 178 82 125 9 47 150 216 360 335 0,47 87 353
PFG_MOEA,1754,12,369.23,5154.87,0 207 307 313 359 365 253 206 187 100 310 104 282 143 79 160 50 60 257 270 379 195 5 309 280 351 237 256 274 49 198 163 138 336 252 236 381 23 128 119 2 89 12 61 0,
PFG_MOEA,1755,1,337.93,5308.22,0 187 206 253 313 359 365 0,
PFG_MOEA,1755,2,337.93,5308.22,0 207 307 198 280 351 256 237 101 53 293 133 331 285 392 95 222 163 138 336 252 236 128 119 2 89 12 61 0,133 222
PFG_MOEA,1755,3,337.93,5308.22,0 323 363 352 194 275 277 102 100 49 274 122 239 276 32 40 295 23 381 90 0,
PFG_MOEA,1755,4,337.93,5308.22,0 22 115 245 396 240 385 288 177 181 358 337 384 111 116 76 113 81 29 131 84 281 118 185 214 0,
PFG_MOEA,1755,5,337.93,5308.22,0 334 26 298 371 219 341 134 186 105 355 325 114 389 162 159 74 279 91 24 212 375 284 14 184 318 70 292 263 8 373 169 108 72 52 130 44 386 362 201 312 0,284
PFG_MOEA,1755,6,337.93,5308.22,0 399 172 182 397 36 11 92 86 141 266 303 357 319 199 228 267 366 289 231 34 58 68 161 235 35 249 88 135 233 156 94 230 57 127 109 59 137 136 273 77 151 218 197 388 261 106 173 302 107 164 67 294 226 19 13 80 38 0,
PFG_MOEA,1755,7,337.93,5308.22,0 374 350 311 4 314 193 340 299 321 269 120 142 37 51 145 123 146 121 322 339 132 174 320 364 393 3 229 308 356 264 259 246 42 1 255 247 152 191 112 329 300 165 200 221 242 96 0,132 264 340 393
PFG_MOEA,1755,8,337.93,5308.22,0 28 250 262 400 395 345 377 394 188 301 372 21 167 291 139 149 157 63 316 387 327 17 43 85 215 73 254 183 354 69 265 346 315 99 175 251 190 0,
PFG_MOEA,1755,9,337.93,5308.22,0 304 192 330 238 129 378 83 155 103 18 390 213 234 227 398 140 110 241 62 297 65 283 326 305 154 204 6 208 205 166 66 93 30 272 268 39 271 391 260 148 48 31 0,65 391
PFG_MOEA,1755,10,337.93,5308.22,0 33 71 225 97 232 209 361 170 367 25 55 217 56 7 317 286 333 180 220 158 189 64 20 126 124 224 10 287 179 0,
PFG_MOEA,1755,11,337.93,5308.22,0 15 168 203 369 16 380 335 360 216 150 9 47 125 309 5 195 379 270 210 45 348 353 153 278 87 171 75 328 248 54 46 383 382 344 349 243 117 178 82 41 0,82 87 195 353
PFG_MOEA,1755,12,337.93,5308.22,0 338 202 306 370 342 144 176 27 98 78 196 296 347 332 147 324 211 244 223 104 310 282 143 79 160 50 60 257 258 376 368 290 343 0,290
PFG_MOEA,1756,1,319.42,5478.6,0 222 0,
PFG_MOEA,1756,2,319.42,5478.6,0 95 101 323 363 352 102 277 275 194 53 293 133 331 285 392 115 245 396 240 385 288 177 181 358 337 384 111 116 76 113 81 29 325 131 84 355 114 389 279 74 159 162 371 219 341 22 134 186 105 298 334 26 281 0,105
PFG_MOEA,1756,3,319.42,5478.6,0 118 91 284 184 14 375 212 24 0,375
PFG_MOEA,1756,4,319.42,5478.6,0 399 397 36 11 92 199 86 141 266 319 357 303 289 366 267 228 8 263 292 70 318 373 169 108 72 52 130 44 386 362 201 312 67 164 107 302 173 106 261 388 197 218 151 77 273 136 182 172 0,86 197 318 362
PFG_MOEA,1756,5,319.42,5478.6,0 38 80 13 19 226 57 127 109 59 137 123 145 51 132 142 120 269 321 299 37 340 193 314 4 350 311 156 233 135 88 249 35 235 161 68 58 34 231 94 230 374 0,
PFG_MOEA,1756,6,319.42,5478.6,0 96 242 200 191 112 165 322 339 174 393 3 229 364 320 294 121 146 300 329 152 221 0,200 393
PFG_MOEA,1756,7,319.42,5478.6,0 93 85 247 28 246 259 308 264 356 345 377 395 400 42 250 255 1 262 63 157 291 167 21 372 301 188 394 139 149 316 387 327 17 43 73 215 254 183 354 69 265 346 315 99 390 175 251 190 18 213 234 227 398 0,
PFG_MOEA,1756,8,319.42,5478.6,0 304 31 48 330 192 129 238 148 260 391 271 66 166 205 208 6 204 154 305 326 283 65 62 297 241 158 189 220 110 140 103 155 83 378 124 126 20 64 30 272 268 39 0,62 205 220 391
PFG_MOEA,1756,9,319.42,5478.6,0 7 180 333 286 317 56 217 55 0,
PFG_MOEA,1756,10,319.42,5478.6,0 15 16 380 369 168 203 338 202 306 370 342 144 176 27 98 78 196 296 347 332 324 147 211 244 223 210 45 348 353 153 278 87 171 75 328 248 258 376 368 290 343 54 46 209 361 170 367 25 232 179 224 225 97 71 33 0,16 353 370
PFG_MOEA,1756,11,319.42,5478.6,0 365 253 206 61 89 2 119 128 216 336 138 163 150 47 125 9 100 282 310 104 143 79 160 50 60 257 270 379 195 5 309 280 351 237 256 287 10 383 382 344 349 243 117 178 82 41 0,47 138 178 206 243
PFG_MOEA,1756,12,319.42,5478.6,0 335 187 359 313 360 207 307 198 49 274 122 239 276 32 40 295 23 381 236 252 90 12 214 185 0,
PFG_MOEA,1757,1,312.87,5623.42,0 216 98 370 342 144 176 27 78 196 296 347 332 147 324 211 244 223 104 310 282 79 160 50 379 195 5 309 143 150 47 9 125 0,
PFG_MOEA,1757,2,312.87,5623.42,0 117 243 344 349 343 290 368 376 258 248 328 75 348 353 171 87 278 153 45 210 257 60 270 237 256 274 49 198 222 138 336 239 276 32 177 181 358 337 384 111 116 76 23 381 90 12 0,290 336 353
PFG_MOEA,1757,3,312.87,5623.42,0 22 118 185 214 2 119 128 236 252 40 295 122 392 285 331 133 293 53 101 352 363 323 194 275 277 102 100 351 280 95 163 61 89 207 307 313 359 253 365 0,307
PFG_MOEA,1757,4,312.87,5623.42,0 206 187 0,
PFG_MOEA,1757,5,312.87,5623.42,0 281 26 334 298 219 371 341 134 186 105 115 245 396 240 385 288 113 81 29 325 355 131 84 114 389 162 159 74 279 91 0,341
PFG_MOEA,1757,6,312.87,5623.42,0 80 13 19 226 57 127 109 59 137 136 273 77 151 218 197 388 261 106 173 302 107 164 67 312 201 362 386 44 130 52 72 108 169 373 8 263 292 70 318 184 14 284 375 212 24 303 357 319 182 172 38 0,318 362
PFG_MOEA,1757,7,312.87,5623.42,0 266 141 86 199 228 267 366 289 231 34 58 68 161 235 35 249 88 135 233 156 94 230 374 92 0,
PFG_MOEA,1757,8,312.87,5623.42,0 399 397 36 11 350 311 4 314 193 340 299 321 269 120 142 37 51 123 145 132 339 322 121 146 294 174 320 364 393 3 229 308 356 264 259 246 42 300 329 112 191 165 200 221 242 96 0,51 145 174 264 329
PFG_MOEA,1757,9,312.87,5623.42,0 152 247 28 250 345 377 395 400 394 188 301 372 167 21 139 291 262 1 255 0,
PFG_MOEA,1757,10,312.87,5623.42,0 85 215 73 43 17 327 387 316 149 157 63 354 183 254 69 265 346 315 99 175 251 190 390 18 103 155 83 378 0,175 390
PFG_MOEA,1757,11,312.87,5623.42,0 304 31 48 192 330 129 238 148 260 383 10 224 391 271 39 46 93 398 227 234 213 179 232 225 97 71 33 382 0,
PFG_MOEA,1757,12,312.87,5623.42,0 209 361 170 367 25 55 217 56 7 124 126 20 64 189 158 220 180 333 317 286 140 110 241 62 297 65 283 326 305 154 204 6 208 205 166 66 30 272 268 54 287 178 82 41 335 360 380 369 203 338 202 306 168 15 16 0,7 166 203 361
PFG_MOEA,1758,1,350.97,5291.61,0 22 118 185 214 2 119 252 236 128 381 23 40 32 295 239 122 392 285 331 133 293 53 101 352 363 323 194 275 277 102 100 274 256 237 351 280 376 368 290 343 349 344 243 117 0,23 293 352
PFG_MOEA,1758,2,350.97,5291.61,0 365 359 313 307 207 89 61 163 95 206 253 187 281 26 334 298 219 371 341 134 186 105 115 245 396 240 385 288 177 181 358 337 384 111 116 76 113 81 29 325 355 131 84 114 389 162 159 279 74 284 70 318 184 14 375 212 24 91 0,
PFG_MOEA,1758,3,350.97,5291.61,0 292 263 8 373 169 108 72 52 130 44 386 362 201 312 67 164 107 302 173 106 261 388 197 218 151 77 273 136 137 59 109 0,362 388
PFG_MOEA,1758,4,350.97,5291.61,0 38 80 13 19 226 57 127 68 161 58 34 231 289 366 267 228 199 86 141 266 357 303 319 182 172 0,182
PFG_MOEA,1758,5,350.97,5291.61,0 397 36 11 92 374 350 311 4 314 193 230 94 156 35 88 249 235 135 233 340 299 321 269 120 142 37 51 0,
PFG_MOEA,1758,6,350.97,5291.61,0 399 96 242 200 165 112 329 300 123 145 322 121 146 294 339 132 174 320 364 393 3 229 308 356 264 259 246 28 250 42 262 1 255 247 152 191 221 0,152 174 200 229 246
PFG_MOEA,1758,7,350.97,5291.61,0 345 377 395 400 394 188 301 372 21 167 291 139 149 157 63 316 387 327 17 43 85 215 73 254 183 354 69 265 346 315 99 175 251 190 390 18 103 155 213 234 83 378 0,
PFG_MOEA,1758,8,350.97,5291.61,0 224 93 398 227 71 97 225 232 179 0,
PFG_MOEA,1758,9,350.97,5291.61,0 304 31 48 192 330 129 238 148 33 209 361 170 367 25 55 217 56 7 124 126 20 64 189 158 220 180 333 317 286 140 110 241 62 297 65 283 326 305 154 204 6 208 205 166 66 30 272 268 54 46 39 271 391 10 287 383 382 260 16 369 380 0,39
PFG_MOEA,1758,10,350.97,5291.61,0 15 168 203 178 82 41 0,
PFG_MOEA,1758,11,350.97,5291.61,0 335 0,
PFG_MOEA,1758,12,350.97,5291.61,0 360 90 216 336 47 9 125 198 49 309 5 258 248 328 75 348 353 171 87 278 153 45 379 195 210 257 270 60 50 160 79 143 282 310 104 223 244 211 324 147 222 150 138 276 332 347 296 196 78 98 27 176 144 342 370 306 202 338 12 0,223 370
PFG_MOEA,1759,1,748.42,4875.65,0 399 38 80 96 242 221 226 19 13 172 182 319 303 357 266 141 86 199 228 267 366 289 231 34 58 68 161 235 35 249 88 135 233 156 94 230 374 92 11 36 397 350 311 4 314 193 340 299 321 269 37 142 120 132 339 51 145 123 300 329 112 165 200 191 152 57 127 109 59 137 136 247 255 1 262 42 250 28 273 77 151 146 121 322 294 174 320 364 393 3 106 261 388 229 218 197 246 259 308 264 356 345 377 395 400 394 188 301 372 21 167 291 139 149 157 63 316 387 327 17 43 85 215 73 254 183 354 69 265 346 315 99 175 251 190 390 18 103 155 83 378 213 234 227 0,1 94 174 314 340 390 395
PFG_MOEA,1759,2,748.42,4875.65,0 260 224 93 398 71 33 148 0,
PFG_MOEA,1759,3,748.42,4875.65,0 304 31 192 330 129 238 48 382 383 10 391 271 39 30 272 268 54 46 0,
PFG_MOEA,1759,4,748.42,4875.65,0 15 168 203 369 380 16 41 82 178 209 361 170 367 25 55 217 56 7 124 126 20 64 189 158 220 180 333 317 286 140 110 241 62 297 65 283 326 305 154 204 6 208 205 166 66 335 0,65 220 361
PFG_MOEA,1759,5,748.42,4875.65,0 12 90 381 216 47 125 9 150 360 117 243 349 344 287 97 225 232 179 343 290 368 376 258 248 328 75 348 353 171 87 278 153 45 210 257 270 60 50 160 79 379 195 5 309 143 282 310 104 223 244 211 324 147 347 332 331 285 296 196 78 392 98 115 245 27 176 144 342 240 370 396 385 288 306 177 181 358 337 384 111 116 76 113 81 29 325 355 131 84 338 202 114 389 22 0,176 210 370
PFG_MOEA,1759,6,748.42,4875.65,0 23 32 276 239 336 138 222 49 274 198 0,
PFG_MOEA,1759,7,748.42,4875.65,0 118 185 214 2 119 128 236 252 40 295 122 133 293 53 101 352 363 323 194 275 277 102 100 237 280 351 256 95 163 61 89 207 307 313 0,133 323
PFG_MOEA,1759,8,748.42,4875.65,0 365 359 253 206 0,
PFG_MOEA,1759,9,748.42,4875.65,0 187 0,
PFG_MOEA,1759,10,748.42,4875.65,0 281 26 334 298 341 105 186 134 162 371 219 0,
PFG_MOEA,1759,11,748.42,4875.65,0 159 279 74 284 184 318 70 292 14 375 212 24 91 0,375
PFG_MOEA,1759,12,748.42,4875.65,0 263 8 373 169 108 72 52 130 44 386 107 164 173 302 67 312 201 362 0,386
PFG_MOEA,1760,1,404.27,5140.48,0 89 90 381 23 295 32 276 40 45 353 348 171 87 153 278 210 379 195 270 257 60 50 160 79 143 282 310 104 223 244 211 324 147 163 53 347 332 133 331 296 293 196 78 245 98 115 27 176 144 342 240 370 396 385 288 306 177 181 358 337 384 111 116 76 113 81 29 202 338 22 118 185 214 0,177 223 245 379
PFG_MOEA,1760,2,404.27,5140.48,0 281 105 26 334 298 219 371 341 134 186 84 131 325 355 114 389 162 159 74 279 91 24 212 375 284 14 184 318 70 292 263 8 373 169 108 72 52 130 44 386 362 0,134 362
PFG_MOEA,1760,3,404.27,5140.48,0 57 127 109 59 137 136 273 77 151 218 197 388 261 106 173 302 107 164 67 312 201 0,
PFG_MOEA,1760,4,404.27,5140.48,0 38 80 13 19 226 182 172 303 357 319 266 141 86 233 135 88 249 35 235 161 68 58 34 231 289 366 267 228 199 11 36 397 399 0,266
PFG_MOEA,1760,5,404.27,5140.48,0 92 156 94 230 374 350 311 4 314 193 340 299 321 269 37 142 120 132 339 51 145 123 322 121 146 294 174 320 364 393 3 229 308 356 264 259 246 42 247 152 191 112 329 300 165 200 221 242 96 0,299 329
PFG_MOEA,1760,6,404.27,5140.48,0 255 1 262 377 345 250 28 0,
PFG_MOEA,1760,7,404.27,5140.48,0 395 400 394 188 301 372 21 167 291 139 149 0,
PFG_MOEA,1760,8,404.27,5140.48,0 304 31 48 148 129 238 330 192 85 215 73 43 17 327 387 316 63 157 354 183 254 69 265 346 315 99 175 251 190 390 18 103 155 83 378 213 234 227 398 93 260 0,93
PFG_MOEA,1760,9,404.27,5140.48,0 391 271 0,
PFG_MOEA,1760,10,404.27,5140.48,0 39 268 272 30 66 166 205 208 6 204 154 305 326 283 65 297 62 241 110 140 286 0,
PFG_MOEA,1760,11,404.27,5140.48,0 15 168 203 369 380 16 82 178 117 243 349 344 46 54 124 126 20 64 189 158 220 180 317 333 7 56 217 55 25 367 170 361 209 33 71 225 97 232 179 287 224 10 383 382 0,16
PFG_MOEA,1760,12,404.27,5140.48,0 335 360 365 253 206 359 313 307 207 61 12 2 119 128 236 252 216 336 138 239 122 392 285 194 275 277 352 363 323 101 95 222 150 9 47 125 198 100 102 49 274 256 237 351 280 309 5 75 328 248 258 376 368 290 343 187 41 0,100 206
PFG_MOEA,1761,1,759.34,4800.0,0 219 341 105 389 114 84 131 355 325 29 81 113 76 116 111 384 337 358 181 177 288 385 240 396 245 115 392 285 331 133 293 53 163 150 9 125 47 216 89 61 206 253 365 0,245
PFG_MOEA,1761,2,759.34,4800.0,0 22 134 186 162 159 279 74 284 184 318 70 292 263 8 373 169 108 14 375 212 24 91 0,318
PFG_MOEA,1761,3,759.34,4800.0,0 304 31 48 148 260 224 71 33 129 238 330 192 200 165 112 191 152 127 57 109 59 137 273 136 247 17 43 85 215 73 254 69 354 183 327 387 157 149 188 394 316 63 262 1 255 250 28 42 400 395 377 345 356 264 259 246 308 229 197 218 151 77 107 164 67 302 388 3 106 173 261 320 364 393 312 201 362 329 300 123 51 145 322 121 146 294 174 339 132 120 142 37 269 321 299 340 233 135 88 249 35 161 235 68 58 34 386 231 289 366 267 228 44 130 52 72 303 357 319 266 141 86 92 199 156 94 230 311 374 11 36 397 350 4 314 193 182 172 13 19 226 221 242 96 80 38 0,33 106 174 200 303 311 394
PFG_MOEA,1761,4,759.34,4800.0,0 378 83 155 103 18 190 251 175 99 315 346 372 301 167 21 139 291 265 390 234 0,
PFG_MOEA,1761,5,759.34,4800.0,0 179 391 271 39 30 272 268 46 54 93 398 227 213 232 0,391
PFG_MOEA,1761,6,759.34,4800.0,0 225 0,
PFG_MOEA,1761,7,759.34,4800.0,0 97 209 361 170 367 0,
PFG_MOEA,1761,8,759.34,4800.0,0 399 15 168 203 338 202 306 370 342 144 176 27 98 78 196 369 380 16 41 82 178 117 243 344 349 66 343 290 368 376 258 248 328 75 348 353 45 210 278 153 171 87 6 208 205 166 158 189 220 241 62 297 65 283 204 154 305 326 110 140 180 333 317 286 25 55 217 56 7 124 126 20 64 287 10 383 382 0,62 66 205 220 342
PFG_MOEA,1761,9,759.34,4800.0,0 2 119 128 295 40 32 276 239 122 296 332 347 138 336 222 95 101 194 147 324 275 323 363 352 277 102 223 244 211 104 310 100 282 143 79 160 50 60 257 270 379 195 5 309 280 351 237 256 274 49 198 252 236 0,
PFG_MOEA,1761,10,759.34,4800.0,0 381 23 90 12 207 307 0,
PFG_MOEA,1761,11,759.34,4800.0,0 335 187 359 313 360 214 0,
PFG_MOEA,1761,12,759.34,4800.0,0 185 118 281 26 334 298 371 0,
PFG_MOEA,1762,1,314.81,5596.11,0 12 90 128 236 252 336 276 138 222 198 49 274 256 237 351 280 309 5 290 343 313 207 0,222
PFG_MOEA,1762,2,314.81,5596.11,0 91 292 263 8 373 169 108 14 375 212 24 371 219 341 298 334 26 281 118 185 214 295 40 32 239 122 95 101 352 363 323 194 275 277 102 100 23 381 119 2 307 359 187 148 48 31 304 0,23
PFG_MOEA,1762,3,314.81,5596.11,0 260 224 71 33 127 152 191 112 165 200 129 238 330 192 0,33
PFG_MOEA,1762,4,314.81,5596.11,0 57 67 302 173 106 3 388 164 107 77 151 218 197 229 308 246 259 264 356 345 377 395 400 42 28 250 255 1 262 63 316 394 188 149 157 387 327 183 354 69 254 73 215 85 43 17 247 136 273 137 59 109 0,
PFG_MOEA,1762,5,314.81,5596.11,0 329 300 362 123 51 145 322 121 146 201 261 320 364 393 312 294 174 339 132 206 253 365 360 335 0,362 393
PFG_MOEA,1762,6,314.81,5596.11,0 61 358 181 177 288 385 240 396 245 115 392 285 331 133 293 53 163 150 9 125 47 216 89 0,
PFG_MOEA,1762,7,314.81,5596.11,0 80 13 19 226 35 161 235 58 34 386 231 289 366 267 228 44 130 52 72 318 70 184 284 74 279 159 162 389 114 355 325 384 337 111 116 76 113 81 29 131 84 105 186 134 22 0,
PFG_MOEA,1762,8,314.81,5596.11,0 38 96 242 221 172 182 397 350 311 4 314 193 230 94 156 374 36 11 92 319 357 303 266 141 86 199 68 135 88 249 233 340 299 321 269 120 142 37 301 21 139 291 167 372 346 315 99 175 251 0,182
PFG_MOEA,1762,9,314.81,5596.11,0 97 225 232 179 391 271 158 241 62 297 65 283 204 154 305 326 110 140 286 317 333 180 220 126 124 7 56 217 55 25 367 170 361 209 227 234 213 190 390 265 18 103 155 83 378 398 93 54 46 268 272 30 39 0,65 154
PFG_MOEA,1762,10,314.81,5596.11,0 399 15 16 380 41 82 178 117 243 344 349 20 189 64 166 205 208 6 87 171 153 278 210 353 258 376 368 66 287 10 383 382 0,243
PFG_MOEA,1762,11,314.81,5596.11,0 369 338 203 168 0,
PFG_MOEA,1762,12,314.81,5596.11,0 202 306 370 342 144 176 27 98 78 196 296 347 332 324 147 211 244 223 104 310 282 143 79 160 50 60 257 270 379 195 45 348 75 328 248 0,370
PFG_MOEA,1763,1,411.21,4974.5,0 12 90 381 23 32 276 239 336 138 222 198 49 274 256 237 351 280 252 236 128 119 2 0,23
PFG_MOEA,1763,2,411.21,4974.5,0 22 118 185 214 295 40 122 392 285 331 133 293 53 101 352 363 323 194 275 277 102 100 95 163 61 89 207 307 313 359 365 253 206 187 0,22 100
PFG_MOEA,1763,3,411.21,4974.5,0 115 0,
PFG_MOEA,1763,4,411.21,4974.5,0 245 396 240 385 288 177 181 358 337 384 111 116 76 113 81 29 325 355 0,
PFG_MOEA,1763,5,411.21,4974.5,0 281 26 334 298 341 134 186 131 84 114 389 105 219 371 162 159 74 279 91 24 212 375 284 14 184 318 70 292 263 8 373 169 108 72 52 130 44 386 362 201 312 67 164 107 302 173 106 261 388 197 218 151 77 273 136 137 59 109 127 57 226 19 13 80 0,77 106 284
PFG_MOEA,1763,6,411.21,4974.5,0 38 172 182 319 303 357 266 141 86 199 228 267 366 289 231 34 58 68 161 235 35 249 88 135 233 156 94 230 374 92 11 36 397 350 311 4 314 193 340 299 321 269 120 142 37 51 123 145 132 339 322 121 146 294 174 320 364 393 3 229 308 356 264 259 246 42 300 329 112 221 242 96 0,51 174 229 246 299
PFG_MOEA,1763,7,411.21,4974.5,0 399 200 165 191 152 247 255 1 262 250 28 345 377 395 400 394 188 301 372 21 167 291 139 149 157 63 316 387 327 17 43 85 215 73 254 183 354 69 265 346 315 99 175 251 190 390 18 103 155 83 378 213 234 227 398 93 224 179 232 225 97 71 33 260 148 238 129 330 192 48 31 304 0,93
PFG_MOEA,1763,8,411.21,4974.5,0 382 383 10 391 271 39 46 54 268 272 30 66 166 205 208 6 204 154 305 326 283 65 297 62 241 110 140 286 317 333 180 220 158 189 64 20 126 124 7 56 217 55 25 367 170 361 209 287 0,55 62 66 220
PFG_MOEA,1763,9,411.21,4974.5,0 380 0,
PFG_MOEA,1763,10,411.21,4974.5,0 16 369 15 0,
PFG_MOEA,1763,11,411.21,4974.5,0 168 203 178 82 41 0,178
PFG_MOEA,1763,12,411.21,4974.5,0 335 360 338 202 306 370 342 144 176 27 98 78 196 296 347 332 216 47 125 9 150 147 324 211 244 223 104 310 282 143 309 5 195 379 79 160 50 60 270 257 210 45 153 278 87 171 353 348 75 328 248 258 376 368 290 343 349 344 243 117 0,
PFG_MOEA,1764,1,312.55,5795.78,0 336 138 239 122 296 347 332 324 275 277 104 211 244 223 102 352 363 323 194 147 101 95 222 0,122 211 222 277
PFG_MOEA,1764,2,312.55,5795.78,0 335 360 207 307 313 359 187 100 310 282 143 79 160 50 60 257 270 379 195 5 309 280 351 237 256 274 49 198 252 236 381 23 90 12 214 185 118 281 26 334 298 371 72 52 130 44 386 80 0,5 307
PFG_MOEA,1764,3,312.55,5795.78,0 13 19 226 57 127 109 59 137 136 273 77 151 218 197 388 261 106 173 302 107 164 67 312 201 362 123 51 145 294 174 339 132 142 120 269 321 299 0,174
PFG_MOEA,1764,4,312.55,5795.78,0 340 233 135 88 249 35 235 161 68 58 34 231 289 366 267 228 141 266 303 357 319 86 199 156 94 0,303
PFG_MOEA,1764,5,312.55,5795.78,0 38 172 182 397 36 11 92 374 230 311 350 4 314 193 37 322 121 146 320 364 393 3 229 308 356 264 259 246 42 300 329 112 191 152 221 242 96 0,42 264
PFG_MOEA,1764,6,312.55,5795.78,0 200 165 129 0,
PFG_MOEA,1764,7,312.55,5795.78,0 304 330 395 400 394 188 301 372 21 167 291 139 149 157 63 316 387 17 43 33 71 224 260 0,
PFG_MOEA,1764,8,312.55,5795.78,0 399 247 28 250 345 377 262 1 255 327 254 73 215 85 93 179 232 225 97 148 238 192 48 31 0,93
PFG_MOEA,1764,9,312.55,5795.78,0 378 69 183 354 265 346 315 99 175 251 190 390 18 103 155 83 234 213 227 398 209 361 170 367 25 55 217 56 7 180 333 317 286 140 110 62 297 65 283 326 305 154 204 6 208 241 220 158 189 64 20 126 124 0,175
PFG_MOEA,1764,10,312.55,5795.78,0 287 382 383 10 268 272 30 66 166 205 271 39 391 53 293 133 331 285 392 115 245 396 240 385 288 177 181 358 337 384 111 116 76 113 81 29 325 355 131 84 114 389 105 341 219 0,
PFG_MOEA,1764,11,312.55,5795.78,0 91 24 212 375 14 108 169 373 8 263 292 70 318 184 284 74 279 159 162 22 134 186 89 216 47 125 9 150 163 61 365 253 206 46 54 0,
PFG_MOEA,1764,12,312.55,5795.78,0 41 82 178 117 243 344 349 343 290 368 376 258 248 328 75 171 87 153 278 210 45 353 348 2 119 128 295 40 32 276 196 78 98 27 176 144 342 370 306 202 338 203 168 369 380 16 15 0,16 87 203
PFG_MOEA,1765,1,389.39,5146.42,0 163 78 53 293 133 331 285 392 98 115 245 27 396 240 385 288 177 181 358 337 384 111 116 76 113 81 29 325 355 131 84 114 389 91 279 74 159 162 371 219 298 341 22 134 186 105 118 185 0,
PFG_MOEA,1765,2,389.39,5146.42,0 281 26 334 24 212 375 284 14 184 318 70 292 263 8 373 169 108 72 52 130 44 386 51 145 123 362 201 294 312 67 164 107 302 173 106 261 388 197 218 151 77 273 136 137 59 109 127 57 226 19 13 80 0,
PFG_MOEA,1765,3,389.39,5146.42,0 142 339 174 132 120 269 321 299 340 233 135 88 249 35 235 161 68 58 34 231 289 366 267 228 141 266 303 357 319 86 199 156 94 230 374 92 11 36 397 350 311 4 314 193 0,88
PFG_MOEA,1765,4,389.39,5146.42,0 182 172 38 0,
PFG_MOEA,1765,5,389.39,5146.42,0 37 322 121 146 320 364 393 3 229 308 356 264 259 246 42 300 329 112 152 191 165 200 221 242 96 0,152 264 329
PFG_MOEA,1765,6,389.39,5146.42,0 129 33 71 224 260 0,
PFG_MOEA,1765,7,389.39,5146.42,0 399 247 255 1 262 250 28 345 377 395 400 394 188 301 372 21 167 291 139 149 157 63 316 387 17 43 73 254 327 183 354 69 215 85 93 179 232 225 97 148 48 238 330 192 31 304 0,395
PFG_MOEA,1765,8,389.39,5146.42,0 16 15 168 203 369 380 391 271 39 268 272 30 66 166 205 208 6 204 154 305 326 283 65 297 62 241 110 140 286 317 333 180 220 158 189 64 20 126 124 7 56 217 55 25 367 170 361 209 398 227 234 213 190 251 175 99 315 346 265 390 18 103 155 83 378 54 46 287 10 383 382 41 0,7 16 20 103 272
PFG_MOEA,1765,9,389.39,5146.42,0 82 178 117 243 368 376 258 353 153 171 87 278 210 143 237 256 274 49 100 282 310 104 102 277 275 194 323 363 352 101 198 95 222 138 122 276 336 252 236 128 23 381 90 119 2 12 0,
PFG_MOEA,1765,10,389.39,5146.42,0 344 349 351 280 309 5 79 160 50 60 257 270 379 195 45 348 75 328 248 290 343 187 0,
PFG_MOEA,1765,11,389.39,5146.42,0 214 295 40 32 239 370 342 144 176 150 47 9 125 216 89 61 207 307 313 359 206 253 365 360 335 0,176
PFG_MOEA,1765,12,389.39,5146.42,0 338 202 306 196 296 347 332 324 147 211 244 223 0,
PFG_MOEA,1766,1,413.96,4915.5,0 187 206 253 365 359 313 307 207 61 12 89 2 119 128 236 252 336 138 163 222 95 198 351 280 237 256 274 49 100 102 277 275 194 323 363 352 101 53 293 133 331 285 392 122 239 276 32 40 295 23 381 90 113 81 29 76 116 111 384 337 358 181 177 288 385 240 396 245 115 22 118 185 214 0,245 381
PFG_MOEA,1766,2,413.96,4915.5,0 281 84 131 325 355 114 389 186 134 341 298 26 334 0,
PFG_MOEA,1766,3,413.96,4915.5,0 371 219 105 162 159 74 279 91 24 212 375 284 14 184 318 70 292 263 8 373 169 108 72 52 130 44 386 362 201 312 67 164 107 302 173 106 261 388 197 218 151 77 273 136 137 59 0,
PFG_MOEA,1766,4,413.96,4915.5,0 57 127 109 226 0,
PFG_MOEA,1766,5,413.96,4915.5,0 19 0,
PFG_MOEA,1766,6,413.96,4915.5,0 38 303 357 266 141 86 199 228 267 366 289 231 34 58 68 161 235 35 249 88 135 233 319 182 172 13 80 0,88
PFG_MOEA,1766,7,413.96,4915.5,0 399 397 36 11 92 156 94 230 374 350 311 4 314 193 340 299 321 269 120 142 37 51 123 145 132 339 322 121 146 294 174 320 364 393 3 229 308 356 264 259 246 42 300 329 112 191 165 200 221 242 96 0,11 340 374 393
PFG_MOEA,1766,8,413.96,4915.5,0 152 247 255 1 262 250 28 345 377 395 400 394 188 301 372 21 167 291 139 149 157 63 316 387 327 17 43 85 215 73 254 183 354 69 265 346 315 99 175 251 190 390 18 103 155 83 378 213 234 227 398 93 0,1 152 175 227
PFG_MOEA,1766,9,413.96,4915.5,0 304 31 48 192 330 238 129 148 260 391 271 39 268 272 30 66 166 205 208 6 204 154 305 326 283 65 297 62 241 110 140 286 317 333 180 220 158 189 64 20 126 124 7 56 217 55 25 367 170 361 209 71 33 97 225 232 179 224 0,55 391
PFG_MOEA,1766,10,413.96,4915.5,0 287 10 383 382 0,
PFG_MOEA,1766,11,413.96,4915.5,0 16 15 168 203 369 380 82 178 117 243 349 344 54 46 41 0,
PFG_MOEA,1766,12,413.96,4915.5,0 335 360 216 150 9 47 125 309 5 343 290 368 376 258 248 328 75 171 87 278 153 353 348 45 210 195 379 270 257 60 50 160 79 143 282 310 104 223 244 211 324 147 332 347 296 196 78 98 27 176 144 342 370 306 202 338 0,
PFG_MOEA,1767,1,320.55,5348.04,0 80 13 172 182 397 36 11 92 233 135 88 249 35 235 161 68 58 34 231 289 319 399 0,
PFG_MOEA,1767,2,320.55,5348.04,0 374 230 94 156 311 350 4 314 193 340 299 321 269 120 142 132 339 174 320 364 308 229 3 393 294 146 121 322 123 145 51 37 0,393
PFG_MOEA,1767,3,320.55,5348.04,0 96 242 221 200 165 112 329 300 191 152 247 255 1 262 42 250 28 246 259 264 356 345 377 395 400 394 188 301 372 21 167 291 139 149 157 63 316 387 327 17 43 85 215 73 254 183 354 69 265 346 315 99 175 251 190 0,215
PFG_MOEA,1767,4,320.55,5348.04,0 304 31 192 330 238 129 398 227 234 213 18 390 286 140 110 241 93 260 148 48 0,
PFG_MOEA,1767,5,320.55,5348.04,0 317 333 0,
PFG_MOEA,1767,6,320.55,5348.04,0 33 71 209 361 170 367 25 55 217 56 7 180 220 158 189 64 20 126 124 224 10 383 382 16 203 168 15 0,25
PFG_MOEA,1767,7,320.55,5348.04,0 380 369 335 360 216 150 9 47 125 309 5 195 379 270 210 45 348 353 153 278 87 171 75 328 248 258 376 368 290 343 54 46 344 349 243 117 178 82 41 0,
PFG_MOEA,1767,8,320.55,5348.04,0 338 202 306 370 342 144 176 27 98 78 196 296 347 332 147 324 211 244 223 104 310 282 143 79 160 50 60 257 6 204 154 305 326 283 62 297 65 208 205 166 66 30 272 268 0,66
PFG_MOEA,1767,9,320.55,5348.04,0 187 206 253 365 359 313 307 207 61 12 89 2 119 128 236 252 336 138 163 222 95 198 351 256 237 280 391 271 39 378 83 155 103 232 179 287 225 97 0,138 307
PFG_MOEA,1767,10,320.55,5348.04,0 22 389 114 84 131 325 355 29 81 113 76 116 111 384 337 358 181 177 288 385 240 396 245 115 392 285 331 133 293 53 101 352 363 323 194 275 277 102 100 49 274 122 239 276 32 40 295 23 381 90 214 185 281 118 0,323 331
PFG_MOEA,1767,11,320.55,5348.04,0 334 298 26 105 186 134 341 219 371 24 212 375 14 184 318 70 292 263 8 373 169 284 74 279 91 159 162 0,134
PFG_MOEA,1767,12,320.55,5348.04,0 38 19 226 57 127 109 59 137 136 273 77 151 218 197 388 261 106 173 302 107 164 67 312 201 362 366 267 228 386 44 130 52 72 108 303 357 266 141 86 199 0,106 386
PFG_MOEA,1768,1,270.73,5843.94,0 335 187 309 5 195 379 270 257 60 50 160 79 143 280 351 237 256 274 49 198 252 236 381 23 90 12 207 307 0,
PFG_MOEA,1768,2,270.73,5843.94,0 61 313 359 206 253 365 360 214 185 118 281 26 334 298 371 22 134 186 162 159 292 263 8 373 318 70 184 284 74 279 0,134 284 313 318
PFG_MOEA,1768,3,270.73,5843.94,0 91 169 108 14 375 212 24 192 330 238 129 200 165 112 191 152 127 57 109 59 137 273 136 247 17 43 85 215 33 71 224 260 148 48 31 304 0,33 200
PFG_MOEA,1768,4,270.73,5843.94,0 73 254 69 354 183 327 387 157 149 188 394 316 63 262 1 255 250 28 42 400 395 377 345 356 264 259 246 308 229 197 218 151 77 107 164 67 302 388 3 106 173 261 320 364 0,
PFG_MOEA,1768,5,270.73,5843.94,0 329 300 362 123 51 145 322 121 146 201 312 393 294 174 339 132 120 142 0,145 174
PFG_MOEA,1768,6,270.73,5843.94,0 37 269 321 299 340 219 341 105 84 131 29 81 113 76 116 111 181 358 337 384 325 355 114 389 0,341
PFG_MOEA,1768,7,270.73,5843.94,0 89 216 47 125 9 150 163 53 293 133 331 285 392 115 245 396 240 385 288 177 34 58 235 135 233 88 249 35 161 68 0,133 240
PFG_MOEA,1768,8,270.73,5843.94,0 172 182 193 314 4 350 397 36 11 374 311 230 94 156 199 92 86 319 266 141 289 231 386 366 267 228 44 130 52 72 303 357 13 19 226 221 242 96 0,141 386
PFG_MOEA,1768,9,270.73,5843.94,0 38 80 378 83 291 139 21 167 301 372 346 315 265 390 99 175 251 190 18 103 155 234 227 398 93 54 46 268 272 30 39 271 391 179 0,
PFG_MOEA,1768,10,270.73,5843.94,0 97 225 232 209 361 213 170 367 328 248 258 376 368 290 343 66 349 344 243 117 178 82 41 16 380 369 196 78 98 27 176 144 342 370 306 202 338 203 168 15 399 0,82 176 225
PFG_MOEA,1768,11,270.73,5843.94,0 287 64 166 205 75 348 353 45 210 278 153 171 87 6 208 158 189 220 241 62 297 65 283 204 154 305 326 110 140 180 333 317 286 25 55 217 56 7 124 126 20 10 0,65 126
PFG_MOEA,1768,12,270.73,5843.94,0 2 119 128 295 40 32 276 239 122 296 332 347 138 336 222 95 101 194 147 324 275 323 363 352 277 102 223 244 211 104 310 100 282 383 382 0,2
PFG_MOEA,1769,1,369.23,5154.87,0 90 295 40 32 276 239 122 222 95 101 323 363 352 102 277 275 194 53 293 133 331 285 392 115 245 396 240 385 288 177 181 358 337 384 111 116 76 113 81 29 325 131 84 355 114 389 279 74 159 162 371 219 341 22 134 186 105 298 334 26 281 118 185 214 0,40 240 245 331
PFG_MOEA,1769,2,369.23,5154.87,0 91 24 212 375 284 14 184 318 70 292 263 8 373 169 108 72 52 130 44 386 0,318
PFG_MOEA,1769,3,369.23,5154.87,0 362 201 312 67 164 107 302 173 106 261 388 197 218 151 77 273 136 0,106
PFG_MOEA,1769,4,369.23,5154.87,0 399 172 182 397 36 11 92 86 141 266 303 357 319 199 228 267 366 289 231 34 58 68 161 235 35 249 88 135 233 156 94 230 374 350 311 4 314 193 340 299 321 269 120 142 37 51 145 123 137 59 109 127 57 226 19 13 80 38 0,340
PFG_MOEA,1769,5,369.23,5154.87,0 132 339 322 0,
PFG_MOEA,1769,6,369.23,5154.87,0 96 242 221 200 165 112 191 152 329 300 121 146 294 174 320 364 393 3 229 308 259 246 264 356 345 377 395 400 42 250 28 247 255 1 262 63 157 291 167 21 372 301 188 394 139 149 316 387 327 17 43 85 215 73 254 183 354 69 265 346 315 99 0,1 200 393
PFG_MOEA,1769,7,369.23,5154.87,0 93 398 227 234 213 190 251 175 390 18 103 155 83 378 31 304 0,
PFG_MOEA,1769,8,369.23,5154.87,0 48 192 330 238 129 148 260 391 0,
PFG_MOEA,1769,9,369.23,5154.87,0 268 272 30 65 283 326 305 154 204 6 208 205 166 66 271 39 0,272
PFG_MOEA,1769,10,369.23,5154.87,0 124 126 20 64 189 158 220 241 297 62 110 140 286 317 333 180 7 56 217 55 25 367 170 361 209 71 97 33 0,
PFG_MOEA,1769,11,369.23,5154.87,0 15 16 380 369 168 203 338 202 306 370 342 144 176 27 98 78 196 296 347 332 324 147 211 244 223 210 45 348 353 153 278 87 171 75 328 248 258 376 368 290 343 54 46 224 225 232 179 287 10 383 382 41 344 349 243 117 178 82 125 9 47 150 216 360 335 0,47 87 353
PFG_MOEA,1769,12,369.23,5154.87,0 207 307 313 359 365 253 206 187 100 310 104 282 143 79 160 50 60 257 270 379 195 5 309 280 351 237 256 274 49 198 163 138 336 252 236 381 23 128 119 2 89 12 61 0,
PFG_MOEA,1770,1,337.93,5308.22,0 187 206 253 313 359 365 0,
PFG_MOEA,1770,2,337.93,5308.22,0 207 307 198 280 351 256 237 101 53 293 133 331 285 392 95 222 163 138 336 252 236 128 119 2 89 12 61 0,133 222
PFG_MOEA,1770,3,337.93,5308.22,0 323 363 352 194 275 277 102 100 49 274 122 239 276 32 40 295 23 381 90 0,
PFG_MOEA,1770,4,337.93,5308.22,0 22 115 245 396 240 385 288 177 181 358 337 384 111 116 76 113 81 29 131 84 281 118 185 214 0,
PFG_MOEA,1770,5,337.93,5308.22,0 334 26 298 371 219 341 134 186 105 355 325 114 389 162 159 74 279 91 24 212 375 284 14 184 318 70 292 263 8 373 169 108 72 52 130 44 386 362 201 312 0,284
PFG_MOEA,1770,6,337.93,5308.22,0 399 172 182 397 36 11 92 86 141 266 303 357 319 199 228 267 366 289 231 34 58 68 161 235 35 249 88 135 233 156 94 230 57 127 109 59 137 136 273 77 151 218 197 388 261 106 173 302 107 164 67 294 226 19 13 80 38 0,
PFG_MOEA,1770,7,337.93,5308.22,0 374 350 311 4 314 193 340 299 321 269 120 142 37 51 145 123 146 121 322 339 132 174 320 364 393 3 229 308 356 264 259 246 42 1 255 247 152 191 112 329 300 165 200 221 242 96 0,132 264 340 393
PFG_MOEA,1770,8,337.93,5308.22,0 28 250 262 400 395 345 377 394 188 301 372 21 167 291 139 149 157 63 316 387 327 17 43 85 215 73 254 183 354 69 265 346 315 99 175 251 190 0,
PFG_MOEA,1770,9,337.93,5308.22,0 304 192 330 238 129 378 83 155 103 18 390 213 234 227 398 140 110 241 62 297 65 283 326 305 154 204 6 208 205 166 66 93 30 272 268 39 271 391 260 148 48 31 0,65 391
PFG_MOEA,1770,10,337.93,5308.22,0 33 71 225 97 232 209 361 170 367 25 55 217 56 7 317 286 333 180 220 158 189 64 20 126 124 224 10 287 179 0,
PFG_MOEA,1770,11,337.93,5308.22,0 15 168 203 369 16 380 335 360 216 150 9 47 125 309 5 195 379 270 210 45 348 353 153 278 87 171 75 328 248 54 46 383 382 344 349 243 117 178 82 41 0,82 87 195 353
PFG_MOEA,1770,12,337.93,5308.22,0 338 202 306 370 342 144 176 27 98 78 196 296 347 332 147 324 211 244 223 104 310 282 143 79 160 50 60 257 258 376 368 290 343 0,290
PFG_MOEA,1771,1,319.42,5478.6,0 222 0,
PFG_MOEA,1771,2,319.42,5478.6,0 95 101 323 363 352 102 277 275 194 53 293 133 331 285 392 115 245 396 240 385 288 177 181 358 337 384 111 116 76 113 81 29 325 131 84 355 114 389 279 74 159 162 371 219 341 22 134 186 105 298 334 26 281 0,105
PFG_MOEA,1771,3,319.42,5478.6,0 118 91 284 184 14 375 212 24 0,375
PFG_MOEA,1771,4,319.42,5478.6,0 399 397 36 11 92 199 86 141 266 319 357 303 289 366 267 228 8 263 292 70 318 373 169 108 72 52 130 44 386 362 201 312 67 164 107 302 173 106 261 388 197 218 151 77 273 136 182 172 0,86 197 318 362
PFG_MOEA,1771,5,319.42,5478.6,0 38 80 13 19 226 57 127 109 59 137 123 145 51 132 142 120 269 321 299 37 340 193 314 4 350 311 156 233 135 88 249 35 235 161 68 58 34 231 94 230 374 0,
PFG_MOEA,1771,6,319.42,5478.6,0 96 242 200 191 112 165 322 339 174 393 3 229 364 320 294 121 146 300 329 152 221 0,200 393
PFG_MOEA,1771,7,319.42,5478.6,0 93 85 247 28 246 259 308 264 356 345 377 395 400 42 250 255 1 262 63 157 291 167 21 372 301 188 394 139 149 316 387 327 17 43 73 215 254 183 354 69 265 346 315 99 390 175 251 190 18 213 234 227 398 0,
PFG_MOEA,1771,8,319.42,5478.6,0 304 31 48 330 192 129 238 148 260 391 271 66 166 205 208 6 204 154 305 326 283 65 62 297 241 158 189 220 110 140 103 155 83 378 124 126 20 64 30 272 268 39 0,62 205 220 391
PFG_MOEA,1771,9,319.42,5478.6,0 7 180 333 286 317 56 217 55 0,
PFG_MOEA,1771,10,319.42,5478.6,0 15 16 380 369 168 203 338 202 306 370 342 144 176 27 98 78 196 296 347 332 324 147 211 244 223 210 45 348 353 153 278 87 171 75 328 248 258 376 368 290 343 54 46 209 361 170 367 25 232 179 224 225 97 71 33 0,16 353 370
PFG_MOEA,1771,11,319.42,5478.6,0 365 253 206 61 89 2 119 128 216 336 138 163 150 47 125 9 100 282 310 104 143 79 160 50 60 257 270 379 195 5 309 280 351 237 256 287 10 383 382 344 349 243 117 178 82 41 0,47 138 178 206 243
PFG_MOEA,1771,12,319.42,5478.6,0 335 187 359 313 360 207 307 198 49 274 122 239 276 32 40 295 23 381 236 252 90 12 214 185 0,
PFG_MOEA,1772,1,312.87,5623.42,0 216 98 370 342 144 176 27 78 196 296 347 332 147 324 211 244 223 104 310 282 79 160 50 379 195 5 309 143 150 47 9 125 0,
PFG_MOEA,1772,2,312.87,5623.42,0 117 243 344 349 343 290 368 376 258 248 328 75 348 353 171 87 278 153 45 210 257 60 270 237 256 274 49 198 222 138 336 239 276 32 177 181 358 337 384 111 116 76 23 381 90 12 0,290 336 353
PFG_MOEA,1772,3,312.87,5623.42,0 22 118 185 214 2 119 128 236 252 40 295 122 392 285 331 133 293 53 101 352 363 323 194 275 277 102 100 351 280 95 163 61 89 207 307 313 359 253 365 0,307
PFG_MOEA,1772,4,312.87,5623.42,0 206 187 0,
PFG_MOEA,1772,5,312.87,5623.42,0 281 26 334 298 219 371 341 134 186 105 115 245 396 240 385 288 113 81 29 325 355 131 84 114 389 162 159 74 279 91 0,341
PFG_MOEA,1772,6,312.87,5623.42,0 80 13 19 226 57 127 109 59 137 136 273 77 151 218 197 388 261 106 173 302 107 164 67 312 201 362 386 44 130 52 72 108 169 373 8 263 292 70 318 184 14 284 375 212 24 303 357 319 182 172 38 0,318 362
PFG_MOEA,1772,7,312.87,5623.42,0 266 141 86 199 228 267 366 289 231 34 58 68 161 235 35 249 88 135 233 156 94 230 374 92 0,
PFG_MOEA,1772,8,312.87,5623.42,0 399 397 36 11 350 311 4 314 193 340 299 321 269 120 142 37 51 123 145 132 339 322 121 146 294 174 320 364 393 3 229 308 356 264 259 246 42 300 329 112 191 165 200 221 242 96 0,51 145 174 264 329
PFG_MOEA,1772,9,312.87,5623.42,0 152 247 28 250 345 377 395 400 394 188 301 372 167 21 139 291 262 1 255 0,
PFG_MOEA,1772,10,312.87,5623.42,0 85 215 73 43 17 327 387 316 149 157 63 354 183 254 69 265 346 315 99 175 251 190 390 18 103 155 83 378 0,175 390
PFG_MOEA,1772,11,312.87,5623.42,0 304 31 48 192 330 129 238 148 260 383 10 224 391 271 39 46 93 398 227 234 213 179 232 225 97 71 33 382 0,
PFG_MOEA,1772,12,312.87,5623.42,0 209 361 170 367 25 55 217 56 7 124 126 20 64 189 158 220 180 333 317 286 140 110 241 62 297 65 283 326 305 154 204 6 208 205 166 66 30 272 268 54 287 178 82 41 335 360 380 369 203 338 202 306 168 15 16 0,7 166 203 361
PFG_MOEA,1773,1,350.97,5291.61,0 22 118 185 214 2 119 252 236 128 381 23 40 32 295 239 122 392 285 331 133 293 53 101 352 363 323 194 275 277 102 100 274 256 237 351 280 376 368 290 343 349 344 243 117 0,23 293 352
PFG_MOEA,1773,2,350.97,5291.61,0 365 359 313 307 207 89 61 163 95 206 253 187 281 26 334 298 219 371 341 134 186 105 115 245 396 240 385 288 177 181 358 337 384 111 116 76 113 81 29 325 355 131 84 114 389 162 159 279 74 284 70 318 184 14 375 212 24 91 0,
PFG_MOEA,1773,3,350.97,5291.61,0 292 263 8 373 169 108 72 52 130 44 386 362 201 312 67 164 107 302 173 106 261 388 197 218 151 77 273 136 137 59 109 0,362 388
PFG_MOEA,1773,4,350.97,5291.61,0 38 80 13 19 226 57 127 68 161 58 34 231 289 366 267 228 199 86 141 266 357 303 319 182 172 0,182
PFG_MOEA,1773,5,350.97,5291.61,0 397 36 11 92 374 350 311 4 314 193 230 94 156 35 88 249 235 135 233 340 299 321 269 120 142 37 51 0,
PFG_MOEA,1773,6,350.97,5291.61,0 399 96 242 200 165 112 329 300 123 145 322 121 146 294 339 132 174 320 364 393 3 229 308 356 264 259 246 28 250 42 262 1 255 247 152 191 221 0,152 174 200 229 246
PFG_MOEA,1773,7,350.97,5291.61,0 345 377 395 400 394 188 301 372 21 167 291 139 149 157 63 316 387 327 17 43 85 215 73 254 183 354 69 265 346 315 99 175 251 190 390 18 103 155 213 234 83 378 0,
PFG_MOEA,1773,8,350.97,5291.61,0 224 93 398 227 71 97 225 232 179 0,
PFG_MOEA,1773,9,350.97,5291.61,0 304 31 48 192 330 129 238 148 33 209 361 170 367 25 55 217 56 7 124 126 20 64 189 158 220 180 333 317 286 140 110 241 62 297 65 283 326 305 154 204 6 208 205 166 66 30 272 268 54 46 39 271 391 10 287 383 382 260 16 369 380 0,39
PFG_MOEA,1773,10,350.97,5291.61,0 15 168 203 178 82 41 0,
PFG_MOEA,1773,11,350.97,5291.61,0 335 0,
PFG_MOEA,1773,12,350.97,5291.61,0 360 90 216 336 47 9 125 198 49 309 5 258 248 328 75 348 353 171 87 278 153 45 379 195 210 257 270 60 50 160 79 143 282 310 104 223 244 211 324 147 222 150 138 276 332 347 296 196 78 98 27 176 144 342 370 306 202 338 12 0,223 370
PFG_MOEA,1774,1,748.42,4875.65,0 399 38 80 96 242 221 226 19 13 172 182 319 303 357 266 141 86 199 228 267 366 289 231 34 58 68 161 235 35 249 88 135 233 156 94 230 374 92 11 36 397 350 311 4 314 193 340 299 321 269 37 142 120 132 339 51 145 123 300 329 112 165 200 191 152 57 127 109 59 137 136 247 255 1 262 42 250 28 273 77 151 146 121 322 294 174 320 364 393 3 106 261 388 229 218 197 246 259 308 264 356 345 377 395 400 394 188 301 372 21 167 291 139 149 157 63 316 387 327 17 43 85 215 73 254 183 354 69 265 346 315 99 175 251 190 390 18 103 155 83 378 213 234 227 0,1 94 174 314 340 390 395
PFG_MOEA,1774,2,748.42,4875.65,0 260 224 93 398 71 33 148 0,
PFG_MOEA,1774,3,748.42,4875.65,0 304 31 192 330 129 238 48 382 383 10 391 271 39 30 272 268 54 46 0,
PFG_MOEA,1774,4,748.42,4875.65,0 15 168 203 369 380 16 41 82 178 209 361 170 367 25 55 217 56 7 124 126 20 64 189 158 220 180 333 317 286 140 110 241 62 297 65 283 326 305 154 204 6 208 205 166 66 335 0,65 220 361
PFG_MOEA,1774,5,748.42,4875.65,0 12 90 381 216 47 125 9 150 360 117 243 349 344 287 97 225 232 179 343 290 368 376 258 248 328 75 348 353 171 87 278 153 45 210 257 270 60 50 160 79 379 195 5 309 143 282 310 104 223 244 211 324 147 347 332 331 285 296 196 78 392 98 115 245 27 176 144 342 240 370 396 385 288 306 177 181 358 337 384 111 116 76 113 81 29 325 355 131 84 338 202 114 389 22 0,176 210 370
PFG_MOEA,1774,6,748.42,4875.65,0 23 32 276 239 336 138 222 49 274 198 0,
PFG_MOEA,1774,7,748.42,4875.65,0 118 185 214 2 119 128 236 252 40 295 122 133 293 53 101 352 363 323 194 275 277 102 100 237 280 351 256 95 163 61 89 207 307 313 0,133 323
PFG_MOEA,1774,8,748.42,4875.65,0 365 359 253 206 0,
PFG_MOEA,1774,9,748.42,4875.65,0 187 0,
PFG_MOEA,1774,10,748.42,4875.65,0 281 26 334 298 341 105 186 134 162 371 219 0,
PFG_MOEA,1774,11,748.42,4875.65,0 159 279 74 284 184 318 70 292 14 375 212 24 91 0,375
PFG_MOEA,1774,12,748.42,4875.65,0 263 8 373 169 108 72 52 130 44 386 107 164 173 302 67 312 201 362 0,386
PFG_MOEA,1775,1,404.27,5140.48,0 89 90 381 23 295 32 276 40 45 353 348 171 87 153 278 210 379 195 270 257 60 50 160 79 143 282 310 104 223 244 211 324 147 163 53 347 332 133 331 296 293 196 78 245 98 115 27 176 144 342 240 370 396 385 288 306 177 181 358 337 384 111 116 76 113 81 29 202 338 22 118 185 214 0,177 223 245 379
PFG_MOEA,1775,2,404.27,5140.48,0 281 105 26 334 298 219 371 341 134 186 84 131 325 355 114 389 162 159 74 279 91 24 212 375 284 14 184 318 70 292 263 8 373 169 108 72 52 130 44 386 362 0,134 362
PFG_MOEA,1775,3,404.27,5140.48,0 57 127 109 59 137 136 273 77 151 218 197 388 261 106 173 302 107 164 67 312 201 0,
PFG_MOEA,1775,4,404.27,5140.48,0 38 80 13 19 226 182 172 303 357 319 266 141 86 233 135 88 249 35 235 161 68 58 34 231 289 366 267 228 199 11 36 397 399 0,266
PFG_MOEA,1775,5,404.27,5140.48,0 92 156 94 230 374 350 311 4 314 193 340 299 321 269 37 142 120 132 339 51 145 123 322 121 146 294 174 320 364 393 3 229 308 356 264 259 246 42 247 152 191 112 329 300 165 200 221 242 96 0,299 329
PFG_MOEA,1775,6,404.27,5140.48,0 255 1 262 377 345 250 28 0,
PFG_MOEA,1775,7,404.27,5140.48,0 395 400 394 188 301 372 21 167 291 139 149 0,
PFG_MOEA,1775,8,404.27,5140.48,0 304 31 48 148 129 238 330 192 85 215 73 43 17 327 387 316 63 157 354 183 254 69 265 346 315 99 175 251 190 390 18 103 155 83 378 213 234 227 398 93 260 0,93
PFG_MOEA,1775,9,404.27,5140.48,0 391 271 0,
PFG_MOEA,1775,10,404.27,5140.48,0 39 268 272 30 66 166 205 208 6 204 154 305 326 283 65 297 62 241 110 140 286 0,
PFG_MOEA,1775,11,404.27,5140.48,0 15 168 203 369 380 16 82 178 117 243 349 344 46 54 124 126 20 64 189 158 220 180 317 333 7 56 217 55 25 367 170 361 209 33 71 225 97 232 179 287 224 10 383 382 0,16
PFG_MOEA,1775,12,404.27,5140.48,0 335 360 365 253 206 359 313 307 207 61 12 2 119 128 236 252 216 336 138 239 122 392 285 194 275 277 352 363 323 101 95 222 150 9 47 125 198 100 102 49 274 256 237 351 280 309 5 75 328 248 258 376 368 290 343 187 41 0,100 206
